ID,response,word,word_len,uni_prob,uni_prob_freq_weighted,bi_prob,bi_prob_freq_weighted,bi_prob_smoothed,bi_prob_freq_weighted_smoothed,pos_uni_score,pos_uni_score_freq_weighted,pos_uni_score_smoothed,pos_uni_score_freq_weighted_smoothed,pos_bi_score,pos_bi_score_freq_weighted,pos_bi_score_smoothed,pos_bi_score_freq_weighted_smoothed
9871892,4,b o j ɯ ʒ,5,-20.84349534209708,NA,-Inf,NA,-21.13094063982574,NA,1.2260955689867723,NA,1.2259830322796048,NA,1.015232344142505,NA,1.0146378960431903,NA
9871892,18,l i n u v,5,-18.466975061018218,NA,-24.951618240796765,NA,-24.684255423615568,NA,1.220141875184766,NA,1.220036316043871,NA,1.0121904544298916,NA,1.011755851703082,NA
9871892,10,b e j o ʒ,5,-19.97163859556905,NA,-16.470032923117923,NA,-16.58974983451702,NA,1.3023238820005048,NA,1.3020822690254312,NA,1.0234430212856789,NA,1.0224209443737986,NA
9871892,18,ɟ e j ø z,5,-22.82835379958052,NA,-Inf,NA,-24.81298284362385,NA,1.235195590882307,NA,1.2350658781575348,NA,1.009898018351088,NA,1.0095907634262449,NA
9871892,20,b i f e ʒ,5,-19.56510509226675,NA,-17.233656594746645,NA,-17.35991958085872,NA,1.2770233897314918,NA,1.276818171152988,NA,1.0171636142826754,NA,1.0164683141415962,NA
9871892,55,ɟ y d o n,5,-21.99388355485576,NA,-22.032124077243957,NA,-21.630787091891495,NA,1.1962433826356678,NA,1.196159913782388,NA,1.0079719201002924,NA,1.0077160801194214,NA
9871892,42,t͡ʃ ø z y z,5,-21.128620852346465,NA,-17.361344872511363,NA,-17.40089460771028,NA,1.1286143668362545,NA,1.1286672682108094,NA,1.004828700340673,NA,1.0047832706322961,NA
9871892,0,b o ʒ ɯ ʒ,5,-23.550529799079456,NA,-Inf,NA,-24.723680424475265,NA,1.1847241528742682,NA,1.1846836525864934,NA,1.0074750485138266,NA,1.007300128463721,NA
9871892,26,n y h e j,5,-16.95498764826872,NA,-21.846337471826367,NA,-21.825147364977283,NA,1.2480014323473068,NA,1.2478395741736754,NA,1.0076847714838688,NA,1.007454833667864,NA
9871892,23,g ɯ d͡ʒ e n,5,-17.56731557989134,NA,-14.61749184700327,NA,-14.657735297121354,NA,1.281298791538424,NA,1.2810607321907763,NA,1.019356759110327,NA,1.0184127138021122,NA
9871892,38,l e g a v,5,-18.119190425169464,NA,-25.71501109338958,NA,-25.332981685756884,NA,1.3881772381676205,NA,1.3877683698152172,NA,1.008863681612553,NA,1.0085537534032074,NA
9871892,60,k o ɾ i n,5,-15.0837144563174,NA,-13.072652771256037,NA,-13.096986467913933,NA,1.5004623909385104,NA,1.4998431857664714,NA,1.0494536476998977,NA,1.046913855195189,NA
9871892,25,t͡ʃ ø v e ʒ,5,-22.501198433327293,NA,-19.60154616634259,NA,-19.720161431862618,NA,1.1877047678623542,NA,1.187653908531909,NA,1.007255175976289,NA,1.0070775327862946,NA
9871892,22,n i ɾ o h,5,-16.181858470568148,NA,-20.449641425018715,NA,-20.406357405732297,NA,1.2804974089534673,NA,1.2802882607954402,NA,1.016507593530359,NA,1.015847513933592,NA
9871892,59,k u m y ɾ,5,-16.166729596387306,NA,-13.479655579943335,NA,-13.508482331190027,NA,1.3230272239563277,NA,1.3227231066743448,NA,1.022128398075403,NA,1.021137545740216,NA
9871892,4,z a ʒ u ʒ,5,-22.21296112594883,NA,-22.467527661364898,NA,-22.468435327208887,NA,1.3256708330824156,NA,1.3253873248250263,NA,1.0043869150779896,NA,1.0043743138247614,NA
9871892,46,b o v a n,5,-16.83581550168471,NA,-13.814124853759685,NA,-13.841845975944103,NA,1.4255332248977568,NA,1.4250378444168188,NA,1.0453074842543126,NA,1.042851145035386,NA
9871892,33,n u m ɯ s,5,-16.305931248897558,NA,-20.66468488363234,NA,-20.66177310337561,NA,1.2173321314639536,NA,1.2172245120444172,NA,1.0077581809890988,NA,1.0075488759046425,NA
9871892,24,m y d͡ʒ ɯ ʒ,5,-20.94834362998964,NA,-Inf,NA,-19.765604716524727,NA,1.2335333157803068,NA,1.2334082562856274,NA,1.0297916061850232,NA,1.0284411057530372,NA
9871892,34,ɫ a c ø c,5,-23.235335254641484,NA,-Inf,NA,-28.96719851740822,NA,1.2828819495149104,NA,1.2826763461817758,NA,1.0028718440034152,NA,1.002938782604458,NA
9871892,7,n ɯ m ɯ j,5,-16.47599478408919,NA,-22.39373489217684,NA,-22.38175273448392,NA,1.1966103780074966,NA,1.196542055220454,NA,1.0026502266538255,NA,1.0027197340448553,NA
9871892,81,m y ɾ a n,5,-14.762040699212914,NA,-11.737473004903014,NA,-11.76464541223868,NA,1.5705486452986173,NA,1.5698011900900524,NA,1.0909056910771144,NA,1.0860056224174448,NA
9871892,0,ɫ o t y j,5,-17.13637038757993,NA,-21.847842286805907,NA,-21.838930472337697,NA,1.1884962954554696,NA,1.1884444634754057,NA,1.0069809217299424,NA,1.0068236264270505,NA
9871892,1,v ɯ ʒ u ʒ,5,-23.911347823237456,NA,-Inf,NA,-27.172143925229605,NA,1.1161267190999808,NA,1.1162057460174144,NA,1.0002707972270364,NA,1.000474478028374,NA
9871892,0,h u h e c,5,-20.54912774061602,NA,-21.77039857112499,NA,-21.665991317549235,NA,1.2458994903446368,NA,1.2457482240849875,NA,1.009202924406593,NA,1.0089254532786238,NA
9871892,17,m y d͡ʒ e ʒ,5,-20.07648688346161,NA,-17.21604267519214,NA,-17.334930621591795,NA,1.2872685713504248,NA,1.2870457058049949,NA,1.0318759131224775,NA,1.030408550612966,NA
9871892,13,n ɯ l e ɾ,5,-16.520523019156673,NA,-22.578512005763056,NA,-22.1906184306061,NA,1.2705379652284161,NA,1.2703174772901622,NA,1.016447580336092,NA,1.015654592290636,NA
9871892,11,ɫ o c ø c,5,-24.98342292134455,NA,-Inf,NA,-31.079713775074197,NA,1.0811921748182034,NA,1.081335515731949,NA,1.0021125667200912,NA,1.0022194540081912,NA
9871892,8,v ɯ c y c,5,-24.665725338666142,NA,-Inf,NA,-31.07494453895137,NA,1.0966099130891953,NA,1.0967247419175363,NA,1.0003360075302643,NA,1.000535606459207,NA
9871892,54,n e l e s,5,-16.133712940143006,NA,-22.309363966878458,NA,-21.94511758334053,NA,1.3421106100147846,NA,1.3417826732353673,NA,1.0138487784772976,NA,1.0132823171708598,NA
9871892,61,k a k ɯ ɾ,5,-13.852944181894014,NA,-12.144674325482123,NA,-12.165544970347293,NA,1.5676549113274147,NA,1.5669247348407982,NA,1.081113994281714,NA,1.076949339812567,NA
9871892,58,b i h a z,5,-16.349811613063217,NA,-13.978638446451834,NA,-14.016391150784171,NA,1.3901143932549385,NA,1.3896998755559016,NA,1.0281388334347332,NA,1.0267959716117114,NA
9871892,20,ɫ a ʒ a ʒ,5,-19.71086706006132,NA,-20.997350540187433,NA,-21.21655733327964,NA,1.4708414018303289,NA,1.4702934062511663,NA,1.003941564890843,NA,1.003940272651001,NA
9871892,17,b o ʒ e n,5,-19.353746594881077,NA,-15.678950482149968,NA,-15.781459798642668,NA,1.3107776347241384,NA,1.3104887340444304,NA,1.0214541287111476,NA,1.020406306928782,NA
9871892,12,b u ʒ o ʒ,5,-23.76539676955428,NA,-21.96391548170358,NA,-21.79262912069044,NA,1.1538250828724028,NA,1.1538408478098283,NA,1.007399882196474,NA,1.007226945611721,NA
9871892,10,b u ʃ ɯ z,5,-18.694443256827626,NA,-15.374699720473922,NA,-15.412193074961616,NA,1.228789864159734,NA,1.2286669214026904,NA,1.0123098572091858,NA,1.0118615371614068,NA
9871892,10,n ø t u j,5,-18.16927071091751,NA,-22.851523275546036,NA,-22.813072474048504,NA,1.1724206207819898,NA,1.1723948121172356,NA,1.0038089132465688,NA,1.0038168140055153,NA
9871892,6,ɟ y f ɯ t͡ʃ,5,-23.521012578915236,NA,-25.37166299204228,NA,-24.957736942410385,NA,1.1507777147848135,NA,1.1507931543712089,NA,1.0033263350439428,NA,1.0033620285817637,NA
9871892,13,ɟ e g o h,5,-22.32385648599314,NA,-Inf,NA,-29.10574748028316,NA,1.2145067608813798,NA,1.2144132380835384,NA,1.0014568108084176,NA,1.0015956377134012,NA
9871892,10,h i ʒ o ʃ,5,-20.809527385524937,NA,-21.758984629549015,NA,-21.594790011980702,NA,1.1730182993086722,NA,1.1729939503390143,NA,1.005756231853628,NA,1.0056643656940627,NA
9871892,9,l e l y j,5,-19.772550808587734,NA,-Inf,NA,-29.3209145608971,NA,1.2343400791144985,NA,1.2342095483700994,NA,1.003248067408103,NA,1.0032923638392548,NA
9871892,7,b o p o p,5,-19.25272795784617,NA,-15.57498426327942,NA,-15.61426036762116,NA,1.1967740047349058,NA,1.1967095549773488,NA,1.013486997864271,NA,1.0129840432080757,NA
9871892,45,t͡ʃ ø ɟ ø z,5,-26.083819330183616,NA,-Inf,NA,-21.52261786831054,NA,1.069838381124956,NA,1.0699952387320184,NA,1.0017666031757022,NA,1.0018897030116924,NA
9871892,48,b e v e z,5,-16.966870081071157,NA,-14.397609492998663,NA,-14.44031212076233,NA,1.3929229704223276,NA,1.392511185542819,NA,1.029528725669076,NA,1.0281611900392078,NA
9871892,51,k ɯ k a ɾ,5,-13.852944181894015,NA,-12.360407543244856,NA,-12.380543004924991,NA,1.493480237823476,NA,1.492865948681668,NA,1.0526280988311794,NA,1.0498258559342786,NA
9871892,13,ɫ a c y j,5,-19.086255322116067,NA,-Inf,NA,-25.538775771876324,NA,1.3230324671869529,NA,1.3227486196407618,NA,1.003067474913099,NA,1.0031221678969575,NA
9871892,10,ɟ e ʒ u ʒ,5,-26.43413105782542,NA,-Inf,NA,-29.33912315678841,NA,1.2174662892996293,NA,1.2173699757285252,NA,1.000599585740761,NA,1.000785798371226,NA
9871892,10,ɫ o c y j,5,-20.834342988819134,NA,-Inf,NA,-27.6512910295423,NA,1.1213426924902457,NA,1.121407789190935,NA,1.002308197629775,NA,1.0024028393006907,NA
9871892,13,d a d͡ʒ y c,5,-20.390530859618952,NA,-21.37064354819536,NA,-21.197885713347908,NA,1.3547360937852992,NA,1.3544042392735065,NA,1.0112501093178448,NA,1.0108747896025891,NA
9871892,55,k ɯ ɾ i n,5,-14.682152744236394,NA,-12.37822264154962,NA,-12.400758782495078,NA,1.4897929801932763,NA,1.4891922342093775,NA,1.0573621548079215,NA,1.054404034344128,NA
9871892,47,c ø z ɯ ɾ,5,-21.71220299840252,NA,-Inf,NA,-19.68550050557094,NA,1.1902183865771947,NA,1.1901414021562249,NA,1.0145089255684994,NA,1.013860174302362,NA
9871892,51,g ɯ m y z,5,-18.701899271803264,NA,-15.284758444764732,NA,-15.32860458966336,NA,1.1785067564052527,NA,1.1784732245409664,NA,1.00554093342204,NA,1.0054576463094618,NA
9871892,75,b i ɟ ø z,5,-23.142448932022234,NA,-Inf,NA,-20.44554264298711,NA,1.1721298581123756,NA,1.1721097679762331,NA,1.012165565043107,NA,1.011742232357684,NA
9871892,20,n u n o m,5,-16.474531465957043,NA,-19.71804282237854,NA,-19.721411008345388,NA,1.219775413725993,NA,1.2196627522111714,NA,1.0062472053556415,NA,1.0061235827754649,NA
9871892,52,m y t ø ɾ,5,-17.68011502873577,NA,-14.771169321237188,NA,-14.814804722114031,NA,1.3145632200457231,NA,1.3142753588611862,NA,1.0375461024211106,NA,1.0357780799024574,NA
9871892,21,b o ʒ u z,5,-21.370274141785384,NA,-17.449334712896025,NA,-17.52465638865124,NA,1.1916820725344242,NA,1.1916245129596132,NA,1.009300937004208,NA,1.0090117245270502,NA
9871892,52,t a ɟ e z,5,-19.01299062520888,NA,-Inf,NA,-20.823952022657384,NA,1.4656215227621532,NA,1.465084309540202,NA,1.0269158977146384,NA,1.0257003443047683,NA
9871892,22,n u c e j,5,-19.284139768647485,NA,-Inf,NA,-27.03061959151581,NA,1.2138640602351571,NA,1.213761575091728,NA,1.0046822496364043,NA,1.0046141339376191,NA
9871892,6,l i ʒ ɯ v,5,-21.57703454821374,NA,-31.133696426108365,NA,-30.207941372186912,NA,1.1572841132328815,NA,1.157287229154971,NA,1.0003922570709156,NA,1.000588795671445,NA
9871892,42,ɟ ø c i c,5,-28.595041653634546,NA,-Inf,NA,-34.34350574803089,NA,1.1361369616670376,NA,1.1361752544079688,NA,1.0003260515161396,NA,1.0005235520380404,NA
9871892,20,s ø ɟ e v,5,-22.79528403658063,NA,-Inf,NA,-24.307406591636536,NA,1.2117460774005275,NA,1.2116501844406864,NA,1.0060152288996411,NA,1.0058751054370156,NA
9871892,72,t e ɾ i n,5,-13.827301603550456,NA,-12.502644627942797,NA,-12.521773624907365,NA,1.5729969938749515,NA,1.5722522702326374,NA,1.0804929495674649,NA,1.0763164691861506,NA
9871892,56,b i j e l,5,-17.450630578939155,NA,-15.174694213804408,NA,-15.223894371415602,NA,1.3089517738471208,NA,1.3086882691733015,NA,1.0209242625509964,NA,1.0200235747731865,NA
9871892,25,ɟ ø v ɯ ʃ,5,-24.484836572880727,NA,-Inf,NA,-24.564293047048626,NA,1.1249488007486994,NA,1.1250044411600126,NA,1.007870816045076,NA,1.0076134587496162,NA
9871892,17,d͡ʒ e b ɯ ʒ,5,-20.21495022879154,NA,-Inf,NA,-22.87691116711818,NA,1.2686811486325449,NA,1.2684950947185034,NA,1.0124836117672047,NA,1.0120414031131446,NA
9871892,7,b a ʒ ɯ ʒ,5,-21.802442132376388,NA,-Inf,NA,-24.18673784570743,NA,1.3864139275709753,NA,1.3860244830363206,NA,1.0201473136915078,NA,1.0193065798346137,NA
9871892,14,ɟ ø ʒ o ʒ,5,-29.203929342940828,NA,-Inf,NA,-29.447557759589778,NA,1.0439095087456904,NA,1.044115390525366,NA,1.0001956309096838,NA,1.000401295176374,NA
9871892,12,l y l y j,5,-21.14695659804238,NA,-Inf,NA,-31.05439759893357,NA,1.1332785539845158,NA,1.1333228701694076,NA,1.00074070885583,NA,1.0009175574376028,NA
9871892,57,b u m u z,5,-17.951792361056157,NA,-14.843063280742722,NA,-14.878017560925908,NA,1.2405193147630955,NA,1.240376722188641,NA,1.017535691474791,NA,1.016802398896366,NA
9871892,10,ɟ e ʒ ɯ ʒ,5,-26.219264087350595,NA,-Inf,NA,-33.17641485659389,NA,1.2272674175690463,NA,1.2271532645061831,NA,1.000599585740761,NA,1.000785798371226,NA
9871892,15,p y ʒ u ʃ,5,-21.83320780173249,NA,-21.6575563373154,NA,-21.57229848271923,NA,1.1683953129119478,NA,1.1683770297833889,NA,1.0032800290443638,NA,1.0033013050815458,NA
9871892,11,ɫ a d͡ʒ o h,5,-17.01330714374341,NA,-22.624939743800624,NA,-22.534580136155395,NA,1.3256740594338108,NA,1.3253881497876747,NA,1.0050050745212178,NA,1.0049588515389372,NA
9871892,11,g o ʒ o ʒ,5,-24.62938331993061,NA,-21.44182559607237,NA,-21.448545619983207,NA,1.1224260916219797,NA,1.1224961567900622,NA,1.0013340243108588,NA,1.0014798191749397,NA
9871892,85,m u ɾ a n,5,-14.474358626761134,NA,-11.950302324157594,NA,-11.974383816242137,NA,1.564482787413002,NA,1.563745826768253,NA,1.082042701236725,NA,1.077607380125139,NA
9871892,15,b o ʒ e l,5,-21.23324816820471,NA,-18.060919487768725,NA,-18.182879305878316,NA,1.2463498551349634,NA,1.2461951178538924,NA,1.008803329884933,NA,1.008547391347145,NA
9871892,55,l i l i c,5,-21.734197850255633,NA,-31.06847061939216,NA,-30.413037420901233,NA,1.2188544098693368,NA,1.2187494709030118,NA,1.0021248087384225,NA,1.002227217500095,NA
9871892,9,n ɯ t o j,5,-16.64471865554249,NA,-20.8852803375486,NA,-20.88836208756007,NA,1.1851723324290908,NA,1.185126386083626,NA,1.004463305335078,NA,1.0044398187271149,NA
9871892,16,ɟ y ɟ y c,5,-29.68094473723395,NA,-33.68337874661388,NA,-32.205899752844275,NA,1.0953617399096514,NA,1.095478732648763,NA,1.0001767014017344,NA,1.000384506138849,NA
9871892,8,ʃ u ʒ ø ʃ,5,-23.117318159567468,NA,-24.06655854277991,NA,-23.710598665491876,NA,1.1089897910511255,NA,1.1090779138037352,NA,1.0013008717373968,NA,1.0014503747691397,NA
9871892,12,ɟ i f ɯ ʃ,5,-22.1048454127982,NA,-23.497930488232196,NA,-23.110474694525763,NA,1.1779963095818906,NA,1.177960316405389,NA,1.0083465331409436,NA,1.0080648025533474,NA
9871892,10,n y g o h,5,-19.02195772176377,NA,-27.137278020652435,NA,-26.404681357779356,NA,1.1333131439367587,NA,1.133360109385657,NA,1.0020494295650315,NA,1.002157274256292,NA
9871892,17,d͡ʒ e t͡ʃ y c,5,-21.506949174184605,NA,-23.436694565711367,NA,-23.25424943879691,NA,1.2256817579040702,NA,1.2255731677132062,NA,1.0104750503657995,NA,1.010138519579413,NA
9871892,9,f u c y c,5,-24.885869366241813,NA,-Inf,NA,-29.280536541614147,NA,1.1157787914815611,NA,1.115860462315408,NA,1.0009321097789516,NA,1.001100368974328,NA
9871892,8,d ɯ ʒ o ʒ,5,-23.464882873585843,NA,-Inf,NA,-23.9795220145898,NA,1.1293508774986598,NA,1.1294089752286451,NA,1.0015496170448657,NA,1.0016841358988702,NA
9871892,88,s ø ɾ y ɾ,5,-17.707550354797547,NA,-16.169021341758853,NA,-16.205464404636334,NA,1.3319062242337465,NA,1.33158571547973,NA,1.013027665125439,NA,1.0125094354360924,NA
9871892,52,t ø ɾ o n,5,-17.485988279342866,NA,-15.627675512106372,NA,-15.666950907825106,NA,1.3290088497105506,NA,1.3286945168365425,NA,1.0122008810961551,NA,1.0117169531065573,NA
9871892,45,h a ʒ i z,5,-18.940586263929728,NA,-16.033624750362595,NA,-16.176584461461953,NA,1.4424736309368726,NA,1.4419758181306943,NA,1.029251961469784,NA,1.0278844545484396,NA
9871892,33,n ɯ c ø c,5,-24.59275852015271,NA,-Inf,NA,-31.976683335339587,NA,1.0792927943891235,NA,1.079439427988085,NA,1.0003249566724437,NA,1.0005257916572736,NA
9871892,25,ɫ a c e h,5,-18.035397518301707,NA,-Inf,NA,-25.02799923003836,NA,1.3994050843368315,NA,1.3989840913843423,NA,1.0041760500679735,NA,1.0041613512211216,NA
9871892,29,p u h i c,5,-20.780767761626823,NA,-22.05420867071373,NA,-21.930091078441407,NA,1.2416965922463563,NA,1.2415519682913172,NA,1.01241266159024,NA,1.0119605181707314,NA
9871892,52,ɫ a m o s,5,-15.135202724992508,NA,-18.53976533327283,NA,-18.547827889801997,NA,1.3788112113885682,NA,1.378427016464903,NA,1.0185489274708253,NA,1.017775753755317,NA
9871892,33,l y l i v,5,-20.63415870679363,NA,-Inf,NA,-30.672142465019753,NA,1.2155027860536751,NA,1.2153995796438697,NA,1.002044914920388,NA,1.0021401260542664,NA
9871892,31,l i l y c,5,-22.91076831338442,NA,-Inf,NA,-31.37384119300264,NA,1.1284788898966889,NA,1.1285384476392613,NA,1.0018639675255108,NA,1.0019827037767624,NA
9871892,20,t͡ʃ ø v a ʒ,5,-22.026529225233254,NA,-18.767317689397675,NA,-18.907200437170054,NA,1.2721540242302385,NA,1.271949454860332,NA,1.0142653337379195,NA,1.0136943818059525,NA
9871892,40,b i ɟ y j,5,-21.621839348754172,NA,-23.738323784339784,NA,-23.145271532434343,NA,1.194804014519338,NA,1.1947420726709843,NA,1.0122225483469989,NA,1.0117960739557024,NA
9871892,54,g ɯ ʃ ɯ ɾ,5,-17.97497909272865,NA,-14.266839235392236,NA,-14.30974193032308,NA,1.245215104159512,NA,1.2450431145777665,NA,1.0154542843243193,NA,1.0147602319695646,NA
9872182,23,ɟ e ʒ u ʒ,5,-26.43413105782542,NA,-Inf,NA,-29.33912315678841,NA,1.2174662892996293,NA,1.2173699757285252,NA,1.000599585740761,NA,1.000785798371226,NA
9872182,28,m y d͡ʒ ɯ ʒ,5,-20.94834362998964,NA,-Inf,NA,-19.765604716524727,NA,1.2335333157803068,NA,1.2334082562856274,NA,1.0297916061850232,NA,1.0284411057530372,NA
9872182,80,ɟ y d o n,5,-21.99388355485576,NA,-22.032124077243957,NA,-21.630787091891495,NA,1.1962433826356678,NA,1.196159913782388,NA,1.0079719201002924,NA,1.0077160801194214,NA
9872182,68,l i n u v,5,-18.466975061018218,NA,-24.951618240796765,NA,-24.684255423615568,NA,1.220141875184766,NA,1.220036316043871,NA,1.0121904544298916,NA,1.011755851703082,NA
9872182,90,s ø ɟ e v,5,-22.79528403658063,NA,-Inf,NA,-24.307406591636536,NA,1.2117460774005275,NA,1.2116501844406864,NA,1.0060152288996411,NA,1.0058751054370156,NA
9872182,40,l y l y j,5,-21.14695659804238,NA,-Inf,NA,-31.05439759893357,NA,1.1332785539845158,NA,1.1333228701694076,NA,1.00074070885583,NA,1.0009175574376028,NA
9872182,100,k o ɾ i n,5,-15.0837144563174,NA,-13.072652771256037,NA,-13.096986467913933,NA,1.5004623909385104,NA,1.4998431857664714,NA,1.0494536476998977,NA,1.046913855195189,NA
9872182,22,b a ʒ ɯ ʒ,5,-21.802442132376388,NA,-Inf,NA,-24.18673784570743,NA,1.3864139275709753,NA,1.3860244830363206,NA,1.0201473136915078,NA,1.0193065798346137,NA
9872182,56,l i l i c,5,-21.734197850255633,NA,-31.06847061939216,NA,-30.413037420901233,NA,1.2188544098693368,NA,1.2187494709030118,NA,1.0021248087384225,NA,1.002227217500095,NA
9872182,100,n e l e s,5,-16.133712940143006,NA,-22.309363966878458,NA,-21.94511758334053,NA,1.3421106100147846,NA,1.3417826732353673,NA,1.0138487784772976,NA,1.0132823171708598,NA
9872182,26,g ɯ d͡ʒ e n,5,-17.56731557989134,NA,-14.61749184700327,NA,-14.657735297121354,NA,1.281298791538424,NA,1.2810607321907763,NA,1.019356759110327,NA,1.0184127138021122,NA
9872182,66,b i h a z,5,-16.349811613063217,NA,-13.978638446451834,NA,-14.016391150784171,NA,1.3901143932549385,NA,1.3896998755559016,NA,1.0281388334347332,NA,1.0267959716117114,NA
9872182,20,ɫ a c y j,5,-19.086255322116067,NA,-Inf,NA,-25.538775771876324,NA,1.3230324671869529,NA,1.3227486196407618,NA,1.003067474913099,NA,1.0031221678969575,NA
9872182,41,f u c y c,5,-24.885869366241813,NA,-Inf,NA,-29.280536541614147,NA,1.1157787914815611,NA,1.115860462315408,NA,1.0009321097789516,NA,1.001100368974328,NA
9872182,68,m y ɾ a n,5,-14.762040699212914,NA,-11.737473004903014,NA,-11.76464541223868,NA,1.5705486452986173,NA,1.5698011900900524,NA,1.0909056910771144,NA,1.0860056224174448,NA
9872182,6,d͡ʒ e b ɯ ʒ,5,-20.21495022879154,NA,-Inf,NA,-22.87691116711818,NA,1.2686811486325449,NA,1.2684950947185034,NA,1.0124836117672047,NA,1.0120414031131446,NA
9872182,8,b e j o ʒ,5,-19.97163859556905,NA,-16.470032923117923,NA,-16.58974983451702,NA,1.3023238820005048,NA,1.3020822690254312,NA,1.0234430212856789,NA,1.0224209443737986,NA
9872182,15,h a ʒ i z,5,-18.940586263929728,NA,-16.033624750362595,NA,-16.176584461461953,NA,1.4424736309368726,NA,1.4419758181306943,NA,1.029251961469784,NA,1.0278844545484396,NA
9872182,66,b u m u z,5,-17.951792361056157,NA,-14.843063280742722,NA,-14.878017560925908,NA,1.2405193147630955,NA,1.240376722188641,NA,1.017535691474791,NA,1.016802398896366,NA
9872182,36,n ɯ m ɯ j,5,-16.47599478408919,NA,-22.39373489217684,NA,-22.38175273448392,NA,1.1966103780074966,NA,1.196542055220454,NA,1.0026502266538255,NA,1.0027197340448553,NA
9872182,44,ɫ o c ø c,5,-24.98342292134455,NA,-Inf,NA,-31.079713775074197,NA,1.0811921748182034,NA,1.081335515731949,NA,1.0021125667200912,NA,1.0022194540081912,NA
9872182,33,c ø z ɯ ɾ,5,-21.71220299840252,NA,-Inf,NA,-19.68550050557094,NA,1.1902183865771947,NA,1.1901414021562249,NA,1.0145089255684994,NA,1.013860174302362,NA
9872182,21,b u ʒ o ʒ,5,-23.76539676955428,NA,-21.96391548170358,NA,-21.79262912069044,NA,1.1538250828724028,NA,1.1538408478098283,NA,1.007399882196474,NA,1.007226945611721,NA
9872182,62,n u n o m,5,-16.474531465957043,NA,-19.71804282237854,NA,-19.721411008345388,NA,1.219775413725993,NA,1.2196627522111714,NA,1.0062472053556415,NA,1.0061235827754649,NA
9872182,49,l y l i v,5,-20.63415870679363,NA,-Inf,NA,-30.672142465019753,NA,1.2155027860536751,NA,1.2153995796438697,NA,1.002044914920388,NA,1.0021401260542664,NA
9872182,26,k ɯ ɾ i n,5,-14.682152744236394,NA,-12.37822264154962,NA,-12.400758782495078,NA,1.4897929801932763,NA,1.4891922342093775,NA,1.0573621548079215,NA,1.054404034344128,NA
9872182,13,ɟ y f ɯ t͡ʃ,5,-23.521012578915236,NA,-25.37166299204228,NA,-24.957736942410385,NA,1.1507777147848135,NA,1.1507931543712089,NA,1.0033263350439428,NA,1.0033620285817637,NA
9872182,7,b o ʒ ɯ ʒ,5,-23.550529799079456,NA,-Inf,NA,-24.723680424475265,NA,1.1847241528742682,NA,1.1846836525864934,NA,1.0074750485138266,NA,1.007300128463721,NA
9872182,7,d ɯ ʒ o ʒ,5,-23.464882873585843,NA,-Inf,NA,-23.9795220145898,NA,1.1293508774986598,NA,1.1294089752286451,NA,1.0015496170448657,NA,1.0016841358988702,NA
9872182,27,b o ʒ e l,5,-21.23324816820471,NA,-18.060919487768725,NA,-18.182879305878316,NA,1.2463498551349634,NA,1.2461951178538924,NA,1.008803329884933,NA,1.008547391347145,NA
9872182,18,b i f e ʒ,5,-19.56510509226675,NA,-17.233656594746645,NA,-17.35991958085872,NA,1.2770233897314918,NA,1.276818171152988,NA,1.0171636142826754,NA,1.0164683141415962,NA
9872182,58,n ø t u j,5,-18.16927071091751,NA,-22.851523275546036,NA,-22.813072474048504,NA,1.1724206207819898,NA,1.1723948121172356,NA,1.0038089132465688,NA,1.0038168140055153,NA
9872182,27,d a d͡ʒ y c,5,-20.390530859618952,NA,-21.37064354819536,NA,-21.197885713347908,NA,1.3547360937852992,NA,1.3544042392735065,NA,1.0112501093178448,NA,1.0108747896025891,NA
9872182,34,ɟ e g o h,5,-22.32385648599314,NA,-Inf,NA,-29.10574748028316,NA,1.2145067608813798,NA,1.2144132380835384,NA,1.0014568108084176,NA,1.0015956377134012,NA
9872182,43,n i ɾ o h,5,-16.181858470568148,NA,-20.449641425018715,NA,-20.406357405732297,NA,1.2804974089534673,NA,1.2802882607954402,NA,1.016507593530359,NA,1.015847513933592,NA
9872182,31,ɫ o c y j,5,-20.834342988819134,NA,-Inf,NA,-27.6512910295423,NA,1.1213426924902457,NA,1.121407789190935,NA,1.002308197629775,NA,1.0024028393006907,NA
9872182,10,z a ʒ u ʒ,5,-22.21296112594883,NA,-22.467527661364898,NA,-22.468435327208887,NA,1.3256708330824156,NA,1.3253873248250263,NA,1.0043869150779896,NA,1.0043743138247614,NA
9872182,69,n u c e j,5,-19.284139768647485,NA,-Inf,NA,-27.03061959151581,NA,1.2138640602351571,NA,1.213761575091728,NA,1.0046822496364043,NA,1.0046141339376191,NA
9872182,19,b o ʒ e n,5,-19.353746594881077,NA,-15.678950482149968,NA,-15.781459798642668,NA,1.3107776347241384,NA,1.3104887340444304,NA,1.0214541287111476,NA,1.020406306928782,NA
9872182,100,b i ɟ ø z,5,-23.142448932022234,NA,-Inf,NA,-20.44554264298711,NA,1.1721298581123756,NA,1.1721097679762331,NA,1.012165565043107,NA,1.011742232357684,NA
9872182,62,t a ɟ e z,5,-19.01299062520888,NA,-Inf,NA,-20.823952022657384,NA,1.4656215227621532,NA,1.465084309540202,NA,1.0269158977146384,NA,1.0257003443047683,NA
9872182,19,n ɯ c ø c,5,-24.59275852015271,NA,-Inf,NA,-31.976683335339587,NA,1.0792927943891235,NA,1.079439427988085,NA,1.0003249566724437,NA,1.0005257916572736,NA
9872182,35,g ɯ m y z,5,-18.701899271803264,NA,-15.284758444764732,NA,-15.32860458966336,NA,1.1785067564052527,NA,1.1784732245409664,NA,1.00554093342204,NA,1.0054576463094618,NA
9872182,35,d͡ʒ e t͡ʃ y c,5,-21.506949174184605,NA,-23.436694565711367,NA,-23.25424943879691,NA,1.2256817579040702,NA,1.2255731677132062,NA,1.0104750503657995,NA,1.010138519579413,NA
9872182,37,h u h e c,5,-20.54912774061602,NA,-21.77039857112499,NA,-21.665991317549235,NA,1.2458994903446368,NA,1.2457482240849875,NA,1.009202924406593,NA,1.0089254532786238,NA
9872182,44,h i ʒ o ʃ,5,-20.809527385524937,NA,-21.758984629549015,NA,-21.594790011980702,NA,1.1730182993086722,NA,1.1729939503390143,NA,1.005756231853628,NA,1.0056643656940627,NA
9872182,38,l i ʒ ɯ v,5,-21.57703454821374,NA,-31.133696426108365,NA,-30.207941372186912,NA,1.1572841132328815,NA,1.157287229154971,NA,1.0003922570709156,NA,1.000588795671445,NA
9872182,30,t͡ʃ ø v e ʒ,5,-22.501198433327293,NA,-19.60154616634259,NA,-19.720161431862618,NA,1.1877047678623542,NA,1.187653908531909,NA,1.007255175976289,NA,1.0070775327862946,NA
9872182,33,ʃ u ʒ ø ʃ,5,-23.117318159567468,NA,-24.06655854277991,NA,-23.710598665491876,NA,1.1089897910511255,NA,1.1090779138037352,NA,1.0013008717373968,NA,1.0014503747691397,NA
9872182,39,t ø ɾ o n,5,-17.485988279342866,NA,-15.627675512106372,NA,-15.666950907825106,NA,1.3290088497105506,NA,1.3286945168365425,NA,1.0122008810961551,NA,1.0117169531065573,NA
9872182,42,ɟ e j ø z,5,-22.82835379958052,NA,-Inf,NA,-24.81298284362385,NA,1.235195590882307,NA,1.2350658781575348,NA,1.009898018351088,NA,1.0095907634262449,NA
9872182,73,l e g a v,5,-18.119190425169464,NA,-25.71501109338958,NA,-25.332981685756884,NA,1.3881772381676205,NA,1.3877683698152172,NA,1.008863681612553,NA,1.0085537534032074,NA
9872182,23,ɟ ø ʒ o ʒ,5,-29.203929342940828,NA,-Inf,NA,-29.447557759589778,NA,1.0439095087456904,NA,1.044115390525366,NA,1.0001956309096838,NA,1.000401295176374,NA
9872182,100,m u ɾ a n,5,-14.474358626761134,NA,-11.950302324157594,NA,-11.974383816242137,NA,1.564482787413002,NA,1.563745826768253,NA,1.082042701236725,NA,1.077607380125139,NA
9872182,76,s ø ɾ y ɾ,5,-17.707550354797547,NA,-16.169021341758853,NA,-16.205464404636334,NA,1.3319062242337465,NA,1.33158571547973,NA,1.013027665125439,NA,1.0125094354360924,NA
9872182,7,v ɯ ʒ u ʒ,5,-23.911347823237456,NA,-Inf,NA,-27.172143925229605,NA,1.1161267190999808,NA,1.1162057460174144,NA,1.0002707972270364,NA,1.000474478028374,NA
9872182,59,p u h i c,5,-20.780767761626823,NA,-22.05420867071373,NA,-21.930091078441407,NA,1.2416965922463563,NA,1.2415519682913172,NA,1.01241266159024,NA,1.0119605181707314,NA
9872182,63,l e l y j,5,-19.772550808587734,NA,-Inf,NA,-29.3209145608971,NA,1.2343400791144985,NA,1.2342095483700994,NA,1.003248067408103,NA,1.0032923638392548,NA
9872182,89,t͡ʃ ø ɟ ø z,5,-26.083819330183616,NA,-Inf,NA,-21.52261786831054,NA,1.069838381124956,NA,1.0699952387320184,NA,1.0017666031757022,NA,1.0018897030116924,NA
9872182,9,b o j ɯ ʒ,5,-20.84349534209708,NA,-Inf,NA,-21.13094063982574,NA,1.2260955689867723,NA,1.2259830322796048,NA,1.015232344142505,NA,1.0146378960431903,NA
9872182,22,n ɯ l e ɾ,5,-16.520523019156673,NA,-22.578512005763056,NA,-22.1906184306061,NA,1.2705379652284161,NA,1.2703174772901622,NA,1.016447580336092,NA,1.015654592290636,NA
9872182,58,g ɯ ʃ ɯ ɾ,5,-17.97497909272865,NA,-14.266839235392236,NA,-14.30974193032308,NA,1.245215104159512,NA,1.2450431145777665,NA,1.0154542843243193,NA,1.0147602319695646,NA
9872182,80,m y t ø ɾ,5,-17.68011502873577,NA,-14.771169321237188,NA,-14.814804722114031,NA,1.3145632200457231,NA,1.3142753588611862,NA,1.0375461024211106,NA,1.0357780799024574,NA
9872182,69,n y h e j,5,-16.95498764826872,NA,-21.846337471826367,NA,-21.825147364977283,NA,1.2480014323473068,NA,1.2478395741736754,NA,1.0076847714838688,NA,1.007454833667864,NA
9872182,100,t e ɾ i n,5,-13.827301603550456,NA,-12.502644627942797,NA,-12.521773624907365,NA,1.5729969938749515,NA,1.5722522702326374,NA,1.0804929495674649,NA,1.0763164691861506,NA
9872182,100,t͡ʃ ø z y z,5,-21.128620852346465,NA,-17.361344872511363,NA,-17.40089460771028,NA,1.1286143668362545,NA,1.1286672682108094,NA,1.004828700340673,NA,1.0047832706322961,NA
9872182,36,n y g o h,5,-19.02195772176377,NA,-27.137278020652435,NA,-26.404681357779356,NA,1.1333131439367587,NA,1.133360109385657,NA,1.0020494295650315,NA,1.002157274256292,NA
9872182,70,ɟ y ɟ y c,5,-29.68094473723395,NA,-33.68337874661388,NA,-32.205899752844275,NA,1.0953617399096514,NA,1.095478732648763,NA,1.0001767014017344,NA,1.000384506138849,NA
9872182,40,m y d͡ʒ e ʒ,5,-20.07648688346161,NA,-17.21604267519214,NA,-17.334930621591795,NA,1.2872685713504248,NA,1.2870457058049949,NA,1.0318759131224775,NA,1.030408550612966,NA
9872182,100,b o v a n,5,-16.83581550168471,NA,-13.814124853759685,NA,-13.841845975944103,NA,1.4255332248977568,NA,1.4250378444168188,NA,1.0453074842543126,NA,1.042851145035386,NA
9872182,77,b i ɟ y j,5,-21.621839348754172,NA,-23.738323784339784,NA,-23.145271532434343,NA,1.194804014519338,NA,1.1947420726709843,NA,1.0122225483469989,NA,1.0117960739557024,NA
9872182,67,b i j e l,5,-17.450630578939155,NA,-15.174694213804408,NA,-15.223894371415602,NA,1.3089517738471208,NA,1.3086882691733015,NA,1.0209242625509964,NA,1.0200235747731865,NA
9872182,58,ɟ ø v ɯ ʃ,5,-24.484836572880727,NA,-Inf,NA,-24.564293047048626,NA,1.1249488007486994,NA,1.1250044411600126,NA,1.007870816045076,NA,1.0076134587496162,NA
9872182,90,k ɯ k a ɾ,5,-13.852944181894015,NA,-12.360407543244856,NA,-12.380543004924991,NA,1.493480237823476,NA,1.492865948681668,NA,1.0526280988311794,NA,1.0498258559342786,NA
9872182,57,ɫ a c e h,5,-18.035397518301707,NA,-Inf,NA,-25.02799923003836,NA,1.3994050843368315,NA,1.3989840913843423,NA,1.0041760500679735,NA,1.0041613512211216,NA
9872182,31,p y ʒ u ʃ,5,-21.83320780173249,NA,-21.6575563373154,NA,-21.57229848271923,NA,1.1683953129119478,NA,1.1683770297833889,NA,1.0032800290443638,NA,1.0033013050815458,NA
9872182,29,n ɯ t o j,5,-16.64471865554249,NA,-20.8852803375486,NA,-20.88836208756007,NA,1.1851723324290908,NA,1.185126386083626,NA,1.004463305335078,NA,1.0044398187271149,NA
9872182,29,ɫ o t y j,5,-17.13637038757993,NA,-21.847842286805907,NA,-21.838930472337697,NA,1.1884962954554696,NA,1.1884444634754057,NA,1.0069809217299424,NA,1.0068236264270505,NA
9872182,6,ɟ e ʒ ɯ ʒ,5,-26.219264087350595,NA,-Inf,NA,-33.17641485659389,NA,1.2272674175690463,NA,1.2271532645061831,NA,1.000599585740761,NA,1.000785798371226,NA
9872182,38,b o p o p,5,-19.25272795784617,NA,-15.57498426327942,NA,-15.61426036762116,NA,1.1967740047349058,NA,1.1967095549773488,NA,1.013486997864271,NA,1.0129840432080757,NA
9872182,73,b e v e z,5,-16.966870081071157,NA,-14.397609492998663,NA,-14.44031212076233,NA,1.3929229704223276,NA,1.392511185542819,NA,1.029528725669076,NA,1.0281611900392078,NA
9872182,18,g o ʒ o ʒ,5,-24.62938331993061,NA,-21.44182559607237,NA,-21.448545619983207,NA,1.1224260916219797,NA,1.1224961567900622,NA,1.0013340243108588,NA,1.0014798191749397,NA
9872182,69,ɟ ø c i c,5,-28.595041653634546,NA,-Inf,NA,-34.34350574803089,NA,1.1361369616670376,NA,1.1361752544079688,NA,1.0003260515161396,NA,1.0005235520380404,NA
9872182,58,k a k ɯ ɾ,5,-13.852944181894014,NA,-12.144674325482123,NA,-12.165544970347293,NA,1.5676549113274147,NA,1.5669247348407982,NA,1.081113994281714,NA,1.076949339812567,NA
9872182,9,ɫ a ʒ a ʒ,5,-19.71086706006132,NA,-20.997350540187433,NA,-21.21655733327964,NA,1.4708414018303289,NA,1.4702934062511663,NA,1.003941564890843,NA,1.003940272651001,NA
9872182,17,v ɯ c y c,5,-24.665725338666142,NA,-Inf,NA,-31.07494453895137,NA,1.0966099130891953,NA,1.0967247419175363,NA,1.0003360075302643,NA,1.000535606459207,NA
9872182,13,b u ʃ ɯ z,5,-18.694443256827626,NA,-15.374699720473922,NA,-15.412193074961616,NA,1.228789864159734,NA,1.2286669214026904,NA,1.0123098572091858,NA,1.0118615371614068,NA
9872182,26,b o ʒ u z,5,-21.370274141785384,NA,-17.449334712896025,NA,-17.52465638865124,NA,1.1916820725344242,NA,1.1916245129596132,NA,1.009300937004208,NA,1.0090117245270502,NA
9872182,100,ɫ a m o s,5,-15.135202724992508,NA,-18.53976533327283,NA,-18.547827889801997,NA,1.3788112113885682,NA,1.378427016464903,NA,1.0185489274708253,NA,1.017775753755317,NA
9872182,88,k u m y ɾ,5,-16.166729596387306,NA,-13.479655579943335,NA,-13.508482331190027,NA,1.3230272239563277,NA,1.3227231066743448,NA,1.022128398075403,NA,1.021137545740216,NA
9872182,58,ɫ a c ø c,5,-23.235335254641484,NA,-Inf,NA,-28.96719851740822,NA,1.2828819495149104,NA,1.2826763461817758,NA,1.0028718440034152,NA,1.002938782604458,NA
9872182,38,n u m ɯ s,5,-16.305931248897558,NA,-20.66468488363234,NA,-20.66177310337561,NA,1.2173321314639536,NA,1.2172245120444172,NA,1.0077581809890988,NA,1.0075488759046425,NA
9872182,23,t͡ʃ ø v a ʒ,5,-22.026529225233254,NA,-18.767317689397675,NA,-18.907200437170054,NA,1.2721540242302385,NA,1.271949454860332,NA,1.0142653337379195,NA,1.0136943818059525,NA
9872182,61,l i l y c,5,-22.91076831338442,NA,-Inf,NA,-31.37384119300264,NA,1.1284788898966889,NA,1.1285384476392613,NA,1.0018639675255108,NA,1.0019827037767624,NA
9872182,17,ɟ i f ɯ ʃ,5,-22.1048454127982,NA,-23.497930488232196,NA,-23.110474694525763,NA,1.1779963095818906,NA,1.177960316405389,NA,1.0083465331409436,NA,1.0080648025533474,NA
9872182,11,ɫ a d͡ʒ o h,5,-17.01330714374341,NA,-22.624939743800624,NA,-22.534580136155395,NA,1.3256740594338108,NA,1.3253881497876747,NA,1.0050050745212178,NA,1.0049588515389372,NA
9872289,28,b a ʒ ɯ ʒ,5,-21.802442132376388,NA,-Inf,NA,-24.18673784570743,NA,1.3864139275709753,NA,1.3860244830363206,NA,1.0201473136915078,NA,1.0193065798346137,NA
9872289,28,g o ʒ o ʒ,5,-24.62938331993061,NA,-21.44182559607237,NA,-21.448545619983207,NA,1.1224260916219797,NA,1.1224961567900622,NA,1.0013340243108588,NA,1.0014798191749397,NA
9872289,82,n u n o m,5,-16.474531465957043,NA,-19.71804282237854,NA,-19.721411008345388,NA,1.219775413725993,NA,1.2196627522111714,NA,1.0062472053556415,NA,1.0061235827754649,NA
9872289,30,v ɯ ʒ u ʒ,5,-23.911347823237456,NA,-Inf,NA,-27.172143925229605,NA,1.1161267190999808,NA,1.1162057460174144,NA,1.0002707972270364,NA,1.000474478028374,NA
9872289,69,l i l y c,5,-22.91076831338442,NA,-Inf,NA,-31.37384119300264,NA,1.1284788898966889,NA,1.1285384476392613,NA,1.0018639675255108,NA,1.0019827037767624,NA
9872289,33,v ɯ c y c,5,-24.665725338666142,NA,-Inf,NA,-31.07494453895137,NA,1.0966099130891953,NA,1.0967247419175363,NA,1.0003360075302643,NA,1.000535606459207,NA
9872289,70,ɟ ø v ɯ ʃ,5,-24.484836572880727,NA,-Inf,NA,-24.564293047048626,NA,1.1249488007486994,NA,1.1250044411600126,NA,1.007870816045076,NA,1.0076134587496162,NA
9872289,71,d a d͡ʒ y c,5,-20.390530859618952,NA,-21.37064354819536,NA,-21.197885713347908,NA,1.3547360937852992,NA,1.3544042392735065,NA,1.0112501093178448,NA,1.0108747896025891,NA
9872289,76,n ɯ t o j,5,-16.64471865554249,NA,-20.8852803375486,NA,-20.88836208756007,NA,1.1851723324290908,NA,1.185126386083626,NA,1.004463305335078,NA,1.0044398187271149,NA
9872289,77,ɟ e j ø z,5,-22.82835379958052,NA,-Inf,NA,-24.81298284362385,NA,1.235195590882307,NA,1.2350658781575348,NA,1.009898018351088,NA,1.0095907634262449,NA
9872289,26,d͡ʒ e t͡ʃ y c,5,-21.506949174184605,NA,-23.436694565711367,NA,-23.25424943879691,NA,1.2256817579040702,NA,1.2255731677132062,NA,1.0104750503657995,NA,1.010138519579413,NA
9872289,87,s ø ɾ y ɾ,5,-17.707550354797547,NA,-16.169021341758853,NA,-16.205464404636334,NA,1.3319062242337465,NA,1.33158571547973,NA,1.013027665125439,NA,1.0125094354360924,NA
9872289,85,c ø z ɯ ɾ,5,-21.71220299840252,NA,-Inf,NA,-19.68550050557094,NA,1.1902183865771947,NA,1.1901414021562249,NA,1.0145089255684994,NA,1.013860174302362,NA
9872289,31,b u ʒ o ʒ,5,-23.76539676955428,NA,-21.96391548170358,NA,-21.79262912069044,NA,1.1538250828724028,NA,1.1538408478098283,NA,1.007399882196474,NA,1.007226945611721,NA
9872289,94,b o p o p,5,-19.25272795784617,NA,-15.57498426327942,NA,-15.61426036762116,NA,1.1967740047349058,NA,1.1967095549773488,NA,1.013486997864271,NA,1.0129840432080757,NA
9872289,73,p u h i c,5,-20.780767761626823,NA,-22.05420867071373,NA,-21.930091078441407,NA,1.2416965922463563,NA,1.2415519682913172,NA,1.01241266159024,NA,1.0119605181707314,NA
9872289,21,ʃ u ʒ ø ʃ,5,-23.117318159567468,NA,-24.06655854277991,NA,-23.710598665491876,NA,1.1089897910511255,NA,1.1090779138037352,NA,1.0013008717373968,NA,1.0014503747691397,NA
9872289,34,s ø ɟ e v,5,-22.79528403658063,NA,-Inf,NA,-24.307406591636536,NA,1.2117460774005275,NA,1.2116501844406864,NA,1.0060152288996411,NA,1.0058751054370156,NA
9872289,32,m y d͡ʒ e ʒ,5,-20.07648688346161,NA,-17.21604267519214,NA,-17.334930621591795,NA,1.2872685713504248,NA,1.2870457058049949,NA,1.0318759131224775,NA,1.030408550612966,NA
9872289,27,m y d͡ʒ ɯ ʒ,5,-20.94834362998964,NA,-Inf,NA,-19.765604716524727,NA,1.2335333157803068,NA,1.2334082562856274,NA,1.0297916061850232,NA,1.0284411057530372,NA
9872289,24,l i n u v,5,-18.466975061018218,NA,-24.951618240796765,NA,-24.684255423615568,NA,1.220141875184766,NA,1.220036316043871,NA,1.0121904544298916,NA,1.011755851703082,NA
9872289,31,ɫ a c y j,5,-19.086255322116067,NA,-Inf,NA,-25.538775771876324,NA,1.3230324671869529,NA,1.3227486196407618,NA,1.003067474913099,NA,1.0031221678969575,NA
9872289,30,f u c y c,5,-24.885869366241813,NA,-Inf,NA,-29.280536541614147,NA,1.1157787914815611,NA,1.115860462315408,NA,1.0009321097789516,NA,1.001100368974328,NA
9872289,32,l y l y j,5,-21.14695659804238,NA,-Inf,NA,-31.05439759893357,NA,1.1332785539845158,NA,1.1333228701694076,NA,1.00074070885583,NA,1.0009175574376028,NA
9872289,93,g ɯ ʃ ɯ ɾ,5,-17.97497909272865,NA,-14.266839235392236,NA,-14.30974193032308,NA,1.245215104159512,NA,1.2450431145777665,NA,1.0154542843243193,NA,1.0147602319695646,NA
9872289,30,m y t ø ɾ,5,-17.68011502873577,NA,-14.771169321237188,NA,-14.814804722114031,NA,1.3145632200457231,NA,1.3142753588611862,NA,1.0375461024211106,NA,1.0357780799024574,NA
9872289,84,l i l i c,5,-21.734197850255633,NA,-31.06847061939216,NA,-30.413037420901233,NA,1.2188544098693368,NA,1.2187494709030118,NA,1.0021248087384225,NA,1.002227217500095,NA
9872289,79,n u m ɯ s,5,-16.305931248897558,NA,-20.66468488363234,NA,-20.66177310337561,NA,1.2173321314639536,NA,1.2172245120444172,NA,1.0077581809890988,NA,1.0075488759046425,NA
9872289,76,b i ɟ ø z,5,-23.142448932022234,NA,-Inf,NA,-20.44554264298711,NA,1.1721298581123756,NA,1.1721097679762331,NA,1.012165565043107,NA,1.011742232357684,NA
9872289,28,ɫ o c ø c,5,-24.98342292134455,NA,-Inf,NA,-31.079713775074197,NA,1.0811921748182034,NA,1.081335515731949,NA,1.0021125667200912,NA,1.0022194540081912,NA
9872289,69,g ɯ m y z,5,-18.701899271803264,NA,-15.284758444764732,NA,-15.32860458966336,NA,1.1785067564052527,NA,1.1784732245409664,NA,1.00554093342204,NA,1.0054576463094618,NA
9872289,76,n y g o h,5,-19.02195772176377,NA,-27.137278020652435,NA,-26.404681357779356,NA,1.1333131439367587,NA,1.133360109385657,NA,1.0020494295650315,NA,1.002157274256292,NA
9872289,68,n e l e s,5,-16.133712940143006,NA,-22.309363966878458,NA,-21.94511758334053,NA,1.3421106100147846,NA,1.3417826732353673,NA,1.0138487784772976,NA,1.0132823171708598,NA
9872289,34,h a ʒ i z,5,-18.940586263929728,NA,-16.033624750362595,NA,-16.176584461461953,NA,1.4424736309368726,NA,1.4419758181306943,NA,1.029251961469784,NA,1.0278844545484396,NA
9872289,33,b o ʒ e n,5,-19.353746594881077,NA,-15.678950482149968,NA,-15.781459798642668,NA,1.3107776347241384,NA,1.3104887340444304,NA,1.0214541287111476,NA,1.020406306928782,NA
9872289,87,b e v e z,5,-16.966870081071157,NA,-14.397609492998663,NA,-14.44031212076233,NA,1.3929229704223276,NA,1.392511185542819,NA,1.029528725669076,NA,1.0281611900392078,NA
9872289,74,g ɯ d͡ʒ e n,5,-17.56731557989134,NA,-14.61749184700327,NA,-14.657735297121354,NA,1.281298791538424,NA,1.2810607321907763,NA,1.019356759110327,NA,1.0184127138021122,NA
9872289,71,l y l i v,5,-20.63415870679363,NA,-Inf,NA,-30.672142465019753,NA,1.2155027860536751,NA,1.2153995796438697,NA,1.002044914920388,NA,1.0021401260542664,NA
9872289,28,ɟ i f ɯ ʃ,5,-22.1048454127982,NA,-23.497930488232196,NA,-23.110474694525763,NA,1.1779963095818906,NA,1.177960316405389,NA,1.0083465331409436,NA,1.0080648025533474,NA
9872289,74,b i h a z,5,-16.349811613063217,NA,-13.978638446451834,NA,-14.016391150784171,NA,1.3901143932549385,NA,1.3896998755559016,NA,1.0281388334347332,NA,1.0267959716117114,NA
9872289,78,b i j e l,5,-17.450630578939155,NA,-15.174694213804408,NA,-15.223894371415602,NA,1.3089517738471208,NA,1.3086882691733015,NA,1.0209242625509964,NA,1.0200235747731865,NA
9872289,30,ɟ ø ʒ o ʒ,5,-29.203929342940828,NA,-Inf,NA,-29.447557759589778,NA,1.0439095087456904,NA,1.044115390525366,NA,1.0001956309096838,NA,1.000401295176374,NA
9872289,72,l e g a v,5,-18.119190425169464,NA,-25.71501109338958,NA,-25.332981685756884,NA,1.3881772381676205,NA,1.3877683698152172,NA,1.008863681612553,NA,1.0085537534032074,NA
9872289,33,ɫ o c y j,5,-20.834342988819134,NA,-Inf,NA,-27.6512910295423,NA,1.1213426924902457,NA,1.121407789190935,NA,1.002308197629775,NA,1.0024028393006907,NA
9872289,31,b e j o ʒ,5,-19.97163859556905,NA,-16.470032923117923,NA,-16.58974983451702,NA,1.3023238820005048,NA,1.3020822690254312,NA,1.0234430212856789,NA,1.0224209443737986,NA
9872289,92,m y ɾ a n,5,-14.762040699212914,NA,-11.737473004903014,NA,-11.76464541223868,NA,1.5705486452986173,NA,1.5698011900900524,NA,1.0909056910771144,NA,1.0860056224174448,NA
9872289,28,ɟ y f ɯ t͡ʃ,5,-23.521012578915236,NA,-25.37166299204228,NA,-24.957736942410385,NA,1.1507777147848135,NA,1.1507931543712089,NA,1.0033263350439428,NA,1.0033620285817637,NA
9872289,75,h u h e c,5,-20.54912774061602,NA,-21.77039857112499,NA,-21.665991317549235,NA,1.2458994903446368,NA,1.2457482240849875,NA,1.009202924406593,NA,1.0089254532786238,NA
9872289,34,ɟ e ʒ ɯ ʒ,5,-26.219264087350595,NA,-Inf,NA,-33.17641485659389,NA,1.2272674175690463,NA,1.2271532645061831,NA,1.000599585740761,NA,1.000785798371226,NA
9872289,86,m u ɾ a n,5,-14.474358626761134,NA,-11.950302324157594,NA,-11.974383816242137,NA,1.564482787413002,NA,1.563745826768253,NA,1.082042701236725,NA,1.077607380125139,NA
9872289,30,ɫ o t y j,5,-17.13637038757993,NA,-21.847842286805907,NA,-21.838930472337697,NA,1.1884962954554696,NA,1.1884444634754057,NA,1.0069809217299424,NA,1.0068236264270505,NA
9872289,37,n ɯ m ɯ j,5,-16.47599478408919,NA,-22.39373489217684,NA,-22.38175273448392,NA,1.1966103780074966,NA,1.196542055220454,NA,1.0026502266538255,NA,1.0027197340448553,NA
9872289,31,b o ʒ u z,5,-21.370274141785384,NA,-17.449334712896025,NA,-17.52465638865124,NA,1.1916820725344242,NA,1.1916245129596132,NA,1.009300937004208,NA,1.0090117245270502,NA
9872289,23,ɫ a c e h,5,-18.035397518301707,NA,-Inf,NA,-25.02799923003836,NA,1.3994050843368315,NA,1.3989840913843423,NA,1.0041760500679735,NA,1.0041613512211216,NA
9872289,29,n ɯ c ø c,5,-24.59275852015271,NA,-Inf,NA,-31.976683335339587,NA,1.0792927943891235,NA,1.079439427988085,NA,1.0003249566724437,NA,1.0005257916572736,NA
9872289,85,k u m y ɾ,5,-16.166729596387306,NA,-13.479655579943335,NA,-13.508482331190027,NA,1.3230272239563277,NA,1.3227231066743448,NA,1.022128398075403,NA,1.021137545740216,NA
9872289,32,h i ʒ o ʃ,5,-20.809527385524937,NA,-21.758984629549015,NA,-21.594790011980702,NA,1.1730182993086722,NA,1.1729939503390143,NA,1.005756231853628,NA,1.0056643656940627,NA
9872289,86,b o v a n,5,-16.83581550168471,NA,-13.814124853759685,NA,-13.841845975944103,NA,1.4255332248977568,NA,1.4250378444168188,NA,1.0453074842543126,NA,1.042851145035386,NA
9872289,28,t͡ʃ ø v e ʒ,5,-22.501198433327293,NA,-19.60154616634259,NA,-19.720161431862618,NA,1.1877047678623542,NA,1.187653908531909,NA,1.007255175976289,NA,1.0070775327862946,NA
9872289,38,n i ɾ o h,5,-16.181858470568148,NA,-20.449641425018715,NA,-20.406357405732297,NA,1.2804974089534673,NA,1.2802882607954402,NA,1.016507593530359,NA,1.015847513933592,NA
9872289,92,t e ɾ i n,5,-13.827301603550456,NA,-12.502644627942797,NA,-12.521773624907365,NA,1.5729969938749515,NA,1.5722522702326374,NA,1.0804929495674649,NA,1.0763164691861506,NA
9872289,85,t ø ɾ o n,5,-17.485988279342866,NA,-15.627675512106372,NA,-15.666950907825106,NA,1.3290088497105506,NA,1.3286945168365425,NA,1.0122008810961551,NA,1.0117169531065573,NA
9872289,27,n ɯ l e ɾ,5,-16.520523019156673,NA,-22.578512005763056,NA,-22.1906184306061,NA,1.2705379652284161,NA,1.2703174772901622,NA,1.016447580336092,NA,1.015654592290636,NA
9872289,28,b o ʒ e l,5,-21.23324816820471,NA,-18.060919487768725,NA,-18.182879305878316,NA,1.2463498551349634,NA,1.2461951178538924,NA,1.008803329884933,NA,1.008547391347145,NA
9872289,32,b i ɟ y j,5,-21.621839348754172,NA,-23.738323784339784,NA,-23.145271532434343,NA,1.194804014519338,NA,1.1947420726709843,NA,1.0122225483469989,NA,1.0117960739557024,NA
9872289,28,n ø t u j,5,-18.16927071091751,NA,-22.851523275546036,NA,-22.813072474048504,NA,1.1724206207819898,NA,1.1723948121172356,NA,1.0038089132465688,NA,1.0038168140055153,NA
9872289,33,b o j ɯ ʒ,5,-20.84349534209708,NA,-Inf,NA,-21.13094063982574,NA,1.2260955689867723,NA,1.2259830322796048,NA,1.015232344142505,NA,1.0146378960431903,NA
9872289,31,t a ɟ e z,5,-19.01299062520888,NA,-Inf,NA,-20.823952022657384,NA,1.4656215227621532,NA,1.465084309540202,NA,1.0269158977146384,NA,1.0257003443047683,NA
9872289,30,ɫ a d͡ʒ o h,5,-17.01330714374341,NA,-22.624939743800624,NA,-22.534580136155395,NA,1.3256740594338108,NA,1.3253881497876747,NA,1.0050050745212178,NA,1.0049588515389372,NA
9872289,27,t͡ʃ ø v a ʒ,5,-22.026529225233254,NA,-18.767317689397675,NA,-18.907200437170054,NA,1.2721540242302385,NA,1.271949454860332,NA,1.0142653337379195,NA,1.0136943818059525,NA
9872289,30,d͡ʒ e b ɯ ʒ,5,-20.21495022879154,NA,-Inf,NA,-22.87691116711818,NA,1.2686811486325449,NA,1.2684950947185034,NA,1.0124836117672047,NA,1.0120414031131446,NA
9872289,22,b o ʒ ɯ ʒ,5,-23.550529799079456,NA,-Inf,NA,-24.723680424475265,NA,1.1847241528742682,NA,1.1846836525864934,NA,1.0074750485138266,NA,1.007300128463721,NA
9872289,29,ɟ y d o n,5,-21.99388355485576,NA,-22.032124077243957,NA,-21.630787091891495,NA,1.1962433826356678,NA,1.196159913782388,NA,1.0079719201002924,NA,1.0077160801194214,NA
9872289,91,n u c e j,5,-19.284139768647485,NA,-Inf,NA,-27.03061959151581,NA,1.2138640602351571,NA,1.213761575091728,NA,1.0046822496364043,NA,1.0046141339376191,NA
9872289,90,ɫ a m o s,5,-15.135202724992508,NA,-18.53976533327283,NA,-18.547827889801997,NA,1.3788112113885682,NA,1.378427016464903,NA,1.0185489274708253,NA,1.017775753755317,NA
9872289,26,k ɯ ɾ i n,5,-14.682152744236394,NA,-12.37822264154962,NA,-12.400758782495078,NA,1.4897929801932763,NA,1.4891922342093775,NA,1.0573621548079215,NA,1.054404034344128,NA
9872289,24,ɟ e g o h,5,-22.32385648599314,NA,-Inf,NA,-29.10574748028316,NA,1.2145067608813798,NA,1.2144132380835384,NA,1.0014568108084176,NA,1.0015956377134012,NA
9872289,32,l i ʒ ɯ v,5,-21.57703454821374,NA,-31.133696426108365,NA,-30.207941372186912,NA,1.1572841132328815,NA,1.157287229154971,NA,1.0003922570709156,NA,1.000588795671445,NA
9872289,37,ɟ e ʒ u ʒ,5,-26.43413105782542,NA,-Inf,NA,-29.33912315678841,NA,1.2174662892996293,NA,1.2173699757285252,NA,1.000599585740761,NA,1.000785798371226,NA
9872289,30,p y ʒ u ʃ,5,-21.83320780173249,NA,-21.6575563373154,NA,-21.57229848271923,NA,1.1683953129119478,NA,1.1683770297833889,NA,1.0032800290443638,NA,1.0033013050815458,NA
9872289,88,b u m u z,5,-17.951792361056157,NA,-14.843063280742722,NA,-14.878017560925908,NA,1.2405193147630955,NA,1.240376722188641,NA,1.017535691474791,NA,1.016802398896366,NA
9872289,37,ɫ a ʒ a ʒ,5,-19.71086706006132,NA,-20.997350540187433,NA,-21.21655733327964,NA,1.4708414018303289,NA,1.4702934062511663,NA,1.003941564890843,NA,1.003940272651001,NA
9872289,28,t͡ʃ ø ɟ ø z,5,-26.083819330183616,NA,-Inf,NA,-21.52261786831054,NA,1.069838381124956,NA,1.0699952387320184,NA,1.0017666031757022,NA,1.0018897030116924,NA
9872289,25,ɫ a c ø c,5,-23.235335254641484,NA,-Inf,NA,-28.96719851740822,NA,1.2828819495149104,NA,1.2826763461817758,NA,1.0028718440034152,NA,1.002938782604458,NA
9872289,89,k o ɾ i n,5,-15.0837144563174,NA,-13.072652771256037,NA,-13.096986467913933,NA,1.5004623909385104,NA,1.4998431857664714,NA,1.0494536476998977,NA,1.046913855195189,NA
9872289,25,t͡ʃ ø z y z,5,-21.128620852346465,NA,-17.361344872511363,NA,-17.40089460771028,NA,1.1286143668362545,NA,1.1286672682108094,NA,1.004828700340673,NA,1.0047832706322961,NA
9872289,29,ɟ y ɟ y c,5,-29.68094473723395,NA,-33.68337874661388,NA,-32.205899752844275,NA,1.0953617399096514,NA,1.095478732648763,NA,1.0001767014017344,NA,1.000384506138849,NA
9872289,30,b i f e ʒ,5,-19.56510509226675,NA,-17.233656594746645,NA,-17.35991958085872,NA,1.2770233897314918,NA,1.276818171152988,NA,1.0171636142826754,NA,1.0164683141415962,NA
9872289,86,k a k ɯ ɾ,5,-13.852944181894014,NA,-12.144674325482123,NA,-12.165544970347293,NA,1.5676549113274147,NA,1.5669247348407982,NA,1.081113994281714,NA,1.076949339812567,NA
9872289,93,k ɯ k a ɾ,5,-13.852944181894015,NA,-12.360407543244856,NA,-12.380543004924991,NA,1.493480237823476,NA,1.492865948681668,NA,1.0526280988311794,NA,1.0498258559342786,NA
9872289,19,n y h e j,5,-16.95498764826872,NA,-21.846337471826367,NA,-21.825147364977283,NA,1.2480014323473068,NA,1.2478395741736754,NA,1.0076847714838688,NA,1.007454833667864,NA
9872289,26,z a ʒ u ʒ,5,-22.21296112594883,NA,-22.467527661364898,NA,-22.468435327208887,NA,1.3256708330824156,NA,1.3253873248250263,NA,1.0043869150779896,NA,1.0043743138247614,NA
9872289,19,b u ʃ ɯ z,5,-18.694443256827626,NA,-15.374699720473922,NA,-15.412193074961616,NA,1.228789864159734,NA,1.2286669214026904,NA,1.0123098572091858,NA,1.0118615371614068,NA
9872289,34,l e l y j,5,-19.772550808587734,NA,-Inf,NA,-29.3209145608971,NA,1.2343400791144985,NA,1.2342095483700994,NA,1.003248067408103,NA,1.0032923638392548,NA
9872289,30,d ɯ ʒ o ʒ,5,-23.464882873585843,NA,-Inf,NA,-23.9795220145898,NA,1.1293508774986598,NA,1.1294089752286451,NA,1.0015496170448657,NA,1.0016841358988702,NA
9872289,19,ɟ ø c i c,5,-28.595041653634546,NA,-Inf,NA,-34.34350574803089,NA,1.1361369616670376,NA,1.1361752544079688,NA,1.0003260515161396,NA,1.0005235520380404,NA
9872571,67,ɟ ø v ɯ ʃ,5,-24.484836572880727,NA,-Inf,NA,-24.564293047048626,NA,1.1249488007486994,NA,1.1250044411600126,NA,1.007870816045076,NA,1.0076134587496162,NA
9872571,66,b u m u z,5,-17.951792361056157,NA,-14.843063280742722,NA,-14.878017560925908,NA,1.2405193147630955,NA,1.240376722188641,NA,1.017535691474791,NA,1.016802398896366,NA
9872571,68,c ø z ɯ ɾ,5,-21.71220299840252,NA,-Inf,NA,-19.68550050557094,NA,1.1902183865771947,NA,1.1901414021562249,NA,1.0145089255684994,NA,1.013860174302362,NA
9872571,90,b o v a n,5,-16.83581550168471,NA,-13.814124853759685,NA,-13.841845975944103,NA,1.4255332248977568,NA,1.4250378444168188,NA,1.0453074842543126,NA,1.042851145035386,NA
9872571,63,l i ʒ ɯ v,5,-21.57703454821374,NA,-31.133696426108365,NA,-30.207941372186912,NA,1.1572841132328815,NA,1.157287229154971,NA,1.0003922570709156,NA,1.000588795671445,NA
9872571,67,g ɯ d͡ʒ e n,5,-17.56731557989134,NA,-14.61749184700327,NA,-14.657735297121354,NA,1.281298791538424,NA,1.2810607321907763,NA,1.019356759110327,NA,1.0184127138021122,NA
9872571,58,t ø ɾ o n,5,-17.485988279342866,NA,-15.627675512106372,NA,-15.666950907825106,NA,1.3290088497105506,NA,1.3286945168365425,NA,1.0122008810961551,NA,1.0117169531065573,NA
9872571,78,m y d͡ʒ e ʒ,5,-20.07648688346161,NA,-17.21604267519214,NA,-17.334930621591795,NA,1.2872685713504248,NA,1.2870457058049949,NA,1.0318759131224775,NA,1.030408550612966,NA
9872571,64,f u c y c,5,-24.885869366241813,NA,-Inf,NA,-29.280536541614147,NA,1.1157787914815611,NA,1.115860462315408,NA,1.0009321097789516,NA,1.001100368974328,NA
9872571,72,h u h e c,5,-20.54912774061602,NA,-21.77039857112499,NA,-21.665991317549235,NA,1.2458994903446368,NA,1.2457482240849875,NA,1.009202924406593,NA,1.0089254532786238,NA
9872571,72,n u n o m,5,-16.474531465957043,NA,-19.71804282237854,NA,-19.721411008345388,NA,1.219775413725993,NA,1.2196627522111714,NA,1.0062472053556415,NA,1.0061235827754649,NA
9872571,71,g o ʒ o ʒ,5,-24.62938331993061,NA,-21.44182559607237,NA,-21.448545619983207,NA,1.1224260916219797,NA,1.1224961567900622,NA,1.0013340243108588,NA,1.0014798191749397,NA
9872571,71,v ɯ c y c,5,-24.665725338666142,NA,-Inf,NA,-31.07494453895137,NA,1.0966099130891953,NA,1.0967247419175363,NA,1.0003360075302643,NA,1.000535606459207,NA
9872571,73,ɟ e ʒ u ʒ,5,-26.43413105782542,NA,-Inf,NA,-29.33912315678841,NA,1.2174662892996293,NA,1.2173699757285252,NA,1.000599585740761,NA,1.000785798371226,NA
9872571,68,d ɯ ʒ o ʒ,5,-23.464882873585843,NA,-Inf,NA,-23.9795220145898,NA,1.1293508774986598,NA,1.1294089752286451,NA,1.0015496170448657,NA,1.0016841358988702,NA
9872571,23,ɫ a c e h,5,-18.035397518301707,NA,-Inf,NA,-25.02799923003836,NA,1.3994050843368315,NA,1.3989840913843423,NA,1.0041760500679735,NA,1.0041613512211216,NA
9872571,74,ɟ ø c i c,5,-28.595041653634546,NA,-Inf,NA,-34.34350574803089,NA,1.1361369616670376,NA,1.1361752544079688,NA,1.0003260515161396,NA,1.0005235520380404,NA
9872571,21,n ɯ m ɯ j,5,-16.47599478408919,NA,-22.39373489217684,NA,-22.38175273448392,NA,1.1966103780074966,NA,1.196542055220454,NA,1.0026502266538255,NA,1.0027197340448553,NA
9872571,66,n i ɾ o h,5,-16.181858470568148,NA,-20.449641425018715,NA,-20.406357405732297,NA,1.2804974089534673,NA,1.2802882607954402,NA,1.016507593530359,NA,1.015847513933592,NA
9872571,61,ɫ a ʒ a ʒ,5,-19.71086706006132,NA,-20.997350540187433,NA,-21.21655733327964,NA,1.4708414018303289,NA,1.4702934062511663,NA,1.003941564890843,NA,1.003940272651001,NA
9872571,12,k a k ɯ ɾ,5,-13.852944181894014,NA,-12.144674325482123,NA,-12.165544970347293,NA,1.5676549113274147,NA,1.5669247348407982,NA,1.081113994281714,NA,1.076949339812567,NA
9872571,68,ɟ e ʒ ɯ ʒ,5,-26.219264087350595,NA,-Inf,NA,-33.17641485659389,NA,1.2272674175690463,NA,1.2271532645061831,NA,1.000599585740761,NA,1.000785798371226,NA
9872571,11,l e l y j,5,-19.772550808587734,NA,-Inf,NA,-29.3209145608971,NA,1.2343400791144985,NA,1.2342095483700994,NA,1.003248067408103,NA,1.0032923638392548,NA
9872571,67,g ɯ m y z,5,-18.701899271803264,NA,-15.284758444764732,NA,-15.32860458966336,NA,1.1785067564052527,NA,1.1784732245409664,NA,1.00554093342204,NA,1.0054576463094618,NA
9872571,63,ɟ ø ʒ o ʒ,5,-29.203929342940828,NA,-Inf,NA,-29.447557759589778,NA,1.0439095087456904,NA,1.044115390525366,NA,1.0001956309096838,NA,1.000401295176374,NA
9872571,68,t͡ʃ ø z y z,5,-21.128620852346465,NA,-17.361344872511363,NA,-17.40089460771028,NA,1.1286143668362545,NA,1.1286672682108094,NA,1.004828700340673,NA,1.0047832706322961,NA
9872571,13,b o j ɯ ʒ,5,-20.84349534209708,NA,-Inf,NA,-21.13094063982574,NA,1.2260955689867723,NA,1.2259830322796048,NA,1.015232344142505,NA,1.0146378960431903,NA
9872571,67,p u h i c,5,-20.780767761626823,NA,-22.05420867071373,NA,-21.930091078441407,NA,1.2416965922463563,NA,1.2415519682913172,NA,1.01241266159024,NA,1.0119605181707314,NA
9872571,24,k ɯ k a ɾ,5,-13.852944181894015,NA,-12.360407543244856,NA,-12.380543004924991,NA,1.493480237823476,NA,1.492865948681668,NA,1.0526280988311794,NA,1.0498258559342786,NA
9872571,61,n ɯ c ø c,5,-24.59275852015271,NA,-Inf,NA,-31.976683335339587,NA,1.0792927943891235,NA,1.079439427988085,NA,1.0003249566724437,NA,1.0005257916572736,NA
9872571,19,ɟ e g o h,5,-22.32385648599314,NA,-Inf,NA,-29.10574748028316,NA,1.2145067608813798,NA,1.2144132380835384,NA,1.0014568108084176,NA,1.0015956377134012,NA
9872571,62,ɫ a d͡ʒ o h,5,-17.01330714374341,NA,-22.624939743800624,NA,-22.534580136155395,NA,1.3256740594338108,NA,1.3253881497876747,NA,1.0050050745212178,NA,1.0049588515389372,NA
9872571,63,z a ʒ u ʒ,5,-22.21296112594883,NA,-22.467527661364898,NA,-22.468435327208887,NA,1.3256708330824156,NA,1.3253873248250263,NA,1.0043869150779896,NA,1.0043743138247614,NA
9872571,70,b u ʃ ɯ z,5,-18.694443256827626,NA,-15.374699720473922,NA,-15.412193074961616,NA,1.228789864159734,NA,1.2286669214026904,NA,1.0123098572091858,NA,1.0118615371614068,NA
9872571,62,b i ɟ ø z,5,-23.142448932022234,NA,-Inf,NA,-20.44554264298711,NA,1.1721298581123756,NA,1.1721097679762331,NA,1.012165565043107,NA,1.011742232357684,NA
9872571,67,n u m ɯ s,5,-16.305931248897558,NA,-20.66468488363234,NA,-20.66177310337561,NA,1.2173321314639536,NA,1.2172245120444172,NA,1.0077581809890988,NA,1.0075488759046425,NA
9872571,64,n e l e s,5,-16.133712940143006,NA,-22.309363966878458,NA,-21.94511758334053,NA,1.3421106100147846,NA,1.3417826732353673,NA,1.0138487784772976,NA,1.0132823171708598,NA
9872571,14,t͡ʃ ø v a ʒ,5,-22.026529225233254,NA,-18.767317689397675,NA,-18.907200437170054,NA,1.2721540242302385,NA,1.271949454860332,NA,1.0142653337379195,NA,1.0136943818059525,NA
9872571,65,p y ʒ u ʃ,5,-21.83320780173249,NA,-21.6575563373154,NA,-21.57229848271923,NA,1.1683953129119478,NA,1.1683770297833889,NA,1.0032800290443638,NA,1.0033013050815458,NA
9872571,64,b i h a z,5,-16.349811613063217,NA,-13.978638446451834,NA,-14.016391150784171,NA,1.3901143932549385,NA,1.3896998755559016,NA,1.0281388334347332,NA,1.0267959716117114,NA
9872571,89,ɟ e j ø z,5,-22.82835379958052,NA,-Inf,NA,-24.81298284362385,NA,1.235195590882307,NA,1.2350658781575348,NA,1.009898018351088,NA,1.0095907634262449,NA
9872571,87,m y t ø ɾ,5,-17.68011502873577,NA,-14.771169321237188,NA,-14.814804722114031,NA,1.3145632200457231,NA,1.3142753588611862,NA,1.0375461024211106,NA,1.0357780799024574,NA
9872571,77,b e j o ʒ,5,-19.97163859556905,NA,-16.470032923117923,NA,-16.58974983451702,NA,1.3023238820005048,NA,1.3020822690254312,NA,1.0234430212856789,NA,1.0224209443737986,NA
9872571,75,b i ɟ y j,5,-21.621839348754172,NA,-23.738323784339784,NA,-23.145271532434343,NA,1.194804014519338,NA,1.1947420726709843,NA,1.0122225483469989,NA,1.0117960739557024,NA
9872571,74,k o ɾ i n,5,-15.0837144563174,NA,-13.072652771256037,NA,-13.096986467913933,NA,1.5004623909385104,NA,1.4998431857664714,NA,1.0494536476998977,NA,1.046913855195189,NA
9872571,71,s ø ɾ y ɾ,5,-17.707550354797547,NA,-16.169021341758853,NA,-16.205464404636334,NA,1.3319062242337465,NA,1.33158571547973,NA,1.013027665125439,NA,1.0125094354360924,NA
9872571,16,ɫ a c y j,5,-19.086255322116067,NA,-Inf,NA,-25.538775771876324,NA,1.3230324671869529,NA,1.3227486196407618,NA,1.003067474913099,NA,1.0031221678969575,NA
9872571,68,ɫ a m o s,5,-15.135202724992508,NA,-18.53976533327283,NA,-18.547827889801997,NA,1.3788112113885682,NA,1.378427016464903,NA,1.0185489274708253,NA,1.017775753755317,NA
9872571,68,b a ʒ ɯ ʒ,5,-21.802442132376388,NA,-Inf,NA,-24.18673784570743,NA,1.3864139275709753,NA,1.3860244830363206,NA,1.0201473136915078,NA,1.0193065798346137,NA
9872571,71,d͡ʒ e t͡ʃ y c,5,-21.506949174184605,NA,-23.436694565711367,NA,-23.25424943879691,NA,1.2256817579040702,NA,1.2255731677132062,NA,1.0104750503657995,NA,1.010138519579413,NA
9872571,70,ɫ o c y j,5,-20.834342988819134,NA,-Inf,NA,-27.6512910295423,NA,1.1213426924902457,NA,1.121407789190935,NA,1.002308197629775,NA,1.0024028393006907,NA
9872571,74,g ɯ ʃ ɯ ɾ,5,-17.97497909272865,NA,-14.266839235392236,NA,-14.30974193032308,NA,1.245215104159512,NA,1.2450431145777665,NA,1.0154542843243193,NA,1.0147602319695646,NA
9872571,71,b o ʒ u z,5,-21.370274141785384,NA,-17.449334712896025,NA,-17.52465638865124,NA,1.1916820725344242,NA,1.1916245129596132,NA,1.009300937004208,NA,1.0090117245270502,NA
9872571,71,ɟ y d o n,5,-21.99388355485576,NA,-22.032124077243957,NA,-21.630787091891495,NA,1.1962433826356678,NA,1.196159913782388,NA,1.0079719201002924,NA,1.0077160801194214,NA
9872571,70,n ø t u j,5,-18.16927071091751,NA,-22.851523275546036,NA,-22.813072474048504,NA,1.1724206207819898,NA,1.1723948121172356,NA,1.0038089132465688,NA,1.0038168140055153,NA
9872571,66,ɫ a c ø c,5,-23.235335254641484,NA,-Inf,NA,-28.96719851740822,NA,1.2828819495149104,NA,1.2826763461817758,NA,1.0028718440034152,NA,1.002938782604458,NA
9872571,61,m y ɾ a n,5,-14.762040699212914,NA,-11.737473004903014,NA,-11.76464541223868,NA,1.5705486452986173,NA,1.5698011900900524,NA,1.0909056910771144,NA,1.0860056224174448,NA
9872571,59,m y d͡ʒ ɯ ʒ,5,-20.94834362998964,NA,-Inf,NA,-19.765604716524727,NA,1.2335333157803068,NA,1.2334082562856274,NA,1.0297916061850232,NA,1.0284411057530372,NA
9872571,71,b e v e z,5,-16.966870081071157,NA,-14.397609492998663,NA,-14.44031212076233,NA,1.3929229704223276,NA,1.392511185542819,NA,1.029528725669076,NA,1.0281611900392078,NA
9872571,70,t͡ʃ ø v e ʒ,5,-22.501198433327293,NA,-19.60154616634259,NA,-19.720161431862618,NA,1.1877047678623542,NA,1.187653908531909,NA,1.007255175976289,NA,1.0070775327862946,NA
9872571,63,ɟ y ɟ y c,5,-29.68094473723395,NA,-33.68337874661388,NA,-32.205899752844275,NA,1.0953617399096514,NA,1.095478732648763,NA,1.0001767014017344,NA,1.000384506138849,NA
9872571,65,l i l y c,5,-22.91076831338442,NA,-Inf,NA,-31.37384119300264,NA,1.1284788898966889,NA,1.1285384476392613,NA,1.0018639675255108,NA,1.0019827037767624,NA
9872571,73,d a d͡ʒ y c,5,-20.390530859618952,NA,-21.37064354819536,NA,-21.197885713347908,NA,1.3547360937852992,NA,1.3544042392735065,NA,1.0112501093178448,NA,1.0108747896025891,NA
9872571,69,ɟ i f ɯ ʃ,5,-22.1048454127982,NA,-23.497930488232196,NA,-23.110474694525763,NA,1.1779963095818906,NA,1.177960316405389,NA,1.0083465331409436,NA,1.0080648025533474,NA
9872571,72,b o ʒ e l,5,-21.23324816820471,NA,-18.060919487768725,NA,-18.182879305878316,NA,1.2463498551349634,NA,1.2461951178538924,NA,1.008803329884933,NA,1.008547391347145,NA
9872571,67,m u ɾ a n,5,-14.474358626761134,NA,-11.950302324157594,NA,-11.974383816242137,NA,1.564482787413002,NA,1.563745826768253,NA,1.082042701236725,NA,1.077607380125139,NA
9872571,71,b i j e l,5,-17.450630578939155,NA,-15.174694213804408,NA,-15.223894371415602,NA,1.3089517738471208,NA,1.3086882691733015,NA,1.0209242625509964,NA,1.0200235747731865,NA
9872571,69,h i ʒ o ʃ,5,-20.809527385524937,NA,-21.758984629549015,NA,-21.594790011980702,NA,1.1730182993086722,NA,1.1729939503390143,NA,1.005756231853628,NA,1.0056643656940627,NA
9872571,75,h a ʒ i z,5,-18.940586263929728,NA,-16.033624750362595,NA,-16.176584461461953,NA,1.4424736309368726,NA,1.4419758181306943,NA,1.029251961469784,NA,1.0278844545484396,NA
9872571,67,v ɯ ʒ u ʒ,5,-23.911347823237456,NA,-Inf,NA,-27.172143925229605,NA,1.1161267190999808,NA,1.1162057460174144,NA,1.0002707972270364,NA,1.000474478028374,NA
9872571,13,l e g a v,5,-18.119190425169464,NA,-25.71501109338958,NA,-25.332981685756884,NA,1.3881772381676205,NA,1.3877683698152172,NA,1.008863681612553,NA,1.0085537534032074,NA
9872571,68,l y l i v,5,-20.63415870679363,NA,-Inf,NA,-30.672142465019753,NA,1.2155027860536751,NA,1.2153995796438697,NA,1.002044914920388,NA,1.0021401260542664,NA
9872571,74,ɟ y f ɯ t͡ʃ,5,-23.521012578915236,NA,-25.37166299204228,NA,-24.957736942410385,NA,1.1507777147848135,NA,1.1507931543712089,NA,1.0033263350439428,NA,1.0033620285817637,NA
9872571,74,b u ʒ o ʒ,5,-23.76539676955428,NA,-21.96391548170358,NA,-21.79262912069044,NA,1.1538250828724028,NA,1.1538408478098283,NA,1.007399882196474,NA,1.007226945611721,NA
9872571,63,b i f e ʒ,5,-19.56510509226675,NA,-17.233656594746645,NA,-17.35991958085872,NA,1.2770233897314918,NA,1.276818171152988,NA,1.0171636142826754,NA,1.0164683141415962,NA
9872571,74,t a ɟ e z,5,-19.01299062520888,NA,-Inf,NA,-20.823952022657384,NA,1.4656215227621532,NA,1.465084309540202,NA,1.0269158977146384,NA,1.0257003443047683,NA
9872571,69,ɫ o t y j,5,-17.13637038757993,NA,-21.847842286805907,NA,-21.838930472337697,NA,1.1884962954554696,NA,1.1884444634754057,NA,1.0069809217299424,NA,1.0068236264270505,NA
9872571,68,n y h e j,5,-16.95498764826872,NA,-21.846337471826367,NA,-21.825147364977283,NA,1.2480014323473068,NA,1.2478395741736754,NA,1.0076847714838688,NA,1.007454833667864,NA
9872571,65,n u c e j,5,-19.284139768647485,NA,-Inf,NA,-27.03061959151581,NA,1.2138640602351571,NA,1.213761575091728,NA,1.0046822496364043,NA,1.0046141339376191,NA
9872571,82,s ø ɟ e v,5,-22.79528403658063,NA,-Inf,NA,-24.307406591636536,NA,1.2117460774005275,NA,1.2116501844406864,NA,1.0060152288996411,NA,1.0058751054370156,NA
9872571,70,l i l i c,5,-21.734197850255633,NA,-31.06847061939216,NA,-30.413037420901233,NA,1.2188544098693368,NA,1.2187494709030118,NA,1.0021248087384225,NA,1.002227217500095,NA
9872571,68,l y l y j,5,-21.14695659804238,NA,-Inf,NA,-31.05439759893357,NA,1.1332785539845158,NA,1.1333228701694076,NA,1.00074070885583,NA,1.0009175574376028,NA
9872571,68,b o p o p,5,-19.25272795784617,NA,-15.57498426327942,NA,-15.61426036762116,NA,1.1967740047349058,NA,1.1967095549773488,NA,1.013486997864271,NA,1.0129840432080757,NA
9872571,76,ɫ o c ø c,5,-24.98342292134455,NA,-Inf,NA,-31.079713775074197,NA,1.0811921748182034,NA,1.081335515731949,NA,1.0021125667200912,NA,1.0022194540081912,NA
9872571,74,k ɯ ɾ i n,5,-14.682152744236394,NA,-12.37822264154962,NA,-12.400758782495078,NA,1.4897929801932763,NA,1.4891922342093775,NA,1.0573621548079215,NA,1.054404034344128,NA
9872571,70,t͡ʃ ø ɟ ø z,5,-26.083819330183616,NA,-Inf,NA,-21.52261786831054,NA,1.069838381124956,NA,1.0699952387320184,NA,1.0017666031757022,NA,1.0018897030116924,NA
9872571,72,k u m y ɾ,5,-16.166729596387306,NA,-13.479655579943335,NA,-13.508482331190027,NA,1.3230272239563277,NA,1.3227231066743448,NA,1.022128398075403,NA,1.021137545740216,NA
9872571,72,b o ʒ e n,5,-19.353746594881077,NA,-15.678950482149968,NA,-15.781459798642668,NA,1.3107776347241384,NA,1.3104887340444304,NA,1.0214541287111476,NA,1.020406306928782,NA
9872571,71,n ɯ l e ɾ,5,-16.520523019156673,NA,-22.578512005763056,NA,-22.1906184306061,NA,1.2705379652284161,NA,1.2703174772901622,NA,1.016447580336092,NA,1.015654592290636,NA
9872571,76,d͡ʒ e b ɯ ʒ,5,-20.21495022879154,NA,-Inf,NA,-22.87691116711818,NA,1.2686811486325449,NA,1.2684950947185034,NA,1.0124836117672047,NA,1.0120414031131446,NA
9872571,71,ʃ u ʒ ø ʃ,5,-23.117318159567468,NA,-24.06655854277991,NA,-23.710598665491876,NA,1.1089897910511255,NA,1.1090779138037352,NA,1.0013008717373968,NA,1.0014503747691397,NA
9872571,70,b o ʒ ɯ ʒ,5,-23.550529799079456,NA,-Inf,NA,-24.723680424475265,NA,1.1847241528742682,NA,1.1846836525864934,NA,1.0074750485138266,NA,1.007300128463721,NA
9872571,66,l i n u v,5,-18.466975061018218,NA,-24.951618240796765,NA,-24.684255423615568,NA,1.220141875184766,NA,1.220036316043871,NA,1.0121904544298916,NA,1.011755851703082,NA
9872571,75,n y g o h,5,-19.02195772176377,NA,-27.137278020652435,NA,-26.404681357779356,NA,1.1333131439367587,NA,1.133360109385657,NA,1.0020494295650315,NA,1.002157274256292,NA
9872571,71,t e ɾ i n,5,-13.827301603550456,NA,-12.502644627942797,NA,-12.521773624907365,NA,1.5729969938749515,NA,1.5722522702326374,NA,1.0804929495674649,NA,1.0763164691861506,NA
9872571,71,n ɯ t o j,5,-16.64471865554249,NA,-20.8852803375486,NA,-20.88836208756007,NA,1.1851723324290908,NA,1.185126386083626,NA,1.004463305335078,NA,1.0044398187271149,NA
9872637,36,ɫ o c y j,5,-20.834342988819134,NA,-Inf,NA,-27.6512910295423,NA,1.1213426924902457,NA,1.121407789190935,NA,1.002308197629775,NA,1.0024028393006907,NA
9872637,62,h a ʒ i z,5,-18.940586263929728,NA,-16.033624750362595,NA,-16.176584461461953,NA,1.4424736309368726,NA,1.4419758181306943,NA,1.029251961469784,NA,1.0278844545484396,NA
9872637,38,t͡ʃ ø ɟ ø z,5,-26.083819330183616,NA,-Inf,NA,-21.52261786831054,NA,1.069838381124956,NA,1.0699952387320184,NA,1.0017666031757022,NA,1.0018897030116924,NA
9872637,35,b i ɟ y j,5,-21.621839348754172,NA,-23.738323784339784,NA,-23.145271532434343,NA,1.194804014519338,NA,1.1947420726709843,NA,1.0122225483469989,NA,1.0117960739557024,NA
9872637,9,d͡ʒ e b ɯ ʒ,5,-20.21495022879154,NA,-Inf,NA,-22.87691116711818,NA,1.2686811486325449,NA,1.2684950947185034,NA,1.0124836117672047,NA,1.0120414031131446,NA
9872637,23,n i ɾ o h,5,-16.181858470568148,NA,-20.449641425018715,NA,-20.406357405732297,NA,1.2804974089534673,NA,1.2802882607954402,NA,1.016507593530359,NA,1.015847513933592,NA
9872637,33,n ɯ l e ɾ,5,-16.520523019156673,NA,-22.578512005763056,NA,-22.1906184306061,NA,1.2705379652284161,NA,1.2703174772901622,NA,1.016447580336092,NA,1.015654592290636,NA
9872637,26,ɫ a ʒ a ʒ,5,-19.71086706006132,NA,-20.997350540187433,NA,-21.21655733327964,NA,1.4708414018303289,NA,1.4702934062511663,NA,1.003941564890843,NA,1.003940272651001,NA
9872637,60,g ɯ m y z,5,-18.701899271803264,NA,-15.284758444764732,NA,-15.32860458966336,NA,1.1785067564052527,NA,1.1784732245409664,NA,1.00554093342204,NA,1.0054576463094618,NA
9872637,27,ɫ a d͡ʒ o h,5,-17.01330714374341,NA,-22.624939743800624,NA,-22.534580136155395,NA,1.3256740594338108,NA,1.3253881497876747,NA,1.0050050745212178,NA,1.0049588515389372,NA
9872637,33,g o ʒ o ʒ,5,-24.62938331993061,NA,-21.44182559607237,NA,-21.448545619983207,NA,1.1224260916219797,NA,1.1224961567900622,NA,1.0013340243108588,NA,1.0014798191749397,NA
9872637,18,ɫ a c e h,5,-18.035397518301707,NA,-Inf,NA,-25.02799923003836,NA,1.3994050843368315,NA,1.3989840913843423,NA,1.0041760500679735,NA,1.0041613512211216,NA
9872637,6,b i f e ʒ,5,-19.56510509226675,NA,-17.233656594746645,NA,-17.35991958085872,NA,1.2770233897314918,NA,1.276818171152988,NA,1.0171636142826754,NA,1.0164683141415962,NA
9872637,15,ɟ y f ɯ t͡ʃ,5,-23.521012578915236,NA,-25.37166299204228,NA,-24.957736942410385,NA,1.1507777147848135,NA,1.1507931543712089,NA,1.0033263350439428,NA,1.0033620285817637,NA
9872637,32,b u ʃ ɯ z,5,-18.694443256827626,NA,-15.374699720473922,NA,-15.412193074961616,NA,1.228789864159734,NA,1.2286669214026904,NA,1.0123098572091858,NA,1.0118615371614068,NA
9872637,28,p y ʒ u ʃ,5,-21.83320780173249,NA,-21.6575563373154,NA,-21.57229848271923,NA,1.1683953129119478,NA,1.1683770297833889,NA,1.0032800290443638,NA,1.0033013050815458,NA
9872637,67,k ɯ ɾ i n,5,-14.682152744236394,NA,-12.37822264154962,NA,-12.400758782495078,NA,1.4897929801932763,NA,1.4891922342093775,NA,1.0573621548079215,NA,1.054404034344128,NA
9872637,84,b i h a z,5,-16.349811613063217,NA,-13.978638446451834,NA,-14.016391150784171,NA,1.3901143932549385,NA,1.3896998755559016,NA,1.0281388334347332,NA,1.0267959716117114,NA
9872637,35,p u h i c,5,-20.780767761626823,NA,-22.05420867071373,NA,-21.930091078441407,NA,1.2416965922463563,NA,1.2415519682913172,NA,1.01241266159024,NA,1.0119605181707314,NA
9872637,35,ɟ ø c i c,5,-28.595041653634546,NA,-Inf,NA,-34.34350574803089,NA,1.1361369616670376,NA,1.1361752544079688,NA,1.0003260515161396,NA,1.0005235520380404,NA
9872637,32,ɫ a c y j,5,-19.086255322116067,NA,-Inf,NA,-25.538775771876324,NA,1.3230324671869529,NA,1.3227486196407618,NA,1.003067474913099,NA,1.0031221678969575,NA
9872637,64,t ø ɾ o n,5,-17.485988279342866,NA,-15.627675512106372,NA,-15.666950907825106,NA,1.3290088497105506,NA,1.3286945168365425,NA,1.0122008810961551,NA,1.0117169531065573,NA
9872637,35,z a ʒ u ʒ,5,-22.21296112594883,NA,-22.467527661364898,NA,-22.468435327208887,NA,1.3256708330824156,NA,1.3253873248250263,NA,1.0043869150779896,NA,1.0043743138247614,NA
9872637,26,d ɯ ʒ o ʒ,5,-23.464882873585843,NA,-Inf,NA,-23.9795220145898,NA,1.1293508774986598,NA,1.1294089752286451,NA,1.0015496170448657,NA,1.0016841358988702,NA
9872637,1,ʃ u ʒ ø ʃ,5,-23.117318159567468,NA,-24.06655854277991,NA,-23.710598665491876,NA,1.1089897910511255,NA,1.1090779138037352,NA,1.0013008717373968,NA,1.0014503747691397,NA
9872637,30,ɟ y d o n,5,-21.99388355485576,NA,-22.032124077243957,NA,-21.630787091891495,NA,1.1962433826356678,NA,1.196159913782388,NA,1.0079719201002924,NA,1.0077160801194214,NA
9872637,69,n e l e s,5,-16.133712940143006,NA,-22.309363966878458,NA,-21.94511758334053,NA,1.3421106100147846,NA,1.3417826732353673,NA,1.0138487784772976,NA,1.0132823171708598,NA
9872637,37,ɟ e ʒ u ʒ,5,-26.43413105782542,NA,-Inf,NA,-29.33912315678841,NA,1.2174662892996293,NA,1.2173699757285252,NA,1.000599585740761,NA,1.000785798371226,NA
9872637,27,m y d͡ʒ ɯ ʒ,5,-20.94834362998964,NA,-Inf,NA,-19.765604716524727,NA,1.2335333157803068,NA,1.2334082562856274,NA,1.0297916061850232,NA,1.0284411057530372,NA
9872637,27,b a ʒ ɯ ʒ,5,-21.802442132376388,NA,-Inf,NA,-24.18673784570743,NA,1.3864139275709753,NA,1.3860244830363206,NA,1.0201473136915078,NA,1.0193065798346137,NA
9872637,29,b o j ɯ ʒ,5,-20.84349534209708,NA,-Inf,NA,-21.13094063982574,NA,1.2260955689867723,NA,1.2259830322796048,NA,1.015232344142505,NA,1.0146378960431903,NA
9872637,60,ɫ a c ø c,5,-23.235335254641484,NA,-Inf,NA,-28.96719851740822,NA,1.2828819495149104,NA,1.2826763461817758,NA,1.0028718440034152,NA,1.002938782604458,NA
9872637,67,n y h e j,5,-16.95498764826872,NA,-21.846337471826367,NA,-21.825147364977283,NA,1.2480014323473068,NA,1.2478395741736754,NA,1.0076847714838688,NA,1.007454833667864,NA
9872637,14,v ɯ ʒ u ʒ,5,-23.911347823237456,NA,-Inf,NA,-27.172143925229605,NA,1.1161267190999808,NA,1.1162057460174144,NA,1.0002707972270364,NA,1.000474478028374,NA
9872637,18,t͡ʃ ø v a ʒ,5,-22.026529225233254,NA,-18.767317689397675,NA,-18.907200437170054,NA,1.2721540242302385,NA,1.271949454860332,NA,1.0142653337379195,NA,1.0136943818059525,NA
9872637,64,t͡ʃ ø z y z,5,-21.128620852346465,NA,-17.361344872511363,NA,-17.40089460771028,NA,1.1286143668362545,NA,1.1286672682108094,NA,1.004828700340673,NA,1.0047832706322961,NA
9872637,15,b o ʒ u z,5,-21.370274141785384,NA,-17.449334712896025,NA,-17.52465638865124,NA,1.1916820725344242,NA,1.1916245129596132,NA,1.009300937004208,NA,1.0090117245270502,NA
9872637,68,k u m y ɾ,5,-16.166729596387306,NA,-13.479655579943335,NA,-13.508482331190027,NA,1.3230272239563277,NA,1.3227231066743448,NA,1.022128398075403,NA,1.021137545740216,NA
9872637,75,k o ɾ i n,5,-15.0837144563174,NA,-13.072652771256037,NA,-13.096986467913933,NA,1.5004623909385104,NA,1.4998431857664714,NA,1.0494536476998977,NA,1.046913855195189,NA
9872637,23,g ɯ d͡ʒ e n,5,-17.56731557989134,NA,-14.61749184700327,NA,-14.657735297121354,NA,1.281298791538424,NA,1.2810607321907763,NA,1.019356759110327,NA,1.0184127138021122,NA
9872637,23,g ɯ ʃ ɯ ɾ,5,-17.97497909272865,NA,-14.266839235392236,NA,-14.30974193032308,NA,1.245215104159512,NA,1.2450431145777665,NA,1.0154542843243193,NA,1.0147602319695646,NA
9872637,58,b e v e z,5,-16.966870081071157,NA,-14.397609492998663,NA,-14.44031212076233,NA,1.3929229704223276,NA,1.392511185542819,NA,1.029528725669076,NA,1.0281611900392078,NA
9872637,20,ɟ e g o h,5,-22.32385648599314,NA,-Inf,NA,-29.10574748028316,NA,1.2145067608813798,NA,1.2144132380835384,NA,1.0014568108084176,NA,1.0015956377134012,NA
9872637,96,k a k ɯ ɾ,5,-13.852944181894014,NA,-12.144674325482123,NA,-12.165544970347293,NA,1.5676549113274147,NA,1.5669247348407982,NA,1.081113994281714,NA,1.076949339812567,NA
9872637,69,b i j e l,5,-17.450630578939155,NA,-15.174694213804408,NA,-15.223894371415602,NA,1.3089517738471208,NA,1.3086882691733015,NA,1.0209242625509964,NA,1.0200235747731865,NA
9872637,35,b o ʒ e l,5,-21.23324816820471,NA,-18.060919487768725,NA,-18.182879305878316,NA,1.2463498551349634,NA,1.2461951178538924,NA,1.008803329884933,NA,1.008547391347145,NA
9872637,87,s ø ɾ y ɾ,5,-17.707550354797547,NA,-16.169021341758853,NA,-16.205464404636334,NA,1.3319062242337465,NA,1.33158571547973,NA,1.013027665125439,NA,1.0125094354360924,NA
9872637,23,m y d͡ʒ e ʒ,5,-20.07648688346161,NA,-17.21604267519214,NA,-17.334930621591795,NA,1.2872685713504248,NA,1.2870457058049949,NA,1.0318759131224775,NA,1.030408550612966,NA
9872637,26,b u ʒ o ʒ,5,-23.76539676955428,NA,-21.96391548170358,NA,-21.79262912069044,NA,1.1538250828724028,NA,1.1538408478098283,NA,1.007399882196474,NA,1.007226945611721,NA
9872637,26,n ø t u j,5,-18.16927071091751,NA,-22.851523275546036,NA,-22.813072474048504,NA,1.1724206207819898,NA,1.1723948121172356,NA,1.0038089132465688,NA,1.0038168140055153,NA
9872637,83,l i n u v,5,-18.466975061018218,NA,-24.951618240796765,NA,-24.684255423615568,NA,1.220141875184766,NA,1.220036316043871,NA,1.0121904544298916,NA,1.011755851703082,NA
9872637,20,ɟ ø ʒ o ʒ,5,-29.203929342940828,NA,-Inf,NA,-29.447557759589778,NA,1.0439095087456904,NA,1.044115390525366,NA,1.0001956309096838,NA,1.000401295176374,NA
9872637,28,m y t ø ɾ,5,-17.68011502873577,NA,-14.771169321237188,NA,-14.814804722114031,NA,1.3145632200457231,NA,1.3142753588611862,NA,1.0375461024211106,NA,1.0357780799024574,NA
9872637,23,t͡ʃ ø v e ʒ,5,-22.501198433327293,NA,-19.60154616634259,NA,-19.720161431862618,NA,1.1877047678623542,NA,1.187653908531909,NA,1.007255175976289,NA,1.0070775327862946,NA
9872637,25,c ø z ɯ ɾ,5,-21.71220299840252,NA,-Inf,NA,-19.68550050557094,NA,1.1902183865771947,NA,1.1901414021562249,NA,1.0145089255684994,NA,1.013860174302362,NA
9872637,64,d͡ʒ e t͡ʃ y c,5,-21.506949174184605,NA,-23.436694565711367,NA,-23.25424943879691,NA,1.2256817579040702,NA,1.2255731677132062,NA,1.0104750503657995,NA,1.010138519579413,NA
9872637,18,ɫ o c ø c,5,-24.98342292134455,NA,-Inf,NA,-31.079713775074197,NA,1.0811921748182034,NA,1.081335515731949,NA,1.0021125667200912,NA,1.0022194540081912,NA
9872637,21,l e g a v,5,-18.119190425169464,NA,-25.71501109338958,NA,-25.332981685756884,NA,1.3881772381676205,NA,1.3877683698152172,NA,1.008863681612553,NA,1.0085537534032074,NA
9872637,28,b u m u z,5,-17.951792361056157,NA,-14.843063280742722,NA,-14.878017560925908,NA,1.2405193147630955,NA,1.240376722188641,NA,1.017535691474791,NA,1.016802398896366,NA
9872637,62,n y g o h,5,-19.02195772176377,NA,-27.137278020652435,NA,-26.404681357779356,NA,1.1333131439367587,NA,1.133360109385657,NA,1.0020494295650315,NA,1.002157274256292,NA
9872637,27,n ɯ m ɯ j,5,-16.47599478408919,NA,-22.39373489217684,NA,-22.38175273448392,NA,1.1966103780074966,NA,1.196542055220454,NA,1.0026502266538255,NA,1.0027197340448553,NA
9872637,23,n u n o m,5,-16.474531465957043,NA,-19.71804282237854,NA,-19.721411008345388,NA,1.219775413725993,NA,1.2196627522111714,NA,1.0062472053556415,NA,1.0061235827754649,NA
9872637,27,l i ʒ ɯ v,5,-21.57703454821374,NA,-31.133696426108365,NA,-30.207941372186912,NA,1.1572841132328815,NA,1.157287229154971,NA,1.0003922570709156,NA,1.000588795671445,NA
9872637,16,n ɯ c ø c,5,-24.59275852015271,NA,-Inf,NA,-31.976683335339587,NA,1.0792927943891235,NA,1.079439427988085,NA,1.0003249566724437,NA,1.0005257916572736,NA
9872637,21,n u m ɯ s,5,-16.305931248897558,NA,-20.66468488363234,NA,-20.66177310337561,NA,1.2173321314639536,NA,1.2172245120444172,NA,1.0077581809890988,NA,1.0075488759046425,NA
9872637,27,d a d͡ʒ y c,5,-20.390530859618952,NA,-21.37064354819536,NA,-21.197885713347908,NA,1.3547360937852992,NA,1.3544042392735065,NA,1.0112501093178448,NA,1.0108747896025891,NA
9872637,32,ɫ o t y j,5,-17.13637038757993,NA,-21.847842286805907,NA,-21.838930472337697,NA,1.1884962954554696,NA,1.1884444634754057,NA,1.0069809217299424,NA,1.0068236264270505,NA
9872637,31,s ø ɟ e v,5,-22.79528403658063,NA,-Inf,NA,-24.307406591636536,NA,1.2117460774005275,NA,1.2116501844406864,NA,1.0060152288996411,NA,1.0058751054370156,NA
9872637,30,ɟ ø v ɯ ʃ,5,-24.484836572880727,NA,-Inf,NA,-24.564293047048626,NA,1.1249488007486994,NA,1.1250044411600126,NA,1.007870816045076,NA,1.0076134587496162,NA
9872637,26,b i ɟ ø z,5,-23.142448932022234,NA,-Inf,NA,-20.44554264298711,NA,1.1721298581123756,NA,1.1721097679762331,NA,1.012165565043107,NA,1.011742232357684,NA
9872637,32,n ɯ t o j,5,-16.64471865554249,NA,-20.8852803375486,NA,-20.88836208756007,NA,1.1851723324290908,NA,1.185126386083626,NA,1.004463305335078,NA,1.0044398187271149,NA
9872637,23,m u ɾ a n,5,-14.474358626761134,NA,-11.950302324157594,NA,-11.974383816242137,NA,1.564482787413002,NA,1.563745826768253,NA,1.082042701236725,NA,1.077607380125139,NA
9872637,78,t e ɾ i n,5,-13.827301603550456,NA,-12.502644627942797,NA,-12.521773624907365,NA,1.5729969938749515,NA,1.5722522702326374,NA,1.0804929495674649,NA,1.0763164691861506,NA
9872637,67,l i l i c,5,-21.734197850255633,NA,-31.06847061939216,NA,-30.413037420901233,NA,1.2188544098693368,NA,1.2187494709030118,NA,1.0021248087384225,NA,1.002227217500095,NA
9872637,25,b o ʒ e n,5,-19.353746594881077,NA,-15.678950482149968,NA,-15.781459798642668,NA,1.3107776347241384,NA,1.3104887340444304,NA,1.0214541287111476,NA,1.020406306928782,NA
9872637,18,f u c y c,5,-24.885869366241813,NA,-Inf,NA,-29.280536541614147,NA,1.1157787914815611,NA,1.115860462315408,NA,1.0009321097789516,NA,1.001100368974328,NA
9872637,11,m y ɾ a n,5,-14.762040699212914,NA,-11.737473004903014,NA,-11.76464541223868,NA,1.5705486452986173,NA,1.5698011900900524,NA,1.0909056910771144,NA,1.0860056224174448,NA
9872637,10,b o v a n,5,-16.83581550168471,NA,-13.814124853759685,NA,-13.841845975944103,NA,1.4255332248977568,NA,1.4250378444168188,NA,1.0453074842543126,NA,1.042851145035386,NA
9872637,19,h i ʒ o ʃ,5,-20.809527385524937,NA,-21.758984629549015,NA,-21.594790011980702,NA,1.1730182993086722,NA,1.1729939503390143,NA,1.005756231853628,NA,1.0056643656940627,NA
9872637,25,n u c e j,5,-19.284139768647485,NA,-Inf,NA,-27.03061959151581,NA,1.2138640602351571,NA,1.213761575091728,NA,1.0046822496364043,NA,1.0046141339376191,NA
9872637,25,v ɯ c y c,5,-24.665725338666142,NA,-Inf,NA,-31.07494453895137,NA,1.0966099130891953,NA,1.0967247419175363,NA,1.0003360075302643,NA,1.000535606459207,NA
9872637,27,h u h e c,5,-20.54912774061602,NA,-21.77039857112499,NA,-21.665991317549235,NA,1.2458994903446368,NA,1.2457482240849875,NA,1.009202924406593,NA,1.0089254532786238,NA
9872637,30,ɟ e ʒ ɯ ʒ,5,-26.219264087350595,NA,-Inf,NA,-33.17641485659389,NA,1.2272674175690463,NA,1.2271532645061831,NA,1.000599585740761,NA,1.000785798371226,NA
9872637,19,b o ʒ ɯ ʒ,5,-23.550529799079456,NA,-Inf,NA,-24.723680424475265,NA,1.1847241528742682,NA,1.1846836525864934,NA,1.0074750485138266,NA,1.007300128463721,NA
9872637,66,l y l y j,5,-21.14695659804238,NA,-Inf,NA,-31.05439759893357,NA,1.1332785539845158,NA,1.1333228701694076,NA,1.00074070885583,NA,1.0009175574376028,NA
9872637,19,t a ɟ e z,5,-19.01299062520888,NA,-Inf,NA,-20.823952022657384,NA,1.4656215227621532,NA,1.465084309540202,NA,1.0269158977146384,NA,1.0257003443047683,NA
9872637,18,ɟ i f ɯ ʃ,5,-22.1048454127982,NA,-23.497930488232196,NA,-23.110474694525763,NA,1.1779963095818906,NA,1.177960316405389,NA,1.0083465331409436,NA,1.0080648025533474,NA
9872637,63,ɟ e j ø z,5,-22.82835379958052,NA,-Inf,NA,-24.81298284362385,NA,1.235195590882307,NA,1.2350658781575348,NA,1.009898018351088,NA,1.0095907634262449,NA
9872637,19,l e l y j,5,-19.772550808587734,NA,-Inf,NA,-29.3209145608971,NA,1.2343400791144985,NA,1.2342095483700994,NA,1.003248067408103,NA,1.0032923638392548,NA
9872637,85,k ɯ k a ɾ,5,-13.852944181894015,NA,-12.360407543244856,NA,-12.380543004924991,NA,1.493480237823476,NA,1.492865948681668,NA,1.0526280988311794,NA,1.0498258559342786,NA
9872637,71,ɟ y ɟ y c,5,-29.68094473723395,NA,-33.68337874661388,NA,-32.205899752844275,NA,1.0953617399096514,NA,1.095478732648763,NA,1.0001767014017344,NA,1.000384506138849,NA
9872637,23,b o p o p,5,-19.25272795784617,NA,-15.57498426327942,NA,-15.61426036762116,NA,1.1967740047349058,NA,1.1967095549773488,NA,1.013486997864271,NA,1.0129840432080757,NA
9872637,18,b e j o ʒ,5,-19.97163859556905,NA,-16.470032923117923,NA,-16.58974983451702,NA,1.3023238820005048,NA,1.3020822690254312,NA,1.0234430212856789,NA,1.0224209443737986,NA
9872637,59,l y l i v,5,-20.63415870679363,NA,-Inf,NA,-30.672142465019753,NA,1.2155027860536751,NA,1.2153995796438697,NA,1.002044914920388,NA,1.0021401260542664,NA
9872637,39,l i l y c,5,-22.91076831338442,NA,-Inf,NA,-31.37384119300264,NA,1.1284788898966889,NA,1.1285384476392613,NA,1.0018639675255108,NA,1.0019827037767624,NA
9872637,81,ɫ a m o s,5,-15.135202724992508,NA,-18.53976533327283,NA,-18.547827889801997,NA,1.3788112113885682,NA,1.378427016464903,NA,1.0185489274708253,NA,1.017775753755317,NA
9872955,49,ɫ a c ø c,5,-23.235335254641484,NA,-Inf,NA,-28.96719851740822,NA,1.2828819495149104,NA,1.2826763461817758,NA,1.0028718440034152,NA,1.002938782604458,NA
9872955,31,p y ʒ u ʃ,5,-21.83320780173249,NA,-21.6575563373154,NA,-21.57229848271923,NA,1.1683953129119478,NA,1.1683770297833889,NA,1.0032800290443638,NA,1.0033013050815458,NA
9872955,40,n i ɾ o h,5,-16.181858470568148,NA,-20.449641425018715,NA,-20.406357405732297,NA,1.2804974089534673,NA,1.2802882607954402,NA,1.016507593530359,NA,1.015847513933592,NA
9872955,39,ɫ a c y j,5,-19.086255322116067,NA,-Inf,NA,-25.538775771876324,NA,1.3230324671869529,NA,1.3227486196407618,NA,1.003067474913099,NA,1.0031221678969575,NA
9872955,28,b e j o ʒ,5,-19.97163859556905,NA,-16.470032923117923,NA,-16.58974983451702,NA,1.3023238820005048,NA,1.3020822690254312,NA,1.0234430212856789,NA,1.0224209443737986,NA
9872955,28,m y d͡ʒ e ʒ,5,-20.07648688346161,NA,-17.21604267519214,NA,-17.334930621591795,NA,1.2872685713504248,NA,1.2870457058049949,NA,1.0318759131224775,NA,1.030408550612966,NA
9872955,44,p u h i c,5,-20.780767761626823,NA,-22.05420867071373,NA,-21.930091078441407,NA,1.2416965922463563,NA,1.2415519682913172,NA,1.01241266159024,NA,1.0119605181707314,NA
9872955,57,m y ɾ a n,5,-14.762040699212914,NA,-11.737473004903014,NA,-11.76464541223868,NA,1.5705486452986173,NA,1.5698011900900524,NA,1.0909056910771144,NA,1.0860056224174448,NA
9872955,65,n u n o m,5,-16.474531465957043,NA,-19.71804282237854,NA,-19.721411008345388,NA,1.219775413725993,NA,1.2196627522111714,NA,1.0062472053556415,NA,1.0061235827754649,NA
9872955,26,m y d͡ʒ ɯ ʒ,5,-20.94834362998964,NA,-Inf,NA,-19.765604716524727,NA,1.2335333157803068,NA,1.2334082562856274,NA,1.0297916061850232,NA,1.0284411057530372,NA
9872955,24,n y g o h,5,-19.02195772176377,NA,-27.137278020652435,NA,-26.404681357779356,NA,1.1333131439367587,NA,1.133360109385657,NA,1.0020494295650315,NA,1.002157274256292,NA
9872955,73,b u m u z,5,-17.951792361056157,NA,-14.843063280742722,NA,-14.878017560925908,NA,1.2405193147630955,NA,1.240376722188641,NA,1.017535691474791,NA,1.016802398896366,NA
9872955,87,g ɯ ʃ ɯ ɾ,5,-17.97497909272865,NA,-14.266839235392236,NA,-14.30974193032308,NA,1.245215104159512,NA,1.2450431145777665,NA,1.0154542843243193,NA,1.0147602319695646,NA
9872955,32,t ø ɾ o n,5,-17.485988279342866,NA,-15.627675512106372,NA,-15.666950907825106,NA,1.3290088497105506,NA,1.3286945168365425,NA,1.0122008810961551,NA,1.0117169531065573,NA
9872955,71,m y t ø ɾ,5,-17.68011502873577,NA,-14.771169321237188,NA,-14.814804722114031,NA,1.3145632200457231,NA,1.3142753588611862,NA,1.0375461024211106,NA,1.0357780799024574,NA
9872955,28,ɟ e g o h,5,-22.32385648599314,NA,-Inf,NA,-29.10574748028316,NA,1.2145067608813798,NA,1.2144132380835384,NA,1.0014568108084176,NA,1.0015956377134012,NA
9872955,34,g ɯ m y z,5,-18.701899271803264,NA,-15.284758444764732,NA,-15.32860458966336,NA,1.1785067564052527,NA,1.1784732245409664,NA,1.00554093342204,NA,1.0054576463094618,NA
9872955,18,b o j ɯ ʒ,5,-20.84349534209708,NA,-Inf,NA,-21.13094063982574,NA,1.2260955689867723,NA,1.2259830322796048,NA,1.015232344142505,NA,1.0146378960431903,NA
9872955,59,k o ɾ i n,5,-15.0837144563174,NA,-13.072652771256037,NA,-13.096986467913933,NA,1.5004623909385104,NA,1.4998431857664714,NA,1.0494536476998977,NA,1.046913855195189,NA
9872955,62,b o p o p,5,-19.25272795784617,NA,-15.57498426327942,NA,-15.61426036762116,NA,1.1967740047349058,NA,1.1967095549773488,NA,1.013486997864271,NA,1.0129840432080757,NA
9872955,75,k ɯ k a ɾ,5,-13.852944181894015,NA,-12.360407543244856,NA,-12.380543004924991,NA,1.493480237823476,NA,1.492865948681668,NA,1.0526280988311794,NA,1.0498258559342786,NA
9872955,16,b a ʒ ɯ ʒ,5,-21.802442132376388,NA,-Inf,NA,-24.18673784570743,NA,1.3864139275709753,NA,1.3860244830363206,NA,1.0201473136915078,NA,1.0193065798346137,NA
9872955,18,n u m ɯ s,5,-16.305931248897558,NA,-20.66468488363234,NA,-20.66177310337561,NA,1.2173321314639536,NA,1.2172245120444172,NA,1.0077581809890988,NA,1.0075488759046425,NA
9872955,63,t͡ʃ ø z y z,5,-21.128620852346465,NA,-17.361344872511363,NA,-17.40089460771028,NA,1.1286143668362545,NA,1.1286672682108094,NA,1.004828700340673,NA,1.0047832706322961,NA
9872955,19,n ø t u j,5,-18.16927071091751,NA,-22.851523275546036,NA,-22.813072474048504,NA,1.1724206207819898,NA,1.1723948121172356,NA,1.0038089132465688,NA,1.0038168140055153,NA
9872955,70,b i ɟ ø z,5,-23.142448932022234,NA,-Inf,NA,-20.44554264298711,NA,1.1721298581123756,NA,1.1721097679762331,NA,1.012165565043107,NA,1.011742232357684,NA
9872955,20,ɟ y f ɯ t͡ʃ,5,-23.521012578915236,NA,-25.37166299204228,NA,-24.957736942410385,NA,1.1507777147848135,NA,1.1507931543712089,NA,1.0033263350439428,NA,1.0033620285817637,NA
9872955,33,n ɯ t o j,5,-16.64471865554249,NA,-20.8852803375486,NA,-20.88836208756007,NA,1.1851723324290908,NA,1.185126386083626,NA,1.004463305335078,NA,1.0044398187271149,NA
9872955,26,n ɯ l e ɾ,5,-16.520523019156673,NA,-22.578512005763056,NA,-22.1906184306061,NA,1.2705379652284161,NA,1.2703174772901622,NA,1.016447580336092,NA,1.015654592290636,NA
9872955,20,ɟ e ʒ ɯ ʒ,5,-26.219264087350595,NA,-Inf,NA,-33.17641485659389,NA,1.2272674175690463,NA,1.2271532645061831,NA,1.000599585740761,NA,1.000785798371226,NA
9872955,33,ɫ o c ø c,5,-24.98342292134455,NA,-Inf,NA,-31.079713775074197,NA,1.0811921748182034,NA,1.081335515731949,NA,1.0021125667200912,NA,1.0022194540081912,NA
9872955,55,t a ɟ e z,5,-19.01299062520888,NA,-Inf,NA,-20.823952022657384,NA,1.4656215227621532,NA,1.465084309540202,NA,1.0269158977146384,NA,1.0257003443047683,NA
9872955,41,k ɯ ɾ i n,5,-14.682152744236394,NA,-12.37822264154962,NA,-12.400758782495078,NA,1.4897929801932763,NA,1.4891922342093775,NA,1.0573621548079215,NA,1.054404034344128,NA
9872955,82,k a k ɯ ɾ,5,-13.852944181894014,NA,-12.144674325482123,NA,-12.165544970347293,NA,1.5676549113274147,NA,1.5669247348407982,NA,1.081113994281714,NA,1.076949339812567,NA
9872955,36,ɫ o t y j,5,-17.13637038757993,NA,-21.847842286805907,NA,-21.838930472337697,NA,1.1884962954554696,NA,1.1884444634754057,NA,1.0069809217299424,NA,1.0068236264270505,NA
9872955,81,s ø ɟ e v,5,-22.79528403658063,NA,-Inf,NA,-24.307406591636536,NA,1.2117460774005275,NA,1.2116501844406864,NA,1.0060152288996411,NA,1.0058751054370156,NA
9872955,33,v ɯ c y c,5,-24.665725338666142,NA,-Inf,NA,-31.07494453895137,NA,1.0966099130891953,NA,1.0967247419175363,NA,1.0003360075302643,NA,1.000535606459207,NA
9872955,18,b o ʒ ɯ ʒ,5,-23.550529799079456,NA,-Inf,NA,-24.723680424475265,NA,1.1847241528742682,NA,1.1846836525864934,NA,1.0074750485138266,NA,1.007300128463721,NA
9872955,33,n u c e j,5,-19.284139768647485,NA,-Inf,NA,-27.03061959151581,NA,1.2138640602351571,NA,1.213761575091728,NA,1.0046822496364043,NA,1.0046141339376191,NA
9872955,25,ɫ a c e h,5,-18.035397518301707,NA,-Inf,NA,-25.02799923003836,NA,1.3994050843368315,NA,1.3989840913843423,NA,1.0041760500679735,NA,1.0041613512211216,NA
9872955,40,d͡ʒ e t͡ʃ y c,5,-21.506949174184605,NA,-23.436694565711367,NA,-23.25424943879691,NA,1.2256817579040702,NA,1.2255731677132062,NA,1.0104750503657995,NA,1.010138519579413,NA
9872955,49,t͡ʃ ø ɟ ø z,5,-26.083819330183616,NA,-Inf,NA,-21.52261786831054,NA,1.069838381124956,NA,1.0699952387320184,NA,1.0017666031757022,NA,1.0018897030116924,NA
9872955,60,ɟ ø c i c,5,-28.595041653634546,NA,-Inf,NA,-34.34350574803089,NA,1.1361369616670376,NA,1.1361752544079688,NA,1.0003260515161396,NA,1.0005235520380404,NA
9872955,15,ʃ u ʒ ø ʃ,5,-23.117318159567468,NA,-24.06655854277991,NA,-23.710598665491876,NA,1.1089897910511255,NA,1.1090779138037352,NA,1.0013008717373968,NA,1.0014503747691397,NA
9872955,59,l i l i c,5,-21.734197850255633,NA,-31.06847061939216,NA,-30.413037420901233,NA,1.2188544098693368,NA,1.2187494709030118,NA,1.0021248087384225,NA,1.002227217500095,NA
9872955,32,ɟ y d o n,5,-21.99388355485576,NA,-22.032124077243957,NA,-21.630787091891495,NA,1.1962433826356678,NA,1.196159913782388,NA,1.0079719201002924,NA,1.0077160801194214,NA
9872955,17,ɟ e ʒ u ʒ,5,-26.43413105782542,NA,-Inf,NA,-29.33912315678841,NA,1.2174662892996293,NA,1.2173699757285252,NA,1.000599585740761,NA,1.000785798371226,NA
9872955,65,b i j e l,5,-17.450630578939155,NA,-15.174694213804408,NA,-15.223894371415602,NA,1.3089517738471208,NA,1.3086882691733015,NA,1.0209242625509964,NA,1.0200235747731865,NA
9872955,37,v ɯ ʒ u ʒ,5,-23.911347823237456,NA,-Inf,NA,-27.172143925229605,NA,1.1161267190999808,NA,1.1162057460174144,NA,1.0002707972270364,NA,1.000474478028374,NA
9872955,35,ɫ a ʒ a ʒ,5,-19.71086706006132,NA,-20.997350540187433,NA,-21.21655733327964,NA,1.4708414018303289,NA,1.4702934062511663,NA,1.003941564890843,NA,1.003940272651001,NA
9872955,27,ɫ a d͡ʒ o h,5,-17.01330714374341,NA,-22.624939743800624,NA,-22.534580136155395,NA,1.3256740594338108,NA,1.3253881497876747,NA,1.0050050745212178,NA,1.0049588515389372,NA
9872955,94,s ø ɾ y ɾ,5,-17.707550354797547,NA,-16.169021341758853,NA,-16.205464404636334,NA,1.3319062242337465,NA,1.33158571547973,NA,1.013027665125439,NA,1.0125094354360924,NA
9872955,26,g o ʒ o ʒ,5,-24.62938331993061,NA,-21.44182559607237,NA,-21.448545619983207,NA,1.1224260916219797,NA,1.1224961567900622,NA,1.0013340243108588,NA,1.0014798191749397,NA
9872955,20,b o ʒ u z,5,-21.370274141785384,NA,-17.449334712896025,NA,-17.52465638865124,NA,1.1916820725344242,NA,1.1916245129596132,NA,1.009300937004208,NA,1.0090117245270502,NA
9872955,15,z a ʒ u ʒ,5,-22.21296112594883,NA,-22.467527661364898,NA,-22.468435327208887,NA,1.3256708330824156,NA,1.3253873248250263,NA,1.0043869150779896,NA,1.0043743138247614,NA
9872955,72,n y h e j,5,-16.95498764826872,NA,-21.846337471826367,NA,-21.825147364977283,NA,1.2480014323473068,NA,1.2478395741736754,NA,1.0076847714838688,NA,1.007454833667864,NA
9872955,30,b o ʒ e l,5,-21.23324816820471,NA,-18.060919487768725,NA,-18.182879305878316,NA,1.2463498551349634,NA,1.2461951178538924,NA,1.008803329884933,NA,1.008547391347145,NA
9872955,22,n ɯ m ɯ j,5,-16.47599478408919,NA,-22.39373489217684,NA,-22.38175273448392,NA,1.1966103780074966,NA,1.196542055220454,NA,1.0026502266538255,NA,1.0027197340448553,NA
9872955,32,l e l y j,5,-19.772550808587734,NA,-Inf,NA,-29.3209145608971,NA,1.2343400791144985,NA,1.2342095483700994,NA,1.003248067408103,NA,1.0032923638392548,NA
9872955,58,ɟ e j ø z,5,-22.82835379958052,NA,-Inf,NA,-24.81298284362385,NA,1.235195590882307,NA,1.2350658781575348,NA,1.009898018351088,NA,1.0095907634262449,NA
9872955,100,m u ɾ a n,5,-14.474358626761134,NA,-11.950302324157594,NA,-11.974383816242137,NA,1.564482787413002,NA,1.563745826768253,NA,1.082042701236725,NA,1.077607380125139,NA
9872955,15,ɟ i f ɯ ʃ,5,-22.1048454127982,NA,-23.497930488232196,NA,-23.110474694525763,NA,1.1779963095818906,NA,1.177960316405389,NA,1.0083465331409436,NA,1.0080648025533474,NA
9872955,18,d ɯ ʒ o ʒ,5,-23.464882873585843,NA,-Inf,NA,-23.9795220145898,NA,1.1293508774986598,NA,1.1294089752286451,NA,1.0015496170448657,NA,1.0016841358988702,NA
9872955,38,l y l i v,5,-20.63415870679363,NA,-Inf,NA,-30.672142465019753,NA,1.2155027860536751,NA,1.2153995796438697,NA,1.002044914920388,NA,1.0021401260542664,NA
9872955,57,b i h a z,5,-16.349811613063217,NA,-13.978638446451834,NA,-14.016391150784171,NA,1.3901143932549385,NA,1.3896998755559016,NA,1.0281388334347332,NA,1.0267959716117114,NA
9872955,73,ɟ y ɟ y c,5,-29.68094473723395,NA,-33.68337874661388,NA,-32.205899752844275,NA,1.0953617399096514,NA,1.095478732648763,NA,1.0001767014017344,NA,1.000384506138849,NA
9872955,36,b o ʒ e n,5,-19.353746594881077,NA,-15.678950482149968,NA,-15.781459798642668,NA,1.3107776347241384,NA,1.3104887340444304,NA,1.0214541287111476,NA,1.020406306928782,NA
9872955,38,g ɯ d͡ʒ e n,5,-17.56731557989134,NA,-14.61749184700327,NA,-14.657735297121354,NA,1.281298791538424,NA,1.2810607321907763,NA,1.019356759110327,NA,1.0184127138021122,NA
9872955,25,h i ʒ o ʃ,5,-20.809527385524937,NA,-21.758984629549015,NA,-21.594790011980702,NA,1.1730182993086722,NA,1.1729939503390143,NA,1.005756231853628,NA,1.0056643656940627,NA
9872955,22,n ɯ c ø c,5,-24.59275852015271,NA,-Inf,NA,-31.976683335339587,NA,1.0792927943891235,NA,1.079439427988085,NA,1.0003249566724437,NA,1.0005257916572736,NA
9872955,25,t͡ʃ ø v a ʒ,5,-22.026529225233254,NA,-18.767317689397675,NA,-18.907200437170054,NA,1.2721540242302385,NA,1.271949454860332,NA,1.0142653337379195,NA,1.0136943818059525,NA
9872955,64,h u h e c,5,-20.54912774061602,NA,-21.77039857112499,NA,-21.665991317549235,NA,1.2458994903446368,NA,1.2457482240849875,NA,1.009202924406593,NA,1.0089254532786238,NA
9872955,74,ɫ a m o s,5,-15.135202724992508,NA,-18.53976533327283,NA,-18.547827889801997,NA,1.3788112113885682,NA,1.378427016464903,NA,1.0185489274708253,NA,1.017775753755317,NA
9872955,41,ɟ ø v ɯ ʃ,5,-24.484836572880727,NA,-Inf,NA,-24.564293047048626,NA,1.1249488007486994,NA,1.1250044411600126,NA,1.007870816045076,NA,1.0076134587496162,NA
9872955,33,d a d͡ʒ y c,5,-20.390530859618952,NA,-21.37064354819536,NA,-21.197885713347908,NA,1.3547360937852992,NA,1.3544042392735065,NA,1.0112501093178448,NA,1.0108747896025891,NA
9872955,85,t e ɾ i n,5,-13.827301603550456,NA,-12.502644627942797,NA,-12.521773624907365,NA,1.5729969938749515,NA,1.5722522702326374,NA,1.0804929495674649,NA,1.0763164691861506,NA
9872955,50,b e v e z,5,-16.966870081071157,NA,-14.397609492998663,NA,-14.44031212076233,NA,1.3929229704223276,NA,1.392511185542819,NA,1.029528725669076,NA,1.0281611900392078,NA
9872955,29,b i f e ʒ,5,-19.56510509226675,NA,-17.233656594746645,NA,-17.35991958085872,NA,1.2770233897314918,NA,1.276818171152988,NA,1.0171636142826754,NA,1.0164683141415962,NA
9872955,78,n e l e s,5,-16.133712940143006,NA,-22.309363966878458,NA,-21.94511758334053,NA,1.3421106100147846,NA,1.3417826732353673,NA,1.0138487784772976,NA,1.0132823171708598,NA
9872955,19,b u ʒ o ʒ,5,-23.76539676955428,NA,-21.96391548170358,NA,-21.79262912069044,NA,1.1538250828724028,NA,1.1538408478098283,NA,1.007399882196474,NA,1.007226945611721,NA
9872955,37,l i l y c,5,-22.91076831338442,NA,-Inf,NA,-31.37384119300264,NA,1.1284788898966889,NA,1.1285384476392613,NA,1.0018639675255108,NA,1.0019827037767624,NA
9872955,32,t͡ʃ ø v e ʒ,5,-22.501198433327293,NA,-19.60154616634259,NA,-19.720161431862618,NA,1.1877047678623542,NA,1.187653908531909,NA,1.007255175976289,NA,1.0070775327862946,NA
9872955,29,f u c y c,5,-24.885869366241813,NA,-Inf,NA,-29.280536541614147,NA,1.1157787914815611,NA,1.115860462315408,NA,1.0009321097789516,NA,1.001100368974328,NA
9872955,38,b u ʃ ɯ z,5,-18.694443256827626,NA,-15.374699720473922,NA,-15.412193074961616,NA,1.228789864159734,NA,1.2286669214026904,NA,1.0123098572091858,NA,1.0118615371614068,NA
9872955,34,l i n u v,5,-18.466975061018218,NA,-24.951618240796765,NA,-24.684255423615568,NA,1.220141875184766,NA,1.220036316043871,NA,1.0121904544298916,NA,1.011755851703082,NA
9872955,25,l i ʒ ɯ v,5,-21.57703454821374,NA,-31.133696426108365,NA,-30.207941372186912,NA,1.1572841132328815,NA,1.157287229154971,NA,1.0003922570709156,NA,1.000588795671445,NA
9872955,24,h a ʒ i z,5,-18.940586263929728,NA,-16.033624750362595,NA,-16.176584461461953,NA,1.4424736309368726,NA,1.4419758181306943,NA,1.029251961469784,NA,1.0278844545484396,NA
9872955,37,b i ɟ y j,5,-21.621839348754172,NA,-23.738323784339784,NA,-23.145271532434343,NA,1.194804014519338,NA,1.1947420726709843,NA,1.0122225483469989,NA,1.0117960739557024,NA
9872955,27,l y l y j,5,-21.14695659804238,NA,-Inf,NA,-31.05439759893357,NA,1.1332785539845158,NA,1.1333228701694076,NA,1.00074070885583,NA,1.0009175574376028,NA
9872955,37,c ø z ɯ ɾ,5,-21.71220299840252,NA,-Inf,NA,-19.68550050557094,NA,1.1902183865771947,NA,1.1901414021562249,NA,1.0145089255684994,NA,1.013860174302362,NA
9872955,28,l e g a v,5,-18.119190425169464,NA,-25.71501109338958,NA,-25.332981685756884,NA,1.3881772381676205,NA,1.3877683698152172,NA,1.008863681612553,NA,1.0085537534032074,NA
9872955,23,d͡ʒ e b ɯ ʒ,5,-20.21495022879154,NA,-Inf,NA,-22.87691116711818,NA,1.2686811486325449,NA,1.2684950947185034,NA,1.0124836117672047,NA,1.0120414031131446,NA
9872955,15,ɟ ø ʒ o ʒ,5,-29.203929342940828,NA,-Inf,NA,-29.447557759589778,NA,1.0439095087456904,NA,1.044115390525366,NA,1.0001956309096838,NA,1.000401295176374,NA
9872955,80,b o v a n,5,-16.83581550168471,NA,-13.814124853759685,NA,-13.841845975944103,NA,1.4255332248977568,NA,1.4250378444168188,NA,1.0453074842543126,NA,1.042851145035386,NA
9872955,41,k u m y ɾ,5,-16.166729596387306,NA,-13.479655579943335,NA,-13.508482331190027,NA,1.3230272239563277,NA,1.3227231066743448,NA,1.022128398075403,NA,1.021137545740216,NA
9872955,32,ɫ o c y j,5,-20.834342988819134,NA,-Inf,NA,-27.6512910295423,NA,1.1213426924902457,NA,1.121407789190935,NA,1.002308197629775,NA,1.0024028393006907,NA
9872984,59,t͡ʃ ø v e ʒ,5,-22.501198433327293,NA,-19.60154616634259,NA,-19.720161431862618,NA,1.1877047678623542,NA,1.187653908531909,NA,1.007255175976289,NA,1.0070775327862946,NA
9872984,25,b o ʒ e l,5,-21.23324816820471,NA,-18.060919487768725,NA,-18.182879305878316,NA,1.2463498551349634,NA,1.2461951178538924,NA,1.008803329884933,NA,1.008547391347145,NA
9872984,63,t ø ɾ o n,5,-17.485988279342866,NA,-15.627675512106372,NA,-15.666950907825106,NA,1.3290088497105506,NA,1.3286945168365425,NA,1.0122008810961551,NA,1.0117169531065573,NA
9872984,79,p u h i c,5,-20.780767761626823,NA,-22.05420867071373,NA,-21.930091078441407,NA,1.2416965922463563,NA,1.2415519682913172,NA,1.01241266159024,NA,1.0119605181707314,NA
9872984,79,d͡ʒ e t͡ʃ y c,5,-21.506949174184605,NA,-23.436694565711367,NA,-23.25424943879691,NA,1.2256817579040702,NA,1.2255731677132062,NA,1.0104750503657995,NA,1.010138519579413,NA
9872984,32,m y d͡ʒ e ʒ,5,-20.07648688346161,NA,-17.21604267519214,NA,-17.334930621591795,NA,1.2872685713504248,NA,1.2870457058049949,NA,1.0318759131224775,NA,1.030408550612966,NA
9872984,67,t͡ʃ ø z y z,5,-21.128620852346465,NA,-17.361344872511363,NA,-17.40089460771028,NA,1.1286143668362545,NA,1.1286672682108094,NA,1.004828700340673,NA,1.0047832706322961,NA
9872984,60,k ɯ ɾ i n,5,-14.682152744236394,NA,-12.37822264154962,NA,-12.400758782495078,NA,1.4897929801932763,NA,1.4891922342093775,NA,1.0573621548079215,NA,1.054404034344128,NA
9872984,69,m y t ø ɾ,5,-17.68011502873577,NA,-14.771169321237188,NA,-14.814804722114031,NA,1.3145632200457231,NA,1.3142753588611862,NA,1.0375461024211106,NA,1.0357780799024574,NA
9872984,39,ɟ ø c i c,5,-28.595041653634546,NA,-Inf,NA,-34.34350574803089,NA,1.1361369616670376,NA,1.1361752544079688,NA,1.0003260515161396,NA,1.0005235520380404,NA
9872984,72,t a ɟ e z,5,-19.01299062520888,NA,-Inf,NA,-20.823952022657384,NA,1.4656215227621532,NA,1.465084309540202,NA,1.0269158977146384,NA,1.0257003443047683,NA
9872984,32,n u m ɯ s,5,-16.305931248897558,NA,-20.66468488363234,NA,-20.66177310337561,NA,1.2173321314639536,NA,1.2172245120444172,NA,1.0077581809890988,NA,1.0075488759046425,NA
9872984,9,l i ʒ ɯ v,5,-21.57703454821374,NA,-31.133696426108365,NA,-30.207941372186912,NA,1.1572841132328815,NA,1.157287229154971,NA,1.0003922570709156,NA,1.000588795671445,NA
9872984,39,ɫ a d͡ʒ o h,5,-17.01330714374341,NA,-22.624939743800624,NA,-22.534580136155395,NA,1.3256740594338108,NA,1.3253881497876747,NA,1.0050050745212178,NA,1.0049588515389372,NA
9872984,59,ɫ a c e h,5,-18.035397518301707,NA,-Inf,NA,-25.02799923003836,NA,1.3994050843368315,NA,1.3989840913843423,NA,1.0041760500679735,NA,1.0041613512211216,NA
9872984,30,v ɯ c y c,5,-24.665725338666142,NA,-Inf,NA,-31.07494453895137,NA,1.0966099130891953,NA,1.0967247419175363,NA,1.0003360075302643,NA,1.000535606459207,NA
9872984,81,b e v e z,5,-16.966870081071157,NA,-14.397609492998663,NA,-14.44031212076233,NA,1.3929229704223276,NA,1.392511185542819,NA,1.029528725669076,NA,1.0281611900392078,NA
9872984,24,l y l i v,5,-20.63415870679363,NA,-Inf,NA,-30.672142465019753,NA,1.2155027860536751,NA,1.2153995796438697,NA,1.002044914920388,NA,1.0021401260542664,NA
9872984,67,n e l e s,5,-16.133712940143006,NA,-22.309363966878458,NA,-21.94511758334053,NA,1.3421106100147846,NA,1.3417826732353673,NA,1.0138487784772976,NA,1.0132823171708598,NA
9872984,100,m u ɾ a n,5,-14.474358626761134,NA,-11.950302324157594,NA,-11.974383816242137,NA,1.564482787413002,NA,1.563745826768253,NA,1.082042701236725,NA,1.077607380125139,NA
9872984,21,b o j ɯ ʒ,5,-20.84349534209708,NA,-Inf,NA,-21.13094063982574,NA,1.2260955689867723,NA,1.2259830322796048,NA,1.015232344142505,NA,1.0146378960431903,NA
9872984,100,s ø ɾ y ɾ,5,-17.707550354797547,NA,-16.169021341758853,NA,-16.205464404636334,NA,1.3319062242337465,NA,1.33158571547973,NA,1.013027665125439,NA,1.0125094354360924,NA
9872984,91,k u m y ɾ,5,-16.166729596387306,NA,-13.479655579943335,NA,-13.508482331190027,NA,1.3230272239563277,NA,1.3227231066743448,NA,1.022128398075403,NA,1.021137545740216,NA
9872984,97,g ɯ ʃ ɯ ɾ,5,-17.97497909272865,NA,-14.266839235392236,NA,-14.30974193032308,NA,1.245215104159512,NA,1.2450431145777665,NA,1.0154542843243193,NA,1.0147602319695646,NA
9872984,31,n y g o h,5,-19.02195772176377,NA,-27.137278020652435,NA,-26.404681357779356,NA,1.1333131439367587,NA,1.133360109385657,NA,1.0020494295650315,NA,1.002157274256292,NA
9872984,31,ɫ a c y j,5,-19.086255322116067,NA,-Inf,NA,-25.538775771876324,NA,1.3230324671869529,NA,1.3227486196407618,NA,1.003067474913099,NA,1.0031221678969575,NA
9872984,44,n i ɾ o h,5,-16.181858470568148,NA,-20.449641425018715,NA,-20.406357405732297,NA,1.2804974089534673,NA,1.2802882607954402,NA,1.016507593530359,NA,1.015847513933592,NA
9872984,99,k a k ɯ ɾ,5,-13.852944181894014,NA,-12.144674325482123,NA,-12.165544970347293,NA,1.5676549113274147,NA,1.5669247348407982,NA,1.081113994281714,NA,1.076949339812567,NA
9872984,29,ɫ a c ø c,5,-23.235335254641484,NA,-Inf,NA,-28.96719851740822,NA,1.2828819495149104,NA,1.2826763461817758,NA,1.0028718440034152,NA,1.002938782604458,NA
9872984,96,b i h a z,5,-16.349811613063217,NA,-13.978638446451834,NA,-14.016391150784171,NA,1.3901143932549385,NA,1.3896998755559016,NA,1.0281388334347332,NA,1.0267959716117114,NA
9872984,84,b i j e l,5,-17.450630578939155,NA,-15.174694213804408,NA,-15.223894371415602,NA,1.3089517738471208,NA,1.3086882691733015,NA,1.0209242625509964,NA,1.0200235747731865,NA
9872984,8,b e j o ʒ,5,-19.97163859556905,NA,-16.470032923117923,NA,-16.58974983451702,NA,1.3023238820005048,NA,1.3020822690254312,NA,1.0234430212856789,NA,1.0224209443737986,NA
9872984,50,ɫ o c ø c,5,-24.98342292134455,NA,-Inf,NA,-31.079713775074197,NA,1.0811921748182034,NA,1.081335515731949,NA,1.0021125667200912,NA,1.0022194540081912,NA
9872984,25,b o ʒ e n,5,-19.353746594881077,NA,-15.678950482149968,NA,-15.781459798642668,NA,1.3107776347241384,NA,1.3104887340444304,NA,1.0214541287111476,NA,1.020406306928782,NA
9872984,32,b u ʃ ɯ z,5,-18.694443256827626,NA,-15.374699720473922,NA,-15.412193074961616,NA,1.228789864159734,NA,1.2286669214026904,NA,1.0123098572091858,NA,1.0118615371614068,NA
9872984,100,k ɯ k a ɾ,5,-13.852944181894015,NA,-12.360407543244856,NA,-12.380543004924991,NA,1.493480237823476,NA,1.492865948681668,NA,1.0526280988311794,NA,1.0498258559342786,NA
9872984,40,c ø z ɯ ɾ,5,-21.71220299840252,NA,-Inf,NA,-19.68550050557094,NA,1.1902183865771947,NA,1.1901414021562249,NA,1.0145089255684994,NA,1.013860174302362,NA
9872984,0,ɟ ø ʒ o ʒ,5,-29.203929342940828,NA,-Inf,NA,-29.447557759589778,NA,1.0439095087456904,NA,1.044115390525366,NA,1.0001956309096838,NA,1.000401295176374,NA
9872984,64,l y l y j,5,-21.14695659804238,NA,-Inf,NA,-31.05439759893357,NA,1.1332785539845158,NA,1.1333228701694076,NA,1.00074070885583,NA,1.0009175574376028,NA
9872984,39,m y d͡ʒ ɯ ʒ,5,-20.94834362998964,NA,-Inf,NA,-19.765604716524727,NA,1.2335333157803068,NA,1.2334082562856274,NA,1.0297916061850232,NA,1.0284411057530372,NA
9872984,33,p y ʒ u ʃ,5,-21.83320780173249,NA,-21.6575563373154,NA,-21.57229848271923,NA,1.1683953129119478,NA,1.1683770297833889,NA,1.0032800290443638,NA,1.0033013050815458,NA
9872984,76,b i ɟ y j,5,-21.621839348754172,NA,-23.738323784339784,NA,-23.145271532434343,NA,1.194804014519338,NA,1.1947420726709843,NA,1.0122225483469989,NA,1.0117960739557024,NA
9872984,5,z a ʒ u ʒ,5,-22.21296112594883,NA,-22.467527661364898,NA,-22.468435327208887,NA,1.3256708330824156,NA,1.3253873248250263,NA,1.0043869150779896,NA,1.0043743138247614,NA
9872984,40,g ɯ m y z,5,-18.701899271803264,NA,-15.284758444764732,NA,-15.32860458966336,NA,1.1785067564052527,NA,1.1784732245409664,NA,1.00554093342204,NA,1.0054576463094618,NA
9872984,20,b o ʒ ɯ ʒ,5,-23.550529799079456,NA,-Inf,NA,-24.723680424475265,NA,1.1847241528742682,NA,1.1846836525864934,NA,1.0074750485138266,NA,1.007300128463721,NA
9872984,64,k o ɾ i n,5,-15.0837144563174,NA,-13.072652771256037,NA,-13.096986467913933,NA,1.5004623909385104,NA,1.4998431857664714,NA,1.0494536476998977,NA,1.046913855195189,NA
9872984,43,ɟ ø v ɯ ʃ,5,-24.484836572880727,NA,-Inf,NA,-24.564293047048626,NA,1.1249488007486994,NA,1.1250044411600126,NA,1.007870816045076,NA,1.0076134587496162,NA
9872984,30,d a d͡ʒ y c,5,-20.390530859618952,NA,-21.37064354819536,NA,-21.197885713347908,NA,1.3547360937852992,NA,1.3544042392735065,NA,1.0112501093178448,NA,1.0108747896025891,NA
9872984,66,t͡ʃ ø v a ʒ,5,-22.026529225233254,NA,-18.767317689397675,NA,-18.907200437170054,NA,1.2721540242302385,NA,1.271949454860332,NA,1.0142653337379195,NA,1.0136943818059525,NA
9872984,30,n ɯ c ø c,5,-24.59275852015271,NA,-Inf,NA,-31.976683335339587,NA,1.0792927943891235,NA,1.079439427988085,NA,1.0003249566724437,NA,1.0005257916572736,NA
9872984,100,m y ɾ a n,5,-14.762040699212914,NA,-11.737473004903014,NA,-11.76464541223868,NA,1.5705486452986173,NA,1.5698011900900524,NA,1.0909056910771144,NA,1.0860056224174448,NA
9872984,35,g o ʒ o ʒ,5,-24.62938331993061,NA,-21.44182559607237,NA,-21.448545619983207,NA,1.1224260916219797,NA,1.1224961567900622,NA,1.0013340243108588,NA,1.0014798191749397,NA
9872984,92,ɟ y d o n,5,-21.99388355485576,NA,-22.032124077243957,NA,-21.630787091891495,NA,1.1962433826356678,NA,1.196159913782388,NA,1.0079719201002924,NA,1.0077160801194214,NA
9872984,63,h u h e c,5,-20.54912774061602,NA,-21.77039857112499,NA,-21.665991317549235,NA,1.2458994903446368,NA,1.2457482240849875,NA,1.009202924406593,NA,1.0089254532786238,NA
9872984,66,n y h e j,5,-16.95498764826872,NA,-21.846337471826367,NA,-21.825147364977283,NA,1.2480014323473068,NA,1.2478395741736754,NA,1.0076847714838688,NA,1.007454833667864,NA
9872984,86,b i ɟ ø z,5,-23.142448932022234,NA,-Inf,NA,-20.44554264298711,NA,1.1721298581123756,NA,1.1721097679762331,NA,1.012165565043107,NA,1.011742232357684,NA
9872984,40,h a ʒ i z,5,-18.940586263929728,NA,-16.033624750362595,NA,-16.176584461461953,NA,1.4424736309368726,NA,1.4419758181306943,NA,1.029251961469784,NA,1.0278844545484396,NA
9872984,70,b o ʒ u z,5,-21.370274141785384,NA,-17.449334712896025,NA,-17.52465638865124,NA,1.1916820725344242,NA,1.1916245129596132,NA,1.009300937004208,NA,1.0090117245270502,NA
9872984,61,b o p o p,5,-19.25272795784617,NA,-15.57498426327942,NA,-15.61426036762116,NA,1.1967740047349058,NA,1.1967095549773488,NA,1.013486997864271,NA,1.0129840432080757,NA
9872984,64,f u c y c,5,-24.885869366241813,NA,-Inf,NA,-29.280536541614147,NA,1.1157787914815611,NA,1.115860462315408,NA,1.0009321097789516,NA,1.001100368974328,NA
9872984,69,ɟ y f ɯ t͡ʃ,5,-23.521012578915236,NA,-25.37166299204228,NA,-24.957736942410385,NA,1.1507777147848135,NA,1.1507931543712089,NA,1.0033263350439428,NA,1.0033620285817637,NA
9872984,58,ɫ o c y j,5,-20.834342988819134,NA,-Inf,NA,-27.6512910295423,NA,1.1213426924902457,NA,1.121407789190935,NA,1.002308197629775,NA,1.0024028393006907,NA
9872984,76,ɟ e j ø z,5,-22.82835379958052,NA,-Inf,NA,-24.81298284362385,NA,1.235195590882307,NA,1.2350658781575348,NA,1.009898018351088,NA,1.0095907634262449,NA
9872984,91,n u c e j,5,-19.284139768647485,NA,-Inf,NA,-27.03061959151581,NA,1.2138640602351571,NA,1.213761575091728,NA,1.0046822496364043,NA,1.0046141339376191,NA
9872984,63,ɫ o t y j,5,-17.13637038757993,NA,-21.847842286805907,NA,-21.838930472337697,NA,1.1884962954554696,NA,1.1884444634754057,NA,1.0069809217299424,NA,1.0068236264270505,NA
9872984,0,d ɯ ʒ o ʒ,5,-23.464882873585843,NA,-Inf,NA,-23.9795220145898,NA,1.1293508774986598,NA,1.1294089752286451,NA,1.0015496170448657,NA,1.0016841358988702,NA
9872984,22,h i ʒ o ʃ,5,-20.809527385524937,NA,-21.758984629549015,NA,-21.594790011980702,NA,1.1730182993086722,NA,1.1729939503390143,NA,1.005756231853628,NA,1.0056643656940627,NA
9872984,9,l e g a v,5,-18.119190425169464,NA,-25.71501109338958,NA,-25.332981685756884,NA,1.3881772381676205,NA,1.3877683698152172,NA,1.008863681612553,NA,1.0085537534032074,NA
9872984,100,t͡ʃ ø ɟ ø z,5,-26.083819330183616,NA,-Inf,NA,-21.52261786831054,NA,1.069838381124956,NA,1.0699952387320184,NA,1.0017666031757022,NA,1.0018897030116924,NA
9872984,67,l e l y j,5,-19.772550808587734,NA,-Inf,NA,-29.3209145608971,NA,1.2343400791144985,NA,1.2342095483700994,NA,1.003248067408103,NA,1.0032923638392548,NA
9872984,33,ɫ a ʒ a ʒ,5,-19.71086706006132,NA,-20.997350540187433,NA,-21.21655733327964,NA,1.4708414018303289,NA,1.4702934062511663,NA,1.003941564890843,NA,1.003940272651001,NA
9872984,69,b i f e ʒ,5,-19.56510509226675,NA,-17.233656594746645,NA,-17.35991958085872,NA,1.2770233897314918,NA,1.276818171152988,NA,1.0171636142826754,NA,1.0164683141415962,NA
9872984,0,b a ʒ ɯ ʒ,5,-21.802442132376388,NA,-Inf,NA,-24.18673784570743,NA,1.3864139275709753,NA,1.3860244830363206,NA,1.0201473136915078,NA,1.0193065798346137,NA
9872984,0,ɟ i f ɯ ʃ,5,-22.1048454127982,NA,-23.497930488232196,NA,-23.110474694525763,NA,1.1779963095818906,NA,1.177960316405389,NA,1.0083465331409436,NA,1.0080648025533474,NA
9872984,100,t e ɾ i n,5,-13.827301603550456,NA,-12.502644627942797,NA,-12.521773624907365,NA,1.5729969938749515,NA,1.5722522702326374,NA,1.0804929495674649,NA,1.0763164691861506,NA
9872984,33,n ɯ t o j,5,-16.64471865554249,NA,-20.8852803375486,NA,-20.88836208756007,NA,1.1851723324290908,NA,1.185126386083626,NA,1.004463305335078,NA,1.0044398187271149,NA
9872984,58,l i l y c,5,-22.91076831338442,NA,-Inf,NA,-31.37384119300264,NA,1.1284788898966889,NA,1.1285384476392613,NA,1.0018639675255108,NA,1.0019827037767624,NA
9872984,67,b o v a n,5,-16.83581550168471,NA,-13.814124853759685,NA,-13.841845975944103,NA,1.4255332248977568,NA,1.4250378444168188,NA,1.0453074842543126,NA,1.042851145035386,NA
9872984,59,s ø ɟ e v,5,-22.79528403658063,NA,-Inf,NA,-24.307406591636536,NA,1.2117460774005275,NA,1.2116501844406864,NA,1.0060152288996411,NA,1.0058751054370156,NA
9872984,59,l i n u v,5,-18.466975061018218,NA,-24.951618240796765,NA,-24.684255423615568,NA,1.220141875184766,NA,1.220036316043871,NA,1.0121904544298916,NA,1.011755851703082,NA
9872984,62,n ø t u j,5,-18.16927071091751,NA,-22.851523275546036,NA,-22.813072474048504,NA,1.1724206207819898,NA,1.1723948121172356,NA,1.0038089132465688,NA,1.0038168140055153,NA
9872984,82,n u n o m,5,-16.474531465957043,NA,-19.71804282237854,NA,-19.721411008345388,NA,1.219775413725993,NA,1.2196627522111714,NA,1.0062472053556415,NA,1.0061235827754649,NA
9872984,14,v ɯ ʒ u ʒ,5,-23.911347823237456,NA,-Inf,NA,-27.172143925229605,NA,1.1161267190999808,NA,1.1162057460174144,NA,1.0002707972270364,NA,1.000474478028374,NA
9872984,0,ʃ u ʒ ø ʃ,5,-23.117318159567468,NA,-24.06655854277991,NA,-23.710598665491876,NA,1.1089897910511255,NA,1.1090779138037352,NA,1.0013008717373968,NA,1.0014503747691397,NA
9872984,26,g ɯ d͡ʒ e n,5,-17.56731557989134,NA,-14.61749184700327,NA,-14.657735297121354,NA,1.281298791538424,NA,1.2810607321907763,NA,1.019356759110327,NA,1.0184127138021122,NA
9872984,37,b u ʒ o ʒ,5,-23.76539676955428,NA,-21.96391548170358,NA,-21.79262912069044,NA,1.1538250828724028,NA,1.1538408478098283,NA,1.007399882196474,NA,1.007226945611721,NA
9872984,0,d͡ʒ e b ɯ ʒ,5,-20.21495022879154,NA,-Inf,NA,-22.87691116711818,NA,1.2686811486325449,NA,1.2684950947185034,NA,1.0124836117672047,NA,1.0120414031131446,NA
9872984,17,n ɯ l e ɾ,5,-16.520523019156673,NA,-22.578512005763056,NA,-22.1906184306061,NA,1.2705379652284161,NA,1.2703174772901622,NA,1.016447580336092,NA,1.015654592290636,NA
9872984,16,ɟ e ʒ ɯ ʒ,5,-26.219264087350595,NA,-Inf,NA,-33.17641485659389,NA,1.2272674175690463,NA,1.2271532645061831,NA,1.000599585740761,NA,1.000785798371226,NA
9872984,93,l i l i c,5,-21.734197850255633,NA,-31.06847061939216,NA,-30.413037420901233,NA,1.2188544098693368,NA,1.2187494709030118,NA,1.0021248087384225,NA,1.002227217500095,NA
9872984,60,ɫ a m o s,5,-15.135202724992508,NA,-18.53976533327283,NA,-18.547827889801997,NA,1.3788112113885682,NA,1.378427016464903,NA,1.0185489274708253,NA,1.017775753755317,NA
9872984,29,ɟ e g o h,5,-22.32385648599314,NA,-Inf,NA,-29.10574748028316,NA,1.2145067608813798,NA,1.2144132380835384,NA,1.0014568108084176,NA,1.0015956377134012,NA
9872984,100,ɟ y ɟ y c,5,-29.68094473723395,NA,-33.68337874661388,NA,-32.205899752844275,NA,1.0953617399096514,NA,1.095478732648763,NA,1.0001767014017344,NA,1.000384506138849,NA
9872984,73,n ɯ m ɯ j,5,-16.47599478408919,NA,-22.39373489217684,NA,-22.38175273448392,NA,1.1966103780074966,NA,1.196542055220454,NA,1.0026502266538255,NA,1.0027197340448553,NA
9872984,100,b u m u z,5,-17.951792361056157,NA,-14.843063280742722,NA,-14.878017560925908,NA,1.2405193147630955,NA,1.240376722188641,NA,1.017535691474791,NA,1.016802398896366,NA
9872984,15,ɟ e ʒ u ʒ,5,-26.43413105782542,NA,-Inf,NA,-29.33912315678841,NA,1.2174662892996293,NA,1.2173699757285252,NA,1.000599585740761,NA,1.000785798371226,NA
9873272,80,ɫ a m o s,5,-15.135202724992508,NA,-18.53976533327283,NA,-18.547827889801997,NA,1.3788112113885682,NA,1.378427016464903,NA,1.0185489274708253,NA,1.017775753755317,NA
9873272,28,ɫ o c ø c,5,-24.98342292134455,NA,-Inf,NA,-31.079713775074197,NA,1.0811921748182034,NA,1.081335515731949,NA,1.0021125667200912,NA,1.0022194540081912,NA
9873272,71,ɫ a c e h,5,-18.035397518301707,NA,-Inf,NA,-25.02799923003836,NA,1.3994050843368315,NA,1.3989840913843423,NA,1.0041760500679735,NA,1.0041613512211216,NA
9873272,100,l i l i c,5,-21.734197850255633,NA,-31.06847061939216,NA,-30.413037420901233,NA,1.2188544098693368,NA,1.2187494709030118,NA,1.0021248087384225,NA,1.002227217500095,NA
9873272,0,p y ʒ u ʃ,5,-21.83320780173249,NA,-21.6575563373154,NA,-21.57229848271923,NA,1.1683953129119478,NA,1.1683770297833889,NA,1.0032800290443638,NA,1.0033013050815458,NA
9873272,33,ɫ o t y j,5,-17.13637038757993,NA,-21.847842286805907,NA,-21.838930472337697,NA,1.1884962954554696,NA,1.1884444634754057,NA,1.0069809217299424,NA,1.0068236264270505,NA
9873272,0,g o ʒ o ʒ,5,-24.62938331993061,NA,-21.44182559607237,NA,-21.448545619983207,NA,1.1224260916219797,NA,1.1224961567900622,NA,1.0013340243108588,NA,1.0014798191749397,NA
9873272,28,n ɯ c ø c,5,-24.59275852015271,NA,-Inf,NA,-31.976683335339587,NA,1.0792927943891235,NA,1.079439427988085,NA,1.0003249566724437,NA,1.0005257916572736,NA
9873272,100,b i j e l,5,-17.450630578939155,NA,-15.174694213804408,NA,-15.223894371415602,NA,1.3089517738471208,NA,1.3086882691733015,NA,1.0209242625509964,NA,1.0200235747731865,NA
9873272,19,n ɯ t o j,5,-16.64471865554249,NA,-20.8852803375486,NA,-20.88836208756007,NA,1.1851723324290908,NA,1.185126386083626,NA,1.004463305335078,NA,1.0044398187271149,NA
9873272,89,ɟ y ɟ y c,5,-29.68094473723395,NA,-33.68337874661388,NA,-32.205899752844275,NA,1.0953617399096514,NA,1.095478732648763,NA,1.0001767014017344,NA,1.000384506138849,NA
9873272,33,v ɯ c y c,5,-24.665725338666142,NA,-Inf,NA,-31.07494453895137,NA,1.0966099130891953,NA,1.0967247419175363,NA,1.0003360075302643,NA,1.000535606459207,NA
9873272,1,ɟ ø v ɯ ʃ,5,-24.484836572880727,NA,-Inf,NA,-24.564293047048626,NA,1.1249488007486994,NA,1.1250044411600126,NA,1.007870816045076,NA,1.0076134587496162,NA
9873272,0,b o ʒ e n,5,-19.353746594881077,NA,-15.678950482149968,NA,-15.781459798642668,NA,1.3107776347241384,NA,1.3104887340444304,NA,1.0214541287111476,NA,1.020406306928782,NA
9873272,81,l e l y j,5,-19.772550808587734,NA,-Inf,NA,-29.3209145608971,NA,1.2343400791144985,NA,1.2342095483700994,NA,1.003248067408103,NA,1.0032923638392548,NA
9873272,99,b u m u z,5,-17.951792361056157,NA,-14.843063280742722,NA,-14.878017560925908,NA,1.2405193147630955,NA,1.240376722188641,NA,1.017535691474791,NA,1.016802398896366,NA
9873272,2,d͡ʒ e t͡ʃ y c,5,-21.506949174184605,NA,-23.436694565711367,NA,-23.25424943879691,NA,1.2256817579040702,NA,1.2255731677132062,NA,1.0104750503657995,NA,1.010138519579413,NA
9873272,0,ɟ y f ɯ t͡ʃ,5,-23.521012578915236,NA,-25.37166299204228,NA,-24.957736942410385,NA,1.1507777147848135,NA,1.1507931543712089,NA,1.0033263350439428,NA,1.0033620285817637,NA
9873272,0,t͡ʃ ø v e ʒ,5,-22.501198433327293,NA,-19.60154616634259,NA,-19.720161431862618,NA,1.1877047678623542,NA,1.187653908531909,NA,1.007255175976289,NA,1.0070775327862946,NA
9873272,18,f u c y c,5,-24.885869366241813,NA,-Inf,NA,-29.280536541614147,NA,1.1157787914815611,NA,1.115860462315408,NA,1.0009321097789516,NA,1.001100368974328,NA
9873272,0,ʃ u ʒ ø ʃ,5,-23.117318159567468,NA,-24.06655854277991,NA,-23.710598665491876,NA,1.1089897910511255,NA,1.1090779138037352,NA,1.0013008717373968,NA,1.0014503747691397,NA
9873272,14,ɫ a d͡ʒ o h,5,-17.01330714374341,NA,-22.624939743800624,NA,-22.534580136155395,NA,1.3256740594338108,NA,1.3253881497876747,NA,1.0050050745212178,NA,1.0049588515389372,NA
9873272,27,t͡ʃ ø ɟ ø z,5,-26.083819330183616,NA,-Inf,NA,-21.52261786831054,NA,1.069838381124956,NA,1.0699952387320184,NA,1.0017666031757022,NA,1.0018897030116924,NA
9873272,0,ɟ e ʒ u ʒ,5,-26.43413105782542,NA,-Inf,NA,-29.33912315678841,NA,1.2174662892996293,NA,1.2173699757285252,NA,1.000599585740761,NA,1.000785798371226,NA
9873272,0,ɟ i f ɯ ʃ,5,-22.1048454127982,NA,-23.497930488232196,NA,-23.110474694525763,NA,1.1779963095818906,NA,1.177960316405389,NA,1.0083465331409436,NA,1.0080648025533474,NA
9873272,0,b u ʒ o ʒ,5,-23.76539676955428,NA,-21.96391548170358,NA,-21.79262912069044,NA,1.1538250828724028,NA,1.1538408478098283,NA,1.007399882196474,NA,1.007226945611721,NA
9873272,100,m u ɾ a n,5,-14.474358626761134,NA,-11.950302324157594,NA,-11.974383816242137,NA,1.564482787413002,NA,1.563745826768253,NA,1.082042701236725,NA,1.077607380125139,NA
9873272,40,p u h i c,5,-20.780767761626823,NA,-22.05420867071373,NA,-21.930091078441407,NA,1.2416965922463563,NA,1.2415519682913172,NA,1.01241266159024,NA,1.0119605181707314,NA
9873272,0,z a ʒ u ʒ,5,-22.21296112594883,NA,-22.467527661364898,NA,-22.468435327208887,NA,1.3256708330824156,NA,1.3253873248250263,NA,1.0043869150779896,NA,1.0043743138247614,NA
9873272,0,v ɯ ʒ u ʒ,5,-23.911347823237456,NA,-Inf,NA,-27.172143925229605,NA,1.1161267190999808,NA,1.1162057460174144,NA,1.0002707972270364,NA,1.000474478028374,NA
9873272,23,ɫ a c y j,5,-19.086255322116067,NA,-Inf,NA,-25.538775771876324,NA,1.3230324671869529,NA,1.3227486196407618,NA,1.003067474913099,NA,1.0031221678969575,NA
9873272,29,n ɯ m ɯ j,5,-16.47599478408919,NA,-22.39373489217684,NA,-22.38175273448392,NA,1.1966103780074966,NA,1.196542055220454,NA,1.0026502266538255,NA,1.0027197340448553,NA
9873272,0,m y d͡ʒ e ʒ,5,-20.07648688346161,NA,-17.21604267519214,NA,-17.334930621591795,NA,1.2872685713504248,NA,1.2870457058049949,NA,1.0318759131224775,NA,1.030408550612966,NA
9873272,24,l y l i v,5,-20.63415870679363,NA,-Inf,NA,-30.672142465019753,NA,1.2155027860536751,NA,1.2153995796438697,NA,1.002044914920388,NA,1.0021401260542664,NA
9873272,70,g ɯ ʃ ɯ ɾ,5,-17.97497909272865,NA,-14.266839235392236,NA,-14.30974193032308,NA,1.245215104159512,NA,1.2450431145777665,NA,1.0154542843243193,NA,1.0147602319695646,NA
9873272,43,ɟ e g o h,5,-22.32385648599314,NA,-Inf,NA,-29.10574748028316,NA,1.2145067608813798,NA,1.2144132380835384,NA,1.0014568108084176,NA,1.0015956377134012,NA
9873272,100,k o ɾ i n,5,-15.0837144563174,NA,-13.072652771256037,NA,-13.096986467913933,NA,1.5004623909385104,NA,1.4998431857664714,NA,1.0494536476998977,NA,1.046913855195189,NA
9873272,94,b o v a n,5,-16.83581550168471,NA,-13.814124853759685,NA,-13.841845975944103,NA,1.4255332248977568,NA,1.4250378444168188,NA,1.0453074842543126,NA,1.042851145035386,NA
9873272,0,ɟ e ʒ ɯ ʒ,5,-26.219264087350595,NA,-Inf,NA,-33.17641485659389,NA,1.2272674175690463,NA,1.2271532645061831,NA,1.000599585740761,NA,1.000785798371226,NA
9873272,1,d a d͡ʒ y c,5,-20.390530859618952,NA,-21.37064354819536,NA,-21.197885713347908,NA,1.3547360937852992,NA,1.3544042392735065,NA,1.0112501093178448,NA,1.0108747896025891,NA
9873272,0,n y g o h,5,-19.02195772176377,NA,-27.137278020652435,NA,-26.404681357779356,NA,1.1333131439367587,NA,1.133360109385657,NA,1.0020494295650315,NA,1.002157274256292,NA
9873272,24,g ɯ d͡ʒ e n,5,-17.56731557989134,NA,-14.61749184700327,NA,-14.657735297121354,NA,1.281298791538424,NA,1.2810607321907763,NA,1.019356759110327,NA,1.0184127138021122,NA
9873272,40,l i n u v,5,-18.466975061018218,NA,-24.951618240796765,NA,-24.684255423615568,NA,1.220141875184766,NA,1.220036316043871,NA,1.0121904544298916,NA,1.011755851703082,NA
9873272,0,b e j o ʒ,5,-19.97163859556905,NA,-16.470032923117923,NA,-16.58974983451702,NA,1.3023238820005048,NA,1.3020822690254312,NA,1.0234430212856789,NA,1.0224209443737986,NA
9873272,83,b i h a z,5,-16.349811613063217,NA,-13.978638446451834,NA,-14.016391150784171,NA,1.3901143932549385,NA,1.3896998755559016,NA,1.0281388334347332,NA,1.0267959716117114,NA
9873272,0,b o ʒ ɯ ʒ,5,-23.550529799079456,NA,-Inf,NA,-24.723680424475265,NA,1.1847241528742682,NA,1.1846836525864934,NA,1.0074750485138266,NA,1.007300128463721,NA
9873272,22,l y l y j,5,-21.14695659804238,NA,-Inf,NA,-31.05439759893357,NA,1.1332785539845158,NA,1.1333228701694076,NA,1.00074070885583,NA,1.0009175574376028,NA
9873272,76,n ɯ l e ɾ,5,-16.520523019156673,NA,-22.578512005763056,NA,-22.1906184306061,NA,1.2705379652284161,NA,1.2703174772901622,NA,1.016447580336092,NA,1.015654592290636,NA
9873272,0,b e v e z,5,-16.966870081071157,NA,-14.397609492998663,NA,-14.44031212076233,NA,1.3929229704223276,NA,1.392511185542819,NA,1.029528725669076,NA,1.0281611900392078,NA
9873272,0,t͡ʃ ø v a ʒ,5,-22.026529225233254,NA,-18.767317689397675,NA,-18.907200437170054,NA,1.2721540242302385,NA,1.271949454860332,NA,1.0142653337379195,NA,1.0136943818059525,NA
9873272,0,b u ʃ ɯ z,5,-18.694443256827626,NA,-15.374699720473922,NA,-15.412193074961616,NA,1.228789864159734,NA,1.2286669214026904,NA,1.0123098572091858,NA,1.0118615371614068,NA
9873272,21,n u n o m,5,-16.474531465957043,NA,-19.71804282237854,NA,-19.721411008345388,NA,1.219775413725993,NA,1.2196627522111714,NA,1.0062472053556415,NA,1.0061235827754649,NA
9873272,7,k ɯ k a ɾ,5,-13.852944181894015,NA,-12.360407543244856,NA,-12.380543004924991,NA,1.493480237823476,NA,1.492865948681668,NA,1.0526280988311794,NA,1.0498258559342786,NA
9873272,70,ɟ y d o n,5,-21.99388355485576,NA,-22.032124077243957,NA,-21.630787091891495,NA,1.1962433826356678,NA,1.196159913782388,NA,1.0079719201002924,NA,1.0077160801194214,NA
9873272,0,b i f e ʒ,5,-19.56510509226675,NA,-17.233656594746645,NA,-17.35991958085872,NA,1.2770233897314918,NA,1.276818171152988,NA,1.0171636142826754,NA,1.0164683141415962,NA
9873272,4,ɫ o c y j,5,-20.834342988819134,NA,-Inf,NA,-27.6512910295423,NA,1.1213426924902457,NA,1.121407789190935,NA,1.002308197629775,NA,1.0024028393006907,NA
9873272,22,k ɯ ɾ i n,5,-14.682152744236394,NA,-12.37822264154962,NA,-12.400758782495078,NA,1.4897929801932763,NA,1.4891922342093775,NA,1.0573621548079215,NA,1.054404034344128,NA
9873272,9,ɫ a c ø c,5,-23.235335254641484,NA,-Inf,NA,-28.96719851740822,NA,1.2828819495149104,NA,1.2826763461817758,NA,1.0028718440034152,NA,1.002938782604458,NA
9873272,0,ɟ e j ø z,5,-22.82835379958052,NA,-Inf,NA,-24.81298284362385,NA,1.235195590882307,NA,1.2350658781575348,NA,1.009898018351088,NA,1.0095907634262449,NA
9873272,37,n u m ɯ s,5,-16.305931248897558,NA,-20.66468488363234,NA,-20.66177310337561,NA,1.2173321314639536,NA,1.2172245120444172,NA,1.0077581809890988,NA,1.0075488759046425,NA
9873272,2,g ɯ m y z,5,-18.701899271803264,NA,-15.284758444764732,NA,-15.32860458966336,NA,1.1785067564052527,NA,1.1784732245409664,NA,1.00554093342204,NA,1.0054576463094618,NA
9873272,0,m y d͡ʒ ɯ ʒ,5,-20.94834362998964,NA,-Inf,NA,-19.765604716524727,NA,1.2335333157803068,NA,1.2334082562856274,NA,1.0297916061850232,NA,1.0284411057530372,NA
9873272,24,n y h e j,5,-16.95498764826872,NA,-21.846337471826367,NA,-21.825147364977283,NA,1.2480014323473068,NA,1.2478395741736754,NA,1.0076847714838688,NA,1.007454833667864,NA
9873272,100,m y ɾ a n,5,-14.762040699212914,NA,-11.737473004903014,NA,-11.76464541223868,NA,1.5705486452986173,NA,1.5698011900900524,NA,1.0909056910771144,NA,1.0860056224174448,NA
9873272,0,d͡ʒ e b ɯ ʒ,5,-20.21495022879154,NA,-Inf,NA,-22.87691116711818,NA,1.2686811486325449,NA,1.2684950947185034,NA,1.0124836117672047,NA,1.0120414031131446,NA
9873272,0,b o ʒ e l,5,-21.23324816820471,NA,-18.060919487768725,NA,-18.182879305878316,NA,1.2463498551349634,NA,1.2461951178538924,NA,1.008803329884933,NA,1.008547391347145,NA
9873272,90,h a ʒ i z,5,-18.940586263929728,NA,-16.033624750362595,NA,-16.176584461461953,NA,1.4424736309368726,NA,1.4419758181306943,NA,1.029251961469784,NA,1.0278844545484396,NA
9873272,0,n ø t u j,5,-18.16927071091751,NA,-22.851523275546036,NA,-22.813072474048504,NA,1.1724206207819898,NA,1.1723948121172356,NA,1.0038089132465688,NA,1.0038168140055153,NA
9873272,72,t͡ʃ ø z y z,5,-21.128620852346465,NA,-17.361344872511363,NA,-17.40089460771028,NA,1.1286143668362545,NA,1.1286672682108094,NA,1.004828700340673,NA,1.0047832706322961,NA
9873272,4,ɫ a ʒ a ʒ,5,-19.71086706006132,NA,-20.997350540187433,NA,-21.21655733327964,NA,1.4708414018303289,NA,1.4702934062511663,NA,1.003941564890843,NA,1.003940272651001,NA
9873272,3,h i ʒ o ʃ,5,-20.809527385524937,NA,-21.758984629549015,NA,-21.594790011980702,NA,1.1730182993086722,NA,1.1729939503390143,NA,1.005756231853628,NA,1.0056643656940627,NA
9873272,0,d ɯ ʒ o ʒ,5,-23.464882873585843,NA,-Inf,NA,-23.9795220145898,NA,1.1293508774986598,NA,1.1294089752286451,NA,1.0015496170448657,NA,1.0016841358988702,NA
9873272,0,n u c e j,5,-19.284139768647485,NA,-Inf,NA,-27.03061959151581,NA,1.2138640602351571,NA,1.213761575091728,NA,1.0046822496364043,NA,1.0046141339376191,NA
9873272,0,s ø ɟ e v,5,-22.79528403658063,NA,-Inf,NA,-24.307406591636536,NA,1.2117460774005275,NA,1.2116501844406864,NA,1.0060152288996411,NA,1.0058751054370156,NA
9873272,72,k u m y ɾ,5,-16.166729596387306,NA,-13.479655579943335,NA,-13.508482331190027,NA,1.3230272239563277,NA,1.3227231066743448,NA,1.022128398075403,NA,1.021137545740216,NA
9873272,0,b i ɟ y j,5,-21.621839348754172,NA,-23.738323784339784,NA,-23.145271532434343,NA,1.194804014519338,NA,1.1947420726709843,NA,1.0122225483469989,NA,1.0117960739557024,NA
9873272,0,b i ɟ ø z,5,-23.142448932022234,NA,-Inf,NA,-20.44554264298711,NA,1.1721298581123756,NA,1.1721097679762331,NA,1.012165565043107,NA,1.011742232357684,NA
9873272,0,m y t ø ɾ,5,-17.68011502873577,NA,-14.771169321237188,NA,-14.814804722114031,NA,1.3145632200457231,NA,1.3142753588611862,NA,1.0375461024211106,NA,1.0357780799024574,NA
9873272,41,t a ɟ e z,5,-19.01299062520888,NA,-Inf,NA,-20.823952022657384,NA,1.4656215227621532,NA,1.465084309540202,NA,1.0269158977146384,NA,1.0257003443047683,NA
9873272,57,ɟ ø c i c,5,-28.595041653634546,NA,-Inf,NA,-34.34350574803089,NA,1.1361369616670376,NA,1.1361752544079688,NA,1.0003260515161396,NA,1.0005235520380404,NA
9873272,100,k a k ɯ ɾ,5,-13.852944181894014,NA,-12.144674325482123,NA,-12.165544970347293,NA,1.5676549113274147,NA,1.5669247348407982,NA,1.081113994281714,NA,1.076949339812567,NA
9873272,0,b a ʒ ɯ ʒ,5,-21.802442132376388,NA,-Inf,NA,-24.18673784570743,NA,1.3864139275709753,NA,1.3860244830363206,NA,1.0201473136915078,NA,1.0193065798346137,NA
9873272,0,n i ɾ o h,5,-16.181858470568148,NA,-20.449641425018715,NA,-20.406357405732297,NA,1.2804974089534673,NA,1.2802882607954402,NA,1.016507593530359,NA,1.015847513933592,NA
9873272,0,h u h e c,5,-20.54912774061602,NA,-21.77039857112499,NA,-21.665991317549235,NA,1.2458994903446368,NA,1.2457482240849875,NA,1.009202924406593,NA,1.0089254532786238,NA
9873272,0,b o j ɯ ʒ,5,-20.84349534209708,NA,-Inf,NA,-21.13094063982574,NA,1.2260955689867723,NA,1.2259830322796048,NA,1.015232344142505,NA,1.0146378960431903,NA
9873272,100,t e ɾ i n,5,-13.827301603550456,NA,-12.502644627942797,NA,-12.521773624907365,NA,1.5729969938749515,NA,1.5722522702326374,NA,1.0804929495674649,NA,1.0763164691861506,NA
9873272,100,s ø ɾ y ɾ,5,-17.707550354797547,NA,-16.169021341758853,NA,-16.205464404636334,NA,1.3319062242337465,NA,1.33158571547973,NA,1.013027665125439,NA,1.0125094354360924,NA
9873272,0,l i l y c,5,-22.91076831338442,NA,-Inf,NA,-31.37384119300264,NA,1.1284788898966889,NA,1.1285384476392613,NA,1.0018639675255108,NA,1.0019827037767624,NA
9873272,0,l i ʒ ɯ v,5,-21.57703454821374,NA,-31.133696426108365,NA,-30.207941372186912,NA,1.1572841132328815,NA,1.157287229154971,NA,1.0003922570709156,NA,1.000588795671445,NA
9873272,4,b o ʒ u z,5,-21.370274141785384,NA,-17.449334712896025,NA,-17.52465638865124,NA,1.1916820725344242,NA,1.1916245129596132,NA,1.009300937004208,NA,1.0090117245270502,NA
9873272,2,c ø z ɯ ɾ,5,-21.71220299840252,NA,-Inf,NA,-19.68550050557094,NA,1.1902183865771947,NA,1.1901414021562249,NA,1.0145089255684994,NA,1.013860174302362,NA
9873272,0,ɟ ø ʒ o ʒ,5,-29.203929342940828,NA,-Inf,NA,-29.447557759589778,NA,1.0439095087456904,NA,1.044115390525366,NA,1.0001956309096838,NA,1.000401295176374,NA
9873272,76,n e l e s,5,-16.133712940143006,NA,-22.309363966878458,NA,-21.94511758334053,NA,1.3421106100147846,NA,1.3417826732353673,NA,1.0138487784772976,NA,1.0132823171708598,NA
9873272,90,t ø ɾ o n,5,-17.485988279342866,NA,-15.627675512106372,NA,-15.666950907825106,NA,1.3290088497105506,NA,1.3286945168365425,NA,1.0122008810961551,NA,1.0117169531065573,NA
9873272,10,l e g a v,5,-18.119190425169464,NA,-25.71501109338958,NA,-25.332981685756884,NA,1.3881772381676205,NA,1.3877683698152172,NA,1.008863681612553,NA,1.0085537534032074,NA
9873272,0,b o p o p,5,-19.25272795784617,NA,-15.57498426327942,NA,-15.61426036762116,NA,1.1967740047349058,NA,1.1967095549773488,NA,1.013486997864271,NA,1.0129840432080757,NA
9873760,14,k o ɾ i n,5,-15.0837144563174,NA,-13.072652771256037,NA,-13.096986467913933,NA,1.5004623909385104,NA,1.4998431857664714,NA,1.0494536476998977,NA,1.046913855195189,NA
9873760,47,k ɯ ɾ i n,5,-14.682152744236394,NA,-12.37822264154962,NA,-12.400758782495078,NA,1.4897929801932763,NA,1.4891922342093775,NA,1.0573621548079215,NA,1.054404034344128,NA
9873760,16,v ɯ c y c,5,-24.665725338666142,NA,-Inf,NA,-31.07494453895137,NA,1.0966099130891953,NA,1.0967247419175363,NA,1.0003360075302643,NA,1.000535606459207,NA
9873760,89,b i j e l,5,-17.450630578939155,NA,-15.174694213804408,NA,-15.223894371415602,NA,1.3089517738471208,NA,1.3086882691733015,NA,1.0209242625509964,NA,1.0200235747731865,NA
9873760,16,b o j ɯ ʒ,5,-20.84349534209708,NA,-Inf,NA,-21.13094063982574,NA,1.2260955689867723,NA,1.2259830322796048,NA,1.015232344142505,NA,1.0146378960431903,NA
9873760,15,ɫ o c y j,5,-20.834342988819134,NA,-Inf,NA,-27.6512910295423,NA,1.1213426924902457,NA,1.121407789190935,NA,1.002308197629775,NA,1.0024028393006907,NA
9873760,14,m y d͡ʒ ɯ ʒ,5,-20.94834362998964,NA,-Inf,NA,-19.765604716524727,NA,1.2335333157803068,NA,1.2334082562856274,NA,1.0297916061850232,NA,1.0284411057530372,NA
9873760,14,d ɯ ʒ o ʒ,5,-23.464882873585843,NA,-Inf,NA,-23.9795220145898,NA,1.1293508774986598,NA,1.1294089752286451,NA,1.0015496170448657,NA,1.0016841358988702,NA
9873760,14,h u h e c,5,-20.54912774061602,NA,-21.77039857112499,NA,-21.665991317549235,NA,1.2458994903446368,NA,1.2457482240849875,NA,1.009202924406593,NA,1.0089254532786238,NA
9873760,72,l e g a v,5,-18.119190425169464,NA,-25.71501109338958,NA,-25.332981685756884,NA,1.3881772381676205,NA,1.3877683698152172,NA,1.008863681612553,NA,1.0085537534032074,NA
9873760,18,ɫ a ʒ a ʒ,5,-19.71086706006132,NA,-20.997350540187433,NA,-21.21655733327964,NA,1.4708414018303289,NA,1.4702934062511663,NA,1.003941564890843,NA,1.003940272651001,NA
9873760,90,l i l i c,5,-21.734197850255633,NA,-31.06847061939216,NA,-30.413037420901233,NA,1.2188544098693368,NA,1.2187494709030118,NA,1.0021248087384225,NA,1.002227217500095,NA
9873760,15,n ɯ l e ɾ,5,-16.520523019156673,NA,-22.578512005763056,NA,-22.1906184306061,NA,1.2705379652284161,NA,1.2703174772901622,NA,1.016447580336092,NA,1.015654592290636,NA
9873760,15,m y d͡ʒ e ʒ,5,-20.07648688346161,NA,-17.21604267519214,NA,-17.334930621591795,NA,1.2872685713504248,NA,1.2870457058049949,NA,1.0318759131224775,NA,1.030408550612966,NA
9873760,14,g ɯ d͡ʒ e n,5,-17.56731557989134,NA,-14.61749184700327,NA,-14.657735297121354,NA,1.281298791538424,NA,1.2810607321907763,NA,1.019356759110327,NA,1.0184127138021122,NA
9873760,51,n u n o m,5,-16.474531465957043,NA,-19.71804282237854,NA,-19.721411008345388,NA,1.219775413725993,NA,1.2196627522111714,NA,1.0062472053556415,NA,1.0061235827754649,NA
9873760,14,v ɯ ʒ u ʒ,5,-23.911347823237456,NA,-Inf,NA,-27.172143925229605,NA,1.1161267190999808,NA,1.1162057460174144,NA,1.0002707972270364,NA,1.000474478028374,NA
9873760,15,b a ʒ ɯ ʒ,5,-21.802442132376388,NA,-Inf,NA,-24.18673784570743,NA,1.3864139275709753,NA,1.3860244830363206,NA,1.0201473136915078,NA,1.0193065798346137,NA
9873760,15,b e j o ʒ,5,-19.97163859556905,NA,-16.470032923117923,NA,-16.58974983451702,NA,1.3023238820005048,NA,1.3020822690254312,NA,1.0234430212856789,NA,1.0224209443737986,NA
9873760,16,ɟ e j ø z,5,-22.82835379958052,NA,-Inf,NA,-24.81298284362385,NA,1.235195590882307,NA,1.2350658781575348,NA,1.009898018351088,NA,1.0095907634262449,NA
9873760,14,n ɯ m ɯ j,5,-16.47599478408919,NA,-22.39373489217684,NA,-22.38175273448392,NA,1.1966103780074966,NA,1.196542055220454,NA,1.0026502266538255,NA,1.0027197340448553,NA
9873760,15,d͡ʒ e b ɯ ʒ,5,-20.21495022879154,NA,-Inf,NA,-22.87691116711818,NA,1.2686811486325449,NA,1.2684950947185034,NA,1.0124836117672047,NA,1.0120414031131446,NA
9873760,89,b i h a z,5,-16.349811613063217,NA,-13.978638446451834,NA,-14.016391150784171,NA,1.3901143932549385,NA,1.3896998755559016,NA,1.0281388334347332,NA,1.0267959716117114,NA
9873760,16,n ø t u j,5,-18.16927071091751,NA,-22.851523275546036,NA,-22.813072474048504,NA,1.1724206207819898,NA,1.1723948121172356,NA,1.0038089132465688,NA,1.0038168140055153,NA
9873760,14,ɟ y d o n,5,-21.99388355485576,NA,-22.032124077243957,NA,-21.630787091891495,NA,1.1962433826356678,NA,1.196159913782388,NA,1.0079719201002924,NA,1.0077160801194214,NA
9873760,91,m y ɾ a n,5,-14.762040699212914,NA,-11.737473004903014,NA,-11.76464541223868,NA,1.5705486452986173,NA,1.5698011900900524,NA,1.0909056910771144,NA,1.0860056224174448,NA
9873760,16,n e l e s,5,-16.133712940143006,NA,-22.309363966878458,NA,-21.94511758334053,NA,1.3421106100147846,NA,1.3417826732353673,NA,1.0138487784772976,NA,1.0132823171708598,NA
9873760,87,ɫ a m o s,5,-15.135202724992508,NA,-18.53976533327283,NA,-18.547827889801997,NA,1.3788112113885682,NA,1.378427016464903,NA,1.0185489274708253,NA,1.017775753755317,NA
9873760,16,z a ʒ u ʒ,5,-22.21296112594883,NA,-22.467527661364898,NA,-22.468435327208887,NA,1.3256708330824156,NA,1.3253873248250263,NA,1.0043869150779896,NA,1.0043743138247614,NA
9873760,13,p u h i c,5,-20.780767761626823,NA,-22.05420867071373,NA,-21.930091078441407,NA,1.2416965922463563,NA,1.2415519682913172,NA,1.01241266159024,NA,1.0119605181707314,NA
9873760,17,n u m ɯ s,5,-16.305931248897558,NA,-20.66468488363234,NA,-20.66177310337561,NA,1.2173321314639536,NA,1.2172245120444172,NA,1.0077581809890988,NA,1.0075488759046425,NA
9873760,90,k ɯ k a ɾ,5,-13.852944181894015,NA,-12.360407543244856,NA,-12.380543004924991,NA,1.493480237823476,NA,1.492865948681668,NA,1.0526280988311794,NA,1.0498258559342786,NA
9873760,13,f u c y c,5,-24.885869366241813,NA,-Inf,NA,-29.280536541614147,NA,1.1157787914815611,NA,1.115860462315408,NA,1.0009321097789516,NA,1.001100368974328,NA
9873760,19,b o v a n,5,-16.83581550168471,NA,-13.814124853759685,NA,-13.841845975944103,NA,1.4255332248977568,NA,1.4250378444168188,NA,1.0453074842543126,NA,1.042851145035386,NA
9873760,15,ɫ a c y j,5,-19.086255322116067,NA,-Inf,NA,-25.538775771876324,NA,1.3230324671869529,NA,1.3227486196407618,NA,1.003067474913099,NA,1.0031221678969575,NA
9873760,12,s ø ɟ e v,5,-22.79528403658063,NA,-Inf,NA,-24.307406591636536,NA,1.2117460774005275,NA,1.2116501844406864,NA,1.0060152288996411,NA,1.0058751054370156,NA
9873760,86,b u m u z,5,-17.951792361056157,NA,-14.843063280742722,NA,-14.878017560925908,NA,1.2405193147630955,NA,1.240376722188641,NA,1.017535691474791,NA,1.016802398896366,NA
9873760,15,ɟ e ʒ u ʒ,5,-26.43413105782542,NA,-Inf,NA,-29.33912315678841,NA,1.2174662892996293,NA,1.2173699757285252,NA,1.000599585740761,NA,1.000785798371226,NA
9873760,52,t a ɟ e z,5,-19.01299062520888,NA,-Inf,NA,-20.823952022657384,NA,1.4656215227621532,NA,1.465084309540202,NA,1.0269158977146384,NA,1.0257003443047683,NA
9873760,68,l i n u v,5,-18.466975061018218,NA,-24.951618240796765,NA,-24.684255423615568,NA,1.220141875184766,NA,1.220036316043871,NA,1.0121904544298916,NA,1.011755851703082,NA
9873760,68,m y t ø ɾ,5,-17.68011502873577,NA,-14.771169321237188,NA,-14.814804722114031,NA,1.3145632200457231,NA,1.3142753588611862,NA,1.0375461024211106,NA,1.0357780799024574,NA
9873760,13,ɟ e g o h,5,-22.32385648599314,NA,-Inf,NA,-29.10574748028316,NA,1.2145067608813798,NA,1.2144132380835384,NA,1.0014568108084176,NA,1.0015956377134012,NA
9873760,15,d͡ʒ e t͡ʃ y c,5,-21.506949174184605,NA,-23.436694565711367,NA,-23.25424943879691,NA,1.2256817579040702,NA,1.2255731677132062,NA,1.0104750503657995,NA,1.010138519579413,NA
9873760,15,ɫ o t y j,5,-17.13637038757993,NA,-21.847842286805907,NA,-21.838930472337697,NA,1.1884962954554696,NA,1.1884444634754057,NA,1.0069809217299424,NA,1.0068236264270505,NA
9873760,14,g ɯ ʃ ɯ ɾ,5,-17.97497909272865,NA,-14.266839235392236,NA,-14.30974193032308,NA,1.245215104159512,NA,1.2450431145777665,NA,1.0154542843243193,NA,1.0147602319695646,NA
9873760,16,l y l i v,5,-20.63415870679363,NA,-Inf,NA,-30.672142465019753,NA,1.2155027860536751,NA,1.2153995796438697,NA,1.002044914920388,NA,1.0021401260542664,NA
9873760,69,s ø ɾ y ɾ,5,-17.707550354797547,NA,-16.169021341758853,NA,-16.205464404636334,NA,1.3319062242337465,NA,1.33158571547973,NA,1.013027665125439,NA,1.0125094354360924,NA
9873760,15,t͡ʃ ø v a ʒ,5,-22.026529225233254,NA,-18.767317689397675,NA,-18.907200437170054,NA,1.2721540242302385,NA,1.271949454860332,NA,1.0142653337379195,NA,1.0136943818059525,NA
9873760,13,c ø z ɯ ɾ,5,-21.71220299840252,NA,-Inf,NA,-19.68550050557094,NA,1.1902183865771947,NA,1.1901414021562249,NA,1.0145089255684994,NA,1.013860174302362,NA
9873760,11,h a ʒ i z,5,-18.940586263929728,NA,-16.033624750362595,NA,-16.176584461461953,NA,1.4424736309368726,NA,1.4419758181306943,NA,1.029251961469784,NA,1.0278844545484396,NA
9873760,13,ɟ i f ɯ ʃ,5,-22.1048454127982,NA,-23.497930488232196,NA,-23.110474694525763,NA,1.1779963095818906,NA,1.177960316405389,NA,1.0083465331409436,NA,1.0080648025533474,NA
9873760,15,t͡ʃ ø ɟ ø z,5,-26.083819330183616,NA,-Inf,NA,-21.52261786831054,NA,1.069838381124956,NA,1.0699952387320184,NA,1.0017666031757022,NA,1.0018897030116924,NA
9873760,90,t e ɾ i n,5,-13.827301603550456,NA,-12.502644627942797,NA,-12.521773624907365,NA,1.5729969938749515,NA,1.5722522702326374,NA,1.0804929495674649,NA,1.0763164691861506,NA
9873760,13,n i ɾ o h,5,-16.181858470568148,NA,-20.449641425018715,NA,-20.406357405732297,NA,1.2804974089534673,NA,1.2802882607954402,NA,1.016507593530359,NA,1.015847513933592,NA
9873760,52,t ø ɾ o n,5,-17.485988279342866,NA,-15.627675512106372,NA,-15.666950907825106,NA,1.3290088497105506,NA,1.3286945168365425,NA,1.0122008810961551,NA,1.0117169531065573,NA
9873760,14,ɟ ø v ɯ ʃ,5,-24.484836572880727,NA,-Inf,NA,-24.564293047048626,NA,1.1249488007486994,NA,1.1250044411600126,NA,1.007870816045076,NA,1.0076134587496162,NA
9873760,11,l y l y j,5,-21.14695659804238,NA,-Inf,NA,-31.05439759893357,NA,1.1332785539845158,NA,1.1333228701694076,NA,1.00074070885583,NA,1.0009175574376028,NA
9873760,90,b i ɟ ø z,5,-23.142448932022234,NA,-Inf,NA,-20.44554264298711,NA,1.1721298581123756,NA,1.1721097679762331,NA,1.012165565043107,NA,1.011742232357684,NA
9873760,88,ɫ a c ø c,5,-23.235335254641484,NA,-Inf,NA,-28.96719851740822,NA,1.2828819495149104,NA,1.2826763461817758,NA,1.0028718440034152,NA,1.002938782604458,NA
9873760,55,k u m y ɾ,5,-16.166729596387306,NA,-13.479655579943335,NA,-13.508482331190027,NA,1.3230272239563277,NA,1.3227231066743448,NA,1.022128398075403,NA,1.021137545740216,NA
9873760,17,n y h e j,5,-16.95498764826872,NA,-21.846337471826367,NA,-21.825147364977283,NA,1.2480014323473068,NA,1.2478395741736754,NA,1.0076847714838688,NA,1.007454833667864,NA
9873760,15,n ɯ t o j,5,-16.64471865554249,NA,-20.8852803375486,NA,-20.88836208756007,NA,1.1851723324290908,NA,1.185126386083626,NA,1.004463305335078,NA,1.0044398187271149,NA
9873760,14,g o ʒ o ʒ,5,-24.62938331993061,NA,-21.44182559607237,NA,-21.448545619983207,NA,1.1224260916219797,NA,1.1224961567900622,NA,1.0013340243108588,NA,1.0014798191749397,NA
9873760,52,ɟ y ɟ y c,5,-29.68094473723395,NA,-33.68337874661388,NA,-32.205899752844275,NA,1.0953617399096514,NA,1.095478732648763,NA,1.0001767014017344,NA,1.000384506138849,NA
9873760,16,n ɯ c ø c,5,-24.59275852015271,NA,-Inf,NA,-31.976683335339587,NA,1.0792927943891235,NA,1.079439427988085,NA,1.0003249566724437,NA,1.0005257916572736,NA
9873760,11,ɟ ø c i c,5,-28.595041653634546,NA,-Inf,NA,-34.34350574803089,NA,1.1361369616670376,NA,1.1361752544079688,NA,1.0003260515161396,NA,1.0005235520380404,NA
9873760,8,n y g o h,5,-19.02195772176377,NA,-27.137278020652435,NA,-26.404681357779356,NA,1.1333131439367587,NA,1.133360109385657,NA,1.0020494295650315,NA,1.002157274256292,NA
9873760,12,b u ʒ o ʒ,5,-23.76539676955428,NA,-21.96391548170358,NA,-21.79262912069044,NA,1.1538250828724028,NA,1.1538408478098283,NA,1.007399882196474,NA,1.007226945611721,NA
9873760,13,ʃ u ʒ ø ʃ,5,-23.117318159567468,NA,-24.06655854277991,NA,-23.710598665491876,NA,1.1089897910511255,NA,1.1090779138037352,NA,1.0013008717373968,NA,1.0014503747691397,NA
9873760,17,d a d͡ʒ y c,5,-20.390530859618952,NA,-21.37064354819536,NA,-21.197885713347908,NA,1.3547360937852992,NA,1.3544042392735065,NA,1.0112501093178448,NA,1.0108747896025891,NA
9873760,89,b e v e z,5,-16.966870081071157,NA,-14.397609492998663,NA,-14.44031212076233,NA,1.3929229704223276,NA,1.392511185542819,NA,1.029528725669076,NA,1.0281611900392078,NA
9873760,13,b o ʒ u z,5,-21.370274141785384,NA,-17.449334712896025,NA,-17.52465638865124,NA,1.1916820725344242,NA,1.1916245129596132,NA,1.009300937004208,NA,1.0090117245270502,NA
9873760,90,l i l y c,5,-22.91076831338442,NA,-Inf,NA,-31.37384119300264,NA,1.1284788898966889,NA,1.1285384476392613,NA,1.0018639675255108,NA,1.0019827037767624,NA
9873760,19,b i ɟ y j,5,-21.621839348754172,NA,-23.738323784339784,NA,-23.145271532434343,NA,1.194804014519338,NA,1.1947420726709843,NA,1.0122225483469989,NA,1.0117960739557024,NA
9873760,12,b o ʒ e n,5,-19.353746594881077,NA,-15.678950482149968,NA,-15.781459798642668,NA,1.3107776347241384,NA,1.3104887340444304,NA,1.0214541287111476,NA,1.020406306928782,NA
9873760,14,b o p o p,5,-19.25272795784617,NA,-15.57498426327942,NA,-15.61426036762116,NA,1.1967740047349058,NA,1.1967095549773488,NA,1.013486997864271,NA,1.0129840432080757,NA
9873760,11,p y ʒ u ʃ,5,-21.83320780173249,NA,-21.6575563373154,NA,-21.57229848271923,NA,1.1683953129119478,NA,1.1683770297833889,NA,1.0032800290443638,NA,1.0033013050815458,NA
9873760,18,ɫ a d͡ʒ o h,5,-17.01330714374341,NA,-22.624939743800624,NA,-22.534580136155395,NA,1.3256740594338108,NA,1.3253881497876747,NA,1.0050050745212178,NA,1.0049588515389372,NA
9873760,13,b o ʒ e l,5,-21.23324816820471,NA,-18.060919487768725,NA,-18.182879305878316,NA,1.2463498551349634,NA,1.2461951178538924,NA,1.008803329884933,NA,1.008547391347145,NA
9873760,14,ɟ y f ɯ t͡ʃ,5,-23.521012578915236,NA,-25.37166299204228,NA,-24.957736942410385,NA,1.1507777147848135,NA,1.1507931543712089,NA,1.0033263350439428,NA,1.0033620285817637,NA
9873760,14,l e l y j,5,-19.772550808587734,NA,-Inf,NA,-29.3209145608971,NA,1.2343400791144985,NA,1.2342095483700994,NA,1.003248067408103,NA,1.0032923638392548,NA
9873760,16,ɫ a c e h,5,-18.035397518301707,NA,-Inf,NA,-25.02799923003836,NA,1.3994050843368315,NA,1.3989840913843423,NA,1.0041760500679735,NA,1.0041613512211216,NA
9873760,10,b u ʃ ɯ z,5,-18.694443256827626,NA,-15.374699720473922,NA,-15.412193074961616,NA,1.228789864159734,NA,1.2286669214026904,NA,1.0123098572091858,NA,1.0118615371614068,NA
9873760,11,ɫ o c ø c,5,-24.98342292134455,NA,-Inf,NA,-31.079713775074197,NA,1.0811921748182034,NA,1.081335515731949,NA,1.0021125667200912,NA,1.0022194540081912,NA
9873760,17,l i ʒ ɯ v,5,-21.57703454821374,NA,-31.133696426108365,NA,-30.207941372186912,NA,1.1572841132328815,NA,1.157287229154971,NA,1.0003922570709156,NA,1.000588795671445,NA
9873760,14,g ɯ m y z,5,-18.701899271803264,NA,-15.284758444764732,NA,-15.32860458966336,NA,1.1785067564052527,NA,1.1784732245409664,NA,1.00554093342204,NA,1.0054576463094618,NA
9873760,15,t͡ʃ ø v e ʒ,5,-22.501198433327293,NA,-19.60154616634259,NA,-19.720161431862618,NA,1.1877047678623542,NA,1.187653908531909,NA,1.007255175976289,NA,1.0070775327862946,NA
9873760,14,b i f e ʒ,5,-19.56510509226675,NA,-17.233656594746645,NA,-17.35991958085872,NA,1.2770233897314918,NA,1.276818171152988,NA,1.0171636142826754,NA,1.0164683141415962,NA
9873760,14,b o ʒ ɯ ʒ,5,-23.550529799079456,NA,-Inf,NA,-24.723680424475265,NA,1.1847241528742682,NA,1.1846836525864934,NA,1.0074750485138266,NA,1.007300128463721,NA
9873760,14,m u ɾ a n,5,-14.474358626761134,NA,-11.950302324157594,NA,-11.974383816242137,NA,1.564482787413002,NA,1.563745826768253,NA,1.082042701236725,NA,1.077607380125139,NA
9873760,16,t͡ʃ ø z y z,5,-21.128620852346465,NA,-17.361344872511363,NA,-17.40089460771028,NA,1.1286143668362545,NA,1.1286672682108094,NA,1.004828700340673,NA,1.0047832706322961,NA
9873760,11,ɟ e ʒ ɯ ʒ,5,-26.219264087350595,NA,-Inf,NA,-33.17641485659389,NA,1.2272674175690463,NA,1.2271532645061831,NA,1.000599585740761,NA,1.000785798371226,NA
9873760,13,h i ʒ o ʃ,5,-20.809527385524937,NA,-21.758984629549015,NA,-21.594790011980702,NA,1.1730182993086722,NA,1.1729939503390143,NA,1.005756231853628,NA,1.0056643656940627,NA
9873760,17,n u c e j,5,-19.284139768647485,NA,-Inf,NA,-27.03061959151581,NA,1.2138640602351571,NA,1.213761575091728,NA,1.0046822496364043,NA,1.0046141339376191,NA
9873760,88,k a k ɯ ɾ,5,-13.852944181894014,NA,-12.144674325482123,NA,-12.165544970347293,NA,1.5676549113274147,NA,1.5669247348407982,NA,1.081113994281714,NA,1.076949339812567,NA
9873760,16,ɟ ø ʒ o ʒ,5,-29.203929342940828,NA,-Inf,NA,-29.447557759589778,NA,1.0439095087456904,NA,1.044115390525366,NA,1.0001956309096838,NA,1.000401295176374,NA
9874358,15,g ɯ m y z,5,-18.701899271803264,NA,-15.284758444764732,NA,-15.32860458966336,NA,1.1785067564052527,NA,1.1784732245409664,NA,1.00554093342204,NA,1.0054576463094618,NA
9874358,10,m y d͡ʒ ɯ ʒ,5,-20.94834362998964,NA,-Inf,NA,-19.765604716524727,NA,1.2335333157803068,NA,1.2334082562856274,NA,1.0297916061850232,NA,1.0284411057530372,NA
9874358,7,n ɯ c ø c,5,-24.59275852015271,NA,-Inf,NA,-31.976683335339587,NA,1.0792927943891235,NA,1.079439427988085,NA,1.0003249566724437,NA,1.0005257916572736,NA
9874358,57,l e l y j,5,-19.772550808587734,NA,-Inf,NA,-29.3209145608971,NA,1.2343400791144985,NA,1.2342095483700994,NA,1.003248067408103,NA,1.0032923638392548,NA
9874358,0,ɟ e g o h,5,-22.32385648599314,NA,-Inf,NA,-29.10574748028316,NA,1.2145067608813798,NA,1.2144132380835384,NA,1.0014568108084176,NA,1.0015956377134012,NA
9874358,6,d a d͡ʒ y c,5,-20.390530859618952,NA,-21.37064354819536,NA,-21.197885713347908,NA,1.3547360937852992,NA,1.3544042392735065,NA,1.0112501093178448,NA,1.0108747896025891,NA
9874358,2,n ɯ t o j,5,-16.64471865554249,NA,-20.8852803375486,NA,-20.88836208756007,NA,1.1851723324290908,NA,1.185126386083626,NA,1.004463305335078,NA,1.0044398187271149,NA
9874358,21,l y l y j,5,-21.14695659804238,NA,-Inf,NA,-31.05439759893357,NA,1.1332785539845158,NA,1.1333228701694076,NA,1.00074070885583,NA,1.0009175574376028,NA
9874358,73,k ɯ k a ɾ,5,-13.852944181894015,NA,-12.360407543244856,NA,-12.380543004924991,NA,1.493480237823476,NA,1.492865948681668,NA,1.0526280988311794,NA,1.0498258559342786,NA
9874358,2,d ɯ ʒ o ʒ,5,-23.464882873585843,NA,-Inf,NA,-23.9795220145898,NA,1.1293508774986598,NA,1.1294089752286451,NA,1.0015496170448657,NA,1.0016841358988702,NA
9874358,23,m y d͡ʒ e ʒ,5,-20.07648688346161,NA,-17.21604267519214,NA,-17.334930621591795,NA,1.2872685713504248,NA,1.2870457058049949,NA,1.0318759131224775,NA,1.030408550612966,NA
9874358,3,n ø t u j,5,-18.16927071091751,NA,-22.851523275546036,NA,-22.813072474048504,NA,1.1724206207819898,NA,1.1723948121172356,NA,1.0038089132465688,NA,1.0038168140055153,NA
9874358,88,m y ɾ a n,5,-14.762040699212914,NA,-11.737473004903014,NA,-11.76464541223868,NA,1.5705486452986173,NA,1.5698011900900524,NA,1.0909056910771144,NA,1.0860056224174448,NA
9874358,23,g ɯ d͡ʒ e n,5,-17.56731557989134,NA,-14.61749184700327,NA,-14.657735297121354,NA,1.281298791538424,NA,1.2810607321907763,NA,1.019356759110327,NA,1.0184127138021122,NA
9874358,2,l i ʒ ɯ v,5,-21.57703454821374,NA,-31.133696426108365,NA,-30.207941372186912,NA,1.1572841132328815,NA,1.157287229154971,NA,1.0003922570709156,NA,1.000588795671445,NA
9874358,6,ɫ a c y j,5,-19.086255322116067,NA,-Inf,NA,-25.538775771876324,NA,1.3230324671869529,NA,1.3227486196407618,NA,1.003067474913099,NA,1.0031221678969575,NA
9874358,27,c ø z ɯ ɾ,5,-21.71220299840252,NA,-Inf,NA,-19.68550050557094,NA,1.1902183865771947,NA,1.1901414021562249,NA,1.0145089255684994,NA,1.013860174302362,NA
9874358,77,m y t ø ɾ,5,-17.68011502873577,NA,-14.771169321237188,NA,-14.814804722114031,NA,1.3145632200457231,NA,1.3142753588611862,NA,1.0375461024211106,NA,1.0357780799024574,NA
9874358,59,n y h e j,5,-16.95498764826872,NA,-21.846337471826367,NA,-21.825147364977283,NA,1.2480014323473068,NA,1.2478395741736754,NA,1.0076847714838688,NA,1.007454833667864,NA
9874358,85,b u m u z,5,-17.951792361056157,NA,-14.843063280742722,NA,-14.878017560925908,NA,1.2405193147630955,NA,1.240376722188641,NA,1.017535691474791,NA,1.016802398896366,NA
9874358,16,n u m ɯ s,5,-16.305931248897558,NA,-20.66468488363234,NA,-20.66177310337561,NA,1.2173321314639536,NA,1.2172245120444172,NA,1.0077581809890988,NA,1.0075488759046425,NA
9874358,7,ɟ ø ʒ o ʒ,5,-29.203929342940828,NA,-Inf,NA,-29.447557759589778,NA,1.0439095087456904,NA,1.044115390525366,NA,1.0001956309096838,NA,1.000401295176374,NA
9874358,10,b o j ɯ ʒ,5,-20.84349534209708,NA,-Inf,NA,-21.13094063982574,NA,1.2260955689867723,NA,1.2259830322796048,NA,1.015232344142505,NA,1.0146378960431903,NA
9874358,12,b u ʃ ɯ z,5,-18.694443256827626,NA,-15.374699720473922,NA,-15.412193074961616,NA,1.228789864159734,NA,1.2286669214026904,NA,1.0123098572091858,NA,1.0118615371614068,NA
9874358,9,g ɯ ʃ ɯ ɾ,5,-17.97497909272865,NA,-14.266839235392236,NA,-14.30974193032308,NA,1.245215104159512,NA,1.2450431145777665,NA,1.0154542843243193,NA,1.0147602319695646,NA
9874358,88,k o ɾ i n,5,-15.0837144563174,NA,-13.072652771256037,NA,-13.096986467913933,NA,1.5004623909385104,NA,1.4998431857664714,NA,1.0494536476998977,NA,1.046913855195189,NA
9874358,68,ɟ y d o n,5,-21.99388355485576,NA,-22.032124077243957,NA,-21.630787091891495,NA,1.1962433826356678,NA,1.196159913782388,NA,1.0079719201002924,NA,1.0077160801194214,NA
9874358,55,ɟ ø c i c,5,-28.595041653634546,NA,-Inf,NA,-34.34350574803089,NA,1.1361369616670376,NA,1.1361752544079688,NA,1.0003260515161396,NA,1.0005235520380404,NA
9874358,53,p u h i c,5,-20.780767761626823,NA,-22.05420867071373,NA,-21.930091078441407,NA,1.2416965922463563,NA,1.2415519682913172,NA,1.01241266159024,NA,1.0119605181707314,NA
9874358,63,s ø ɾ y ɾ,5,-17.707550354797547,NA,-16.169021341758853,NA,-16.205464404636334,NA,1.3319062242337465,NA,1.33158571547973,NA,1.013027665125439,NA,1.0125094354360924,NA
9874358,65,k u m y ɾ,5,-16.166729596387306,NA,-13.479655579943335,NA,-13.508482331190027,NA,1.3230272239563277,NA,1.3227231066743448,NA,1.022128398075403,NA,1.021137545740216,NA
9874358,9,n i ɾ o h,5,-16.181858470568148,NA,-20.449641425018715,NA,-20.406357405732297,NA,1.2804974089534673,NA,1.2802882607954402,NA,1.016507593530359,NA,1.015847513933592,NA
9874358,2,b a ʒ ɯ ʒ,5,-21.802442132376388,NA,-Inf,NA,-24.18673784570743,NA,1.3864139275709753,NA,1.3860244830363206,NA,1.0201473136915078,NA,1.0193065798346137,NA
9874358,42,b o p o p,5,-19.25272795784617,NA,-15.57498426327942,NA,-15.61426036762116,NA,1.1967740047349058,NA,1.1967095549773488,NA,1.013486997864271,NA,1.0129840432080757,NA
9874358,3,d͡ʒ e t͡ʃ y c,5,-21.506949174184605,NA,-23.436694565711367,NA,-23.25424943879691,NA,1.2256817579040702,NA,1.2255731677132062,NA,1.0104750503657995,NA,1.010138519579413,NA
9874358,2,ɫ o c ø c,5,-24.98342292134455,NA,-Inf,NA,-31.079713775074197,NA,1.0811921748182034,NA,1.081335515731949,NA,1.0021125667200912,NA,1.0022194540081912,NA
9874358,4,b o ʒ u z,5,-21.370274141785384,NA,-17.449334712896025,NA,-17.52465638865124,NA,1.1916820725344242,NA,1.1916245129596132,NA,1.009300937004208,NA,1.0090117245270502,NA
9874358,0,f u c y c,5,-24.885869366241813,NA,-Inf,NA,-29.280536541614147,NA,1.1157787914815611,NA,1.115860462315408,NA,1.0009321097789516,NA,1.001100368974328,NA
9874358,2,n e l e s,5,-16.133712940143006,NA,-22.309363966878458,NA,-21.94511758334053,NA,1.3421106100147846,NA,1.3417826732353673,NA,1.0138487784772976,NA,1.0132823171708598,NA
9874358,31,h a ʒ i z,5,-18.940586263929728,NA,-16.033624750362595,NA,-16.176584461461953,NA,1.4424736309368726,NA,1.4419758181306943,NA,1.029251961469784,NA,1.0278844545484396,NA
9874358,22,b i ɟ y j,5,-21.621839348754172,NA,-23.738323784339784,NA,-23.145271532434343,NA,1.194804014519338,NA,1.1947420726709843,NA,1.0122225483469989,NA,1.0117960739557024,NA
9874358,54,t͡ʃ ø ɟ ø z,5,-26.083819330183616,NA,-Inf,NA,-21.52261786831054,NA,1.069838381124956,NA,1.0699952387320184,NA,1.0017666031757022,NA,1.0018897030116924,NA
9874358,11,t͡ʃ ø v e ʒ,5,-22.501198433327293,NA,-19.60154616634259,NA,-19.720161431862618,NA,1.1877047678623542,NA,1.187653908531909,NA,1.007255175976289,NA,1.0070775327862946,NA
9874358,5,b u ʒ o ʒ,5,-23.76539676955428,NA,-21.96391548170358,NA,-21.79262912069044,NA,1.1538250828724028,NA,1.1538408478098283,NA,1.007399882196474,NA,1.007226945611721,NA
9874358,2,ʃ u ʒ ø ʃ,5,-23.117318159567468,NA,-24.06655854277991,NA,-23.710598665491876,NA,1.1089897910511255,NA,1.1090779138037352,NA,1.0013008717373968,NA,1.0014503747691397,NA
9874358,1,l y l i v,5,-20.63415870679363,NA,-Inf,NA,-30.672142465019753,NA,1.2155027860536751,NA,1.2153995796438697,NA,1.002044914920388,NA,1.0021401260542664,NA
9874358,13,l e g a v,5,-18.119190425169464,NA,-25.71501109338958,NA,-25.332981685756884,NA,1.3881772381676205,NA,1.3877683698152172,NA,1.008863681612553,NA,1.0085537534032074,NA
9874358,0,d͡ʒ e b ɯ ʒ,5,-20.21495022879154,NA,-Inf,NA,-22.87691116711818,NA,1.2686811486325449,NA,1.2684950947185034,NA,1.0124836117672047,NA,1.0120414031131446,NA
9874358,61,t ø ɾ o n,5,-17.485988279342866,NA,-15.627675512106372,NA,-15.666950907825106,NA,1.3290088497105506,NA,1.3286945168365425,NA,1.0122008810961551,NA,1.0117169531065573,NA
9874358,1,z a ʒ u ʒ,5,-22.21296112594883,NA,-22.467527661364898,NA,-22.468435327208887,NA,1.3256708330824156,NA,1.3253873248250263,NA,1.0043869150779896,NA,1.0043743138247614,NA
9874358,1,ɟ e ʒ u ʒ,5,-26.43413105782542,NA,-Inf,NA,-29.33912315678841,NA,1.2174662892996293,NA,1.2173699757285252,NA,1.000599585740761,NA,1.000785798371226,NA
9874358,29,ɟ e j ø z,5,-22.82835379958052,NA,-Inf,NA,-24.81298284362385,NA,1.235195590882307,NA,1.2350658781575348,NA,1.009898018351088,NA,1.0095907634262449,NA
9874358,0,ɫ a ʒ a ʒ,5,-19.71086706006132,NA,-20.997350540187433,NA,-21.21655733327964,NA,1.4708414018303289,NA,1.4702934062511663,NA,1.003941564890843,NA,1.003940272651001,NA
9874358,10,ɫ o c y j,5,-20.834342988819134,NA,-Inf,NA,-27.6512910295423,NA,1.1213426924902457,NA,1.121407789190935,NA,1.002308197629775,NA,1.0024028393006907,NA
9874358,89,t e ɾ i n,5,-13.827301603550456,NA,-12.502644627942797,NA,-12.521773624907365,NA,1.5729969938749515,NA,1.5722522702326374,NA,1.0804929495674649,NA,1.0763164691861506,NA
9874358,4,n y g o h,5,-19.02195772176377,NA,-27.137278020652435,NA,-26.404681357779356,NA,1.1333131439367587,NA,1.133360109385657,NA,1.0020494295650315,NA,1.002157274256292,NA
9874358,74,ɫ a m o s,5,-15.135202724992508,NA,-18.53976533327283,NA,-18.547827889801997,NA,1.3788112113885682,NA,1.378427016464903,NA,1.0185489274708253,NA,1.017775753755317,NA
9874358,17,b o ʒ e n,5,-19.353746594881077,NA,-15.678950482149968,NA,-15.781459798642668,NA,1.3107776347241384,NA,1.3104887340444304,NA,1.0214541287111476,NA,1.020406306928782,NA
9874358,1,s ø ɟ e v,5,-22.79528403658063,NA,-Inf,NA,-24.307406591636536,NA,1.2117460774005275,NA,1.2116501844406864,NA,1.0060152288996411,NA,1.0058751054370156,NA
9874358,1,p y ʒ u ʃ,5,-21.83320780173249,NA,-21.6575563373154,NA,-21.57229848271923,NA,1.1683953129119478,NA,1.1683770297833889,NA,1.0032800290443638,NA,1.0033013050815458,NA
9874358,57,ɟ y ɟ y c,5,-29.68094473723395,NA,-33.68337874661388,NA,-32.205899752844275,NA,1.0953617399096514,NA,1.095478732648763,NA,1.0001767014017344,NA,1.000384506138849,NA
9874358,62,b i h a z,5,-16.349811613063217,NA,-13.978638446451834,NA,-14.016391150784171,NA,1.3901143932549385,NA,1.3896998755559016,NA,1.0281388334347332,NA,1.0267959716117114,NA
9874358,27,ɫ a c ø c,5,-23.235335254641484,NA,-Inf,NA,-28.96719851740822,NA,1.2828819495149104,NA,1.2826763461817758,NA,1.0028718440034152,NA,1.002938782604458,NA
9874358,7,b i f e ʒ,5,-19.56510509226675,NA,-17.233656594746645,NA,-17.35991958085872,NA,1.2770233897314918,NA,1.276818171152988,NA,1.0171636142826754,NA,1.0164683141415962,NA
9874358,4,b e j o ʒ,5,-19.97163859556905,NA,-16.470032923117923,NA,-16.58974983451702,NA,1.3023238820005048,NA,1.3020822690254312,NA,1.0234430212856789,NA,1.0224209443737986,NA
9874358,2,h i ʒ o ʃ,5,-20.809527385524937,NA,-21.758984629549015,NA,-21.594790011980702,NA,1.1730182993086722,NA,1.1729939503390143,NA,1.005756231853628,NA,1.0056643656940627,NA
9874358,75,b i j e l,5,-17.450630578939155,NA,-15.174694213804408,NA,-15.223894371415602,NA,1.3089517738471208,NA,1.3086882691733015,NA,1.0209242625509964,NA,1.0200235747731865,NA
9874358,81,b o v a n,5,-16.83581550168471,NA,-13.814124853759685,NA,-13.841845975944103,NA,1.4255332248977568,NA,1.4250378444168188,NA,1.0453074842543126,NA,1.042851145035386,NA
9874358,58,t a ɟ e z,5,-19.01299062520888,NA,-Inf,NA,-20.823952022657384,NA,1.4656215227621532,NA,1.465084309540202,NA,1.0269158977146384,NA,1.0257003443047683,NA
9874358,14,ɟ ø v ɯ ʃ,5,-24.484836572880727,NA,-Inf,NA,-24.564293047048626,NA,1.1249488007486994,NA,1.1250044411600126,NA,1.007870816045076,NA,1.0076134587496162,NA
9874358,2,ɫ a d͡ʒ o h,5,-17.01330714374341,NA,-22.624939743800624,NA,-22.534580136155395,NA,1.3256740594338108,NA,1.3253881497876747,NA,1.0050050745212178,NA,1.0049588515389372,NA
9874358,0,n ɯ m ɯ j,5,-16.47599478408919,NA,-22.39373489217684,NA,-22.38175273448392,NA,1.1966103780074966,NA,1.196542055220454,NA,1.0026502266538255,NA,1.0027197340448553,NA
9874358,58,k ɯ ɾ i n,5,-14.682152744236394,NA,-12.37822264154962,NA,-12.400758782495078,NA,1.4897929801932763,NA,1.4891922342093775,NA,1.0573621548079215,NA,1.054404034344128,NA
9874358,66,t͡ʃ ø z y z,5,-21.128620852346465,NA,-17.361344872511363,NA,-17.40089460771028,NA,1.1286143668362545,NA,1.1286672682108094,NA,1.004828700340673,NA,1.0047832706322961,NA
9874358,3,b o ʒ e l,5,-21.23324816820471,NA,-18.060919487768725,NA,-18.182879305878316,NA,1.2463498551349634,NA,1.2461951178538924,NA,1.008803329884933,NA,1.008547391347145,NA
9874358,54,l i l i c,5,-21.734197850255633,NA,-31.06847061939216,NA,-30.413037420901233,NA,1.2188544098693368,NA,1.2187494709030118,NA,1.0021248087384225,NA,1.002227217500095,NA
9874358,0,n u c e j,5,-19.284139768647485,NA,-Inf,NA,-27.03061959151581,NA,1.2138640602351571,NA,1.213761575091728,NA,1.0046822496364043,NA,1.0046141339376191,NA
9874358,1,v ɯ c y c,5,-24.665725338666142,NA,-Inf,NA,-31.07494453895137,NA,1.0966099130891953,NA,1.0967247419175363,NA,1.0003360075302643,NA,1.000535606459207,NA
9874358,9,l i l y c,5,-22.91076831338442,NA,-Inf,NA,-31.37384119300264,NA,1.1284788898966889,NA,1.1285384476392613,NA,1.0018639675255108,NA,1.0019827037767624,NA
9874358,6,b e v e z,5,-16.966870081071157,NA,-14.397609492998663,NA,-14.44031212076233,NA,1.3929229704223276,NA,1.392511185542819,NA,1.029528725669076,NA,1.0281611900392078,NA
9874358,4,n ɯ l e ɾ,5,-16.520523019156673,NA,-22.578512005763056,NA,-22.1906184306061,NA,1.2705379652284161,NA,1.2703174772901622,NA,1.016447580336092,NA,1.015654592290636,NA
9874358,8,h u h e c,5,-20.54912774061602,NA,-21.77039857112499,NA,-21.665991317549235,NA,1.2458994903446368,NA,1.2457482240849875,NA,1.009202924406593,NA,1.0089254532786238,NA
9874358,3,ɟ i f ɯ ʃ,5,-22.1048454127982,NA,-23.497930488232196,NA,-23.110474694525763,NA,1.1779963095818906,NA,1.177960316405389,NA,1.0083465331409436,NA,1.0080648025533474,NA
9874358,3,t͡ʃ ø v a ʒ,5,-22.026529225233254,NA,-18.767317689397675,NA,-18.907200437170054,NA,1.2721540242302385,NA,1.271949454860332,NA,1.0142653337379195,NA,1.0136943818059525,NA
9874358,2,ɟ e ʒ ɯ ʒ,5,-26.219264087350595,NA,-Inf,NA,-33.17641485659389,NA,1.2272674175690463,NA,1.2271532645061831,NA,1.000599585740761,NA,1.000785798371226,NA
9874358,3,ɟ y f ɯ t͡ʃ,5,-23.521012578915236,NA,-25.37166299204228,NA,-24.957736942410385,NA,1.1507777147848135,NA,1.1507931543712089,NA,1.0033263350439428,NA,1.0033620285817637,NA
9874358,2,b o ʒ ɯ ʒ,5,-23.550529799079456,NA,-Inf,NA,-24.723680424475265,NA,1.1847241528742682,NA,1.1846836525864934,NA,1.0074750485138266,NA,1.007300128463721,NA
9874358,78,k a k ɯ ɾ,5,-13.852944181894014,NA,-12.144674325482123,NA,-12.165544970347293,NA,1.5676549113274147,NA,1.5669247348407982,NA,1.081113994281714,NA,1.076949339812567,NA
9874358,13,ɫ a c e h,5,-18.035397518301707,NA,-Inf,NA,-25.02799923003836,NA,1.3994050843368315,NA,1.3989840913843423,NA,1.0041760500679735,NA,1.0041613512211216,NA
9874358,3,n u n o m,5,-16.474531465957043,NA,-19.71804282237854,NA,-19.721411008345388,NA,1.219775413725993,NA,1.2196627522111714,NA,1.0062472053556415,NA,1.0061235827754649,NA
9874358,91,m u ɾ a n,5,-14.474358626761134,NA,-11.950302324157594,NA,-11.974383816242137,NA,1.564482787413002,NA,1.563745826768253,NA,1.082042701236725,NA,1.077607380125139,NA
9874358,5,ɫ o t y j,5,-17.13637038757993,NA,-21.847842286805907,NA,-21.838930472337697,NA,1.1884962954554696,NA,1.1884444634754057,NA,1.0069809217299424,NA,1.0068236264270505,NA
9874358,58,b i ɟ ø z,5,-23.142448932022234,NA,-Inf,NA,-20.44554264298711,NA,1.1721298581123756,NA,1.1721097679762331,NA,1.012165565043107,NA,1.011742232357684,NA
9874358,3,l i n u v,5,-18.466975061018218,NA,-24.951618240796765,NA,-24.684255423615568,NA,1.220141875184766,NA,1.220036316043871,NA,1.0121904544298916,NA,1.011755851703082,NA
9874358,2,v ɯ ʒ u ʒ,5,-23.911347823237456,NA,-Inf,NA,-27.172143925229605,NA,1.1161267190999808,NA,1.1162057460174144,NA,1.0002707972270364,NA,1.000474478028374,NA
9874358,0,g o ʒ o ʒ,5,-24.62938331993061,NA,-21.44182559607237,NA,-21.448545619983207,NA,1.1224260916219797,NA,1.1224961567900622,NA,1.0013340243108588,NA,1.0014798191749397,NA
9874648,60,t a ɟ e z,5,-19.01299062520888,NA,-Inf,NA,-20.823952022657384,NA,1.4656215227621532,NA,1.465084309540202,NA,1.0269158977146384,NA,1.0257003443047683,NA
9874648,72,b i j e l,5,-17.450630578939155,NA,-15.174694213804408,NA,-15.223894371415602,NA,1.3089517738471208,NA,1.3086882691733015,NA,1.0209242625509964,NA,1.0200235747731865,NA
9874648,72,ɟ ø v ɯ ʃ,5,-24.484836572880727,NA,-Inf,NA,-24.564293047048626,NA,1.1249488007486994,NA,1.1250044411600126,NA,1.007870816045076,NA,1.0076134587496162,NA
9874648,42,b o ʒ e l,5,-21.23324816820471,NA,-18.060919487768725,NA,-18.182879305878316,NA,1.2463498551349634,NA,1.2461951178538924,NA,1.008803329884933,NA,1.008547391347145,NA
9874648,62,d a d͡ʒ y c,5,-20.390530859618952,NA,-21.37064354819536,NA,-21.197885713347908,NA,1.3547360937852992,NA,1.3544042392735065,NA,1.0112501093178448,NA,1.0108747896025891,NA
9874648,80,l i ʒ ɯ v,5,-21.57703454821374,NA,-31.133696426108365,NA,-30.207941372186912,NA,1.1572841132328815,NA,1.157287229154971,NA,1.0003922570709156,NA,1.000588795671445,NA
9874648,74,n ø t u j,5,-18.16927071091751,NA,-22.851523275546036,NA,-22.813072474048504,NA,1.1724206207819898,NA,1.1723948121172356,NA,1.0038089132465688,NA,1.0038168140055153,NA
9874648,86,b o p o p,5,-19.25272795784617,NA,-15.57498426327942,NA,-15.61426036762116,NA,1.1967740047349058,NA,1.1967095549773488,NA,1.013486997864271,NA,1.0129840432080757,NA
9874648,60,t͡ʃ ø z y z,5,-21.128620852346465,NA,-17.361344872511363,NA,-17.40089460771028,NA,1.1286143668362545,NA,1.1286672682108094,NA,1.004828700340673,NA,1.0047832706322961,NA
9874648,45,k u m y ɾ,5,-16.166729596387306,NA,-13.479655579943335,NA,-13.508482331190027,NA,1.3230272239563277,NA,1.3227231066743448,NA,1.022128398075403,NA,1.021137545740216,NA
9874648,30,ɫ o c ø c,5,-24.98342292134455,NA,-Inf,NA,-31.079713775074197,NA,1.0811921748182034,NA,1.081335515731949,NA,1.0021125667200912,NA,1.0022194540081912,NA
9874648,23,l y l y j,5,-21.14695659804238,NA,-Inf,NA,-31.05439759893357,NA,1.1332785539845158,NA,1.1333228701694076,NA,1.00074070885583,NA,1.0009175574376028,NA
9874648,47,b o ʒ u z,5,-21.370274141785384,NA,-17.449334712896025,NA,-17.52465638865124,NA,1.1916820725344242,NA,1.1916245129596132,NA,1.009300937004208,NA,1.0090117245270502,NA
9874648,57,ʃ u ʒ ø ʃ,5,-23.117318159567468,NA,-24.06655854277991,NA,-23.710598665491876,NA,1.1089897910511255,NA,1.1090779138037352,NA,1.0013008717373968,NA,1.0014503747691397,NA
9874648,68,b i f e ʒ,5,-19.56510509226675,NA,-17.233656594746645,NA,-17.35991958085872,NA,1.2770233897314918,NA,1.276818171152988,NA,1.0171636142826754,NA,1.0164683141415962,NA
9874648,72,d͡ʒ e b ɯ ʒ,5,-20.21495022879154,NA,-Inf,NA,-22.87691116711818,NA,1.2686811486325449,NA,1.2684950947185034,NA,1.0124836117672047,NA,1.0120414031131446,NA
9874648,61,v ɯ c y c,5,-24.665725338666142,NA,-Inf,NA,-31.07494453895137,NA,1.0966099130891953,NA,1.0967247419175363,NA,1.0003360075302643,NA,1.000535606459207,NA
9874648,69,s ø ɟ e v,5,-22.79528403658063,NA,-Inf,NA,-24.307406591636536,NA,1.2117460774005275,NA,1.2116501844406864,NA,1.0060152288996411,NA,1.0058751054370156,NA
9874648,82,b o j ɯ ʒ,5,-20.84349534209708,NA,-Inf,NA,-21.13094063982574,NA,1.2260955689867723,NA,1.2259830322796048,NA,1.015232344142505,NA,1.0146378960431903,NA
9874648,54,g ɯ ʃ ɯ ɾ,5,-17.97497909272865,NA,-14.266839235392236,NA,-14.30974193032308,NA,1.245215104159512,NA,1.2450431145777665,NA,1.0154542843243193,NA,1.0147602319695646,NA
9874648,43,m y t ø ɾ,5,-17.68011502873577,NA,-14.771169321237188,NA,-14.814804722114031,NA,1.3145632200457231,NA,1.3142753588611862,NA,1.0375461024211106,NA,1.0357780799024574,NA
9874648,26,h a ʒ i z,5,-18.940586263929728,NA,-16.033624750362595,NA,-16.176584461461953,NA,1.4424736309368726,NA,1.4419758181306943,NA,1.029251961469784,NA,1.0278844545484396,NA
9874648,56,l e l y j,5,-19.772550808587734,NA,-Inf,NA,-29.3209145608971,NA,1.2343400791144985,NA,1.2342095483700994,NA,1.003248067408103,NA,1.0032923638392548,NA
9874648,67,g o ʒ o ʒ,5,-24.62938331993061,NA,-21.44182559607237,NA,-21.448545619983207,NA,1.1224260916219797,NA,1.1224961567900622,NA,1.0013340243108588,NA,1.0014798191749397,NA
9874648,68,ɟ y f ɯ t͡ʃ,5,-23.521012578915236,NA,-25.37166299204228,NA,-24.957736942410385,NA,1.1507777147848135,NA,1.1507931543712089,NA,1.0033263350439428,NA,1.0033620285817637,NA
9874648,81,b e j o ʒ,5,-19.97163859556905,NA,-16.470032923117923,NA,-16.58974983451702,NA,1.3023238820005048,NA,1.3020822690254312,NA,1.0234430212856789,NA,1.0224209443737986,NA
9874648,59,d ɯ ʒ o ʒ,5,-23.464882873585843,NA,-Inf,NA,-23.9795220145898,NA,1.1293508774986598,NA,1.1294089752286451,NA,1.0015496170448657,NA,1.0016841358988702,NA
9874648,65,h u h e c,5,-20.54912774061602,NA,-21.77039857112499,NA,-21.665991317549235,NA,1.2458994903446368,NA,1.2457482240849875,NA,1.009202924406593,NA,1.0089254532786238,NA
9874648,81,b i h a z,5,-16.349811613063217,NA,-13.978638446451834,NA,-14.016391150784171,NA,1.3901143932549385,NA,1.3896998755559016,NA,1.0281388334347332,NA,1.0267959716117114,NA
9874648,45,t͡ʃ ø ɟ ø z,5,-26.083819330183616,NA,-Inf,NA,-21.52261786831054,NA,1.069838381124956,NA,1.0699952387320184,NA,1.0017666031757022,NA,1.0018897030116924,NA
9874648,25,b e v e z,5,-16.966870081071157,NA,-14.397609492998663,NA,-14.44031212076233,NA,1.3929229704223276,NA,1.392511185542819,NA,1.029528725669076,NA,1.0281611900392078,NA
9874648,54,ɫ a d͡ʒ o h,5,-17.01330714374341,NA,-22.624939743800624,NA,-22.534580136155395,NA,1.3256740594338108,NA,1.3253881497876747,NA,1.0050050745212178,NA,1.0049588515389372,NA
9874648,63,z a ʒ u ʒ,5,-22.21296112594883,NA,-22.467527661364898,NA,-22.468435327208887,NA,1.3256708330824156,NA,1.3253873248250263,NA,1.0043869150779896,NA,1.0043743138247614,NA
9874648,93,p u h i c,5,-20.780767761626823,NA,-22.05420867071373,NA,-21.930091078441407,NA,1.2416965922463563,NA,1.2415519682913172,NA,1.01241266159024,NA,1.0119605181707314,NA
9874648,60,ɟ i f ɯ ʃ,5,-22.1048454127982,NA,-23.497930488232196,NA,-23.110474694525763,NA,1.1779963095818906,NA,1.177960316405389,NA,1.0083465331409436,NA,1.0080648025533474,NA
9874648,44,h i ʒ o ʃ,5,-20.809527385524937,NA,-21.758984629549015,NA,-21.594790011980702,NA,1.1730182993086722,NA,1.1729939503390143,NA,1.005756231853628,NA,1.0056643656940627,NA
9874648,16,n y g o h,5,-19.02195772176377,NA,-27.137278020652435,NA,-26.404681357779356,NA,1.1333131439367587,NA,1.133360109385657,NA,1.0020494295650315,NA,1.002157274256292,NA
9874648,51,n u m ɯ s,5,-16.305931248897558,NA,-20.66468488363234,NA,-20.66177310337561,NA,1.2173321314639536,NA,1.2172245120444172,NA,1.0077581809890988,NA,1.0075488759046425,NA
9874648,69,t͡ʃ ø v e ʒ,5,-22.501198433327293,NA,-19.60154616634259,NA,-19.720161431862618,NA,1.1877047678623542,NA,1.187653908531909,NA,1.007255175976289,NA,1.0070775327862946,NA
9874648,62,l y l i v,5,-20.63415870679363,NA,-Inf,NA,-30.672142465019753,NA,1.2155027860536751,NA,1.2153995796438697,NA,1.002044914920388,NA,1.0021401260542664,NA
9874648,83,t e ɾ i n,5,-13.827301603550456,NA,-12.502644627942797,NA,-12.521773624907365,NA,1.5729969938749515,NA,1.5722522702326374,NA,1.0804929495674649,NA,1.0763164691861506,NA
9874648,64,ɫ a c y j,5,-19.086255322116067,NA,-Inf,NA,-25.538775771876324,NA,1.3230324671869529,NA,1.3227486196407618,NA,1.003067474913099,NA,1.0031221678969575,NA
9874648,45,n ɯ m ɯ j,5,-16.47599478408919,NA,-22.39373489217684,NA,-22.38175273448392,NA,1.1966103780074966,NA,1.196542055220454,NA,1.0026502266538255,NA,1.0027197340448553,NA
9874648,58,b o ʒ e n,5,-19.353746594881077,NA,-15.678950482149968,NA,-15.781459798642668,NA,1.3107776347241384,NA,1.3104887340444304,NA,1.0214541287111476,NA,1.020406306928782,NA
9874648,66,ɟ e g o h,5,-22.32385648599314,NA,-Inf,NA,-29.10574748028316,NA,1.2145067608813798,NA,1.2144132380835384,NA,1.0014568108084176,NA,1.0015956377134012,NA
9874648,71,ɟ e ʒ ɯ ʒ,5,-26.219264087350595,NA,-Inf,NA,-33.17641485659389,NA,1.2272674175690463,NA,1.2271532645061831,NA,1.000599585740761,NA,1.000785798371226,NA
9874648,74,p y ʒ u ʃ,5,-21.83320780173249,NA,-21.6575563373154,NA,-21.57229848271923,NA,1.1683953129119478,NA,1.1683770297833889,NA,1.0032800290443638,NA,1.0033013050815458,NA
9874648,84,b a ʒ ɯ ʒ,5,-21.802442132376388,NA,-Inf,NA,-24.18673784570743,NA,1.3864139275709753,NA,1.3860244830363206,NA,1.0201473136915078,NA,1.0193065798346137,NA
9874648,60,ɫ o c y j,5,-20.834342988819134,NA,-Inf,NA,-27.6512910295423,NA,1.1213426924902457,NA,1.121407789190935,NA,1.002308197629775,NA,1.0024028393006907,NA
9874648,65,ɫ a c e h,5,-18.035397518301707,NA,-Inf,NA,-25.02799923003836,NA,1.3994050843368315,NA,1.3989840913843423,NA,1.0041760500679735,NA,1.0041613512211216,NA
9874648,47,k ɯ ɾ i n,5,-14.682152744236394,NA,-12.37822264154962,NA,-12.400758782495078,NA,1.4897929801932763,NA,1.4891922342093775,NA,1.0573621548079215,NA,1.054404034344128,NA
9874648,32,m y d͡ʒ ɯ ʒ,5,-20.94834362998964,NA,-Inf,NA,-19.765604716524727,NA,1.2335333157803068,NA,1.2334082562856274,NA,1.0297916061850232,NA,1.0284411057530372,NA
9874648,56,s ø ɾ y ɾ,5,-17.707550354797547,NA,-16.169021341758853,NA,-16.205464404636334,NA,1.3319062242337465,NA,1.33158571547973,NA,1.013027665125439,NA,1.0125094354360924,NA
9874648,71,ɟ y d o n,5,-21.99388355485576,NA,-22.032124077243957,NA,-21.630787091891495,NA,1.1962433826356678,NA,1.196159913782388,NA,1.0079719201002924,NA,1.0077160801194214,NA
9874648,69,k o ɾ i n,5,-15.0837144563174,NA,-13.072652771256037,NA,-13.096986467913933,NA,1.5004623909385104,NA,1.4998431857664714,NA,1.0494536476998977,NA,1.046913855195189,NA
9874648,89,b i ɟ ø z,5,-23.142448932022234,NA,-Inf,NA,-20.44554264298711,NA,1.1721298581123756,NA,1.1721097679762331,NA,1.012165565043107,NA,1.011742232357684,NA
9874648,70,ɟ e j ø z,5,-22.82835379958052,NA,-Inf,NA,-24.81298284362385,NA,1.235195590882307,NA,1.2350658781575348,NA,1.009898018351088,NA,1.0095907634262449,NA
9874648,73,k ɯ k a ɾ,5,-13.852944181894015,NA,-12.360407543244856,NA,-12.380543004924991,NA,1.493480237823476,NA,1.492865948681668,NA,1.0526280988311794,NA,1.0498258559342786,NA
9874648,45,b u ʃ ɯ z,5,-18.694443256827626,NA,-15.374699720473922,NA,-15.412193074961616,NA,1.228789864159734,NA,1.2286669214026904,NA,1.0123098572091858,NA,1.0118615371614068,NA
9874648,56,m y ɾ a n,5,-14.762040699212914,NA,-11.737473004903014,NA,-11.76464541223868,NA,1.5705486452986173,NA,1.5698011900900524,NA,1.0909056910771144,NA,1.0860056224174448,NA
9874648,68,v ɯ ʒ u ʒ,5,-23.911347823237456,NA,-Inf,NA,-27.172143925229605,NA,1.1161267190999808,NA,1.1162057460174144,NA,1.0002707972270364,NA,1.000474478028374,NA
9874648,21,t ø ɾ o n,5,-17.485988279342866,NA,-15.627675512106372,NA,-15.666950907825106,NA,1.3290088497105506,NA,1.3286945168365425,NA,1.0122008810961551,NA,1.0117169531065573,NA
9874648,12,c ø z ɯ ɾ,5,-21.71220299840252,NA,-Inf,NA,-19.68550050557094,NA,1.1902183865771947,NA,1.1901414021562249,NA,1.0145089255684994,NA,1.013860174302362,NA
9874648,69,f u c y c,5,-24.885869366241813,NA,-Inf,NA,-29.280536541614147,NA,1.1157787914815611,NA,1.115860462315408,NA,1.0009321097789516,NA,1.001100368974328,NA
9874648,64,ɟ e ʒ u ʒ,5,-26.43413105782542,NA,-Inf,NA,-29.33912315678841,NA,1.2174662892996293,NA,1.2173699757285252,NA,1.000599585740761,NA,1.000785798371226,NA
9874648,78,n y h e j,5,-16.95498764826872,NA,-21.846337471826367,NA,-21.825147364977283,NA,1.2480014323473068,NA,1.2478395741736754,NA,1.0076847714838688,NA,1.007454833667864,NA
9874648,80,k a k ɯ ɾ,5,-13.852944181894014,NA,-12.144674325482123,NA,-12.165544970347293,NA,1.5676549113274147,NA,1.5669247348407982,NA,1.081113994281714,NA,1.076949339812567,NA
9874648,62,l i n u v,5,-18.466975061018218,NA,-24.951618240796765,NA,-24.684255423615568,NA,1.220141875184766,NA,1.220036316043871,NA,1.0121904544298916,NA,1.011755851703082,NA
9874648,67,l e g a v,5,-18.119190425169464,NA,-25.71501109338958,NA,-25.332981685756884,NA,1.3881772381676205,NA,1.3877683698152172,NA,1.008863681612553,NA,1.0085537534032074,NA
9874648,46,b o ʒ ɯ ʒ,5,-23.550529799079456,NA,-Inf,NA,-24.723680424475265,NA,1.1847241528742682,NA,1.1846836525864934,NA,1.0074750485138266,NA,1.007300128463721,NA
9874648,69,ɟ ø ʒ o ʒ,5,-29.203929342940828,NA,-Inf,NA,-29.447557759589778,NA,1.0439095087456904,NA,1.044115390525366,NA,1.0001956309096838,NA,1.000401295176374,NA
9874648,75,n ɯ c ø c,5,-24.59275852015271,NA,-Inf,NA,-31.976683335339587,NA,1.0792927943891235,NA,1.079439427988085,NA,1.0003249566724437,NA,1.0005257916572736,NA
9874648,62,n ɯ t o j,5,-16.64471865554249,NA,-20.8852803375486,NA,-20.88836208756007,NA,1.1851723324290908,NA,1.185126386083626,NA,1.004463305335078,NA,1.0044398187271149,NA
9874648,45,m u ɾ a n,5,-14.474358626761134,NA,-11.950302324157594,NA,-11.974383816242137,NA,1.564482787413002,NA,1.563745826768253,NA,1.082042701236725,NA,1.077607380125139,NA
9874648,30,n ɯ l e ɾ,5,-16.520523019156673,NA,-22.578512005763056,NA,-22.1906184306061,NA,1.2705379652284161,NA,1.2703174772901622,NA,1.016447580336092,NA,1.015654592290636,NA
9874648,22,b o v a n,5,-16.83581550168471,NA,-13.814124853759685,NA,-13.841845975944103,NA,1.4255332248977568,NA,1.4250378444168188,NA,1.0453074842543126,NA,1.042851145035386,NA
9874648,61,n i ɾ o h,5,-16.181858470568148,NA,-20.449641425018715,NA,-20.406357405732297,NA,1.2804974089534673,NA,1.2802882607954402,NA,1.016507593530359,NA,1.015847513933592,NA
9874648,70,g ɯ d͡ʒ e n,5,-17.56731557989134,NA,-14.61749184700327,NA,-14.657735297121354,NA,1.281298791538424,NA,1.2810607321907763,NA,1.019356759110327,NA,1.0184127138021122,NA
9874648,82,ɟ ø c i c,5,-28.595041653634546,NA,-Inf,NA,-34.34350574803089,NA,1.1361369616670376,NA,1.1361752544079688,NA,1.0003260515161396,NA,1.0005235520380404,NA
9874648,66,l i l i c,5,-21.734197850255633,NA,-31.06847061939216,NA,-30.413037420901233,NA,1.2188544098693368,NA,1.2187494709030118,NA,1.0021248087384225,NA,1.002227217500095,NA
9874648,69,ɫ a m o s,5,-15.135202724992508,NA,-18.53976533327283,NA,-18.547827889801997,NA,1.3788112113885682,NA,1.378427016464903,NA,1.0185489274708253,NA,1.017775753755317,NA
9874648,61,ɫ a c ø c,5,-23.235335254641484,NA,-Inf,NA,-28.96719851740822,NA,1.2828819495149104,NA,1.2826763461817758,NA,1.0028718440034152,NA,1.002938782604458,NA
9874648,70,n e l e s,5,-16.133712940143006,NA,-22.309363966878458,NA,-21.94511758334053,NA,1.3421106100147846,NA,1.3417826732353673,NA,1.0138487784772976,NA,1.0132823171708598,NA
9874648,83,l i l y c,5,-22.91076831338442,NA,-Inf,NA,-31.37384119300264,NA,1.1284788898966889,NA,1.1285384476392613,NA,1.0018639675255108,NA,1.0019827037767624,NA
9874648,40,b u m u z,5,-17.951792361056157,NA,-14.843063280742722,NA,-14.878017560925908,NA,1.2405193147630955,NA,1.240376722188641,NA,1.017535691474791,NA,1.016802398896366,NA
9874648,56,m y d͡ʒ e ʒ,5,-20.07648688346161,NA,-17.21604267519214,NA,-17.334930621591795,NA,1.2872685713504248,NA,1.2870457058049949,NA,1.0318759131224775,NA,1.030408550612966,NA
9874648,91,g ɯ m y z,5,-18.701899271803264,NA,-15.284758444764732,NA,-15.32860458966336,NA,1.1785067564052527,NA,1.1784732245409664,NA,1.00554093342204,NA,1.0054576463094618,NA
9874648,41,ɫ a ʒ a ʒ,5,-19.71086706006132,NA,-20.997350540187433,NA,-21.21655733327964,NA,1.4708414018303289,NA,1.4702934062511663,NA,1.003941564890843,NA,1.003940272651001,NA
9874648,20,b i ɟ y j,5,-21.621839348754172,NA,-23.738323784339784,NA,-23.145271532434343,NA,1.194804014519338,NA,1.1947420726709843,NA,1.0122225483469989,NA,1.0117960739557024,NA
9874648,37,ɟ y ɟ y c,5,-29.68094473723395,NA,-33.68337874661388,NA,-32.205899752844275,NA,1.0953617399096514,NA,1.095478732648763,NA,1.0001767014017344,NA,1.000384506138849,NA
9874648,56,n u n o m,5,-16.474531465957043,NA,-19.71804282237854,NA,-19.721411008345388,NA,1.219775413725993,NA,1.2196627522111714,NA,1.0062472053556415,NA,1.0061235827754649,NA
9874648,77,n u c e j,5,-19.284139768647485,NA,-Inf,NA,-27.03061959151581,NA,1.2138640602351571,NA,1.213761575091728,NA,1.0046822496364043,NA,1.0046141339376191,NA
9874648,97,b u ʒ o ʒ,5,-23.76539676955428,NA,-21.96391548170358,NA,-21.79262912069044,NA,1.1538250828724028,NA,1.1538408478098283,NA,1.007399882196474,NA,1.007226945611721,NA
9874648,71,ɫ o t y j,5,-17.13637038757993,NA,-21.847842286805907,NA,-21.838930472337697,NA,1.1884962954554696,NA,1.1884444634754057,NA,1.0069809217299424,NA,1.0068236264270505,NA
9874648,66,t͡ʃ ø v a ʒ,5,-22.026529225233254,NA,-18.767317689397675,NA,-18.907200437170054,NA,1.2721540242302385,NA,1.271949454860332,NA,1.0142653337379195,NA,1.0136943818059525,NA
9874648,64,d͡ʒ e t͡ʃ y c,5,-21.506949174184605,NA,-23.436694565711367,NA,-23.25424943879691,NA,1.2256817579040702,NA,1.2255731677132062,NA,1.0104750503657995,NA,1.010138519579413,NA
9874765,77,p u h i c,5,-20.780767761626823,NA,-22.05420867071373,NA,-21.930091078441407,NA,1.2416965922463563,NA,1.2415519682913172,NA,1.01241266159024,NA,1.0119605181707314,NA
9874765,77,ɟ e g o h,5,-22.32385648599314,NA,-Inf,NA,-29.10574748028316,NA,1.2145067608813798,NA,1.2144132380835384,NA,1.0014568108084176,NA,1.0015956377134012,NA
9874765,22,l i l i c,5,-21.734197850255633,NA,-31.06847061939216,NA,-30.413037420901233,NA,1.2188544098693368,NA,1.2187494709030118,NA,1.0021248087384225,NA,1.002227217500095,NA
9874765,22,ɫ o c y j,5,-20.834342988819134,NA,-Inf,NA,-27.6512910295423,NA,1.1213426924902457,NA,1.121407789190935,NA,1.002308197629775,NA,1.0024028393006907,NA
9874765,43,d͡ʒ e t͡ʃ y c,5,-21.506949174184605,NA,-23.436694565711367,NA,-23.25424943879691,NA,1.2256817579040702,NA,1.2255731677132062,NA,1.0104750503657995,NA,1.010138519579413,NA
9874765,45,l i ʒ ɯ v,5,-21.57703454821374,NA,-31.133696426108365,NA,-30.207941372186912,NA,1.1572841132328815,NA,1.157287229154971,NA,1.0003922570709156,NA,1.000588795671445,NA
9874765,40,b u ʒ o ʒ,5,-23.76539676955428,NA,-21.96391548170358,NA,-21.79262912069044,NA,1.1538250828724028,NA,1.1538408478098283,NA,1.007399882196474,NA,1.007226945611721,NA
9874765,74,t e ɾ i n,5,-13.827301603550456,NA,-12.502644627942797,NA,-12.521773624907365,NA,1.5729969938749515,NA,1.5722522702326374,NA,1.0804929495674649,NA,1.0763164691861506,NA
9874765,35,ɟ i f ɯ ʃ,5,-22.1048454127982,NA,-23.497930488232196,NA,-23.110474694525763,NA,1.1779963095818906,NA,1.177960316405389,NA,1.0083465331409436,NA,1.0080648025533474,NA
9874765,69,b o p o p,5,-19.25272795784617,NA,-15.57498426327942,NA,-15.61426036762116,NA,1.1967740047349058,NA,1.1967095549773488,NA,1.013486997864271,NA,1.0129840432080757,NA
9874765,33,l y l y j,5,-21.14695659804238,NA,-Inf,NA,-31.05439759893357,NA,1.1332785539845158,NA,1.1333228701694076,NA,1.00074070885583,NA,1.0009175574376028,NA
9874765,36,g ɯ d͡ʒ e n,5,-17.56731557989134,NA,-14.61749184700327,NA,-14.657735297121354,NA,1.281298791538424,NA,1.2810607321907763,NA,1.019356759110327,NA,1.0184127138021122,NA
9874765,35,ɟ e j ø z,5,-22.82835379958052,NA,-Inf,NA,-24.81298284362385,NA,1.235195590882307,NA,1.2350658781575348,NA,1.009898018351088,NA,1.0095907634262449,NA
9874765,33,t͡ʃ ø ɟ ø z,5,-26.083819330183616,NA,-Inf,NA,-21.52261786831054,NA,1.069838381124956,NA,1.0699952387320184,NA,1.0017666031757022,NA,1.0018897030116924,NA
9874765,36,p y ʒ u ʃ,5,-21.83320780173249,NA,-21.6575563373154,NA,-21.57229848271923,NA,1.1683953129119478,NA,1.1683770297833889,NA,1.0032800290443638,NA,1.0033013050815458,NA
9874765,75,n ɯ l e ɾ,5,-16.520523019156673,NA,-22.578512005763056,NA,-22.1906184306061,NA,1.2705379652284161,NA,1.2703174772901622,NA,1.016447580336092,NA,1.015654592290636,NA
9874765,37,z a ʒ u ʒ,5,-22.21296112594883,NA,-22.467527661364898,NA,-22.468435327208887,NA,1.3256708330824156,NA,1.3253873248250263,NA,1.0043869150779896,NA,1.0043743138247614,NA
9874765,88,m y ɾ a n,5,-14.762040699212914,NA,-11.737473004903014,NA,-11.76464541223868,NA,1.5705486452986173,NA,1.5698011900900524,NA,1.0909056910771144,NA,1.0860056224174448,NA
9874765,30,ɟ ø ʒ o ʒ,5,-29.203929342940828,NA,-Inf,NA,-29.447557759589778,NA,1.0439095087456904,NA,1.044115390525366,NA,1.0001956309096838,NA,1.000401295176374,NA
9874765,85,n y h e j,5,-16.95498764826872,NA,-21.846337471826367,NA,-21.825147364977283,NA,1.2480014323473068,NA,1.2478395741736754,NA,1.0076847714838688,NA,1.007454833667864,NA
9874765,93,n ɯ t o j,5,-16.64471865554249,NA,-20.8852803375486,NA,-20.88836208756007,NA,1.1851723324290908,NA,1.185126386083626,NA,1.004463305335078,NA,1.0044398187271149,NA
9874765,42,g o ʒ o ʒ,5,-24.62938331993061,NA,-21.44182559607237,NA,-21.448545619983207,NA,1.1224260916219797,NA,1.1224961567900622,NA,1.0013340243108588,NA,1.0014798191749397,NA
9874765,5,l e g a v,5,-18.119190425169464,NA,-25.71501109338958,NA,-25.332981685756884,NA,1.3881772381676205,NA,1.3877683698152172,NA,1.008863681612553,NA,1.0085537534032074,NA
9874765,57,k o ɾ i n,5,-15.0837144563174,NA,-13.072652771256037,NA,-13.096986467913933,NA,1.5004623909385104,NA,1.4998431857664714,NA,1.0494536476998977,NA,1.046913855195189,NA
9874765,44,k a k ɯ ɾ,5,-13.852944181894014,NA,-12.144674325482123,NA,-12.165544970347293,NA,1.5676549113274147,NA,1.5669247348407982,NA,1.081113994281714,NA,1.076949339812567,NA
9874765,38,ɟ e ʒ u ʒ,5,-26.43413105782542,NA,-Inf,NA,-29.33912315678841,NA,1.2174662892996293,NA,1.2173699757285252,NA,1.000599585740761,NA,1.000785798371226,NA
9874765,30,b o ʒ u z,5,-21.370274141785384,NA,-17.449334712896025,NA,-17.52465638865124,NA,1.1916820725344242,NA,1.1916245129596132,NA,1.009300937004208,NA,1.0090117245270502,NA
9874765,59,c ø z ɯ ɾ,5,-21.71220299840252,NA,-Inf,NA,-19.68550050557094,NA,1.1902183865771947,NA,1.1901414021562249,NA,1.0145089255684994,NA,1.013860174302362,NA
9874765,78,n u m ɯ s,5,-16.305931248897558,NA,-20.66468488363234,NA,-20.66177310337561,NA,1.2173321314639536,NA,1.2172245120444172,NA,1.0077581809890988,NA,1.0075488759046425,NA
9874765,84,t ø ɾ o n,5,-17.485988279342866,NA,-15.627675512106372,NA,-15.666950907825106,NA,1.3290088497105506,NA,1.3286945168365425,NA,1.0122008810961551,NA,1.0117169531065573,NA
9874765,44,ɟ e ʒ ɯ ʒ,5,-26.219264087350595,NA,-Inf,NA,-33.17641485659389,NA,1.2272674175690463,NA,1.2271532645061831,NA,1.000599585740761,NA,1.000785798371226,NA
9874765,75,n ɯ m ɯ j,5,-16.47599478408919,NA,-22.39373489217684,NA,-22.38175273448392,NA,1.1966103780074966,NA,1.196542055220454,NA,1.0026502266538255,NA,1.0027197340448553,NA
9874765,37,b i h a z,5,-16.349811613063217,NA,-13.978638446451834,NA,-14.016391150784171,NA,1.3901143932549385,NA,1.3896998755559016,NA,1.0281388334347332,NA,1.0267959716117114,NA
9874765,71,ɫ a m o s,5,-15.135202724992508,NA,-18.53976533327283,NA,-18.547827889801997,NA,1.3788112113885682,NA,1.378427016464903,NA,1.0185489274708253,NA,1.017775753755317,NA
9874765,46,t͡ʃ ø z y z,5,-21.128620852346465,NA,-17.361344872511363,NA,-17.40089460771028,NA,1.1286143668362545,NA,1.1286672682108094,NA,1.004828700340673,NA,1.0047832706322961,NA
9874765,34,ɟ y ɟ y c,5,-29.68094473723395,NA,-33.68337874661388,NA,-32.205899752844275,NA,1.0953617399096514,NA,1.095478732648763,NA,1.0001767014017344,NA,1.000384506138849,NA
9874765,31,v ɯ ʒ u ʒ,5,-23.911347823237456,NA,-Inf,NA,-27.172143925229605,NA,1.1161267190999808,NA,1.1162057460174144,NA,1.0002707972270364,NA,1.000474478028374,NA
9874765,3,ɫ a c ø c,5,-23.235335254641484,NA,-Inf,NA,-28.96719851740822,NA,1.2828819495149104,NA,1.2826763461817758,NA,1.0028718440034152,NA,1.002938782604458,NA
9874765,13,ɫ a c y j,5,-19.086255322116067,NA,-Inf,NA,-25.538775771876324,NA,1.3230324671869529,NA,1.3227486196407618,NA,1.003067474913099,NA,1.0031221678969575,NA
9874765,64,s ø ɟ e v,5,-22.79528403658063,NA,-Inf,NA,-24.307406591636536,NA,1.2117460774005275,NA,1.2116501844406864,NA,1.0060152288996411,NA,1.0058751054370156,NA
9874765,35,b o ʒ e n,5,-19.353746594881077,NA,-15.678950482149968,NA,-15.781459798642668,NA,1.3107776347241384,NA,1.3104887340444304,NA,1.0214541287111476,NA,1.020406306928782,NA
9874765,33,b o j ɯ ʒ,5,-20.84349534209708,NA,-Inf,NA,-21.13094063982574,NA,1.2260955689867723,NA,1.2259830322796048,NA,1.015232344142505,NA,1.0146378960431903,NA
9874765,27,ɟ ø v ɯ ʃ,5,-24.484836572880727,NA,-Inf,NA,-24.564293047048626,NA,1.1249488007486994,NA,1.1250044411600126,NA,1.007870816045076,NA,1.0076134587496162,NA
9874765,28,g ɯ ʃ ɯ ɾ,5,-17.97497909272865,NA,-14.266839235392236,NA,-14.30974193032308,NA,1.245215104159512,NA,1.2450431145777665,NA,1.0154542843243193,NA,1.0147602319695646,NA
9874765,21,ɫ a ʒ a ʒ,5,-19.71086706006132,NA,-20.997350540187433,NA,-21.21655733327964,NA,1.4708414018303289,NA,1.4702934062511663,NA,1.003941564890843,NA,1.003940272651001,NA
9874765,32,k ɯ k a ɾ,5,-13.852944181894015,NA,-12.360407543244856,NA,-12.380543004924991,NA,1.493480237823476,NA,1.492865948681668,NA,1.0526280988311794,NA,1.0498258559342786,NA
9874765,75,b o v a n,5,-16.83581550168471,NA,-13.814124853759685,NA,-13.841845975944103,NA,1.4255332248977568,NA,1.4250378444168188,NA,1.0453074842543126,NA,1.042851145035386,NA
9874765,33,h i ʒ o ʃ,5,-20.809527385524937,NA,-21.758984629549015,NA,-21.594790011980702,NA,1.1730182993086722,NA,1.1729939503390143,NA,1.005756231853628,NA,1.0056643656940627,NA
9874765,29,v ɯ c y c,5,-24.665725338666142,NA,-Inf,NA,-31.07494453895137,NA,1.0966099130891953,NA,1.0967247419175363,NA,1.0003360075302643,NA,1.000535606459207,NA
9874765,31,b e j o ʒ,5,-19.97163859556905,NA,-16.470032923117923,NA,-16.58974983451702,NA,1.3023238820005048,NA,1.3020822690254312,NA,1.0234430212856789,NA,1.0224209443737986,NA
9874765,77,n ɯ c ø c,5,-24.59275852015271,NA,-Inf,NA,-31.976683335339587,NA,1.0792927943891235,NA,1.079439427988085,NA,1.0003249566724437,NA,1.0005257916572736,NA
9874765,100,m u ɾ a n,5,-14.474358626761134,NA,-11.950302324157594,NA,-11.974383816242137,NA,1.564482787413002,NA,1.563745826768253,NA,1.082042701236725,NA,1.077607380125139,NA
9874765,34,b o ʒ e l,5,-21.23324816820471,NA,-18.060919487768725,NA,-18.182879305878316,NA,1.2463498551349634,NA,1.2461951178538924,NA,1.008803329884933,NA,1.008547391347145,NA
9874765,38,b u ʃ ɯ z,5,-18.694443256827626,NA,-15.374699720473922,NA,-15.412193074961616,NA,1.228789864159734,NA,1.2286669214026904,NA,1.0123098572091858,NA,1.0118615371614068,NA
9874765,44,d͡ʒ e b ɯ ʒ,5,-20.21495022879154,NA,-Inf,NA,-22.87691116711818,NA,1.2686811486325449,NA,1.2684950947185034,NA,1.0124836117672047,NA,1.0120414031131446,NA
9874765,41,ɫ o c ø c,5,-24.98342292134455,NA,-Inf,NA,-31.079713775074197,NA,1.0811921748182034,NA,1.081335515731949,NA,1.0021125667200912,NA,1.0022194540081912,NA
9874765,65,n i ɾ o h,5,-16.181858470568148,NA,-20.449641425018715,NA,-20.406357405732297,NA,1.2804974089534673,NA,1.2802882607954402,NA,1.016507593530359,NA,1.015847513933592,NA
9874765,57,s ø ɾ y ɾ,5,-17.707550354797547,NA,-16.169021341758853,NA,-16.205464404636334,NA,1.3319062242337465,NA,1.33158571547973,NA,1.013027665125439,NA,1.0125094354360924,NA
9874765,82,k u m y ɾ,5,-16.166729596387306,NA,-13.479655579943335,NA,-13.508482331190027,NA,1.3230272239563277,NA,1.3227231066743448,NA,1.022128398075403,NA,1.021137545740216,NA
9874765,39,b i ɟ y j,5,-21.621839348754172,NA,-23.738323784339784,NA,-23.145271532434343,NA,1.194804014519338,NA,1.1947420726709843,NA,1.0122225483469989,NA,1.0117960739557024,NA
9874765,34,d ɯ ʒ o ʒ,5,-23.464882873585843,NA,-Inf,NA,-23.9795220145898,NA,1.1293508774986598,NA,1.1294089752286451,NA,1.0015496170448657,NA,1.0016841358988702,NA
9874765,27,ɫ a d͡ʒ o h,5,-17.01330714374341,NA,-22.624939743800624,NA,-22.534580136155395,NA,1.3256740594338108,NA,1.3253881497876747,NA,1.0050050745212178,NA,1.0049588515389372,NA
9874765,39,g ɯ m y z,5,-18.701899271803264,NA,-15.284758444764732,NA,-15.32860458966336,NA,1.1785067564052527,NA,1.1784732245409664,NA,1.00554093342204,NA,1.0054576463094618,NA
9874765,35,l i n u v,5,-18.466975061018218,NA,-24.951618240796765,NA,-24.684255423615568,NA,1.220141875184766,NA,1.220036316043871,NA,1.0121904544298916,NA,1.011755851703082,NA
9874765,82,t a ɟ e z,5,-19.01299062520888,NA,-Inf,NA,-20.823952022657384,NA,1.4656215227621532,NA,1.465084309540202,NA,1.0269158977146384,NA,1.0257003443047683,NA
9874765,41,ɟ ø c i c,5,-28.595041653634546,NA,-Inf,NA,-34.34350574803089,NA,1.1361369616670376,NA,1.1361752544079688,NA,1.0003260515161396,NA,1.0005235520380404,NA
9874765,23,l y l i v,5,-20.63415870679363,NA,-Inf,NA,-30.672142465019753,NA,1.2155027860536751,NA,1.2153995796438697,NA,1.002044914920388,NA,1.0021401260542664,NA
9874765,36,b a ʒ ɯ ʒ,5,-21.802442132376388,NA,-Inf,NA,-24.18673784570743,NA,1.3864139275709753,NA,1.3860244830363206,NA,1.0201473136915078,NA,1.0193065798346137,NA
9874765,69,n ø t u j,5,-18.16927071091751,NA,-22.851523275546036,NA,-22.813072474048504,NA,1.1724206207819898,NA,1.1723948121172356,NA,1.0038089132465688,NA,1.0038168140055153,NA
9874765,74,n u n o m,5,-16.474531465957043,NA,-19.71804282237854,NA,-19.721411008345388,NA,1.219775413725993,NA,1.2196627522111714,NA,1.0062472053556415,NA,1.0061235827754649,NA
9874765,74,f u c y c,5,-24.885869366241813,NA,-Inf,NA,-29.280536541614147,NA,1.1157787914815611,NA,1.115860462315408,NA,1.0009321097789516,NA,1.001100368974328,NA
9874765,69,k ɯ ɾ i n,5,-14.682152744236394,NA,-12.37822264154962,NA,-12.400758782495078,NA,1.4897929801932763,NA,1.4891922342093775,NA,1.0573621548079215,NA,1.054404034344128,NA
9874765,81,n y g o h,5,-19.02195772176377,NA,-27.137278020652435,NA,-26.404681357779356,NA,1.1333131439367587,NA,1.133360109385657,NA,1.0020494295650315,NA,1.002157274256292,NA
9874765,61,b e v e z,5,-16.966870081071157,NA,-14.397609492998663,NA,-14.44031212076233,NA,1.3929229704223276,NA,1.392511185542819,NA,1.029528725669076,NA,1.0281611900392078,NA
9874765,34,ʃ u ʒ ø ʃ,5,-23.117318159567468,NA,-24.06655854277991,NA,-23.710598665491876,NA,1.1089897910511255,NA,1.1090779138037352,NA,1.0013008717373968,NA,1.0014503747691397,NA
9874765,77,m y t ø ɾ,5,-17.68011502873577,NA,-14.771169321237188,NA,-14.814804722114031,NA,1.3145632200457231,NA,1.3142753588611862,NA,1.0375461024211106,NA,1.0357780799024574,NA
9874765,59,b i ɟ ø z,5,-23.142448932022234,NA,-Inf,NA,-20.44554264298711,NA,1.1721298581123756,NA,1.1721097679762331,NA,1.012165565043107,NA,1.011742232357684,NA
9874765,82,n e l e s,5,-16.133712940143006,NA,-22.309363966878458,NA,-21.94511758334053,NA,1.3421106100147846,NA,1.3417826732353673,NA,1.0138487784772976,NA,1.0132823171708598,NA
9874765,33,l i l y c,5,-22.91076831338442,NA,-Inf,NA,-31.37384119300264,NA,1.1284788898966889,NA,1.1285384476392613,NA,1.0018639675255108,NA,1.0019827037767624,NA
9874765,67,n u c e j,5,-19.284139768647485,NA,-Inf,NA,-27.03061959151581,NA,1.2138640602351571,NA,1.213761575091728,NA,1.0046822496364043,NA,1.0046141339376191,NA
9874765,61,h a ʒ i z,5,-18.940586263929728,NA,-16.033624750362595,NA,-16.176584461461953,NA,1.4424736309368726,NA,1.4419758181306943,NA,1.029251961469784,NA,1.0278844545484396,NA
9874765,36,t͡ʃ ø v a ʒ,5,-22.026529225233254,NA,-18.767317689397675,NA,-18.907200437170054,NA,1.2721540242302385,NA,1.271949454860332,NA,1.0142653337379195,NA,1.0136943818059525,NA
9874765,30,t͡ʃ ø v e ʒ,5,-22.501198433327293,NA,-19.60154616634259,NA,-19.720161431862618,NA,1.1877047678623542,NA,1.187653908531909,NA,1.007255175976289,NA,1.0070775327862946,NA
9874765,22,ɟ y f ɯ t͡ʃ,5,-23.521012578915236,NA,-25.37166299204228,NA,-24.957736942410385,NA,1.1507777147848135,NA,1.1507931543712089,NA,1.0033263350439428,NA,1.0033620285817637,NA
9874765,25,d a d͡ʒ y c,5,-20.390530859618952,NA,-21.37064354819536,NA,-21.197885713347908,NA,1.3547360937852992,NA,1.3544042392735065,NA,1.0112501093178448,NA,1.0108747896025891,NA
9874765,21,ɫ a c e h,5,-18.035397518301707,NA,-Inf,NA,-25.02799923003836,NA,1.3994050843368315,NA,1.3989840913843423,NA,1.0041760500679735,NA,1.0041613512211216,NA
9874765,81,h u h e c,5,-20.54912774061602,NA,-21.77039857112499,NA,-21.665991317549235,NA,1.2458994903446368,NA,1.2457482240849875,NA,1.009202924406593,NA,1.0089254532786238,NA
9874765,63,m y d͡ʒ e ʒ,5,-20.07648688346161,NA,-17.21604267519214,NA,-17.334930621591795,NA,1.2872685713504248,NA,1.2870457058049949,NA,1.0318759131224775,NA,1.030408550612966,NA
9874765,100,b i j e l,5,-17.450630578939155,NA,-15.174694213804408,NA,-15.223894371415602,NA,1.3089517738471208,NA,1.3086882691733015,NA,1.0209242625509964,NA,1.0200235747731865,NA
9874765,44,ɫ o t y j,5,-17.13637038757993,NA,-21.847842286805907,NA,-21.838930472337697,NA,1.1884962954554696,NA,1.1884444634754057,NA,1.0069809217299424,NA,1.0068236264270505,NA
9874765,43,l e l y j,5,-19.772550808587734,NA,-Inf,NA,-29.3209145608971,NA,1.2343400791144985,NA,1.2342095483700994,NA,1.003248067408103,NA,1.0032923638392548,NA
9874765,54,b i f e ʒ,5,-19.56510509226675,NA,-17.233656594746645,NA,-17.35991958085872,NA,1.2770233897314918,NA,1.276818171152988,NA,1.0171636142826754,NA,1.0164683141415962,NA
9874765,68,b u m u z,5,-17.951792361056157,NA,-14.843063280742722,NA,-14.878017560925908,NA,1.2405193147630955,NA,1.240376722188641,NA,1.017535691474791,NA,1.016802398896366,NA
9874765,56,m y d͡ʒ ɯ ʒ,5,-20.94834362998964,NA,-Inf,NA,-19.765604716524727,NA,1.2335333157803068,NA,1.2334082562856274,NA,1.0297916061850232,NA,1.0284411057530372,NA
9874765,100,ɟ y d o n,5,-21.99388355485576,NA,-22.032124077243957,NA,-21.630787091891495,NA,1.1962433826356678,NA,1.196159913782388,NA,1.0079719201002924,NA,1.0077160801194214,NA
9874765,45,b o ʒ ɯ ʒ,5,-23.550529799079456,NA,-Inf,NA,-24.723680424475265,NA,1.1847241528742682,NA,1.1846836525864934,NA,1.0074750485138266,NA,1.007300128463721,NA
9874880,100,t͡ʃ ø z y z,5,-21.128620852346465,NA,-17.361344872511363,NA,-17.40089460771028,NA,1.1286143668362545,NA,1.1286672682108094,NA,1.004828700340673,NA,1.0047832706322961,NA
9874880,0,n u n o m,5,-16.474531465957043,NA,-19.71804282237854,NA,-19.721411008345388,NA,1.219775413725993,NA,1.2196627522111714,NA,1.0062472053556415,NA,1.0061235827754649,NA
9874880,51,c ø z ɯ ɾ,5,-21.71220299840252,NA,-Inf,NA,-19.68550050557094,NA,1.1902183865771947,NA,1.1901414021562249,NA,1.0145089255684994,NA,1.013860174302362,NA
9874880,0,n ɯ l e ɾ,5,-16.520523019156673,NA,-22.578512005763056,NA,-22.1906184306061,NA,1.2705379652284161,NA,1.2703174772901622,NA,1.016447580336092,NA,1.015654592290636,NA
9874880,100,m y t ø ɾ,5,-17.68011502873577,NA,-14.771169321237188,NA,-14.814804722114031,NA,1.3145632200457231,NA,1.3142753588611862,NA,1.0375461024211106,NA,1.0357780799024574,NA
9874880,100,h a ʒ i z,5,-18.940586263929728,NA,-16.033624750362595,NA,-16.176584461461953,NA,1.4424736309368726,NA,1.4419758181306943,NA,1.029251961469784,NA,1.0278844545484396,NA
9874880,53,s ø ɟ e v,5,-22.79528403658063,NA,-Inf,NA,-24.307406591636536,NA,1.2117460774005275,NA,1.2116501844406864,NA,1.0060152288996411,NA,1.0058751054370156,NA
9874880,100,b e j o ʒ,5,-19.97163859556905,NA,-16.470032923117923,NA,-16.58974983451702,NA,1.3023238820005048,NA,1.3020822690254312,NA,1.0234430212856789,NA,1.0224209443737986,NA
9874880,100,b o j ɯ ʒ,5,-20.84349534209708,NA,-Inf,NA,-21.13094063982574,NA,1.2260955689867723,NA,1.2259830322796048,NA,1.015232344142505,NA,1.0146378960431903,NA
9874880,0,ɟ y d o n,5,-21.99388355485576,NA,-22.032124077243957,NA,-21.630787091891495,NA,1.1962433826356678,NA,1.196159913782388,NA,1.0079719201002924,NA,1.0077160801194214,NA
9874880,0,g ɯ d͡ʒ e n,5,-17.56731557989134,NA,-14.61749184700327,NA,-14.657735297121354,NA,1.281298791538424,NA,1.2810607321907763,NA,1.019356759110327,NA,1.0184127138021122,NA
9874880,0,ɟ ø ʒ o ʒ,5,-29.203929342940828,NA,-Inf,NA,-29.447557759589778,NA,1.0439095087456904,NA,1.044115390525366,NA,1.0001956309096838,NA,1.000401295176374,NA
9874880,4,ʃ u ʒ ø ʃ,5,-23.117318159567468,NA,-24.06655854277991,NA,-23.710598665491876,NA,1.1089897910511255,NA,1.1090779138037352,NA,1.0013008717373968,NA,1.0014503747691397,NA
9874880,0,ɫ a c y j,5,-19.086255322116067,NA,-Inf,NA,-25.538775771876324,NA,1.3230324671869529,NA,1.3227486196407618,NA,1.003067474913099,NA,1.0031221678969575,NA
9874880,100,ɫ a d͡ʒ o h,5,-17.01330714374341,NA,-22.624939743800624,NA,-22.534580136155395,NA,1.3256740594338108,NA,1.3253881497876747,NA,1.0050050745212178,NA,1.0049588515389372,NA
9874880,56,ɫ o t y j,5,-17.13637038757993,NA,-21.847842286805907,NA,-21.838930472337697,NA,1.1884962954554696,NA,1.1884444634754057,NA,1.0069809217299424,NA,1.0068236264270505,NA
9874880,0,n ɯ t o j,5,-16.64471865554249,NA,-20.8852803375486,NA,-20.88836208756007,NA,1.1851723324290908,NA,1.185126386083626,NA,1.004463305335078,NA,1.0044398187271149,NA
9874880,100,f u c y c,5,-24.885869366241813,NA,-Inf,NA,-29.280536541614147,NA,1.1157787914815611,NA,1.115860462315408,NA,1.0009321097789516,NA,1.001100368974328,NA
9874880,0,l i n u v,5,-18.466975061018218,NA,-24.951618240796765,NA,-24.684255423615568,NA,1.220141875184766,NA,1.220036316043871,NA,1.0121904544298916,NA,1.011755851703082,NA
9874880,0,n i ɾ o h,5,-16.181858470568148,NA,-20.449641425018715,NA,-20.406357405732297,NA,1.2804974089534673,NA,1.2802882607954402,NA,1.016507593530359,NA,1.015847513933592,NA
9874880,2,b o ʒ e n,5,-19.353746594881077,NA,-15.678950482149968,NA,-15.781459798642668,NA,1.3107776347241384,NA,1.3104887340444304,NA,1.0214541287111476,NA,1.020406306928782,NA
9874880,0,d ɯ ʒ o ʒ,5,-23.464882873585843,NA,-Inf,NA,-23.9795220145898,NA,1.1293508774986598,NA,1.1294089752286451,NA,1.0015496170448657,NA,1.0016841358988702,NA
9874880,100,m y d͡ʒ e ʒ,5,-20.07648688346161,NA,-17.21604267519214,NA,-17.334930621591795,NA,1.2872685713504248,NA,1.2870457058049949,NA,1.0318759131224775,NA,1.030408550612966,NA
9874880,100,b i h a z,5,-16.349811613063217,NA,-13.978638446451834,NA,-14.016391150784171,NA,1.3901143932549385,NA,1.3896998755559016,NA,1.0281388334347332,NA,1.0267959716117114,NA
9874880,0,b o p o p,5,-19.25272795784617,NA,-15.57498426327942,NA,-15.61426036762116,NA,1.1967740047349058,NA,1.1967095549773488,NA,1.013486997864271,NA,1.0129840432080757,NA
9874880,57,b o ʒ u z,5,-21.370274141785384,NA,-17.449334712896025,NA,-17.52465638865124,NA,1.1916820725344242,NA,1.1916245129596132,NA,1.009300937004208,NA,1.0090117245270502,NA
9874880,100,ɟ ø v ɯ ʃ,5,-24.484836572880727,NA,-Inf,NA,-24.564293047048626,NA,1.1249488007486994,NA,1.1250044411600126,NA,1.007870816045076,NA,1.0076134587496162,NA
9874880,0,n ɯ c ø c,5,-24.59275852015271,NA,-Inf,NA,-31.976683335339587,NA,1.0792927943891235,NA,1.079439427988085,NA,1.0003249566724437,NA,1.0005257916572736,NA
9874880,100,k u m y ɾ,5,-16.166729596387306,NA,-13.479655579943335,NA,-13.508482331190027,NA,1.3230272239563277,NA,1.3227231066743448,NA,1.022128398075403,NA,1.021137545740216,NA
9874880,58,g ɯ m y z,5,-18.701899271803264,NA,-15.284758444764732,NA,-15.32860458966336,NA,1.1785067564052527,NA,1.1784732245409664,NA,1.00554093342204,NA,1.0054576463094618,NA
9874880,100,n y g o h,5,-19.02195772176377,NA,-27.137278020652435,NA,-26.404681357779356,NA,1.1333131439367587,NA,1.133360109385657,NA,1.0020494295650315,NA,1.002157274256292,NA
9874880,67,b o ʒ e l,5,-21.23324816820471,NA,-18.060919487768725,NA,-18.182879305878316,NA,1.2463498551349634,NA,1.2461951178538924,NA,1.008803329884933,NA,1.008547391347145,NA
9874880,2,ɫ a c ø c,5,-23.235335254641484,NA,-Inf,NA,-28.96719851740822,NA,1.2828819495149104,NA,1.2826763461817758,NA,1.0028718440034152,NA,1.002938782604458,NA
9874880,0,n y h e j,5,-16.95498764826872,NA,-21.846337471826367,NA,-21.825147364977283,NA,1.2480014323473068,NA,1.2478395741736754,NA,1.0076847714838688,NA,1.007454833667864,NA
9874880,0,b i f e ʒ,5,-19.56510509226675,NA,-17.233656594746645,NA,-17.35991958085872,NA,1.2770233897314918,NA,1.276818171152988,NA,1.0171636142826754,NA,1.0164683141415962,NA
9874880,100,s ø ɾ y ɾ,5,-17.707550354797547,NA,-16.169021341758853,NA,-16.205464404636334,NA,1.3319062242337465,NA,1.33158571547973,NA,1.013027665125439,NA,1.0125094354360924,NA
9874880,0,ɫ o c ø c,5,-24.98342292134455,NA,-Inf,NA,-31.079713775074197,NA,1.0811921748182034,NA,1.081335515731949,NA,1.0021125667200912,NA,1.0022194540081912,NA
9874880,58,h u h e c,5,-20.54912774061602,NA,-21.77039857112499,NA,-21.665991317549235,NA,1.2458994903446368,NA,1.2457482240849875,NA,1.009202924406593,NA,1.0089254532786238,NA
9874880,100,ɟ e j ø z,5,-22.82835379958052,NA,-Inf,NA,-24.81298284362385,NA,1.235195590882307,NA,1.2350658781575348,NA,1.009898018351088,NA,1.0095907634262449,NA
9874880,61,d͡ʒ e t͡ʃ y c,5,-21.506949174184605,NA,-23.436694565711367,NA,-23.25424943879691,NA,1.2256817579040702,NA,1.2255731677132062,NA,1.0104750503657995,NA,1.010138519579413,NA
9874880,59,l e l y j,5,-19.772550808587734,NA,-Inf,NA,-29.3209145608971,NA,1.2343400791144985,NA,1.2342095483700994,NA,1.003248067408103,NA,1.0032923638392548,NA
9874880,0,v ɯ c y c,5,-24.665725338666142,NA,-Inf,NA,-31.07494453895137,NA,1.0966099130891953,NA,1.0967247419175363,NA,1.0003360075302643,NA,1.000535606459207,NA
9874880,0,b o ʒ ɯ ʒ,5,-23.550529799079456,NA,-Inf,NA,-24.723680424475265,NA,1.1847241528742682,NA,1.1846836525864934,NA,1.0074750485138266,NA,1.007300128463721,NA
9874880,0,l y l i v,5,-20.63415870679363,NA,-Inf,NA,-30.672142465019753,NA,1.2155027860536751,NA,1.2153995796438697,NA,1.002044914920388,NA,1.0021401260542664,NA
9874880,100,n ø t u j,5,-18.16927071091751,NA,-22.851523275546036,NA,-22.813072474048504,NA,1.1724206207819898,NA,1.1723948121172356,NA,1.0038089132465688,NA,1.0038168140055153,NA
9874880,100,ɟ e g o h,5,-22.32385648599314,NA,-Inf,NA,-29.10574748028316,NA,1.2145067608813798,NA,1.2144132380835384,NA,1.0014568108084176,NA,1.0015956377134012,NA
9874880,100,n ɯ m ɯ j,5,-16.47599478408919,NA,-22.39373489217684,NA,-22.38175273448392,NA,1.1966103780074966,NA,1.196542055220454,NA,1.0026502266538255,NA,1.0027197340448553,NA
9874880,59,b i ɟ y j,5,-21.621839348754172,NA,-23.738323784339784,NA,-23.145271532434343,NA,1.194804014519338,NA,1.1947420726709843,NA,1.0122225483469989,NA,1.0117960739557024,NA
9874880,100,m y d͡ʒ ɯ ʒ,5,-20.94834362998964,NA,-Inf,NA,-19.765604716524727,NA,1.2335333157803068,NA,1.2334082562856274,NA,1.0297916061850232,NA,1.0284411057530372,NA
9874880,100,k ɯ ɾ i n,5,-14.682152744236394,NA,-12.37822264154962,NA,-12.400758782495078,NA,1.4897929801932763,NA,1.4891922342093775,NA,1.0573621548079215,NA,1.054404034344128,NA
9874880,100,b o v a n,5,-16.83581550168471,NA,-13.814124853759685,NA,-13.841845975944103,NA,1.4255332248977568,NA,1.4250378444168188,NA,1.0453074842543126,NA,1.042851145035386,NA
9874880,14,ɟ ø c i c,5,-28.595041653634546,NA,-Inf,NA,-34.34350574803089,NA,1.1361369616670376,NA,1.1361752544079688,NA,1.0003260515161396,NA,1.0005235520380404,NA
9874880,52,m u ɾ a n,5,-14.474358626761134,NA,-11.950302324157594,NA,-11.974383816242137,NA,1.564482787413002,NA,1.563745826768253,NA,1.082042701236725,NA,1.077607380125139,NA
9874880,53,b i j e l,5,-17.450630578939155,NA,-15.174694213804408,NA,-15.223894371415602,NA,1.3089517738471208,NA,1.3086882691733015,NA,1.0209242625509964,NA,1.0200235747731865,NA
9874880,0,n e l e s,5,-16.133712940143006,NA,-22.309363966878458,NA,-21.94511758334053,NA,1.3421106100147846,NA,1.3417826732353673,NA,1.0138487784772976,NA,1.0132823171708598,NA
9874880,0,k o ɾ i n,5,-15.0837144563174,NA,-13.072652771256037,NA,-13.096986467913933,NA,1.5004623909385104,NA,1.4998431857664714,NA,1.0494536476998977,NA,1.046913855195189,NA
9874880,0,ɟ e ʒ ɯ ʒ,5,-26.219264087350595,NA,-Inf,NA,-33.17641485659389,NA,1.2272674175690463,NA,1.2271532645061831,NA,1.000599585740761,NA,1.000785798371226,NA
9874880,100,g ɯ ʃ ɯ ɾ,5,-17.97497909272865,NA,-14.266839235392236,NA,-14.30974193032308,NA,1.245215104159512,NA,1.2450431145777665,NA,1.0154542843243193,NA,1.0147602319695646,NA
9874880,53,p y ʒ u ʃ,5,-21.83320780173249,NA,-21.6575563373154,NA,-21.57229848271923,NA,1.1683953129119478,NA,1.1683770297833889,NA,1.0032800290443638,NA,1.0033013050815458,NA
9874880,100,t͡ʃ ø v e ʒ,5,-22.501198433327293,NA,-19.60154616634259,NA,-19.720161431862618,NA,1.1877047678623542,NA,1.187653908531909,NA,1.007255175976289,NA,1.0070775327862946,NA
9874880,100,k a k ɯ ɾ,5,-13.852944181894014,NA,-12.144674325482123,NA,-12.165544970347293,NA,1.5676549113274147,NA,1.5669247348407982,NA,1.081113994281714,NA,1.076949339812567,NA
9874880,100,d a d͡ʒ y c,5,-20.390530859618952,NA,-21.37064354819536,NA,-21.197885713347908,NA,1.3547360937852992,NA,1.3544042392735065,NA,1.0112501093178448,NA,1.0108747896025891,NA
9874880,0,ɫ o c y j,5,-20.834342988819134,NA,-Inf,NA,-27.6512910295423,NA,1.1213426924902457,NA,1.121407789190935,NA,1.002308197629775,NA,1.0024028393006907,NA
9874880,0,l i l i c,5,-21.734197850255633,NA,-31.06847061939216,NA,-30.413037420901233,NA,1.2188544098693368,NA,1.2187494709030118,NA,1.0021248087384225,NA,1.002227217500095,NA
9874880,100,ɟ y f ɯ t͡ʃ,5,-23.521012578915236,NA,-25.37166299204228,NA,-24.957736942410385,NA,1.1507777147848135,NA,1.1507931543712089,NA,1.0033263350439428,NA,1.0033620285817637,NA
9874880,100,b u m u z,5,-17.951792361056157,NA,-14.843063280742722,NA,-14.878017560925908,NA,1.2405193147630955,NA,1.240376722188641,NA,1.017535691474791,NA,1.016802398896366,NA
9874880,0,l y l y j,5,-21.14695659804238,NA,-Inf,NA,-31.05439759893357,NA,1.1332785539845158,NA,1.1333228701694076,NA,1.00074070885583,NA,1.0009175574376028,NA
9874880,100,b e v e z,5,-16.966870081071157,NA,-14.397609492998663,NA,-14.44031212076233,NA,1.3929229704223276,NA,1.392511185542819,NA,1.029528725669076,NA,1.0281611900392078,NA
9874880,53,g o ʒ o ʒ,5,-24.62938331993061,NA,-21.44182559607237,NA,-21.448545619983207,NA,1.1224260916219797,NA,1.1224961567900622,NA,1.0013340243108588,NA,1.0014798191749397,NA
9874880,0,ɫ a c e h,5,-18.035397518301707,NA,-Inf,NA,-25.02799923003836,NA,1.3994050843368315,NA,1.3989840913843423,NA,1.0041760500679735,NA,1.0041613512211216,NA
9874880,0,ɟ e ʒ u ʒ,5,-26.43413105782542,NA,-Inf,NA,-29.33912315678841,NA,1.2174662892996293,NA,1.2173699757285252,NA,1.000599585740761,NA,1.000785798371226,NA
9874880,100,h i ʒ o ʃ,5,-20.809527385524937,NA,-21.758984629549015,NA,-21.594790011980702,NA,1.1730182993086722,NA,1.1729939503390143,NA,1.005756231853628,NA,1.0056643656940627,NA
9874880,49,n u m ɯ s,5,-16.305931248897558,NA,-20.66468488363234,NA,-20.66177310337561,NA,1.2173321314639536,NA,1.2172245120444172,NA,1.0077581809890988,NA,1.0075488759046425,NA
9874880,0,z a ʒ u ʒ,5,-22.21296112594883,NA,-22.467527661364898,NA,-22.468435327208887,NA,1.3256708330824156,NA,1.3253873248250263,NA,1.0043869150779896,NA,1.0043743138247614,NA
9874880,0,b u ʒ o ʒ,5,-23.76539676955428,NA,-21.96391548170358,NA,-21.79262912069044,NA,1.1538250828724028,NA,1.1538408478098283,NA,1.007399882196474,NA,1.007226945611721,NA
9874880,0,ɫ a m o s,5,-15.135202724992508,NA,-18.53976533327283,NA,-18.547827889801997,NA,1.3788112113885682,NA,1.378427016464903,NA,1.0185489274708253,NA,1.017775753755317,NA
9874880,0,b a ʒ ɯ ʒ,5,-21.802442132376388,NA,-Inf,NA,-24.18673784570743,NA,1.3864139275709753,NA,1.3860244830363206,NA,1.0201473136915078,NA,1.0193065798346137,NA
9874880,0,p u h i c,5,-20.780767761626823,NA,-22.05420867071373,NA,-21.930091078441407,NA,1.2416965922463563,NA,1.2415519682913172,NA,1.01241266159024,NA,1.0119605181707314,NA
9874880,0,l i l y c,5,-22.91076831338442,NA,-Inf,NA,-31.37384119300264,NA,1.1284788898966889,NA,1.1285384476392613,NA,1.0018639675255108,NA,1.0019827037767624,NA
9874880,100,t a ɟ e z,5,-19.01299062520888,NA,-Inf,NA,-20.823952022657384,NA,1.4656215227621532,NA,1.465084309540202,NA,1.0269158977146384,NA,1.0257003443047683,NA
9874880,58,d͡ʒ e b ɯ ʒ,5,-20.21495022879154,NA,-Inf,NA,-22.87691116711818,NA,1.2686811486325449,NA,1.2684950947185034,NA,1.0124836117672047,NA,1.0120414031131446,NA
9874880,100,ɟ i f ɯ ʃ,5,-22.1048454127982,NA,-23.497930488232196,NA,-23.110474694525763,NA,1.1779963095818906,NA,1.177960316405389,NA,1.0083465331409436,NA,1.0080648025533474,NA
9874880,100,t ø ɾ o n,5,-17.485988279342866,NA,-15.627675512106372,NA,-15.666950907825106,NA,1.3290088497105506,NA,1.3286945168365425,NA,1.0122008810961551,NA,1.0117169531065573,NA
9874880,0,l i ʒ ɯ v,5,-21.57703454821374,NA,-31.133696426108365,NA,-30.207941372186912,NA,1.1572841132328815,NA,1.157287229154971,NA,1.0003922570709156,NA,1.000588795671445,NA
9874880,0,t͡ʃ ø v a ʒ,5,-22.026529225233254,NA,-18.767317689397675,NA,-18.907200437170054,NA,1.2721540242302385,NA,1.271949454860332,NA,1.0142653337379195,NA,1.0136943818059525,NA
9874880,100,k ɯ k a ɾ,5,-13.852944181894015,NA,-12.360407543244856,NA,-12.380543004924991,NA,1.493480237823476,NA,1.492865948681668,NA,1.0526280988311794,NA,1.0498258559342786,NA
9874880,0,v ɯ ʒ u ʒ,5,-23.911347823237456,NA,-Inf,NA,-27.172143925229605,NA,1.1161267190999808,NA,1.1162057460174144,NA,1.0002707972270364,NA,1.000474478028374,NA
9874880,0,l e g a v,5,-18.119190425169464,NA,-25.71501109338958,NA,-25.332981685756884,NA,1.3881772381676205,NA,1.3877683698152172,NA,1.008863681612553,NA,1.0085537534032074,NA
9874880,100,b u ʃ ɯ z,5,-18.694443256827626,NA,-15.374699720473922,NA,-15.412193074961616,NA,1.228789864159734,NA,1.2286669214026904,NA,1.0123098572091858,NA,1.0118615371614068,NA
9874880,100,m y ɾ a n,5,-14.762040699212914,NA,-11.737473004903014,NA,-11.76464541223868,NA,1.5705486452986173,NA,1.5698011900900524,NA,1.0909056910771144,NA,1.0860056224174448,NA
9874880,100,t e ɾ i n,5,-13.827301603550456,NA,-12.502644627942797,NA,-12.521773624907365,NA,1.5729969938749515,NA,1.5722522702326374,NA,1.0804929495674649,NA,1.0763164691861506,NA
9874880,100,ɟ y ɟ y c,5,-29.68094473723395,NA,-33.68337874661388,NA,-32.205899752844275,NA,1.0953617399096514,NA,1.095478732648763,NA,1.0001767014017344,NA,1.000384506138849,NA
9874880,100,n u c e j,5,-19.284139768647485,NA,-Inf,NA,-27.03061959151581,NA,1.2138640602351571,NA,1.213761575091728,NA,1.0046822496364043,NA,1.0046141339376191,NA
9874880,100,t͡ʃ ø ɟ ø z,5,-26.083819330183616,NA,-Inf,NA,-21.52261786831054,NA,1.069838381124956,NA,1.0699952387320184,NA,1.0017666031757022,NA,1.0018897030116924,NA
9874880,100,b i ɟ ø z,5,-23.142448932022234,NA,-Inf,NA,-20.44554264298711,NA,1.1721298581123756,NA,1.1721097679762331,NA,1.012165565043107,NA,1.011742232357684,NA
9874880,0,ɫ a ʒ a ʒ,5,-19.71086706006132,NA,-20.997350540187433,NA,-21.21655733327964,NA,1.4708414018303289,NA,1.4702934062511663,NA,1.003941564890843,NA,1.003940272651001,NA
9876993,80,k o ɾ i n,5,-15.0837144563174,NA,-13.072652771256037,NA,-13.096986467913933,NA,1.5004623909385104,NA,1.4998431857664714,NA,1.0494536476998977,NA,1.046913855195189,NA
9876993,82,k a k ɯ ɾ,5,-13.852944181894014,NA,-12.144674325482123,NA,-12.165544970347293,NA,1.5676549113274147,NA,1.5669247348407982,NA,1.081113994281714,NA,1.076949339812567,NA
9876993,13,ʃ u ʒ ø ʃ,5,-23.117318159567468,NA,-24.06655854277991,NA,-23.710598665491876,NA,1.1089897910511255,NA,1.1090779138037352,NA,1.0013008717373968,NA,1.0014503747691397,NA
9876993,82,k ɯ k a ɾ,5,-13.852944181894015,NA,-12.360407543244856,NA,-12.380543004924991,NA,1.493480237823476,NA,1.492865948681668,NA,1.0526280988311794,NA,1.0498258559342786,NA
9876993,15,h i ʒ o ʃ,5,-20.809527385524937,NA,-21.758984629549015,NA,-21.594790011980702,NA,1.1730182993086722,NA,1.1729939503390143,NA,1.005756231853628,NA,1.0056643656940627,NA
9876993,88,ɫ a m o s,5,-15.135202724992508,NA,-18.53976533327283,NA,-18.547827889801997,NA,1.3788112113885682,NA,1.378427016464903,NA,1.0185489274708253,NA,1.017775753755317,NA
9876993,18,d a d͡ʒ y c,5,-20.390530859618952,NA,-21.37064354819536,NA,-21.197885713347908,NA,1.3547360937852992,NA,1.3544042392735065,NA,1.0112501093178448,NA,1.0108747896025891,NA
9876993,76,t͡ʃ ø v e ʒ,5,-22.501198433327293,NA,-19.60154616634259,NA,-19.720161431862618,NA,1.1877047678623542,NA,1.187653908531909,NA,1.007255175976289,NA,1.0070775327862946,NA
9876993,6,l i ʒ ɯ v,5,-21.57703454821374,NA,-31.133696426108365,NA,-30.207941372186912,NA,1.1572841132328815,NA,1.157287229154971,NA,1.0003922570709156,NA,1.000588795671445,NA
9876993,15,b o ʒ e n,5,-19.353746594881077,NA,-15.678950482149968,NA,-15.781459798642668,NA,1.3107776347241384,NA,1.3104887340444304,NA,1.0214541287111476,NA,1.020406306928782,NA
9876993,20,ɟ i f ɯ ʃ,5,-22.1048454127982,NA,-23.497930488232196,NA,-23.110474694525763,NA,1.1779963095818906,NA,1.177960316405389,NA,1.0083465331409436,NA,1.0080648025533474,NA
9876993,85,l e g a v,5,-18.119190425169464,NA,-25.71501109338958,NA,-25.332981685756884,NA,1.3881772381676205,NA,1.3877683698152172,NA,1.008863681612553,NA,1.0085537534032074,NA
9876993,80,n u m ɯ s,5,-16.305931248897558,NA,-20.66468488363234,NA,-20.66177310337561,NA,1.2173321314639536,NA,1.2172245120444172,NA,1.0077581809890988,NA,1.0075488759046425,NA
9876993,11,n y g o h,5,-19.02195772176377,NA,-27.137278020652435,NA,-26.404681357779356,NA,1.1333131439367587,NA,1.133360109385657,NA,1.0020494295650315,NA,1.002157274256292,NA
9876993,18,n u c e j,5,-19.284139768647485,NA,-Inf,NA,-27.03061959151581,NA,1.2138640602351571,NA,1.213761575091728,NA,1.0046822496364043,NA,1.0046141339376191,NA
9876993,20,ɟ ø ʒ o ʒ,5,-29.203929342940828,NA,-Inf,NA,-29.447557759589778,NA,1.0439095087456904,NA,1.044115390525366,NA,1.0001956309096838,NA,1.000401295176374,NA
9876993,86,ɟ e j ø z,5,-22.82835379958052,NA,-Inf,NA,-24.81298284362385,NA,1.235195590882307,NA,1.2350658781575348,NA,1.009898018351088,NA,1.0095907634262449,NA
9876993,88,m y ɾ a n,5,-14.762040699212914,NA,-11.737473004903014,NA,-11.76464541223868,NA,1.5705486452986173,NA,1.5698011900900524,NA,1.0909056910771144,NA,1.0860056224174448,NA
9876993,78,f u c y c,5,-24.885869366241813,NA,-Inf,NA,-29.280536541614147,NA,1.1157787914815611,NA,1.115860462315408,NA,1.0009321097789516,NA,1.001100368974328,NA
9876993,82,v ɯ c y c,5,-24.665725338666142,NA,-Inf,NA,-31.07494453895137,NA,1.0966099130891953,NA,1.0967247419175363,NA,1.0003360075302643,NA,1.000535606459207,NA
9876993,17,n e l e s,5,-16.133712940143006,NA,-22.309363966878458,NA,-21.94511758334053,NA,1.3421106100147846,NA,1.3417826732353673,NA,1.0138487784772976,NA,1.0132823171708598,NA
9876993,84,n y h e j,5,-16.95498764826872,NA,-21.846337471826367,NA,-21.825147364977283,NA,1.2480014323473068,NA,1.2478395741736754,NA,1.0076847714838688,NA,1.007454833667864,NA
9876993,84,m y d͡ʒ ɯ ʒ,5,-20.94834362998964,NA,-Inf,NA,-19.765604716524727,NA,1.2335333157803068,NA,1.2334082562856274,NA,1.0297916061850232,NA,1.0284411057530372,NA
9876993,22,t͡ʃ ø ɟ ø z,5,-26.083819330183616,NA,-Inf,NA,-21.52261786831054,NA,1.069838381124956,NA,1.0699952387320184,NA,1.0017666031757022,NA,1.0018897030116924,NA
9876993,21,b e v e z,5,-16.966870081071157,NA,-14.397609492998663,NA,-14.44031212076233,NA,1.3929229704223276,NA,1.392511185542819,NA,1.029528725669076,NA,1.0281611900392078,NA
9876993,13,ɫ a ʒ a ʒ,5,-19.71086706006132,NA,-20.997350540187433,NA,-21.21655733327964,NA,1.4708414018303289,NA,1.4702934062511663,NA,1.003941564890843,NA,1.003940272651001,NA
9876993,22,d ɯ ʒ o ʒ,5,-23.464882873585843,NA,-Inf,NA,-23.9795220145898,NA,1.1293508774986598,NA,1.1294089752286451,NA,1.0015496170448657,NA,1.0016841358988702,NA
9876993,87,ɟ y ɟ y c,5,-29.68094473723395,NA,-33.68337874661388,NA,-32.205899752844275,NA,1.0953617399096514,NA,1.095478732648763,NA,1.0001767014017344,NA,1.000384506138849,NA
9876993,83,d͡ʒ e t͡ʃ y c,5,-21.506949174184605,NA,-23.436694565711367,NA,-23.25424943879691,NA,1.2256817579040702,NA,1.2255731677132062,NA,1.0104750503657995,NA,1.010138519579413,NA
9876993,19,n ɯ c ø c,5,-24.59275852015271,NA,-Inf,NA,-31.976683335339587,NA,1.0792927943891235,NA,1.079439427988085,NA,1.0003249566724437,NA,1.0005257916572736,NA
9876993,26,ɟ e ʒ u ʒ,5,-26.43413105782542,NA,-Inf,NA,-29.33912315678841,NA,1.2174662892996293,NA,1.2173699757285252,NA,1.000599585740761,NA,1.000785798371226,NA
9876993,28,b o p o p,5,-19.25272795784617,NA,-15.57498426327942,NA,-15.61426036762116,NA,1.1967740047349058,NA,1.1967095549773488,NA,1.013486997864271,NA,1.0129840432080757,NA
9876993,25,n ɯ m ɯ j,5,-16.47599478408919,NA,-22.39373489217684,NA,-22.38175273448392,NA,1.1966103780074966,NA,1.196542055220454,NA,1.0026502266538255,NA,1.0027197340448553,NA
9876993,26,n i ɾ o h,5,-16.181858470568148,NA,-20.449641425018715,NA,-20.406357405732297,NA,1.2804974089534673,NA,1.2802882607954402,NA,1.016507593530359,NA,1.015847513933592,NA
9876993,80,ɟ y d o n,5,-21.99388355485576,NA,-22.032124077243957,NA,-21.630787091891495,NA,1.1962433826356678,NA,1.196159913782388,NA,1.0079719201002924,NA,1.0077160801194214,NA
9876993,88,h a ʒ i z,5,-18.940586263929728,NA,-16.033624750362595,NA,-16.176584461461953,NA,1.4424736309368726,NA,1.4419758181306943,NA,1.029251961469784,NA,1.0278844545484396,NA
9876993,86,m y t ø ɾ,5,-17.68011502873577,NA,-14.771169321237188,NA,-14.814804722114031,NA,1.3145632200457231,NA,1.3142753588611862,NA,1.0375461024211106,NA,1.0357780799024574,NA
9876993,17,ɫ a c e h,5,-18.035397518301707,NA,-Inf,NA,-25.02799923003836,NA,1.3994050843368315,NA,1.3989840913843423,NA,1.0041760500679735,NA,1.0041613512211216,NA
9876993,15,n u n o m,5,-16.474531465957043,NA,-19.71804282237854,NA,-19.721411008345388,NA,1.219775413725993,NA,1.2196627522111714,NA,1.0062472053556415,NA,1.0061235827754649,NA
9876993,90,b i ɟ ø z,5,-23.142448932022234,NA,-Inf,NA,-20.44554264298711,NA,1.1721298581123756,NA,1.1721097679762331,NA,1.012165565043107,NA,1.011742232357684,NA
9876993,16,n ɯ t o j,5,-16.64471865554249,NA,-20.8852803375486,NA,-20.88836208756007,NA,1.1851723324290908,NA,1.185126386083626,NA,1.004463305335078,NA,1.0044398187271149,NA
9876993,19,b i f e ʒ,5,-19.56510509226675,NA,-17.233656594746645,NA,-17.35991958085872,NA,1.2770233897314918,NA,1.276818171152988,NA,1.0171636142826754,NA,1.0164683141415962,NA
9876993,19,b o ʒ ɯ ʒ,5,-23.550529799079456,NA,-Inf,NA,-24.723680424475265,NA,1.1847241528742682,NA,1.1846836525864934,NA,1.0074750485138266,NA,1.007300128463721,NA
9876993,80,b i j e l,5,-17.450630578939155,NA,-15.174694213804408,NA,-15.223894371415602,NA,1.3089517738471208,NA,1.3086882691733015,NA,1.0209242625509964,NA,1.0200235747731865,NA
9876993,82,t e ɾ i n,5,-13.827301603550456,NA,-12.502644627942797,NA,-12.521773624907365,NA,1.5729969938749515,NA,1.5722522702326374,NA,1.0804929495674649,NA,1.0763164691861506,NA
9876993,83,t ø ɾ o n,5,-17.485988279342866,NA,-15.627675512106372,NA,-15.666950907825106,NA,1.3290088497105506,NA,1.3286945168365425,NA,1.0122008810961551,NA,1.0117169531065573,NA
9876993,18,ɟ e g o h,5,-22.32385648599314,NA,-Inf,NA,-29.10574748028316,NA,1.2145067608813798,NA,1.2144132380835384,NA,1.0014568108084176,NA,1.0015956377134012,NA
9876993,18,l i n u v,5,-18.466975061018218,NA,-24.951618240796765,NA,-24.684255423615568,NA,1.220141875184766,NA,1.220036316043871,NA,1.0121904544298916,NA,1.011755851703082,NA
9876993,29,b u ʃ ɯ z,5,-18.694443256827626,NA,-15.374699720473922,NA,-15.412193074961616,NA,1.228789864159734,NA,1.2286669214026904,NA,1.0123098572091858,NA,1.0118615371614068,NA
9876993,23,ɟ ø v ɯ ʃ,5,-24.484836572880727,NA,-Inf,NA,-24.564293047048626,NA,1.1249488007486994,NA,1.1250044411600126,NA,1.007870816045076,NA,1.0076134587496162,NA
9876993,81,b o v a n,5,-16.83581550168471,NA,-13.814124853759685,NA,-13.841845975944103,NA,1.4255332248977568,NA,1.4250378444168188,NA,1.0453074842543126,NA,1.042851145035386,NA
9876993,79,s ø ɟ e v,5,-22.79528403658063,NA,-Inf,NA,-24.307406591636536,NA,1.2117460774005275,NA,1.2116501844406864,NA,1.0060152288996411,NA,1.0058751054370156,NA
9876993,16,b a ʒ ɯ ʒ,5,-21.802442132376388,NA,-Inf,NA,-24.18673784570743,NA,1.3864139275709753,NA,1.3860244830363206,NA,1.0201473136915078,NA,1.0193065798346137,NA
9876993,81,b i ɟ y j,5,-21.621839348754172,NA,-23.738323784339784,NA,-23.145271532434343,NA,1.194804014519338,NA,1.1947420726709843,NA,1.0122225483469989,NA,1.0117960739557024,NA
9876993,25,ɟ y f ɯ t͡ʃ,5,-23.521012578915236,NA,-25.37166299204228,NA,-24.957736942410385,NA,1.1507777147848135,NA,1.1507931543712089,NA,1.0033263350439428,NA,1.0033620285817637,NA
9876993,23,g ɯ d͡ʒ e n,5,-17.56731557989134,NA,-14.61749184700327,NA,-14.657735297121354,NA,1.281298791538424,NA,1.2810607321907763,NA,1.019356759110327,NA,1.0184127138021122,NA
9876993,16,ɫ a c y j,5,-19.086255322116067,NA,-Inf,NA,-25.538775771876324,NA,1.3230324671869529,NA,1.3227486196407618,NA,1.003067474913099,NA,1.0031221678969575,NA
9876993,22,ɫ o t y j,5,-17.13637038757993,NA,-21.847842286805907,NA,-21.838930472337697,NA,1.1884962954554696,NA,1.1884444634754057,NA,1.0069809217299424,NA,1.0068236264270505,NA
9876993,86,ɫ a c ø c,5,-23.235335254641484,NA,-Inf,NA,-28.96719851740822,NA,1.2828819495149104,NA,1.2826763461817758,NA,1.0028718440034152,NA,1.002938782604458,NA
9876993,16,p u h i c,5,-20.780767761626823,NA,-22.05420867071373,NA,-21.930091078441407,NA,1.2416965922463563,NA,1.2415519682913172,NA,1.01241266159024,NA,1.0119605181707314,NA
9876993,85,g ɯ ʃ ɯ ɾ,5,-17.97497909272865,NA,-14.266839235392236,NA,-14.30974193032308,NA,1.245215104159512,NA,1.2450431145777665,NA,1.0154542843243193,NA,1.0147602319695646,NA
9876993,20,t a ɟ e z,5,-19.01299062520888,NA,-Inf,NA,-20.823952022657384,NA,1.4656215227621532,NA,1.465084309540202,NA,1.0269158977146384,NA,1.0257003443047683,NA
9876993,18,b u ʒ o ʒ,5,-23.76539676955428,NA,-21.96391548170358,NA,-21.79262912069044,NA,1.1538250828724028,NA,1.1538408478098283,NA,1.007399882196474,NA,1.007226945611721,NA
9876993,20,m y d͡ʒ e ʒ,5,-20.07648688346161,NA,-17.21604267519214,NA,-17.334930621591795,NA,1.2872685713504248,NA,1.2870457058049949,NA,1.0318759131224775,NA,1.030408550612966,NA
9876993,19,ɫ a d͡ʒ o h,5,-17.01330714374341,NA,-22.624939743800624,NA,-22.534580136155395,NA,1.3256740594338108,NA,1.3253881497876747,NA,1.0050050745212178,NA,1.0049588515389372,NA
9876993,12,n ø t u j,5,-18.16927071091751,NA,-22.851523275546036,NA,-22.813072474048504,NA,1.1724206207819898,NA,1.1723948121172356,NA,1.0038089132465688,NA,1.0038168140055153,NA
9876993,13,l e l y j,5,-19.772550808587734,NA,-Inf,NA,-29.3209145608971,NA,1.2343400791144985,NA,1.2342095483700994,NA,1.003248067408103,NA,1.0032923638392548,NA
9876993,21,b e j o ʒ,5,-19.97163859556905,NA,-16.470032923117923,NA,-16.58974983451702,NA,1.3023238820005048,NA,1.3020822690254312,NA,1.0234430212856789,NA,1.0224209443737986,NA
9876993,15,b o ʒ e l,5,-21.23324816820471,NA,-18.060919487768725,NA,-18.182879305878316,NA,1.2463498551349634,NA,1.2461951178538924,NA,1.008803329884933,NA,1.008547391347145,NA
9876993,12,v ɯ ʒ u ʒ,5,-23.911347823237456,NA,-Inf,NA,-27.172143925229605,NA,1.1161267190999808,NA,1.1162057460174144,NA,1.0002707972270364,NA,1.000474478028374,NA
9876993,20,g o ʒ o ʒ,5,-24.62938331993061,NA,-21.44182559607237,NA,-21.448545619983207,NA,1.1224260916219797,NA,1.1224961567900622,NA,1.0013340243108588,NA,1.0014798191749397,NA
9876993,18,b o ʒ u z,5,-21.370274141785384,NA,-17.449334712896025,NA,-17.52465638865124,NA,1.1916820725344242,NA,1.1916245129596132,NA,1.009300937004208,NA,1.0090117245270502,NA
9876993,89,m u ɾ a n,5,-14.474358626761134,NA,-11.950302324157594,NA,-11.974383816242137,NA,1.564482787413002,NA,1.563745826768253,NA,1.082042701236725,NA,1.077607380125139,NA
9876993,14,ɫ o c y j,5,-20.834342988819134,NA,-Inf,NA,-27.6512910295423,NA,1.1213426924902457,NA,1.121407789190935,NA,1.002308197629775,NA,1.0024028393006907,NA
9876993,85,b u m u z,5,-17.951792361056157,NA,-14.843063280742722,NA,-14.878017560925908,NA,1.2405193147630955,NA,1.240376722188641,NA,1.017535691474791,NA,1.016802398896366,NA
9876993,18,ɟ e ʒ ɯ ʒ,5,-26.219264087350595,NA,-Inf,NA,-33.17641485659389,NA,1.2272674175690463,NA,1.2271532645061831,NA,1.000599585740761,NA,1.000785798371226,NA
9876993,22,l y l i v,5,-20.63415870679363,NA,-Inf,NA,-30.672142465019753,NA,1.2155027860536751,NA,1.2153995796438697,NA,1.002044914920388,NA,1.0021401260542664,NA
9876993,12,ɫ o c ø c,5,-24.98342292134455,NA,-Inf,NA,-31.079713775074197,NA,1.0811921748182034,NA,1.081335515731949,NA,1.0021125667200912,NA,1.0022194540081912,NA
9876993,16,h u h e c,5,-20.54912774061602,NA,-21.77039857112499,NA,-21.665991317549235,NA,1.2458994903446368,NA,1.2457482240849875,NA,1.009202924406593,NA,1.0089254532786238,NA
9876993,85,s ø ɾ y ɾ,5,-17.707550354797547,NA,-16.169021341758853,NA,-16.205464404636334,NA,1.3319062242337465,NA,1.33158571547973,NA,1.013027665125439,NA,1.0125094354360924,NA
9876993,9,b o j ɯ ʒ,5,-20.84349534209708,NA,-Inf,NA,-21.13094063982574,NA,1.2260955689867723,NA,1.2259830322796048,NA,1.015232344142505,NA,1.0146378960431903,NA
9876993,20,l i l y c,5,-22.91076831338442,NA,-Inf,NA,-31.37384119300264,NA,1.1284788898966889,NA,1.1285384476392613,NA,1.0018639675255108,NA,1.0019827037767624,NA
9876993,19,c ø z ɯ ɾ,5,-21.71220299840252,NA,-Inf,NA,-19.68550050557094,NA,1.1902183865771947,NA,1.1901414021562249,NA,1.0145089255684994,NA,1.013860174302362,NA
9876993,88,b i h a z,5,-16.349811613063217,NA,-13.978638446451834,NA,-14.016391150784171,NA,1.3901143932549385,NA,1.3896998755559016,NA,1.0281388334347332,NA,1.0267959716117114,NA
9876993,16,k ɯ ɾ i n,5,-14.682152744236394,NA,-12.37822264154962,NA,-12.400758782495078,NA,1.4897929801932763,NA,1.4891922342093775,NA,1.0573621548079215,NA,1.054404034344128,NA
9876993,17,z a ʒ u ʒ,5,-22.21296112594883,NA,-22.467527661364898,NA,-22.468435327208887,NA,1.3256708330824156,NA,1.3253873248250263,NA,1.0043869150779896,NA,1.0043743138247614,NA
9876993,20,g ɯ m y z,5,-18.701899271803264,NA,-15.284758444764732,NA,-15.32860458966336,NA,1.1785067564052527,NA,1.1784732245409664,NA,1.00554093342204,NA,1.0054576463094618,NA
9876993,19,l y l y j,5,-21.14695659804238,NA,-Inf,NA,-31.05439759893357,NA,1.1332785539845158,NA,1.1333228701694076,NA,1.00074070885583,NA,1.0009175574376028,NA
9876993,22,t͡ʃ ø v a ʒ,5,-22.026529225233254,NA,-18.767317689397675,NA,-18.907200437170054,NA,1.2721540242302385,NA,1.271949454860332,NA,1.0142653337379195,NA,1.0136943818059525,NA
9876993,19,d͡ʒ e b ɯ ʒ,5,-20.21495022879154,NA,-Inf,NA,-22.87691116711818,NA,1.2686811486325449,NA,1.2684950947185034,NA,1.0124836117672047,NA,1.0120414031131446,NA
9876993,91,k u m y ɾ,5,-16.166729596387306,NA,-13.479655579943335,NA,-13.508482331190027,NA,1.3230272239563277,NA,1.3227231066743448,NA,1.022128398075403,NA,1.021137545740216,NA
9876993,90,l i l i c,5,-21.734197850255633,NA,-31.06847061939216,NA,-30.413037420901233,NA,1.2188544098693368,NA,1.2187494709030118,NA,1.0021248087384225,NA,1.002227217500095,NA
9876993,83,t͡ʃ ø z y z,5,-21.128620852346465,NA,-17.361344872511363,NA,-17.40089460771028,NA,1.1286143668362545,NA,1.1286672682108094,NA,1.004828700340673,NA,1.0047832706322961,NA
9876993,15,ɟ ø c i c,5,-28.595041653634546,NA,-Inf,NA,-34.34350574803089,NA,1.1361369616670376,NA,1.1361752544079688,NA,1.0003260515161396,NA,1.0005235520380404,NA
9876993,24,p y ʒ u ʃ,5,-21.83320780173249,NA,-21.6575563373154,NA,-21.57229848271923,NA,1.1683953129119478,NA,1.1683770297833889,NA,1.0032800290443638,NA,1.0033013050815458,NA
9876993,21,n ɯ l e ɾ,5,-16.520523019156673,NA,-22.578512005763056,NA,-22.1906184306061,NA,1.2705379652284161,NA,1.2703174772901622,NA,1.016447580336092,NA,1.015654592290636,NA
9877348,63,ɫ a d͡ʒ o h,5,-17.01330714374341,NA,-22.624939743800624,NA,-22.534580136155395,NA,1.3256740594338108,NA,1.3253881497876747,NA,1.0050050745212178,NA,1.0049588515389372,NA
9877348,17,l y l y j,5,-21.14695659804238,NA,-Inf,NA,-31.05439759893357,NA,1.1332785539845158,NA,1.1333228701694076,NA,1.00074070885583,NA,1.0009175574376028,NA
9877348,6,b e j o ʒ,5,-19.97163859556905,NA,-16.470032923117923,NA,-16.58974983451702,NA,1.3023238820005048,NA,1.3020822690254312,NA,1.0234430212856789,NA,1.0224209443737986,NA
9877348,10,l i ʒ ɯ v,5,-21.57703454821374,NA,-31.133696426108365,NA,-30.207941372186912,NA,1.1572841132328815,NA,1.157287229154971,NA,1.0003922570709156,NA,1.000588795671445,NA
9877348,9,n u n o m,5,-16.474531465957043,NA,-19.71804282237854,NA,-19.721411008345388,NA,1.219775413725993,NA,1.2196627522111714,NA,1.0062472053556415,NA,1.0061235827754649,NA
9877348,81,b e v e z,5,-16.966870081071157,NA,-14.397609492998663,NA,-14.44031212076233,NA,1.3929229704223276,NA,1.392511185542819,NA,1.029528725669076,NA,1.0281611900392078,NA
9877348,77,t e ɾ i n,5,-13.827301603550456,NA,-12.502644627942797,NA,-12.521773624907365,NA,1.5729969938749515,NA,1.5722522702326374,NA,1.0804929495674649,NA,1.0763164691861506,NA
9877348,5,t͡ʃ ø v a ʒ,5,-22.026529225233254,NA,-18.767317689397675,NA,-18.907200437170054,NA,1.2721540242302385,NA,1.271949454860332,NA,1.0142653337379195,NA,1.0136943818059525,NA
9877348,3,g o ʒ o ʒ,5,-24.62938331993061,NA,-21.44182559607237,NA,-21.448545619983207,NA,1.1224260916219797,NA,1.1224961567900622,NA,1.0013340243108588,NA,1.0014798191749397,NA
9877348,9,n u c e j,5,-19.284139768647485,NA,-Inf,NA,-27.03061959151581,NA,1.2138640602351571,NA,1.213761575091728,NA,1.0046822496364043,NA,1.0046141339376191,NA
9877348,79,m u ɾ a n,5,-14.474358626761134,NA,-11.950302324157594,NA,-11.974383816242137,NA,1.564482787413002,NA,1.563745826768253,NA,1.082042701236725,NA,1.077607380125139,NA
9877348,0,ʃ u ʒ ø ʃ,5,-23.117318159567468,NA,-24.06655854277991,NA,-23.710598665491876,NA,1.1089897910511255,NA,1.1090779138037352,NA,1.0013008717373968,NA,1.0014503747691397,NA
9877348,1,ɟ e ʒ u ʒ,5,-26.43413105782542,NA,-Inf,NA,-29.33912315678841,NA,1.2174662892996293,NA,1.2173699757285252,NA,1.000599585740761,NA,1.000785798371226,NA
9877348,1,m y t ø ɾ,5,-17.68011502873577,NA,-14.771169321237188,NA,-14.814804722114031,NA,1.3145632200457231,NA,1.3142753588611862,NA,1.0375461024211106,NA,1.0357780799024574,NA
9877348,1,b i ɟ y j,5,-21.621839348754172,NA,-23.738323784339784,NA,-23.145271532434343,NA,1.194804014519338,NA,1.1947420726709843,NA,1.0122225483469989,NA,1.0117960739557024,NA
9877348,72,n y h e j,5,-16.95498764826872,NA,-21.846337471826367,NA,-21.825147364977283,NA,1.2480014323473068,NA,1.2478395741736754,NA,1.0076847714838688,NA,1.007454833667864,NA
9877348,6,p y ʒ u ʃ,5,-21.83320780173249,NA,-21.6575563373154,NA,-21.57229848271923,NA,1.1683953129119478,NA,1.1683770297833889,NA,1.0032800290443638,NA,1.0033013050815458,NA
9877348,5,g ɯ ʃ ɯ ɾ,5,-17.97497909272865,NA,-14.266839235392236,NA,-14.30974193032308,NA,1.245215104159512,NA,1.2450431145777665,NA,1.0154542843243193,NA,1.0147602319695646,NA
9877348,100,ɫ a m o s,5,-15.135202724992508,NA,-18.53976533327283,NA,-18.547827889801997,NA,1.3788112113885682,NA,1.378427016464903,NA,1.0185489274708253,NA,1.017775753755317,NA
9877348,3,h i ʒ o ʃ,5,-20.809527385524937,NA,-21.758984629549015,NA,-21.594790011980702,NA,1.1730182993086722,NA,1.1729939503390143,NA,1.005756231853628,NA,1.0056643656940627,NA
9877348,18,l i l y c,5,-22.91076831338442,NA,-Inf,NA,-31.37384119300264,NA,1.1284788898966889,NA,1.1285384476392613,NA,1.0018639675255108,NA,1.0019827037767624,NA
9877348,72,s ø ɾ y ɾ,5,-17.707550354797547,NA,-16.169021341758853,NA,-16.205464404636334,NA,1.3319062242337465,NA,1.33158571547973,NA,1.013027665125439,NA,1.0125094354360924,NA
9877348,71,k o ɾ i n,5,-15.0837144563174,NA,-13.072652771256037,NA,-13.096986467913933,NA,1.5004623909385104,NA,1.4998431857664714,NA,1.0494536476998977,NA,1.046913855195189,NA
9877348,29,b i f e ʒ,5,-19.56510509226675,NA,-17.233656594746645,NA,-17.35991958085872,NA,1.2770233897314918,NA,1.276818171152988,NA,1.0171636142826754,NA,1.0164683141415962,NA
9877348,14,ɫ a ʒ a ʒ,5,-19.71086706006132,NA,-20.997350540187433,NA,-21.21655733327964,NA,1.4708414018303289,NA,1.4702934062511663,NA,1.003941564890843,NA,1.003940272651001,NA
9877348,13,g ɯ d͡ʒ e n,5,-17.56731557989134,NA,-14.61749184700327,NA,-14.657735297121354,NA,1.281298791538424,NA,1.2810607321907763,NA,1.019356759110327,NA,1.0184127138021122,NA
9877348,11,b o ʒ e l,5,-21.23324816820471,NA,-18.060919487768725,NA,-18.182879305878316,NA,1.2463498551349634,NA,1.2461951178538924,NA,1.008803329884933,NA,1.008547391347145,NA
9877348,11,z a ʒ u ʒ,5,-22.21296112594883,NA,-22.467527661364898,NA,-22.468435327208887,NA,1.3256708330824156,NA,1.3253873248250263,NA,1.0043869150779896,NA,1.0043743138247614,NA
9877348,12,b u m u z,5,-17.951792361056157,NA,-14.843063280742722,NA,-14.878017560925908,NA,1.2405193147630955,NA,1.240376722188641,NA,1.017535691474791,NA,1.016802398896366,NA
9877348,10,n i ɾ o h,5,-16.181858470568148,NA,-20.449641425018715,NA,-20.406357405732297,NA,1.2804974089534673,NA,1.2802882607954402,NA,1.016507593530359,NA,1.015847513933592,NA
9877348,16,ɟ e g o h,5,-22.32385648599314,NA,-Inf,NA,-29.10574748028316,NA,1.2145067608813798,NA,1.2144132380835384,NA,1.0014568108084176,NA,1.0015956377134012,NA
9877348,4,m y ɾ a n,5,-14.762040699212914,NA,-11.737473004903014,NA,-11.76464541223868,NA,1.5705486452986173,NA,1.5698011900900524,NA,1.0909056910771144,NA,1.0860056224174448,NA
9877348,3,ɟ i f ɯ ʃ,5,-22.1048454127982,NA,-23.497930488232196,NA,-23.110474694525763,NA,1.1779963095818906,NA,1.177960316405389,NA,1.0083465331409436,NA,1.0080648025533474,NA
9877348,5,l e l y j,5,-19.772550808587734,NA,-Inf,NA,-29.3209145608971,NA,1.2343400791144985,NA,1.2342095483700994,NA,1.003248067408103,NA,1.0032923638392548,NA
9877348,4,k a k ɯ ɾ,5,-13.852944181894014,NA,-12.144674325482123,NA,-12.165544970347293,NA,1.5676549113274147,NA,1.5669247348407982,NA,1.081113994281714,NA,1.076949339812567,NA
9877348,4,ɟ y ɟ y c,5,-29.68094473723395,NA,-33.68337874661388,NA,-32.205899752844275,NA,1.0953617399096514,NA,1.095478732648763,NA,1.0001767014017344,NA,1.000384506138849,NA
9877348,3,t͡ʃ ø v e ʒ,5,-22.501198433327293,NA,-19.60154616634259,NA,-19.720161431862618,NA,1.1877047678623542,NA,1.187653908531909,NA,1.007255175976289,NA,1.0070775327862946,NA
9877348,3,b i j e l,5,-17.450630578939155,NA,-15.174694213804408,NA,-15.223894371415602,NA,1.3089517738471208,NA,1.3086882691733015,NA,1.0209242625509964,NA,1.0200235747731865,NA
9877348,27,t͡ʃ ø ɟ ø z,5,-26.083819330183616,NA,-Inf,NA,-21.52261786831054,NA,1.069838381124956,NA,1.0699952387320184,NA,1.0017666031757022,NA,1.0018897030116924,NA
9877348,1,h u h e c,5,-20.54912774061602,NA,-21.77039857112499,NA,-21.665991317549235,NA,1.2458994903446368,NA,1.2457482240849875,NA,1.009202924406593,NA,1.0089254532786238,NA
9877348,12,l e g a v,5,-18.119190425169464,NA,-25.71501109338958,NA,-25.332981685756884,NA,1.3881772381676205,NA,1.3877683698152172,NA,1.008863681612553,NA,1.0085537534032074,NA
9877348,6,ɟ ø c i c,5,-28.595041653634546,NA,-Inf,NA,-34.34350574803089,NA,1.1361369616670376,NA,1.1361752544079688,NA,1.0003260515161396,NA,1.0005235520380404,NA
9877348,4,l y l i v,5,-20.63415870679363,NA,-Inf,NA,-30.672142465019753,NA,1.2155027860536751,NA,1.2153995796438697,NA,1.002044914920388,NA,1.0021401260542664,NA
9877348,8,g ɯ m y z,5,-18.701899271803264,NA,-15.284758444764732,NA,-15.32860458966336,NA,1.1785067564052527,NA,1.1784732245409664,NA,1.00554093342204,NA,1.0054576463094618,NA
9877348,5,ɫ a c y j,5,-19.086255322116067,NA,-Inf,NA,-25.538775771876324,NA,1.3230324671869529,NA,1.3227486196407618,NA,1.003067474913099,NA,1.0031221678969575,NA
9877348,2,ɟ e ʒ ɯ ʒ,5,-26.219264087350595,NA,-Inf,NA,-33.17641485659389,NA,1.2272674175690463,NA,1.2271532645061831,NA,1.000599585740761,NA,1.000785798371226,NA
9877348,5,k u m y ɾ,5,-16.166729596387306,NA,-13.479655579943335,NA,-13.508482331190027,NA,1.3230272239563277,NA,1.3227231066743448,NA,1.022128398075403,NA,1.021137545740216,NA
9877348,9,k ɯ ɾ i n,5,-14.682152744236394,NA,-12.37822264154962,NA,-12.400758782495078,NA,1.4897929801932763,NA,1.4891922342093775,NA,1.0573621548079215,NA,1.054404034344128,NA
9877348,9,h a ʒ i z,5,-18.940586263929728,NA,-16.033624750362595,NA,-16.176584461461953,NA,1.4424736309368726,NA,1.4419758181306943,NA,1.029251961469784,NA,1.0278844545484396,NA
9877348,4,ɫ o t y j,5,-17.13637038757993,NA,-21.847842286805907,NA,-21.838930472337697,NA,1.1884962954554696,NA,1.1884444634754057,NA,1.0069809217299424,NA,1.0068236264270505,NA
9877348,8,m y d͡ʒ ɯ ʒ,5,-20.94834362998964,NA,-Inf,NA,-19.765604716524727,NA,1.2335333157803068,NA,1.2334082562856274,NA,1.0297916061850232,NA,1.0284411057530372,NA
9877348,4,f u c y c,5,-24.885869366241813,NA,-Inf,NA,-29.280536541614147,NA,1.1157787914815611,NA,1.115860462315408,NA,1.0009321097789516,NA,1.001100368974328,NA
9877348,5,v ɯ c y c,5,-24.665725338666142,NA,-Inf,NA,-31.07494453895137,NA,1.0966099130891953,NA,1.0967247419175363,NA,1.0003360075302643,NA,1.000535606459207,NA
9877348,5,m y d͡ʒ e ʒ,5,-20.07648688346161,NA,-17.21604267519214,NA,-17.334930621591795,NA,1.2872685713504248,NA,1.2870457058049949,NA,1.0318759131224775,NA,1.030408550612966,NA
9877348,39,b i ɟ ø z,5,-23.142448932022234,NA,-Inf,NA,-20.44554264298711,NA,1.1721298581123756,NA,1.1721097679762331,NA,1.012165565043107,NA,1.011742232357684,NA
9877348,73,l i n u v,5,-18.466975061018218,NA,-24.951618240796765,NA,-24.684255423615568,NA,1.220141875184766,NA,1.220036316043871,NA,1.0121904544298916,NA,1.011755851703082,NA
9877348,17,ɫ o c ø c,5,-24.98342292134455,NA,-Inf,NA,-31.079713775074197,NA,1.0811921748182034,NA,1.081335515731949,NA,1.0021125667200912,NA,1.0022194540081912,NA
9877348,65,ɫ a c e h,5,-18.035397518301707,NA,-Inf,NA,-25.02799923003836,NA,1.3994050843368315,NA,1.3989840913843423,NA,1.0041760500679735,NA,1.0041613512211216,NA
9877348,13,b o ʒ e n,5,-19.353746594881077,NA,-15.678950482149968,NA,-15.781459798642668,NA,1.3107776347241384,NA,1.3104887340444304,NA,1.0214541287111476,NA,1.020406306928782,NA
9877348,14,t ø ɾ o n,5,-17.485988279342866,NA,-15.627675512106372,NA,-15.666950907825106,NA,1.3290088497105506,NA,1.3286945168365425,NA,1.0122008810961551,NA,1.0117169531065573,NA
9877348,11,ɫ o c y j,5,-20.834342988819134,NA,-Inf,NA,-27.6512910295423,NA,1.1213426924902457,NA,1.121407789190935,NA,1.002308197629775,NA,1.0024028393006907,NA
9877348,12,k ɯ k a ɾ,5,-13.852944181894015,NA,-12.360407543244856,NA,-12.380543004924991,NA,1.493480237823476,NA,1.492865948681668,NA,1.0526280988311794,NA,1.0498258559342786,NA
9877348,14,n ɯ t o j,5,-16.64471865554249,NA,-20.8852803375486,NA,-20.88836208756007,NA,1.1851723324290908,NA,1.185126386083626,NA,1.004463305335078,NA,1.0044398187271149,NA
9877348,5,c ø z ɯ ɾ,5,-21.71220299840252,NA,-Inf,NA,-19.68550050557094,NA,1.1902183865771947,NA,1.1901414021562249,NA,1.0145089255684994,NA,1.013860174302362,NA
9877348,1,v ɯ ʒ u ʒ,5,-23.911347823237456,NA,-Inf,NA,-27.172143925229605,NA,1.1161267190999808,NA,1.1162057460174144,NA,1.0002707972270364,NA,1.000474478028374,NA
9877348,1,p u h i c,5,-20.780767761626823,NA,-22.05420867071373,NA,-21.930091078441407,NA,1.2416965922463563,NA,1.2415519682913172,NA,1.01241266159024,NA,1.0119605181707314,NA
9877348,1,ɟ ø v ɯ ʃ,5,-24.484836572880727,NA,-Inf,NA,-24.564293047048626,NA,1.1249488007486994,NA,1.1250044411600126,NA,1.007870816045076,NA,1.0076134587496162,NA
9877348,1,d a d͡ʒ y c,5,-20.390530859618952,NA,-21.37064354819536,NA,-21.197885713347908,NA,1.3547360937852992,NA,1.3544042392735065,NA,1.0112501093178448,NA,1.0108747896025891,NA
9877348,1,n ø t u j,5,-18.16927071091751,NA,-22.851523275546036,NA,-22.813072474048504,NA,1.1724206207819898,NA,1.1723948121172356,NA,1.0038089132465688,NA,1.0038168140055153,NA
9877348,75,b o v a n,5,-16.83581550168471,NA,-13.814124853759685,NA,-13.841845975944103,NA,1.4255332248977568,NA,1.4250378444168188,NA,1.0453074842543126,NA,1.042851145035386,NA
9877348,60,ɫ a c ø c,5,-23.235335254641484,NA,-Inf,NA,-28.96719851740822,NA,1.2828819495149104,NA,1.2826763461817758,NA,1.0028718440034152,NA,1.002938782604458,NA
9877348,3,b o p o p,5,-19.25272795784617,NA,-15.57498426327942,NA,-15.61426036762116,NA,1.1967740047349058,NA,1.1967095549773488,NA,1.013486997864271,NA,1.0129840432080757,NA
9877348,5,b a ʒ ɯ ʒ,5,-21.802442132376388,NA,-Inf,NA,-24.18673784570743,NA,1.3864139275709753,NA,1.3860244830363206,NA,1.0201473136915078,NA,1.0193065798346137,NA
9877348,3,n ɯ l e ɾ,5,-16.520523019156673,NA,-22.578512005763056,NA,-22.1906184306061,NA,1.2705379652284161,NA,1.2703174772901622,NA,1.016447580336092,NA,1.015654592290636,NA
9877348,4,b o j ɯ ʒ,5,-20.84349534209708,NA,-Inf,NA,-21.13094063982574,NA,1.2260955689867723,NA,1.2259830322796048,NA,1.015232344142505,NA,1.0146378960431903,NA
9877348,68,t͡ʃ ø z y z,5,-21.128620852346465,NA,-17.361344872511363,NA,-17.40089460771028,NA,1.1286143668362545,NA,1.1286672682108094,NA,1.004828700340673,NA,1.0047832706322961,NA
9877348,66,n e l e s,5,-16.133712940143006,NA,-22.309363966878458,NA,-21.94511758334053,NA,1.3421106100147846,NA,1.3417826732353673,NA,1.0138487784772976,NA,1.0132823171708598,NA
9877348,2,b u ʒ o ʒ,5,-23.76539676955428,NA,-21.96391548170358,NA,-21.79262912069044,NA,1.1538250828724028,NA,1.1538408478098283,NA,1.007399882196474,NA,1.007226945611721,NA
9877348,2,d͡ʒ e t͡ʃ y c,5,-21.506949174184605,NA,-23.436694565711367,NA,-23.25424943879691,NA,1.2256817579040702,NA,1.2255731677132062,NA,1.0104750503657995,NA,1.010138519579413,NA
9877348,3,n ɯ c ø c,5,-24.59275852015271,NA,-Inf,NA,-31.976683335339587,NA,1.0792927943891235,NA,1.079439427988085,NA,1.0003249566724437,NA,1.0005257916572736,NA
9877348,2,n u m ɯ s,5,-16.305931248897558,NA,-20.66468488363234,NA,-20.66177310337561,NA,1.2173321314639536,NA,1.2172245120444172,NA,1.0077581809890988,NA,1.0075488759046425,NA
9877348,1,b o ʒ u z,5,-21.370274141785384,NA,-17.449334712896025,NA,-17.52465638865124,NA,1.1916820725344242,NA,1.1916245129596132,NA,1.009300937004208,NA,1.0090117245270502,NA
9877348,3,t a ɟ e z,5,-19.01299062520888,NA,-Inf,NA,-20.823952022657384,NA,1.4656215227621532,NA,1.465084309540202,NA,1.0269158977146384,NA,1.0257003443047683,NA
9877348,1,n ɯ m ɯ j,5,-16.47599478408919,NA,-22.39373489217684,NA,-22.38175273448392,NA,1.1966103780074966,NA,1.196542055220454,NA,1.0026502266538255,NA,1.0027197340448553,NA
9877348,3,ɟ y d o n,5,-21.99388355485576,NA,-22.032124077243957,NA,-21.630787091891495,NA,1.1962433826356678,NA,1.196159913782388,NA,1.0079719201002924,NA,1.0077160801194214,NA
9877348,6,l i l i c,5,-21.734197850255633,NA,-31.06847061939216,NA,-30.413037420901233,NA,1.2188544098693368,NA,1.2187494709030118,NA,1.0021248087384225,NA,1.002227217500095,NA
9877348,3,d͡ʒ e b ɯ ʒ,5,-20.21495022879154,NA,-Inf,NA,-22.87691116711818,NA,1.2686811486325449,NA,1.2684950947185034,NA,1.0124836117672047,NA,1.0120414031131446,NA
9877348,4,ɟ y f ɯ t͡ʃ,5,-23.521012578915236,NA,-25.37166299204228,NA,-24.957736942410385,NA,1.1507777147848135,NA,1.1507931543712089,NA,1.0033263350439428,NA,1.0033620285817637,NA
9877348,4,b o ʒ ɯ ʒ,5,-23.550529799079456,NA,-Inf,NA,-24.723680424475265,NA,1.1847241528742682,NA,1.1846836525864934,NA,1.0074750485138266,NA,1.007300128463721,NA
9877348,3,n y g o h,5,-19.02195772176377,NA,-27.137278020652435,NA,-26.404681357779356,NA,1.1333131439367587,NA,1.133360109385657,NA,1.0020494295650315,NA,1.002157274256292,NA
9877348,5,d ɯ ʒ o ʒ,5,-23.464882873585843,NA,-Inf,NA,-23.9795220145898,NA,1.1293508774986598,NA,1.1294089752286451,NA,1.0015496170448657,NA,1.0016841358988702,NA
9877348,3,s ø ɟ e v,5,-22.79528403658063,NA,-Inf,NA,-24.307406591636536,NA,1.2117460774005275,NA,1.2116501844406864,NA,1.0060152288996411,NA,1.0058751054370156,NA
9877348,7,b u ʃ ɯ z,5,-18.694443256827626,NA,-15.374699720473922,NA,-15.412193074961616,NA,1.228789864159734,NA,1.2286669214026904,NA,1.0123098572091858,NA,1.0118615371614068,NA
9877348,3,ɟ e j ø z,5,-22.82835379958052,NA,-Inf,NA,-24.81298284362385,NA,1.235195590882307,NA,1.2350658781575348,NA,1.009898018351088,NA,1.0095907634262449,NA
9877348,1,ɟ ø ʒ o ʒ,5,-29.203929342940828,NA,-Inf,NA,-29.447557759589778,NA,1.0439095087456904,NA,1.044115390525366,NA,1.0001956309096838,NA,1.000401295176374,NA
9877348,4,b i h a z,5,-16.349811613063217,NA,-13.978638446451834,NA,-14.016391150784171,NA,1.3901143932549385,NA,1.3896998755559016,NA,1.0281388334347332,NA,1.0267959716117114,NA
9871900,26,g ɯ d͡ʒ u z,5,-19.58384312679565,NA,-16.64152559173808,NA,-16.684403427045364,NA,1.1622032293487097,NA,1.1621965111059591,NA,1.0059499347177645,NA,1.0058336162439705,NA
9871900,0,v ɯ ʒ u v,5,-21.86808593813512,NA,-Inf,NA,-26.703531252513827,NA,1.126951629435814,NA,1.1270081147295898,NA,1.000727269349632,NA,1.000902377044206,NA
9871900,63,n y n u s,5,-16.715340873276865,NA,-20.662916646783795,NA,-20.659392548169652,NA,1.2376893062998182,NA,1.237547081745812,NA,1.0108372213398642,NA,1.0104573725021138,NA
9871900,17,n ø m o s,5,-18.203872787484933,NA,-22.19842578179625,NA,-22.165436338076113,NA,1.1411016056561956,NA,1.141128679586091,NA,1.0035204518715182,NA,1.0035409822204415,NA
9871900,11,l i v ø h,5,-20.904794873852836,NA,-Inf,NA,-30.017786917374448,NA,1.1384315211614455,NA,1.138471070171428,NA,1.0021258039899703,NA,1.0022313327026664,NA
9871900,93,l y g a v,5,-19.4935962146241,NA,-Inf,NA,-27.80790591371226,NA,1.2871157130376376,NA,1.2868816916145254,NA,1.008373111461021,NA,1.0080891173681017,NA
9871900,100,k o ɾ a n,5,-14.411209921897514,NA,-12.294347060400495,NA,-12.318134780608212,NA,1.5780166675354677,NA,1.5772563021989838,NA,1.0788840359427352,NA,1.0746155597877969,NA
9871900,32,t͡ʃ ø ɟ y z,5,-24.87512157612903,NA,-22.11753265394216,NA,-21.28303150118376,NA,1.0902953872221697,NA,1.090415010076083,NA,1.0022148482989617,NA,1.00231031519471,NA
9871900,1,b u ʒ u ʒ,5,-23.578702027948104,NA,-22.55607533141792,NA,-22.360285906391308,NA,1.1751938218318876,NA,1.175170692528559,NA,1.0072042512867905,NA,1.0070435603192218,NA
9871900,0,g ɯ k o ʒ,5,-20.74619112225676,NA,-16.915237145151256,NA,-17.041707617482654,NA,1.1737865511481944,NA,1.1737670683301502,NA,1.0095969845870632,NA,1.0093013998750595,NA
9871900,81,ɟ ø c ø c,5,-30.98030987081792,NA,-Inf,NA,-35.04234390027842,NA,1.025304435597176,NA,1.0255444598001535,NA,1,1,1.0002179098838746,1
9871900,24,z o ɟ i t,5,-20.9589136182378,NA,-22.968824668964604,NA,-22.49812583794652,NA,1.2408518651515077,NA,1.2406922707790116,NA,1.0084540930642174,NA,1.0081503933184568,NA
9871900,0,j o b u ʒ,5,-21.05836231257191,NA,-20.278068086553,NA,-20.20804314631168,NA,1.1710790683578258,NA,1.171062773355354,NA,1.0066664843883977,NA,1.006528208768726,NA
9871900,100,ɫ o t o s,5,-16.650452551067872,NA,-19.86130929042026,NA,-19.87178226056184,NA,1.1968532583423572,NA,1.1967836503746367,NA,1.0076982350654493,NA,1.0074960391662156,NA
9871900,92,k a t ø ɾ,5,-15.581196584717304,NA,-14.400670214601377,NA,-14.436010397238292,NA,1.5237210169792808,NA,1.5230713014199444,NA,1.059134654867906,NA,1.0562306009407805,NA
9871900,60,ɟ y ɟ e c,5,-28.306538947779316,NA,-Inf,NA,-32.95524219839198,NA,1.1788422801113725,NA,1.1788073260166032,NA,1.0007066108268936,NA,1.0008808204183293,NA
9871900,0,n u ʒ ɯ ʒ,5,-22.62968325066944,NA,-Inf,NA,-29.197550883061453,NA,1.14000794273881,NA,1.140044772486502,NA,1.0008134367287314,NA,1.0009885521090411,NA
9871900,0,ɟ i ʒ ɯ ʒ,5,-26.41709941367645,NA,-Inf,NA,-33.307818772675844,NA,1.1410997399260654,NA,1.1411346658902664,NA,1.0003270467676877,NA,1.0005276672406118,NA
9871900,60,p o c y z,5,-22.132396809934985,NA,-Inf,NA,-22.792875288841223,NA,1.1404551220852177,NA,1.1404879493119304,NA,1.0044867211475823,NA,1.0044629596393846,NA
9871900,29,n ɯ ʒ ɯ v,5,-20.37155439509228,NA,-Inf,NA,-29.078542120513493,NA,1.1398926451023728,NA,1.1399258609218608,NA,1.0003901669756716,NA,1.0005869200881068,NA
9871900,9,b e v a ʒ,5,-18.887323500746025,NA,-15.872593466040806,NA,-16.021901122917775,NA,1.460613178860639,NA,1.460082582720464,NA,1.0349086258500086,NA,1.033249828288036,NA
9871900,0,b u z e ʒ,5,-20.09685568317635,NA,-17.84329781622566,NA,-17.964161616964663,NA,1.276667630723205,NA,1.2764627987655124,NA,1.0139315296225708,NA,1.0134023197983453,NA
9871900,17,l e l ø c,5,-23.921630741113155,NA,-Inf,NA,-32.749337306429,NA,1.1941895614424562,NA,1.1941372749111134,NA,1.0030524364984192,NA,1.0031089785467553,NA
9871900,42,g a d͡ʒ ɯ ʃ,5,-18.1433036565909,NA,-15.499386284508248,NA,-15.553373615329928,NA,1.387167586098868,NA,1.3867697858340529,NA,1.015460105386242,NA,1.014803618740054,NA
9871900,0,ɫ a n y j,5,-15.527981142957266,NA,-20.048631415631327,NA,-20.029886559218973,NA,1.394546693721347,NA,1.394138324722925,NA,1.0266470238072245,NA,1.0254534974166822,NA
9871900,0,b i j u ʒ,5,-19.982779180288727,NA,-18.35629998851609,NA,-18.296720384198927,NA,1.2375249433170086,NA,1.237393515128245,NA,1.019368047964322,NA,1.0185609454976876,NA
9871900,35,n e n u v,5,-16.389638161368726,NA,-20.325068448436717,NA,-20.31731129385749,NA,1.3208179980421255,NA,1.320538269610069,NA,1.0235487936312362,NA,1.0225154110321275,NA
9871900,37,b e v u z,5,-18.05359379807402,NA,-15.116452617134565,NA,-15.154527759561976,NA,1.3293865865827923,NA,1.3290904472457938,NA,1.027526083033521,NA,1.0262694472757412,NA
9871900,0,n ɯ ʒ a v,5,-19.02502844047022,NA,-Inf,NA,-25.556872791643976,NA,1.278077157040375,NA,1.277858856769651,NA,1.005851378448144,NA,1.0057071346124649,NA
9871900,40,l i l i v,5,-19.457588243664848,NA,-29.20991366924059,NA,-28.687492054822933,NA,1.2303966335406769,NA,1.2302676592286446,NA,1.003298594196525,NA,1.0033275292550925,NA
9871900,0,n ɯ m ø h,5,-18.510789566710663,NA,-25.526286904340548,NA,-25.20620087924542,NA,1.139300164226838,NA,1.1393380184036568,NA,1.0014200635832908,NA,1.0015627469235224,NA
9871900,7,ɟ y ʒ i l,5,-25.474223572256346,NA,-26.086164584076812,NA,-25.658577276474528,NA,1.194726574470686,NA,1.1946604814688004,NA,1.001869088084923,NA,1.001974463736933,NA
9871900,14,f u m o ʒ,5,-21.086399553296257,NA,-19.904477032559072,NA,-20.00660012235896,NA,1.162493303534497,NA,1.16249350220586,NA,1.0069418990854422,NA,1.006788724097161,NA
9871900,0,v ø ʒ ɯ h,5,-23.024241178401727,NA,-Inf,NA,-30.45570700382361,NA,1.1036756719502918,NA,1.1037711769871554,NA,1.0001956309096838,NA,1.000401295176374,NA
9871900,63,k o ɫ ɯ ɾ,5,-15.746838565630412,NA,-13.10667453460241,NA,-13.133460503117467,NA,1.3892399649311546,NA,1.3888182062736574,NA,1.0364363220655193,NA,1.0346301929585895,NA
9871900,19,b i j o ʒ,5,-20.1694739218949,NA,-16.17150934468403,NA,-16.29228988361789,NA,1.2161562043575238,NA,1.2160636704095142,NA,1.0185949627078428,NA,1.0178290236238705,NA
9871900,60,n u t i v,5,-16.447775065614174,NA,-21.189892153387195,NA,-21.184203947153694,NA,1.2797613550678195,NA,1.27954636548282,NA,1.0249284051823029,NA,1.0237745264935774,NA
9871900,0,d͡ʒ o ʒ u ʒ,5,-24.29401030874191,NA,-24.243601785484508,NA,-24.17251025107207,NA,1.127716441668515,NA,1.127775417851205,NA,1.0007051178379167,NA,1.0008859248512416,NA
9871900,0,b e ʒ a ʒ,5,-20.93058538584836,NA,-19.48837816175328,NA,-19.69732468362156,NA,1.4303068450549048,NA,1.4298290186764984,NA,1.014235691359507,NA,1.013693300711423,NA
9871900,100,ɫ a g a v,5,-15.754122332862629,NA,-20.553058174302627,NA,-20.559783658839276,NA,1.4882072475199175,NA,1.487625321159881,NA,1.011899048999812,NA,1.011429504802159,NA
9871900,0,b i ʒ a ʒ,5,-21.12842071217421,NA,-20.462820259132272,NA,-20.59539447720862,NA,1.344139167411924,NA,1.3438104200605814,NA,1.013475717377768,NA,1.0129733469207105,NA
9871900,60,l e m i m,5,-16.284865608541942,NA,-21.681059717316177,NA,-21.31860352956532,NA,1.380102008877493,NA,1.3797039565377944,NA,1.023384257708429,NA,1.022273629864209,NA
9871900,23,c ø d ø l,5,-25.273737592608967,NA,-Inf,NA,-27.063517981829783,NA,1.0636055587079187,NA,1.0637759789037924,NA,1.0001114910985065,NA,1.0003233777080158,NA
9871900,0,g ɯ ʃ e ʒ,5,-20.680133976363813,NA,-18.215759687198577,NA,-18.34658379874023,NA,1.2236976698046218,NA,1.2235845791944204,NA,1.0074075246463592,NA,1.007225242015273,NA
9871900,0,m y k o ʒ,5,-19.93043596815668,NA,-16.300780365266558,NA,-16.417412400213216,NA,1.2520745572399474,NA,1.2519196738829383,NA,1.0326605479495878,NA,1.031153503453037,NA
9871900,12,ɫ a ɾ u j,5,-14.988213898012642,NA,-18.225237785879074,NA,-18.23265340120377,NA,1.4806633127456936,NA,1.48010342214873,NA,1.0515741074637193,NA,1.0490474569155095,NA
9871900,0,l y g ɯ ʒ,5,-22.883384054348497,NA,-Inf,NA,-31.210086947359827,NA,1.1381062907638022,NA,1.1381463270545598,NA,1.0003964076179663,NA,1.000592585698109,NA
9871900,100,m y m y ɾ,5,-16.704255115308886,NA,-13.020817250140125,NA,-13.053521821836997,NA,1.3152884044924409,NA,1.3149976658456903,NA,1.0360942196571266,NA,1.0343698974546898,NA
9871900,69,m y z a ʒ,5,-19.26885615927756,NA,-16.145731724613096,NA,-16.288993267502523,NA,1.397336491187185,NA,1.3969153080698635,NA,1.0416189337331847,NA,1.0396162450988709,NA
9871900,0,g o ɟ i ʒ,5,-24.90517828366109,NA,-25.463316038560684,NA,-25.0238451006757,NA,1.213844639629624,NA,1.21374827950693,NA,1.001203603704403,NA,1.001357562313273,NA
9871900,34,n ɯ c i c,5,-22.207490302969337,NA,-Inf,NA,-31.27784518309206,NA,1.190125320458985,NA,1.1900702225959,NA,1.000651008188583,NA,1.0008314338114397,NA
9871900,68,b a ɟ ø z,5,-22.46994439760235,NA,-Inf,NA,-18.968121900756447,NA,1.3525891302094293,NA,1.3522568267997628,NA,1.0208335147527232,NA,1.0199546011622187,NA
9871900,8,n e p y j,5,-16.98879234295367,NA,-21.717938967258256,NA,-21.69222912574372,NA,1.2636746444640563,NA,1.2634932080325365,NA,1.0096114935791205,NA,1.0093200333401624,NA
9871900,0,z a ʒ o h,5,-20.01616939621291,NA,-23.3231454652614,NA,-23.200842055018715,NA,1.3161703693104103,NA,1.3159010409835006,NA,1.0043869150779896,NA,1.0043743138247614,NA
9871900,0,g a ɟ e ʒ,5,-22.959255290632175,NA,-Inf,NA,-23.771850826744977,NA,1.408639434555404,NA,1.4082066800608468,NA,1.0072505448133169,NA,1.0070846951102934,NA
9871900,17,d͡ʒ o c ø c,5,-26.257085578225187,NA,-Inf,NA,-31.597534878858212,NA,1.087742629560516,NA,1.0878746424072625,NA,1.0005961022486871,NA,1.000782672398996,NA
9871900,0,g u ʒ i ʒ,5,-23.367105446041258,NA,-22.71019322061325,NA,-22.662694231245467,NA,1.214496991418963,NA,1.2143994984214512,NA,1.0018219484717603,NA,1.001942235984122,NA
9871900,63,ɫ o c e c,5,-22.400319377835324,NA,-Inf,NA,-30.01158029879595,NA,1.185129721117138,NA,1.185083880443854,NA,1.0027646697523702,NA,1.0028307383165231,NA
9871900,0,d ɯ ʒ a ʒ,5,-21.716795206882775,NA,-Inf,NA,-23.190543246412652,NA,1.298705256665564,NA,1.2984551045728236,NA,1.0026417382010682,NA,1.002708745557405,NA
9871900,37,f u c ø c,5,-26.0945671202964,NA,-Inf,NA,-30.40486528288016,NA,1.0953217853843475,NA,1.0954406909713434,NA,1.0008668994757235,NA,1.001039240543495,NA
9871900,74,ɟ ø ɟ i n,5,-26.154797849000957,NA,-Inf,NA,-25.981965253358386,NA,1.207646283033087,NA,1.2075351451808032,NA,1.0123140448014616,NA,1.0117616811066352,NA
9871900,0,f u ʒ a ʒ,5,-22.57009892571624,NA,-23.084878726681055,NA,-23.104809642140214,NA,1.283281237699766,NA,1.283057751040734,NA,1.0022636671308394,NA,1.002350487946775,NA
9871900,10,l e g o h,5,-19.527053505632765,NA,-27.75113638166346,NA,-27.308708531329852,NA,1.2198662238523628,NA,1.2197634326360676,NA,1.0014568108084176,NA,1.0015956377134012,NA
9871900,81,ɟ ø c e c,5,-28.397206327308695,NA,-Inf,NA,-33.97421042400016,NA,1.1292419818961106,NA,1.1292928245120586,NA,1.000652103032279,NA,1.0008291941922065,NA
9871900,92,m y ɾ i ɾ,5,-15.182460061139956,NA,-12.93841945288009,NA,-12.964678761998291,NA,1.495928832346916,NA,1.4953164266216838,NA,1.0626490882923791,NA,1.0594042295798347,NA
9871900,70,ɫ a m i v,5,-15.108322670255824,NA,-19.84096460834095,NA,-19.840167964977656,NA,1.45267848057084,NA,1.452164539040134,NA,1.022668785041178,NA,1.0216640887099704,NA
9871900,64,c ø j a ʒ,5,-23.630776844730175,NA,-Inf,NA,-22.239940954309937,NA,1.2565841996509106,NA,1.2564064248544844,NA,1.012129479451536,NA,1.0116719887342391,NA
9871900,69,ɟ i ɟ ø c,5,-29.71307202815976,NA,-Inf,NA,-34.785338500309926,NA,1.0897985812994395,NA,1.0899270408894737,NA,1.0001090155892292,NA,1.0003211623361203,NA
9871900,69,t͡ʃ ø j u z,5,-20.529026950681207,NA,-17.342610045374,NA,-17.381051887526098,NA,1.151992514259162,NA,1.1520031350348077,NA,1.0064343510181284,NA,1.0062899141251958,NA
9871900,0,b o ʒ a ʒ,5,-22.204003844457393,NA,-19.321037408784147,NA,-19.52975317079178,NA,1.3229086648122703,NA,1.3226166484342836,NA,1.008762800579713,NA,1.0085081234147557,NA
9871900,68,t i k a n,5,-13.448013540026771,NA,-12.360180704819967,NA,-12.378790372777791,NA,1.4875821102169142,NA,1.486979033124867,NA,1.045676820009706,NA,1.0431959745683663,NA
9871900,0,l e ʒ ɯ ʒ,5,-23.42246110699022,NA,-Inf,NA,-31.37937590764058,NA,1.2326268805400291,NA,1.2325034590587125,NA,1.000599585740761,NA,1.000785798371226,NA
9871900,8,b e ɟ e ʒ,5,-22.756632689956056,NA,-Inf,NA,-24.058032387919113,NA,1.345476034124718,NA,1.3451525821532777,NA,1.0127182103550003,NA,1.0122651834486156,NA
9871900,5,n ɯ t y j,5,-16.745705986388092,NA,-22.3564259100322,NA,-22.34000437551107,NA,1.1865969150263898,NA,1.1865483757315416,NA,1.0045937259415338,NA,1.0045620755887812,NA
9871900,0,t͡ʃ ø j u ʒ,5,-22.924149578450105,NA,-20.79768766887971,NA,-20.742784223544646,NA,1.135233466329589,NA,1.13527898588403,NA,1.004608462527747,NA,1.0045783180618666,NA
9871900,70,k a n i n,5,-13.587711962107177,NA,-12.244157249014869,NA,-12.2628318923973,NA,1.6359797029730567,NA,1.6351267738613084,NA,1.0856556606918544,NA,1.0812238961757654,NA
9871900,0,l y v ø h,5,-22.081365336981623,NA,-Inf,NA,-30.783197051114545,NA,1.123537673674444,NA,1.123602990586653,NA,1.0013626948653658,NA,1.0015085655369462,NA
9871900,0,b u ɟ y ʒ,5,-25.21776219641355,NA,-24.02607612181347,NA,-23.4120433072708,NA,1.1548681109073993,NA,1.1548819472629457,NA,1.0073371474025232,NA,1.007168032552784,NA
9871900,100,n i l i s,5,-16.529383592794712,NA,-21.972909806953865,NA,-21.72458759793683,NA,1.262837912142731,NA,1.2626465045153608,NA,1.0115151948241032,NA,1.0110619225343378,NA
9871900,86,ɟ y ɟ ø c,5,-30.88964249128854,NA,-Inf,NA,-34.02337567467023,NA,1.0749047338124378,NA,1.0750589613046984,NA,1.0000545077946146,NA,1.0002695361099974,NA
9871900,53,n i n u v,5,-16.587473487694577,NA,-20.74289718035614,NA,-20.73475916364208,NA,1.2346503203991448,NA,1.234519670994152,NA,1.015385861708921,NA,1.0147833558081725,NA
9871900,61,g ɯ d͡ʒ i l,5,-19.64465247954083,NA,-16.929800719720177,NA,-16.98778054263725,NA,1.223765991720176,NA,1.2236495458961485,NA,1.0081634508787554,NA,1.007928985502199,NA
9871900,0,b u j u ʒ,5,-20.87166757096573,NA,-19.733680700888875,NA,-19.668499765417735,NA,1.2165652379443916,NA,1.21647007222167,NA,1.0105687883162064,NA,1.0102253180186327,NA
9871900,68,k o n ø ɾ,5,-17.468982673500772,NA,-15.665847293331234,NA,-15.67041392566706,NA,1.3263918658517442,NA,1.3260835017678103,NA,1.0230245152622903,NA,1.0220198569868446,NA
9871900,42,v ø l i v,5,-21.2450194600926,NA,-Inf,NA,-31.53443408186967,NA,1.1757448274064406,NA,1.1757104148958002,NA,1.0014998369742418,NA,1.0016238637930377,NA
9871900,53,m e t ø ɾ,5,-16.305709239281132,NA,-14.332928742029557,NA,-14.370439435773992,NA,1.415624745175706,NA,1.415162037061878,NA,1.0262030905848891,NA,1.0250322748512253,NA
9871900,100,m a k a n,5,-13.008346846234591,NA,-11.28043634275908,NA,-11.300021336865491,NA,1.6891002822706591,NA,1.6881485735739905,NA,1.0828270821289048,NA,1.078388901097211,NA
9871900,77,t͡ʃ ø v a n,5,-18.701602767562907,NA,-15.100178717825774,NA,-15.129210912490072,NA,1.3444722505099906,NA,1.3441170867989016,NA,1.0395669313903486,NA,1.0374122129692265,NA
9871900,69,k a k u ɾ,5,-14.067811152368842,NA,-12.708404717891712,NA,-12.729721104711002,NA,1.5578537830579977,NA,1.5571414460631403,NA,1.0749244666982,NA,1.071116634968564,NA
9871900,24,n u c ø c,5,-24.807625490627537,NA,-Inf,NA,-31.30367927011791,NA,1.090233002361394,NA,1.0903607082649016,NA,1.000704421139502,NA,1.0008852996567954,NA
9871900,76,t i m y ɾ,5,-15.294846811552397,NA,-13.660054019068708,NA,-13.685647803861627,NA,1.3091233520227514,NA,1.3088432638048708,NA,1.0122665021223751,NA,1.011794088919323,NA
9871900,95,t i t e n,5,-13.939688353962891,NA,-13.031948462442172,NA,-13.050716201785225,NA,1.4094012502297124,NA,1.4089409685681276,NA,1.034895013822322,NA,1.0331065768439232,NA
9871900,81,l e l i c,5,-21.536362523929785,NA,-31.435382275761945,NA,-30.66420479306158,NA,1.3050220875123175,NA,1.3047680695189283,NA,1.0033784880145589,NA,1.0034146207009211,NA
9871900,60,n u t a s,5,-14.726567453647792,NA,-18.016363167590757,NA,-18.02466558703151,NA,1.375248465052452,NA,1.3748549722517678,NA,1.0268849669602398,NA,1.0255614198293237,NA
9871900,0,g ɯ ʃ ø z,5,-20.868114892104145,NA,-17.68946998702973,NA,-17.66557104382508,NA,1.1365191714352605,NA,1.1365603636332933,NA,1.0043221992368574,NA,1.0043105088894526,NA
9871900,0,ɟ y ʒ u ʒ,5,-27.80853684728006,NA,-29.28500826667853,NA,-28.708564247230676,NA,1.1164047641696466,NA,1.1164832975278336,NA,1.0001090155892292,NA,1.0003211623361203,NA
9871989,16,g ɯ d͡ʒ i l,5,-19.64465247954083,NA,-16.929800719720177,NA,-16.98778054263725,NA,1.223765991720176,NA,1.2236495458961485,NA,1.0081634508787554,NA,1.007928985502199,NA
9871989,78,l e l ø c,5,-23.921630741113155,NA,-Inf,NA,-32.749337306429,NA,1.1941895614424562,NA,1.1941372749111134,NA,1.0030524364984192,NA,1.0031089785467553,NA
9871989,75,k a n i n,5,-13.587711962107177,NA,-12.244157249014869,NA,-12.2628318923973,NA,1.6359797029730567,NA,1.6351267738613084,NA,1.0856556606918544,NA,1.0812238961757654,NA
9871989,29,l i l i v,5,-19.457588243664848,NA,-29.20991366924059,NA,-28.687492054822933,NA,1.2303966335406769,NA,1.2302676592286446,NA,1.003298594196525,NA,1.0033275292550925,NA
9871989,75,ɟ i ɟ ø c,5,-29.71307202815976,NA,-Inf,NA,-34.785338500309926,NA,1.0897985812994395,NA,1.0899270408894737,NA,1.0001090155892292,NA,1.0003211623361203,NA
9871989,86,l y g ɯ ʒ,5,-22.883384054348497,NA,-Inf,NA,-31.210086947359827,NA,1.1381062907638022,NA,1.1381463270545598,NA,1.0003964076179663,NA,1.000592585698109,NA
9871989,10,d ɯ ʒ a ʒ,5,-21.716795206882775,NA,-Inf,NA,-23.190543246412652,NA,1.298705256665564,NA,1.2984551045728236,NA,1.0026417382010682,NA,1.002708745557405,NA
9871989,73,l y g a v,5,-19.4935962146241,NA,-Inf,NA,-27.80790591371226,NA,1.2871157130376376,NA,1.2868816916145254,NA,1.008373111461021,NA,1.0080891173681017,NA
9871989,34,ɟ y ɟ ø c,5,-30.88964249128854,NA,-Inf,NA,-34.02337567467023,NA,1.0749047338124378,NA,1.0750589613046984,NA,1.0000545077946146,NA,1.0002695361099974,NA
9871989,83,m y k o ʒ,5,-19.93043596815668,NA,-16.300780365266558,NA,-16.417412400213216,NA,1.2520745572399474,NA,1.2519196738829383,NA,1.0326605479495878,NA,1.031153503453037,NA
9871989,78,t͡ʃ ø v a n,5,-18.701602767562907,NA,-15.100178717825774,NA,-15.129210912490072,NA,1.3444722505099906,NA,1.3441170867989016,NA,1.0395669313903486,NA,1.0374122129692265,NA
9871989,32,n u t i v,5,-16.447775065614174,NA,-21.189892153387195,NA,-21.184203947153694,NA,1.2797613550678195,NA,1.27954636548282,NA,1.0249284051823029,NA,1.0237745264935774,NA
9871989,87,m e t ø ɾ,5,-16.305709239281132,NA,-14.332928742029557,NA,-14.370439435773992,NA,1.415624745175706,NA,1.415162037061878,NA,1.0262030905848891,NA,1.0250322748512253,NA
9871989,87,t͡ʃ ø j u ʒ,5,-22.924149578450105,NA,-20.79768766887971,NA,-20.742784223544646,NA,1.135233466329589,NA,1.13527898588403,NA,1.004608462527747,NA,1.0045783180618666,NA
9871989,94,n i n u v,5,-16.587473487694577,NA,-20.74289718035614,NA,-20.73475916364208,NA,1.2346503203991448,NA,1.234519670994152,NA,1.015385861708921,NA,1.0147833558081725,NA
9871989,21,ɟ i ʒ ɯ ʒ,5,-26.41709941367645,NA,-Inf,NA,-33.307818772675844,NA,1.1410997399260654,NA,1.1411346658902664,NA,1.0003270467676877,NA,1.0005276672406118,NA
9871989,78,ɟ ø c ø c,5,-30.98030987081792,NA,-Inf,NA,-35.04234390027842,NA,1.025304435597176,NA,1.0255444598001535,NA,1,1,1.0002179098838746,1
9871989,88,l e g o h,5,-19.527053505632765,NA,-27.75113638166346,NA,-27.308708531329852,NA,1.2198662238523628,NA,1.2197634326360676,NA,1.0014568108084176,NA,1.0015956377134012,NA
9871989,89,b o ʒ a ʒ,5,-22.204003844457393,NA,-19.321037408784147,NA,-19.52975317079178,NA,1.3229086648122703,NA,1.3226166484342836,NA,1.008762800579713,NA,1.0085081234147557,NA
9871989,27,m y ɾ i ɾ,5,-15.182460061139956,NA,-12.93841945288009,NA,-12.964678761998291,NA,1.495928832346916,NA,1.4953164266216838,NA,1.0626490882923791,NA,1.0594042295798347,NA
9871989,85,t i m y ɾ,5,-15.294846811552397,NA,-13.660054019068708,NA,-13.685647803861627,NA,1.3091233520227514,NA,1.3088432638048708,NA,1.0122665021223751,NA,1.011794088919323,NA
9871989,90,n ɯ ʒ a v,5,-19.02502844047022,NA,-Inf,NA,-25.556872791643976,NA,1.278077157040375,NA,1.277858856769651,NA,1.005851378448144,NA,1.0057071346124649,NA
9871989,80,v ɯ ʒ u v,5,-21.86808593813512,NA,-Inf,NA,-26.703531252513827,NA,1.126951629435814,NA,1.1270081147295898,NA,1.000727269349632,NA,1.000902377044206,NA
9871989,82,n ɯ ʒ ɯ v,5,-20.37155439509228,NA,-Inf,NA,-29.078542120513493,NA,1.1398926451023728,NA,1.1399258609218608,NA,1.0003901669756716,NA,1.0005869200881068,NA
9871989,82,k a k u ɾ,5,-14.067811152368842,NA,-12.708404717891712,NA,-12.729721104711002,NA,1.5578537830579977,NA,1.5571414460631403,NA,1.0749244666982,NA,1.071116634968564,NA
9871989,54,l y v ø h,5,-22.081365336981623,NA,-Inf,NA,-30.783197051114545,NA,1.123537673674444,NA,1.123602990586653,NA,1.0013626948653658,NA,1.0015085655369462,NA
9871989,78,c ø j a ʒ,5,-23.630776844730175,NA,-Inf,NA,-22.239940954309937,NA,1.2565841996509106,NA,1.2564064248544844,NA,1.012129479451536,NA,1.0116719887342391,NA
9871989,87,g u ʒ i ʒ,5,-23.367105446041258,NA,-22.71019322061325,NA,-22.662694231245467,NA,1.214496991418963,NA,1.2143994984214512,NA,1.0018219484717603,NA,1.001942235984122,NA
9871989,28,d͡ʒ o ʒ u ʒ,5,-24.29401030874191,NA,-24.243601785484508,NA,-24.17251025107207,NA,1.127716441668515,NA,1.127775417851205,NA,1.0007051178379167,NA,1.0008859248512416,NA
9871989,86,b u ɟ y ʒ,5,-25.21776219641355,NA,-24.02607612181347,NA,-23.4120433072708,NA,1.1548681109073993,NA,1.1548819472629457,NA,1.0073371474025232,NA,1.007168032552784,NA
9871989,22,f u ʒ a ʒ,5,-22.57009892571624,NA,-23.084878726681055,NA,-23.104809642140214,NA,1.283281237699766,NA,1.283057751040734,NA,1.0022636671308394,NA,1.002350487946775,NA
9871989,77,d͡ʒ o c ø c,5,-26.257085578225187,NA,-Inf,NA,-31.597534878858212,NA,1.087742629560516,NA,1.0878746424072625,NA,1.0005961022486871,NA,1.000782672398996,NA
9871989,76,ɟ y ʒ i l,5,-25.474223572256346,NA,-26.086164584076812,NA,-25.658577276474528,NA,1.194726574470686,NA,1.1946604814688004,NA,1.001869088084923,NA,1.001974463736933,NA
9871989,76,ɫ o c e c,5,-22.400319377835324,NA,-Inf,NA,-30.01158029879595,NA,1.185129721117138,NA,1.185083880443854,NA,1.0027646697523702,NA,1.0028307383165231,NA
9871989,88,v ø l i v,5,-21.2450194600926,NA,-Inf,NA,-31.53443408186967,NA,1.1757448274064406,NA,1.1757104148958002,NA,1.0014998369742418,NA,1.0016238637930377,NA
9871989,69,m y m y ɾ,5,-16.704255115308886,NA,-13.020817250140125,NA,-13.053521821836997,NA,1.3152884044924409,NA,1.3149976658456903,NA,1.0360942196571266,NA,1.0343698974546898,NA
9871989,23,c ø d ø l,5,-25.273737592608967,NA,-Inf,NA,-27.063517981829783,NA,1.0636055587079187,NA,1.0637759789037924,NA,1.0001114910985065,NA,1.0003233777080158,NA
9871989,88,l e l i c,5,-21.536362523929785,NA,-31.435382275761945,NA,-30.66420479306158,NA,1.3050220875123175,NA,1.3047680695189283,NA,1.0033784880145589,NA,1.0034146207009211,NA
9871989,15,g a ɟ e ʒ,5,-22.959255290632175,NA,-Inf,NA,-23.771850826744977,NA,1.408639434555404,NA,1.4082066800608468,NA,1.0072505448133169,NA,1.0070846951102934,NA
9871989,89,k o n ø ɾ,5,-17.468982673500772,NA,-15.665847293331234,NA,-15.67041392566706,NA,1.3263918658517442,NA,1.3260835017678103,NA,1.0230245152622903,NA,1.0220198569868446,NA
9871989,92,t͡ʃ ø ɟ y z,5,-24.87512157612903,NA,-22.11753265394216,NA,-21.28303150118376,NA,1.0902953872221697,NA,1.090415010076083,NA,1.0022148482989617,NA,1.00231031519471,NA
9871989,79,n ɯ m ø h,5,-18.510789566710663,NA,-25.526286904340548,NA,-25.20620087924542,NA,1.139300164226838,NA,1.1393380184036568,NA,1.0014200635832908,NA,1.0015627469235224,NA
9871989,94,ɫ a g a v,5,-15.754122332862629,NA,-20.553058174302627,NA,-20.559783658839276,NA,1.4882072475199175,NA,1.487625321159881,NA,1.011899048999812,NA,1.011429504802159,NA
9871989,90,b a ɟ ø z,5,-22.46994439760235,NA,-Inf,NA,-18.968121900756447,NA,1.3525891302094293,NA,1.3522568267997628,NA,1.0208335147527232,NA,1.0199546011622187,NA
9871989,87,g ɯ ʃ ø z,5,-20.868114892104145,NA,-17.68946998702973,NA,-17.66557104382508,NA,1.1365191714352605,NA,1.1365603636332933,NA,1.0043221992368574,NA,1.0043105088894526,NA
9871989,86,n y n u s,5,-16.715340873276865,NA,-20.662916646783795,NA,-20.659392548169652,NA,1.2376893062998182,NA,1.237547081745812,NA,1.0108372213398642,NA,1.0104573725021138,NA
9871989,8,n ø m o s,5,-18.203872787484933,NA,-22.19842578179625,NA,-22.165436338076113,NA,1.1411016056561956,NA,1.141128679586091,NA,1.0035204518715182,NA,1.0035409822204415,NA
9871989,80,n e p y j,5,-16.98879234295367,NA,-21.717938967258256,NA,-21.69222912574372,NA,1.2636746444640563,NA,1.2634932080325365,NA,1.0096114935791205,NA,1.0093200333401624,NA
9871989,84,n u c ø c,5,-24.807625490627537,NA,-Inf,NA,-31.30367927011791,NA,1.090233002361394,NA,1.0903607082649016,NA,1.000704421139502,NA,1.0008852996567954,NA
9871989,89,ɟ ø ɟ i n,5,-26.154797849000957,NA,-Inf,NA,-25.981965253358386,NA,1.207646283033087,NA,1.2075351451808032,NA,1.0123140448014616,NA,1.0117616811066352,NA
9871989,82,b u ʒ u ʒ,5,-23.578702027948104,NA,-22.55607533141792,NA,-22.360285906391308,NA,1.1751938218318876,NA,1.175170692528559,NA,1.0072042512867905,NA,1.0070435603192218,NA
9871989,86,g a d͡ʒ ɯ ʃ,5,-18.1433036565909,NA,-15.499386284508248,NA,-15.553373615329928,NA,1.387167586098868,NA,1.3867697858340529,NA,1.015460105386242,NA,1.014803618740054,NA
9871989,89,z o ɟ i t,5,-20.9589136182378,NA,-22.968824668964604,NA,-22.49812583794652,NA,1.2408518651515077,NA,1.2406922707790116,NA,1.0084540930642174,NA,1.0081503933184568,NA
9871989,90,m y z a ʒ,5,-19.26885615927756,NA,-16.145731724613096,NA,-16.288993267502523,NA,1.397336491187185,NA,1.3969153080698635,NA,1.0416189337331847,NA,1.0396162450988709,NA
9871989,6,ɫ a ɾ u j,5,-14.988213898012642,NA,-18.225237785879074,NA,-18.23265340120377,NA,1.4806633127456936,NA,1.48010342214873,NA,1.0515741074637193,NA,1.0490474569155095,NA
9871989,96,ɫ a m i v,5,-15.108322670255824,NA,-19.84096460834095,NA,-19.840167964977656,NA,1.45267848057084,NA,1.452164539040134,NA,1.022668785041178,NA,1.0216640887099704,NA
9871989,84,n ɯ t y j,5,-16.745705986388092,NA,-22.3564259100322,NA,-22.34000437551107,NA,1.1865969150263898,NA,1.1865483757315416,NA,1.0045937259415338,NA,1.0045620755887812,NA
9871989,83,g o ɟ i ʒ,5,-24.90517828366109,NA,-25.463316038560684,NA,-25.0238451006757,NA,1.213844639629624,NA,1.21374827950693,NA,1.001203603704403,NA,1.001357562313273,NA
9871989,86,n u t a s,5,-14.726567453647792,NA,-18.016363167590757,NA,-18.02466558703151,NA,1.375248465052452,NA,1.3748549722517678,NA,1.0268849669602398,NA,1.0255614198293237,NA
9871989,87,b u z e ʒ,5,-20.09685568317635,NA,-17.84329781622566,NA,-17.964161616964663,NA,1.276667630723205,NA,1.2764627987655124,NA,1.0139315296225708,NA,1.0134023197983453,NA
9871989,82,b u j u ʒ,5,-20.87166757096573,NA,-19.733680700888875,NA,-19.668499765417735,NA,1.2165652379443916,NA,1.21647007222167,NA,1.0105687883162064,NA,1.0102253180186327,NA
9871989,86,l e m i m,5,-16.284865608541942,NA,-21.681059717316177,NA,-21.31860352956532,NA,1.380102008877493,NA,1.3797039565377944,NA,1.023384257708429,NA,1.022273629864209,NA
9871989,19,f u m o ʒ,5,-21.086399553296257,NA,-19.904477032559072,NA,-20.00660012235896,NA,1.162493303534497,NA,1.16249350220586,NA,1.0069418990854422,NA,1.006788724097161,NA
9871989,89,b e ʒ a ʒ,5,-20.93058538584836,NA,-19.48837816175328,NA,-19.69732468362156,NA,1.4303068450549048,NA,1.4298290186764984,NA,1.014235691359507,NA,1.013693300711423,NA
9871989,80,z a ʒ o h,5,-20.01616939621291,NA,-23.3231454652614,NA,-23.200842055018715,NA,1.3161703693104103,NA,1.3159010409835006,NA,1.0043869150779896,NA,1.0043743138247614,NA
9871989,89,g ɯ d͡ʒ u z,5,-19.58384312679565,NA,-16.64152559173808,NA,-16.684403427045364,NA,1.1622032293487097,NA,1.1621965111059591,NA,1.0059499347177645,NA,1.0058336162439705,NA
9871989,80,n e n u v,5,-16.389638161368726,NA,-20.325068448436717,NA,-20.31731129385749,NA,1.3208179980421255,NA,1.320538269610069,NA,1.0235487936312362,NA,1.0225154110321275,NA
9871989,83,n i l i s,5,-16.529383592794712,NA,-21.972909806953865,NA,-21.72458759793683,NA,1.262837912142731,NA,1.2626465045153608,NA,1.0115151948241032,NA,1.0110619225343378,NA
9871989,88,v ø ʒ ɯ h,5,-23.024241178401727,NA,-Inf,NA,-30.45570700382361,NA,1.1036756719502918,NA,1.1037711769871554,NA,1.0001956309096838,NA,1.000401295176374,NA
9871989,85,f u c ø c,5,-26.0945671202964,NA,-Inf,NA,-30.40486528288016,NA,1.0953217853843475,NA,1.0954406909713434,NA,1.0008668994757235,NA,1.001039240543495,NA
9871989,20,ɟ ø c e c,5,-28.397206327308695,NA,-Inf,NA,-33.97421042400016,NA,1.1292419818961106,NA,1.1292928245120586,NA,1.000652103032279,NA,1.0008291941922065,NA
9871989,84,ɫ o t o s,5,-16.650452551067872,NA,-19.86130929042026,NA,-19.87178226056184,NA,1.1968532583423572,NA,1.1967836503746367,NA,1.0076982350654493,NA,1.0074960391662156,NA
9871989,89,t͡ʃ ø j u z,5,-20.529026950681207,NA,-17.342610045374,NA,-17.381051887526098,NA,1.151992514259162,NA,1.1520031350348077,NA,1.0064343510181284,NA,1.0062899141251958,NA
9871989,88,g ɯ k o ʒ,5,-20.74619112225676,NA,-16.915237145151256,NA,-17.041707617482654,NA,1.1737865511481944,NA,1.1737670683301502,NA,1.0095969845870632,NA,1.0093013998750595,NA
9871989,86,l e ʒ ɯ ʒ,5,-23.42246110699022,NA,-Inf,NA,-31.37937590764058,NA,1.2326268805400291,NA,1.2325034590587125,NA,1.000599585740761,NA,1.000785798371226,NA
9871989,13,t i k a n,5,-13.448013540026771,NA,-12.360180704819967,NA,-12.378790372777791,NA,1.4875821102169142,NA,1.486979033124867,NA,1.045676820009706,NA,1.0431959745683663,NA
9871989,95,ɟ y ɟ e c,5,-28.306538947779316,NA,-Inf,NA,-32.95524219839198,NA,1.1788422801113725,NA,1.1788073260166032,NA,1.0007066108268936,NA,1.0008808204183293,NA
9871989,80,j o b u ʒ,5,-21.05836231257191,NA,-20.278068086553,NA,-20.20804314631168,NA,1.1710790683578258,NA,1.171062773355354,NA,1.0066664843883977,NA,1.006528208768726,NA
9871989,82,ɫ a n y j,5,-15.527981142957266,NA,-20.048631415631327,NA,-20.029886559218973,NA,1.394546693721347,NA,1.394138324722925,NA,1.0266470238072245,NA,1.0254534974166822,NA
9871989,82,b e v u z,5,-18.05359379807402,NA,-15.116452617134565,NA,-15.154527759561976,NA,1.3293865865827923,NA,1.3290904472457938,NA,1.027526083033521,NA,1.0262694472757412,NA
9871989,85,n u ʒ ɯ ʒ,5,-22.62968325066944,NA,-Inf,NA,-29.197550883061453,NA,1.14000794273881,NA,1.140044772486502,NA,1.0008134367287314,NA,1.0009885521090411,NA
9871989,83,b e v a ʒ,5,-18.887323500746025,NA,-15.872593466040806,NA,-16.021901122917775,NA,1.460613178860639,NA,1.460082582720464,NA,1.0349086258500086,NA,1.033249828288036,NA
9871989,92,k a t ø ɾ,5,-15.581196584717304,NA,-14.400670214601377,NA,-14.436010397238292,NA,1.5237210169792808,NA,1.5230713014199444,NA,1.059134654867906,NA,1.0562306009407805,NA
9871989,91,n ɯ c i c,5,-22.207490302969337,NA,-Inf,NA,-31.27784518309206,NA,1.190125320458985,NA,1.1900702225959,NA,1.000651008188583,NA,1.0008314338114397,NA
9871989,88,b i ʒ a ʒ,5,-21.12842071217421,NA,-20.462820259132272,NA,-20.59539447720862,NA,1.344139167411924,NA,1.3438104200605814,NA,1.013475717377768,NA,1.0129733469207105,NA
9871989,86,k o ɾ a n,5,-14.411209921897514,NA,-12.294347060400495,NA,-12.318134780608212,NA,1.5780166675354677,NA,1.5772563021989838,NA,1.0788840359427352,NA,1.0746155597877969,NA
9871989,92,k o ɫ ɯ ɾ,5,-15.746838565630412,NA,-13.10667453460241,NA,-13.133460503117467,NA,1.3892399649311546,NA,1.3888182062736574,NA,1.0364363220655193,NA,1.0346301929585895,NA
9871989,14,m a k a n,5,-13.008346846234591,NA,-11.28043634275908,NA,-11.300021336865491,NA,1.6891002822706591,NA,1.6881485735739905,NA,1.0828270821289048,NA,1.078388901097211,NA
9871989,98,b i j o ʒ,5,-20.1694739218949,NA,-16.17150934468403,NA,-16.29228988361789,NA,1.2161562043575238,NA,1.2160636704095142,NA,1.0185949627078428,NA,1.0178290236238705,NA
9871989,80,ɟ y ʒ u ʒ,5,-27.80853684728006,NA,-29.28500826667853,NA,-28.708564247230676,NA,1.1164047641696466,NA,1.1164832975278336,NA,1.0001090155892292,NA,1.0003211623361203,NA
9871989,91,g ɯ ʃ e ʒ,5,-20.680133976363813,NA,-18.215759687198577,NA,-18.34658379874023,NA,1.2236976698046218,NA,1.2235845791944204,NA,1.0074075246463592,NA,1.007225242015273,NA
9871989,91,p o c y z,5,-22.132396809934985,NA,-Inf,NA,-22.792875288841223,NA,1.1404551220852177,NA,1.1404879493119304,NA,1.0044867211475823,NA,1.0044629596393846,NA
9871989,87,b i j u ʒ,5,-19.982779180288727,NA,-18.35629998851609,NA,-18.296720384198927,NA,1.2375249433170086,NA,1.237393515128245,NA,1.019368047964322,NA,1.0185609454976876,NA
9871989,83,t i t e n,5,-13.939688353962891,NA,-13.031948462442172,NA,-13.050716201785225,NA,1.4094012502297124,NA,1.4089409685681276,NA,1.034895013822322,NA,1.0331065768439232,NA
9871989,91,l i v ø h,5,-20.904794873852836,NA,-Inf,NA,-30.017786917374448,NA,1.1384315211614455,NA,1.138471070171428,NA,1.0021258039899703,NA,1.0022313327026664,NA
9871989,84,b e ɟ e ʒ,5,-22.756632689956056,NA,-Inf,NA,-24.058032387919113,NA,1.345476034124718,NA,1.3451525821532777,NA,1.0127182103550003,NA,1.0122651834486156,NA
9872222,0,ɫ a ɾ u j,5,-14.988213898012642,NA,-18.225237785879074,NA,-18.23265340120377,NA,1.4806633127456936,NA,1.48010342214873,NA,1.0515741074637193,NA,1.0490474569155095,NA
9872222,0,n ɯ t y j,5,-16.745705986388092,NA,-22.3564259100322,NA,-22.34000437551107,NA,1.1865969150263898,NA,1.1865483757315416,NA,1.0045937259415338,NA,1.0045620755887812,NA
9872222,0,g o ɟ i ʒ,5,-24.90517828366109,NA,-25.463316038560684,NA,-25.0238451006757,NA,1.213844639629624,NA,1.21374827950693,NA,1.001203603704403,NA,1.001357562313273,NA
9872222,0,l i v ø h,5,-20.904794873852836,NA,-Inf,NA,-30.017786917374448,NA,1.1384315211614455,NA,1.138471070171428,NA,1.0021258039899703,NA,1.0022313327026664,NA
9872222,39,m y z a ʒ,5,-19.26885615927756,NA,-16.145731724613096,NA,-16.288993267502523,NA,1.397336491187185,NA,1.3969153080698635,NA,1.0416189337331847,NA,1.0396162450988709,NA
9872222,0,d͡ʒ o c ø c,5,-26.257085578225187,NA,-Inf,NA,-31.597534878858212,NA,1.087742629560516,NA,1.0878746424072625,NA,1.0005961022486871,NA,1.000782672398996,NA
9872222,0,v ɯ ʒ u v,5,-21.86808593813512,NA,-Inf,NA,-26.703531252513827,NA,1.126951629435814,NA,1.1270081147295898,NA,1.000727269349632,NA,1.000902377044206,NA
9872222,10,n ɯ ʒ a v,5,-19.02502844047022,NA,-Inf,NA,-25.556872791643976,NA,1.278077157040375,NA,1.277858856769651,NA,1.005851378448144,NA,1.0057071346124649,NA
9872222,2,b a ɟ ø z,5,-22.46994439760235,NA,-Inf,NA,-18.968121900756447,NA,1.3525891302094293,NA,1.3522568267997628,NA,1.0208335147527232,NA,1.0199546011622187,NA
9872222,81,t i t e n,5,-13.939688353962891,NA,-13.031948462442172,NA,-13.050716201785225,NA,1.4094012502297124,NA,1.4089409685681276,NA,1.034895013822322,NA,1.0331065768439232,NA
9872222,20,ɟ ø c ø c,5,-30.98030987081792,NA,-Inf,NA,-35.04234390027842,NA,1.025304435597176,NA,1.0255444598001535,NA,1,1,1.0002179098838746,1
9872222,0,ɫ a g a v,5,-15.754122332862629,NA,-20.553058174302627,NA,-20.559783658839276,NA,1.4882072475199175,NA,1.487625321159881,NA,1.011899048999812,NA,1.011429504802159,NA
9872222,1,f u ʒ a ʒ,5,-22.57009892571624,NA,-23.084878726681055,NA,-23.104809642140214,NA,1.283281237699766,NA,1.283057751040734,NA,1.0022636671308394,NA,1.002350487946775,NA
9872222,0,g u ʒ i ʒ,5,-23.367105446041258,NA,-22.71019322061325,NA,-22.662694231245467,NA,1.214496991418963,NA,1.2143994984214512,NA,1.0018219484717603,NA,1.001942235984122,NA
9872222,15,b i j o ʒ,5,-20.1694739218949,NA,-16.17150934468403,NA,-16.29228988361789,NA,1.2161562043575238,NA,1.2160636704095142,NA,1.0185949627078428,NA,1.0178290236238705,NA
9872222,0,m y k o ʒ,5,-19.93043596815668,NA,-16.300780365266558,NA,-16.417412400213216,NA,1.2520745572399474,NA,1.2519196738829383,NA,1.0326605479495878,NA,1.031153503453037,NA
9872222,0,c ø j a ʒ,5,-23.630776844730175,NA,-Inf,NA,-22.239940954309937,NA,1.2565841996509106,NA,1.2564064248544844,NA,1.012129479451536,NA,1.0116719887342391,NA
9872222,0,k o ɫ ɯ ɾ,5,-15.746838565630412,NA,-13.10667453460241,NA,-13.133460503117467,NA,1.3892399649311546,NA,1.3888182062736574,NA,1.0364363220655193,NA,1.0346301929585895,NA
9872222,1,d ɯ ʒ a ʒ,5,-21.716795206882775,NA,-Inf,NA,-23.190543246412652,NA,1.298705256665564,NA,1.2984551045728236,NA,1.0026417382010682,NA,1.002708745557405,NA
9872222,5,n u c ø c,5,-24.807625490627537,NA,-Inf,NA,-31.30367927011791,NA,1.090233002361394,NA,1.0903607082649016,NA,1.000704421139502,NA,1.0008852996567954,NA
9872222,1,g a ɟ e ʒ,5,-22.959255290632175,NA,-Inf,NA,-23.771850826744977,NA,1.408639434555404,NA,1.4082066800608468,NA,1.0072505448133169,NA,1.0070846951102934,NA
9872222,2,j o b u ʒ,5,-21.05836231257191,NA,-20.278068086553,NA,-20.20804314631168,NA,1.1710790683578258,NA,1.171062773355354,NA,1.0066664843883977,NA,1.006528208768726,NA
9872222,26,t͡ʃ ø v a n,5,-18.701602767562907,NA,-15.100178717825774,NA,-15.129210912490072,NA,1.3444722505099906,NA,1.3441170867989016,NA,1.0395669313903486,NA,1.0374122129692265,NA
9872222,24,n i l i s,5,-16.529383592794712,NA,-21.972909806953865,NA,-21.72458759793683,NA,1.262837912142731,NA,1.2626465045153608,NA,1.0115151948241032,NA,1.0110619225343378,NA
9872222,2,ɫ a n y j,5,-15.527981142957266,NA,-20.048631415631327,NA,-20.029886559218973,NA,1.394546693721347,NA,1.394138324722925,NA,1.0266470238072245,NA,1.0254534974166822,NA
9872222,29,k a n i n,5,-13.587711962107177,NA,-12.244157249014869,NA,-12.2628318923973,NA,1.6359797029730567,NA,1.6351267738613084,NA,1.0856556606918544,NA,1.0812238961757654,NA
9872222,1,c ø d ø l,5,-25.273737592608967,NA,-Inf,NA,-27.063517981829783,NA,1.0636055587079187,NA,1.0637759789037924,NA,1.0001114910985065,NA,1.0003233777080158,NA
9872222,22,p o c y z,5,-22.132396809934985,NA,-Inf,NA,-22.792875288841223,NA,1.1404551220852177,NA,1.1404879493119304,NA,1.0044867211475823,NA,1.0044629596393846,NA
9872222,0,n ɯ m ø h,5,-18.510789566710663,NA,-25.526286904340548,NA,-25.20620087924542,NA,1.139300164226838,NA,1.1393380184036568,NA,1.0014200635832908,NA,1.0015627469235224,NA
9872222,0,ɫ o c e c,5,-22.400319377835324,NA,-Inf,NA,-30.01158029879595,NA,1.185129721117138,NA,1.185083880443854,NA,1.0027646697523702,NA,1.0028307383165231,NA
9872222,84,l e m i m,5,-16.284865608541942,NA,-21.681059717316177,NA,-21.31860352956532,NA,1.380102008877493,NA,1.3797039565377944,NA,1.023384257708429,NA,1.022273629864209,NA
9872222,0,ɟ y ʒ u ʒ,5,-27.80853684728006,NA,-29.28500826667853,NA,-28.708564247230676,NA,1.1164047641696466,NA,1.1164832975278336,NA,1.0001090155892292,NA,1.0003211623361203,NA
9872222,0,t͡ʃ ø ɟ y z,5,-24.87512157612903,NA,-22.11753265394216,NA,-21.28303150118376,NA,1.0902953872221697,NA,1.090415010076083,NA,1.0022148482989617,NA,1.00231031519471,NA
9872222,0,l e ʒ ɯ ʒ,5,-23.42246110699022,NA,-Inf,NA,-31.37937590764058,NA,1.2326268805400291,NA,1.2325034590587125,NA,1.000599585740761,NA,1.000785798371226,NA
9872222,0,b i j u ʒ,5,-19.982779180288727,NA,-18.35629998851609,NA,-18.296720384198927,NA,1.2375249433170086,NA,1.237393515128245,NA,1.019368047964322,NA,1.0185609454976876,NA
9872222,0,m y m y ɾ,5,-16.704255115308886,NA,-13.020817250140125,NA,-13.053521821836997,NA,1.3152884044924409,NA,1.3149976658456903,NA,1.0360942196571266,NA,1.0343698974546898,NA
9872222,0,n ɯ c i c,5,-22.207490302969337,NA,-Inf,NA,-31.27784518309206,NA,1.190125320458985,NA,1.1900702225959,NA,1.000651008188583,NA,1.0008314338114397,NA
9872222,11,l y g a v,5,-19.4935962146241,NA,-Inf,NA,-27.80790591371226,NA,1.2871157130376376,NA,1.2868816916145254,NA,1.008373111461021,NA,1.0080891173681017,NA
9872222,22,l e g o h,5,-19.527053505632765,NA,-27.75113638166346,NA,-27.308708531329852,NA,1.2198662238523628,NA,1.2197634326360676,NA,1.0014568108084176,NA,1.0015956377134012,NA
9872222,1,ɟ y ʒ i l,5,-25.474223572256346,NA,-26.086164584076812,NA,-25.658577276474528,NA,1.194726574470686,NA,1.1946604814688004,NA,1.001869088084923,NA,1.001974463736933,NA
9872222,9,n ø m o s,5,-18.203872787484933,NA,-22.19842578179625,NA,-22.165436338076113,NA,1.1411016056561956,NA,1.141128679586091,NA,1.0035204518715182,NA,1.0035409822204415,NA
9872222,30,t i k a n,5,-13.448013540026771,NA,-12.360180704819967,NA,-12.378790372777791,NA,1.4875821102169142,NA,1.486979033124867,NA,1.045676820009706,NA,1.0431959745683663,NA
9872222,1,ɟ y ɟ ø c,5,-30.88964249128854,NA,-Inf,NA,-34.02337567467023,NA,1.0749047338124378,NA,1.0750589613046984,NA,1.0000545077946146,NA,1.0002695361099974,NA
9872222,0,n ɯ ʒ ɯ v,5,-20.37155439509228,NA,-Inf,NA,-29.078542120513493,NA,1.1398926451023728,NA,1.1399258609218608,NA,1.0003901669756716,NA,1.0005869200881068,NA
9872222,1,l y g ɯ ʒ,5,-22.883384054348497,NA,-Inf,NA,-31.210086947359827,NA,1.1381062907638022,NA,1.1381463270545598,NA,1.0003964076179663,NA,1.000592585698109,NA
9872222,0,l y v ø h,5,-22.081365336981623,NA,-Inf,NA,-30.783197051114545,NA,1.123537673674444,NA,1.123602990586653,NA,1.0013626948653658,NA,1.0015085655369462,NA
9872222,11,t i m y ɾ,5,-15.294846811552397,NA,-13.660054019068708,NA,-13.685647803861627,NA,1.3091233520227514,NA,1.3088432638048708,NA,1.0122665021223751,NA,1.011794088919323,NA
9872222,0,b u z e ʒ,5,-20.09685568317635,NA,-17.84329781622566,NA,-17.964161616964663,NA,1.276667630723205,NA,1.2764627987655124,NA,1.0139315296225708,NA,1.0134023197983453,NA
9872222,2,ɫ a m i v,5,-15.108322670255824,NA,-19.84096460834095,NA,-19.840167964977656,NA,1.45267848057084,NA,1.452164539040134,NA,1.022668785041178,NA,1.0216640887099704,NA
9872222,0,v ø ʒ ɯ h,5,-23.024241178401727,NA,-Inf,NA,-30.45570700382361,NA,1.1036756719502918,NA,1.1037711769871554,NA,1.0001956309096838,NA,1.000401295176374,NA
9872222,88,m a k a n,5,-13.008346846234591,NA,-11.28043634275908,NA,-11.300021336865491,NA,1.6891002822706591,NA,1.6881485735739905,NA,1.0828270821289048,NA,1.078388901097211,NA
9872222,0,n u t i v,5,-16.447775065614174,NA,-21.189892153387195,NA,-21.184203947153694,NA,1.2797613550678195,NA,1.27954636548282,NA,1.0249284051823029,NA,1.0237745264935774,NA
9872222,0,ɟ i ʒ ɯ ʒ,5,-26.41709941367645,NA,-Inf,NA,-33.307818772675844,NA,1.1410997399260654,NA,1.1411346658902664,NA,1.0003270467676877,NA,1.0005276672406118,NA
9872222,1,b u j u ʒ,5,-20.87166757096573,NA,-19.733680700888875,NA,-19.668499765417735,NA,1.2165652379443916,NA,1.21647007222167,NA,1.0105687883162064,NA,1.0102253180186327,NA
9872222,1,t͡ʃ ø j u ʒ,5,-22.924149578450105,NA,-20.79768766887971,NA,-20.742784223544646,NA,1.135233466329589,NA,1.13527898588403,NA,1.004608462527747,NA,1.0045783180618666,NA
9872222,1,g ɯ ʃ e ʒ,5,-20.680133976363813,NA,-18.215759687198577,NA,-18.34658379874023,NA,1.2236976698046218,NA,1.2235845791944204,NA,1.0074075246463592,NA,1.007225242015273,NA
9872222,100,k o ɾ a n,5,-14.411209921897514,NA,-12.294347060400495,NA,-12.318134780608212,NA,1.5780166675354677,NA,1.5772563021989838,NA,1.0788840359427352,NA,1.0746155597877969,NA
9872222,1,f u m o ʒ,5,-21.086399553296257,NA,-19.904477032559072,NA,-20.00660012235896,NA,1.162493303534497,NA,1.16249350220586,NA,1.0069418990854422,NA,1.006788724097161,NA
9872222,0,b o ʒ a ʒ,5,-22.204003844457393,NA,-19.321037408784147,NA,-19.52975317079178,NA,1.3229086648122703,NA,1.3226166484342836,NA,1.008762800579713,NA,1.0085081234147557,NA
9872222,0,ɟ ø ɟ i n,5,-26.154797849000957,NA,-Inf,NA,-25.981965253358386,NA,1.207646283033087,NA,1.2075351451808032,NA,1.0123140448014616,NA,1.0117616811066352,NA
9872222,0,ɟ y ɟ e c,5,-28.306538947779316,NA,-Inf,NA,-32.95524219839198,NA,1.1788422801113725,NA,1.1788073260166032,NA,1.0007066108268936,NA,1.0008808204183293,NA
9872222,0,b u ʒ u ʒ,5,-23.578702027948104,NA,-22.55607533141792,NA,-22.360285906391308,NA,1.1751938218318876,NA,1.175170692528559,NA,1.0072042512867905,NA,1.0070435603192218,NA
9872222,0,b i ʒ a ʒ,5,-21.12842071217421,NA,-20.462820259132272,NA,-20.59539447720862,NA,1.344139167411924,NA,1.3438104200605814,NA,1.013475717377768,NA,1.0129733469207105,NA
9872222,75,k o n ø ɾ,5,-17.468982673500772,NA,-15.665847293331234,NA,-15.67041392566706,NA,1.3263918658517442,NA,1.3260835017678103,NA,1.0230245152622903,NA,1.0220198569868446,NA
9872222,1,ɟ i ɟ ø c,5,-29.71307202815976,NA,-Inf,NA,-34.785338500309926,NA,1.0897985812994395,NA,1.0899270408894737,NA,1.0001090155892292,NA,1.0003211623361203,NA
9872222,1,b u ɟ y ʒ,5,-25.21776219641355,NA,-24.02607612181347,NA,-23.4120433072708,NA,1.1548681109073993,NA,1.1548819472629457,NA,1.0073371474025232,NA,1.007168032552784,NA
9872222,71,ɫ o t o s,5,-16.650452551067872,NA,-19.86130929042026,NA,-19.87178226056184,NA,1.1968532583423572,NA,1.1967836503746367,NA,1.0076982350654493,NA,1.0074960391662156,NA
9872222,1,n y n u s,5,-16.715340873276865,NA,-20.662916646783795,NA,-20.659392548169652,NA,1.2376893062998182,NA,1.237547081745812,NA,1.0108372213398642,NA,1.0104573725021138,NA
9872222,1,n i n u v,5,-16.587473487694577,NA,-20.74289718035614,NA,-20.73475916364208,NA,1.2346503203991448,NA,1.234519670994152,NA,1.015385861708921,NA,1.0147833558081725,NA
9872222,1,l e l ø c,5,-23.921630741113155,NA,-Inf,NA,-32.749337306429,NA,1.1941895614424562,NA,1.1941372749111134,NA,1.0030524364984192,NA,1.0031089785467553,NA
9872222,14,b e v a ʒ,5,-18.887323500746025,NA,-15.872593466040806,NA,-16.021901122917775,NA,1.460613178860639,NA,1.460082582720464,NA,1.0349086258500086,NA,1.033249828288036,NA
9872222,1,z a ʒ o h,5,-20.01616939621291,NA,-23.3231454652614,NA,-23.200842055018715,NA,1.3161703693104103,NA,1.3159010409835006,NA,1.0043869150779896,NA,1.0043743138247614,NA
9872222,1,n e p y j,5,-16.98879234295367,NA,-21.717938967258256,NA,-21.69222912574372,NA,1.2636746444640563,NA,1.2634932080325365,NA,1.0096114935791205,NA,1.0093200333401624,NA
9872222,1,z o ɟ i t,5,-20.9589136182378,NA,-22.968824668964604,NA,-22.49812583794652,NA,1.2408518651515077,NA,1.2406922707790116,NA,1.0084540930642174,NA,1.0081503933184568,NA
9872222,51,g a d͡ʒ ɯ ʃ,5,-18.1433036565909,NA,-15.499386284508248,NA,-15.553373615329928,NA,1.387167586098868,NA,1.3867697858340529,NA,1.015460105386242,NA,1.014803618740054,NA
9872222,0,g ɯ d͡ʒ u z,5,-19.58384312679565,NA,-16.64152559173808,NA,-16.684403427045364,NA,1.1622032293487097,NA,1.1621965111059591,NA,1.0059499347177645,NA,1.0058336162439705,NA
9872222,77,k a k u ɾ,5,-14.067811152368842,NA,-12.708404717891712,NA,-12.729721104711002,NA,1.5578537830579977,NA,1.5571414460631403,NA,1.0749244666982,NA,1.071116634968564,NA
9872222,1,b e ʒ a ʒ,5,-20.93058538584836,NA,-19.48837816175328,NA,-19.69732468362156,NA,1.4303068450549048,NA,1.4298290186764984,NA,1.014235691359507,NA,1.013693300711423,NA
9872222,0,n u ʒ ɯ ʒ,5,-22.62968325066944,NA,-Inf,NA,-29.197550883061453,NA,1.14000794273881,NA,1.140044772486502,NA,1.0008134367287314,NA,1.0009885521090411,NA
9872222,1,f u c ø c,5,-26.0945671202964,NA,-Inf,NA,-30.40486528288016,NA,1.0953217853843475,NA,1.0954406909713434,NA,1.0008668994757235,NA,1.001039240543495,NA
9872222,76,l e l i c,5,-21.536362523929785,NA,-31.435382275761945,NA,-30.66420479306158,NA,1.3050220875123175,NA,1.3047680695189283,NA,1.0033784880145589,NA,1.0034146207009211,NA
9872222,1,ɟ ø c e c,5,-28.397206327308695,NA,-Inf,NA,-33.97421042400016,NA,1.1292419818961106,NA,1.1292928245120586,NA,1.000652103032279,NA,1.0008291941922065,NA
9872222,0,g ɯ ʃ ø z,5,-20.868114892104145,NA,-17.68946998702973,NA,-17.66557104382508,NA,1.1365191714352605,NA,1.1365603636332933,NA,1.0043221992368574,NA,1.0043105088894526,NA
9872222,0,v ø l i v,5,-21.2450194600926,NA,-Inf,NA,-31.53443408186967,NA,1.1757448274064406,NA,1.1757104148958002,NA,1.0014998369742418,NA,1.0016238637930377,NA
9872222,0,d͡ʒ o ʒ u ʒ,5,-24.29401030874191,NA,-24.243601785484508,NA,-24.17251025107207,NA,1.127716441668515,NA,1.127775417851205,NA,1.0007051178379167,NA,1.0008859248512416,NA
9872222,1,b e ɟ e ʒ,5,-22.756632689956056,NA,-Inf,NA,-24.058032387919113,NA,1.345476034124718,NA,1.3451525821532777,NA,1.0127182103550003,NA,1.0122651834486156,NA
9872222,1,m y ɾ i ɾ,5,-15.182460061139956,NA,-12.93841945288009,NA,-12.964678761998291,NA,1.495928832346916,NA,1.4953164266216838,NA,1.0626490882923791,NA,1.0594042295798347,NA
9872222,1,n e n u v,5,-16.389638161368726,NA,-20.325068448436717,NA,-20.31731129385749,NA,1.3208179980421255,NA,1.320538269610069,NA,1.0235487936312362,NA,1.0225154110321275,NA
9872222,1,g ɯ k o ʒ,5,-20.74619112225676,NA,-16.915237145151256,NA,-17.041707617482654,NA,1.1737865511481944,NA,1.1737670683301502,NA,1.0095969845870632,NA,1.0093013998750595,NA
9872222,81,k a t ø ɾ,5,-15.581196584717304,NA,-14.400670214601377,NA,-14.436010397238292,NA,1.5237210169792808,NA,1.5230713014199444,NA,1.059134654867906,NA,1.0562306009407805,NA
9872222,51,n u t a s,5,-14.726567453647792,NA,-18.016363167590757,NA,-18.02466558703151,NA,1.375248465052452,NA,1.3748549722517678,NA,1.0268849669602398,NA,1.0255614198293237,NA
9872222,2,t͡ʃ ø j u z,5,-20.529026950681207,NA,-17.342610045374,NA,-17.381051887526098,NA,1.151992514259162,NA,1.1520031350348077,NA,1.0064343510181284,NA,1.0062899141251958,NA
9872222,1,g ɯ d͡ʒ i l,5,-19.64465247954083,NA,-16.929800719720177,NA,-16.98778054263725,NA,1.223765991720176,NA,1.2236495458961485,NA,1.0081634508787554,NA,1.007928985502199,NA
9872222,78,b e v u z,5,-18.05359379807402,NA,-15.116452617134565,NA,-15.154527759561976,NA,1.3293865865827923,NA,1.3290904472457938,NA,1.027526083033521,NA,1.0262694472757412,NA
9872222,79,l i l i v,5,-19.457588243664848,NA,-29.20991366924059,NA,-28.687492054822933,NA,1.2303966335406769,NA,1.2302676592286446,NA,1.003298594196525,NA,1.0033275292550925,NA
9872222,51,m e t ø ɾ,5,-16.305709239281132,NA,-14.332928742029557,NA,-14.370439435773992,NA,1.415624745175706,NA,1.415162037061878,NA,1.0262030905848891,NA,1.0250322748512253,NA
9872397,100,b u z e ʒ,5,-20.09685568317635,NA,-17.84329781622566,NA,-17.964161616964663,NA,1.276667630723205,NA,1.2764627987655124,NA,1.0139315296225708,NA,1.0134023197983453,NA
9872397,92,b u ɟ y ʒ,5,-25.21776219641355,NA,-24.02607612181347,NA,-23.4120433072708,NA,1.1548681109073993,NA,1.1548819472629457,NA,1.0073371474025232,NA,1.007168032552784,NA
9872397,1,n ɯ ʒ a v,5,-19.02502844047022,NA,-Inf,NA,-25.556872791643976,NA,1.278077157040375,NA,1.277858856769651,NA,1.005851378448144,NA,1.0057071346124649,NA
9872397,70,n i l i s,5,-16.529383592794712,NA,-21.972909806953865,NA,-21.72458759793683,NA,1.262837912142731,NA,1.2626465045153608,NA,1.0115151948241032,NA,1.0110619225343378,NA
9872397,70,l e l ø c,5,-23.921630741113155,NA,-Inf,NA,-32.749337306429,NA,1.1941895614424562,NA,1.1941372749111134,NA,1.0030524364984192,NA,1.0031089785467553,NA
9872397,28,b e ɟ e ʒ,5,-22.756632689956056,NA,-Inf,NA,-24.058032387919113,NA,1.345476034124718,NA,1.3451525821532777,NA,1.0127182103550003,NA,1.0122651834486156,NA
9872397,100,t i t e n,5,-13.939688353962891,NA,-13.031948462442172,NA,-13.050716201785225,NA,1.4094012502297124,NA,1.4089409685681276,NA,1.034895013822322,NA,1.0331065768439232,NA
9872397,100,g ɯ ʃ ø z,5,-20.868114892104145,NA,-17.68946998702973,NA,-17.66557104382508,NA,1.1365191714352605,NA,1.1365603636332933,NA,1.0043221992368574,NA,1.0043105088894526,NA
9872397,27,m y m y ɾ,5,-16.704255115308886,NA,-13.020817250140125,NA,-13.053521821836997,NA,1.3152884044924409,NA,1.3149976658456903,NA,1.0360942196571266,NA,1.0343698974546898,NA
9872397,0,b i ʒ a ʒ,5,-21.12842071217421,NA,-20.462820259132272,NA,-20.59539447720862,NA,1.344139167411924,NA,1.3438104200605814,NA,1.013475717377768,NA,1.0129733469207105,NA
9872397,1,n e n u v,5,-16.389638161368726,NA,-20.325068448436717,NA,-20.31731129385749,NA,1.3208179980421255,NA,1.320538269610069,NA,1.0235487936312362,NA,1.0225154110321275,NA
9872397,0,n u c ø c,5,-24.807625490627537,NA,-Inf,NA,-31.30367927011791,NA,1.090233002361394,NA,1.0903607082649016,NA,1.000704421139502,NA,1.0008852996567954,NA
9872397,100,ɟ ø c e c,5,-28.397206327308695,NA,-Inf,NA,-33.97421042400016,NA,1.1292419818961106,NA,1.1292928245120586,NA,1.000652103032279,NA,1.0008291941922065,NA
9872397,100,ɫ o t o s,5,-16.650452551067872,NA,-19.86130929042026,NA,-19.87178226056184,NA,1.1968532583423572,NA,1.1967836503746367,NA,1.0076982350654493,NA,1.0074960391662156,NA
9872397,0,ɟ y ʒ u ʒ,5,-27.80853684728006,NA,-29.28500826667853,NA,-28.708564247230676,NA,1.1164047641696466,NA,1.1164832975278336,NA,1.0001090155892292,NA,1.0003211623361203,NA
9872397,0,n u ʒ ɯ ʒ,5,-22.62968325066944,NA,-Inf,NA,-29.197550883061453,NA,1.14000794273881,NA,1.140044772486502,NA,1.0008134367287314,NA,1.0009885521090411,NA
9872397,0,b o ʒ a ʒ,5,-22.204003844457393,NA,-19.321037408784147,NA,-19.52975317079178,NA,1.3229086648122703,NA,1.3226166484342836,NA,1.008762800579713,NA,1.0085081234147557,NA
9872397,81,k o n ø ɾ,5,-17.468982673500772,NA,-15.665847293331234,NA,-15.67041392566706,NA,1.3263918658517442,NA,1.3260835017678103,NA,1.0230245152622903,NA,1.0220198569868446,NA
9872397,100,l e l i c,5,-21.536362523929785,NA,-31.435382275761945,NA,-30.66420479306158,NA,1.3050220875123175,NA,1.3047680695189283,NA,1.0033784880145589,NA,1.0034146207009211,NA
9872397,0,n ɯ ʒ ɯ v,5,-20.37155439509228,NA,-Inf,NA,-29.078542120513493,NA,1.1398926451023728,NA,1.1399258609218608,NA,1.0003901669756716,NA,1.0005869200881068,NA
9872397,2,n e p y j,5,-16.98879234295367,NA,-21.717938967258256,NA,-21.69222912574372,NA,1.2636746444640563,NA,1.2634932080325365,NA,1.0096114935791205,NA,1.0093200333401624,NA
9872397,100,l y g a v,5,-19.4935962146241,NA,-Inf,NA,-27.80790591371226,NA,1.2871157130376376,NA,1.2868816916145254,NA,1.008373111461021,NA,1.0080891173681017,NA
9872397,88,l i v ø h,5,-20.904794873852836,NA,-Inf,NA,-30.017786917374448,NA,1.1384315211614455,NA,1.138471070171428,NA,1.0021258039899703,NA,1.0022313327026664,NA
9872397,0,ɟ ø ɟ i n,5,-26.154797849000957,NA,-Inf,NA,-25.981965253358386,NA,1.207646283033087,NA,1.2075351451808032,NA,1.0123140448014616,NA,1.0117616811066352,NA
9872397,100,k o ɾ a n,5,-14.411209921897514,NA,-12.294347060400495,NA,-12.318134780608212,NA,1.5780166675354677,NA,1.5772563021989838,NA,1.0788840359427352,NA,1.0746155597877969,NA
9872397,99,f u c ø c,5,-26.0945671202964,NA,-Inf,NA,-30.40486528288016,NA,1.0953217853843475,NA,1.0954406909713434,NA,1.0008668994757235,NA,1.001039240543495,NA
9872397,100,k a n i n,5,-13.587711962107177,NA,-12.244157249014869,NA,-12.2628318923973,NA,1.6359797029730567,NA,1.6351267738613084,NA,1.0856556606918544,NA,1.0812238961757654,NA
9872397,13,g ɯ k o ʒ,5,-20.74619112225676,NA,-16.915237145151256,NA,-17.041707617482654,NA,1.1737865511481944,NA,1.1737670683301502,NA,1.0095969845870632,NA,1.0093013998750595,NA
9872397,92,l e m i m,5,-16.284865608541942,NA,-21.681059717316177,NA,-21.31860352956532,NA,1.380102008877493,NA,1.3797039565377944,NA,1.023384257708429,NA,1.022273629864209,NA
9872397,0,b u j u ʒ,5,-20.87166757096573,NA,-19.733680700888875,NA,-19.668499765417735,NA,1.2165652379443916,NA,1.21647007222167,NA,1.0105687883162064,NA,1.0102253180186327,NA
9872397,76,f u m o ʒ,5,-21.086399553296257,NA,-19.904477032559072,NA,-20.00660012235896,NA,1.162493303534497,NA,1.16249350220586,NA,1.0069418990854422,NA,1.006788724097161,NA
9872397,0,l i l i v,5,-19.457588243664848,NA,-29.20991366924059,NA,-28.687492054822933,NA,1.2303966335406769,NA,1.2302676592286446,NA,1.003298594196525,NA,1.0033275292550925,NA
9872397,100,p o c y z,5,-22.132396809934985,NA,-Inf,NA,-22.792875288841223,NA,1.1404551220852177,NA,1.1404879493119304,NA,1.0044867211475823,NA,1.0044629596393846,NA
9872397,73,g o ɟ i ʒ,5,-24.90517828366109,NA,-25.463316038560684,NA,-25.0238451006757,NA,1.213844639629624,NA,1.21374827950693,NA,1.001203603704403,NA,1.001357562313273,NA
9872397,74,ɫ a ɾ u j,5,-14.988213898012642,NA,-18.225237785879074,NA,-18.23265340120377,NA,1.4806633127456936,NA,1.48010342214873,NA,1.0515741074637193,NA,1.0490474569155095,NA
9872397,27,ɫ a g a v,5,-15.754122332862629,NA,-20.553058174302627,NA,-20.559783658839276,NA,1.4882072475199175,NA,1.487625321159881,NA,1.011899048999812,NA,1.011429504802159,NA
9872397,100,t͡ʃ ø j u z,5,-20.529026950681207,NA,-17.342610045374,NA,-17.381051887526098,NA,1.151992514259162,NA,1.1520031350348077,NA,1.0064343510181284,NA,1.0062899141251958,NA
9872397,0,l y v ø h,5,-22.081365336981623,NA,-Inf,NA,-30.783197051114545,NA,1.123537673674444,NA,1.123602990586653,NA,1.0013626948653658,NA,1.0015085655369462,NA
9872397,100,m e t ø ɾ,5,-16.305709239281132,NA,-14.332928742029557,NA,-14.370439435773992,NA,1.415624745175706,NA,1.415162037061878,NA,1.0262030905848891,NA,1.0250322748512253,NA
9872397,0,m y k o ʒ,5,-19.93043596815668,NA,-16.300780365266558,NA,-16.417412400213216,NA,1.2520745572399474,NA,1.2519196738829383,NA,1.0326605479495878,NA,1.031153503453037,NA
9872397,90,t͡ʃ ø ɟ y z,5,-24.87512157612903,NA,-22.11753265394216,NA,-21.28303150118376,NA,1.0902953872221697,NA,1.090415010076083,NA,1.0022148482989617,NA,1.00231031519471,NA
9872397,28,d͡ʒ o ʒ u ʒ,5,-24.29401030874191,NA,-24.243601785484508,NA,-24.17251025107207,NA,1.127716441668515,NA,1.127775417851205,NA,1.0007051178379167,NA,1.0008859248512416,NA
9872397,0,b e v a ʒ,5,-18.887323500746025,NA,-15.872593466040806,NA,-16.021901122917775,NA,1.460613178860639,NA,1.460082582720464,NA,1.0349086258500086,NA,1.033249828288036,NA
9872397,0,z o ɟ i t,5,-20.9589136182378,NA,-22.968824668964604,NA,-22.49812583794652,NA,1.2408518651515077,NA,1.2406922707790116,NA,1.0084540930642174,NA,1.0081503933184568,NA
9872397,84,j o b u ʒ,5,-21.05836231257191,NA,-20.278068086553,NA,-20.20804314631168,NA,1.1710790683578258,NA,1.171062773355354,NA,1.0066664843883977,NA,1.006528208768726,NA
9872397,80,g ɯ d͡ʒ i l,5,-19.64465247954083,NA,-16.929800719720177,NA,-16.98778054263725,NA,1.223765991720176,NA,1.2236495458961485,NA,1.0081634508787554,NA,1.007928985502199,NA
9872397,27,c ø j a ʒ,5,-23.630776844730175,NA,-Inf,NA,-22.239940954309937,NA,1.2565841996509106,NA,1.2564064248544844,NA,1.012129479451536,NA,1.0116719887342391,NA
9872397,100,d ɯ ʒ a ʒ,5,-21.716795206882775,NA,-Inf,NA,-23.190543246412652,NA,1.298705256665564,NA,1.2984551045728236,NA,1.0026417382010682,NA,1.002708745557405,NA
9872397,100,ɟ y ɟ e c,5,-28.306538947779316,NA,-Inf,NA,-32.95524219839198,NA,1.1788422801113725,NA,1.1788073260166032,NA,1.0007066108268936,NA,1.0008808204183293,NA
9872397,23,v ø l i v,5,-21.2450194600926,NA,-Inf,NA,-31.53443408186967,NA,1.1757448274064406,NA,1.1757104148958002,NA,1.0014998369742418,NA,1.0016238637930377,NA
9872397,100,l e g o h,5,-19.527053505632765,NA,-27.75113638166346,NA,-27.308708531329852,NA,1.2198662238523628,NA,1.2197634326360676,NA,1.0014568108084176,NA,1.0015956377134012,NA
9872397,73,k a k u ɾ,5,-14.067811152368842,NA,-12.708404717891712,NA,-12.729721104711002,NA,1.5578537830579977,NA,1.5571414460631403,NA,1.0749244666982,NA,1.071116634968564,NA
9872397,0,f u ʒ a ʒ,5,-22.57009892571624,NA,-23.084878726681055,NA,-23.104809642140214,NA,1.283281237699766,NA,1.283057751040734,NA,1.0022636671308394,NA,1.002350487946775,NA
9872397,0,n ɯ m ø h,5,-18.510789566710663,NA,-25.526286904340548,NA,-25.20620087924542,NA,1.139300164226838,NA,1.1393380184036568,NA,1.0014200635832908,NA,1.0015627469235224,NA
9872397,100,b e v u z,5,-18.05359379807402,NA,-15.116452617134565,NA,-15.154527759561976,NA,1.3293865865827923,NA,1.3290904472457938,NA,1.027526083033521,NA,1.0262694472757412,NA
9872397,0,n ɯ c i c,5,-22.207490302969337,NA,-Inf,NA,-31.27784518309206,NA,1.190125320458985,NA,1.1900702225959,NA,1.000651008188583,NA,1.0008314338114397,NA
9872397,100,c ø d ø l,5,-25.273737592608967,NA,-Inf,NA,-27.063517981829783,NA,1.0636055587079187,NA,1.0637759789037924,NA,1.0001114910985065,NA,1.0003233777080158,NA
9872397,82,ɟ y ɟ ø c,5,-30.88964249128854,NA,-Inf,NA,-34.02337567467023,NA,1.0749047338124378,NA,1.0750589613046984,NA,1.0000545077946146,NA,1.0002695361099974,NA
9872397,0,v ɯ ʒ u v,5,-21.86808593813512,NA,-Inf,NA,-26.703531252513827,NA,1.126951629435814,NA,1.1270081147295898,NA,1.000727269349632,NA,1.000902377044206,NA
9872397,100,b i j o ʒ,5,-20.1694739218949,NA,-16.17150934468403,NA,-16.29228988361789,NA,1.2161562043575238,NA,1.2160636704095142,NA,1.0185949627078428,NA,1.0178290236238705,NA
9872397,82,t i k a n,5,-13.448013540026771,NA,-12.360180704819967,NA,-12.378790372777791,NA,1.4875821102169142,NA,1.486979033124867,NA,1.045676820009706,NA,1.0431959745683663,NA
9872397,100,n u t a s,5,-14.726567453647792,NA,-18.016363167590757,NA,-18.02466558703151,NA,1.375248465052452,NA,1.3748549722517678,NA,1.0268849669602398,NA,1.0255614198293237,NA
9872397,100,m a k a n,5,-13.008346846234591,NA,-11.28043634275908,NA,-11.300021336865491,NA,1.6891002822706591,NA,1.6881485735739905,NA,1.0828270821289048,NA,1.078388901097211,NA
9872397,0,l e ʒ ɯ ʒ,5,-23.42246110699022,NA,-Inf,NA,-31.37937590764058,NA,1.2326268805400291,NA,1.2325034590587125,NA,1.000599585740761,NA,1.000785798371226,NA
9872397,100,b a ɟ ø z,5,-22.46994439760235,NA,-Inf,NA,-18.968121900756447,NA,1.3525891302094293,NA,1.3522568267997628,NA,1.0208335147527232,NA,1.0199546011622187,NA
9872397,84,ɟ i ɟ ø c,5,-29.71307202815976,NA,-Inf,NA,-34.785338500309926,NA,1.0897985812994395,NA,1.0899270408894737,NA,1.0001090155892292,NA,1.0003211623361203,NA
9872397,0,n ɯ t y j,5,-16.745705986388092,NA,-22.3564259100322,NA,-22.34000437551107,NA,1.1865969150263898,NA,1.1865483757315416,NA,1.0045937259415338,NA,1.0045620755887812,NA
9872397,0,ɟ y ʒ i l,5,-25.474223572256346,NA,-26.086164584076812,NA,-25.658577276474528,NA,1.194726574470686,NA,1.1946604814688004,NA,1.001869088084923,NA,1.001974463736933,NA
9872397,0,l y g ɯ ʒ,5,-22.883384054348497,NA,-Inf,NA,-31.210086947359827,NA,1.1381062907638022,NA,1.1381463270545598,NA,1.0003964076179663,NA,1.000592585698109,NA
9872397,29,ɫ o c e c,5,-22.400319377835324,NA,-Inf,NA,-30.01158029879595,NA,1.185129721117138,NA,1.185083880443854,NA,1.0027646697523702,NA,1.0028307383165231,NA
9872397,100,m y z a ʒ,5,-19.26885615927756,NA,-16.145731724613096,NA,-16.288993267502523,NA,1.397336491187185,NA,1.3969153080698635,NA,1.0416189337331847,NA,1.0396162450988709,NA
9872397,1,v ø ʒ ɯ h,5,-23.024241178401727,NA,-Inf,NA,-30.45570700382361,NA,1.1036756719502918,NA,1.1037711769871554,NA,1.0001956309096838,NA,1.000401295176374,NA
9872397,76,ɟ ø c ø c,5,-30.98030987081792,NA,-Inf,NA,-35.04234390027842,NA,1.025304435597176,NA,1.0255444598001535,NA,1,1,1.0002179098838746,1
9872397,0,b u ʒ u ʒ,5,-23.578702027948104,NA,-22.55607533141792,NA,-22.360285906391308,NA,1.1751938218318876,NA,1.175170692528559,NA,1.0072042512867905,NA,1.0070435603192218,NA
9872397,100,k a t ø ɾ,5,-15.581196584717304,NA,-14.400670214601377,NA,-14.436010397238292,NA,1.5237210169792808,NA,1.5230713014199444,NA,1.059134654867906,NA,1.0562306009407805,NA
9872397,0,b i j u ʒ,5,-19.982779180288727,NA,-18.35629998851609,NA,-18.296720384198927,NA,1.2375249433170086,NA,1.237393515128245,NA,1.019368047964322,NA,1.0185609454976876,NA
9872397,71,d͡ʒ o c ø c,5,-26.257085578225187,NA,-Inf,NA,-31.597534878858212,NA,1.087742629560516,NA,1.0878746424072625,NA,1.0005961022486871,NA,1.000782672398996,NA
9872397,100,m y ɾ i ɾ,5,-15.182460061139956,NA,-12.93841945288009,NA,-12.964678761998291,NA,1.495928832346916,NA,1.4953164266216838,NA,1.0626490882923791,NA,1.0594042295798347,NA
9872397,100,t i m y ɾ,5,-15.294846811552397,NA,-13.660054019068708,NA,-13.685647803861627,NA,1.3091233520227514,NA,1.3088432638048708,NA,1.0122665021223751,NA,1.011794088919323,NA
9872397,0,ɟ i ʒ ɯ ʒ,5,-26.41709941367645,NA,-Inf,NA,-33.307818772675844,NA,1.1410997399260654,NA,1.1411346658902664,NA,1.0003270467676877,NA,1.0005276672406118,NA
9872397,24,g u ʒ i ʒ,5,-23.367105446041258,NA,-22.71019322061325,NA,-22.662694231245467,NA,1.214496991418963,NA,1.2143994984214512,NA,1.0018219484717603,NA,1.001942235984122,NA
9872397,6,ɫ a m i v,5,-15.108322670255824,NA,-19.84096460834095,NA,-19.840167964977656,NA,1.45267848057084,NA,1.452164539040134,NA,1.022668785041178,NA,1.0216640887099704,NA
9872397,36,n ø m o s,5,-18.203872787484933,NA,-22.19842578179625,NA,-22.165436338076113,NA,1.1411016056561956,NA,1.141128679586091,NA,1.0035204518715182,NA,1.0035409822204415,NA
9872397,100,t͡ʃ ø v a n,5,-18.701602767562907,NA,-15.100178717825774,NA,-15.129210912490072,NA,1.3444722505099906,NA,1.3441170867989016,NA,1.0395669313903486,NA,1.0374122129692265,NA
9872397,67,n y n u s,5,-16.715340873276865,NA,-20.662916646783795,NA,-20.659392548169652,NA,1.2376893062998182,NA,1.237547081745812,NA,1.0108372213398642,NA,1.0104573725021138,NA
9872397,64,ɫ a n y j,5,-15.527981142957266,NA,-20.048631415631327,NA,-20.029886559218973,NA,1.394546693721347,NA,1.394138324722925,NA,1.0266470238072245,NA,1.0254534974166822,NA
9872397,100,g a d͡ʒ ɯ ʃ,5,-18.1433036565909,NA,-15.499386284508248,NA,-15.553373615329928,NA,1.387167586098868,NA,1.3867697858340529,NA,1.015460105386242,NA,1.014803618740054,NA
9872397,73,g ɯ ʃ e ʒ,5,-20.680133976363813,NA,-18.215759687198577,NA,-18.34658379874023,NA,1.2236976698046218,NA,1.2235845791944204,NA,1.0074075246463592,NA,1.007225242015273,NA
9872397,29,z a ʒ o h,5,-20.01616939621291,NA,-23.3231454652614,NA,-23.200842055018715,NA,1.3161703693104103,NA,1.3159010409835006,NA,1.0043869150779896,NA,1.0043743138247614,NA
9872397,31,t͡ʃ ø j u ʒ,5,-22.924149578450105,NA,-20.79768766887971,NA,-20.742784223544646,NA,1.135233466329589,NA,1.13527898588403,NA,1.004608462527747,NA,1.0045783180618666,NA
9872397,23,n i n u v,5,-16.587473487694577,NA,-20.74289718035614,NA,-20.73475916364208,NA,1.2346503203991448,NA,1.234519670994152,NA,1.015385861708921,NA,1.0147833558081725,NA
9872397,65,k o ɫ ɯ ɾ,5,-15.746838565630412,NA,-13.10667453460241,NA,-13.133460503117467,NA,1.3892399649311546,NA,1.3888182062736574,NA,1.0364363220655193,NA,1.0346301929585895,NA
9872397,7,n u t i v,5,-16.447775065614174,NA,-21.189892153387195,NA,-21.184203947153694,NA,1.2797613550678195,NA,1.27954636548282,NA,1.0249284051823029,NA,1.0237745264935774,NA
9872397,67,g ɯ d͡ʒ u z,5,-19.58384312679565,NA,-16.64152559173808,NA,-16.684403427045364,NA,1.1622032293487097,NA,1.1621965111059591,NA,1.0059499347177645,NA,1.0058336162439705,NA
9872397,100,g a ɟ e ʒ,5,-22.959255290632175,NA,-Inf,NA,-23.771850826744977,NA,1.408639434555404,NA,1.4082066800608468,NA,1.0072505448133169,NA,1.0070846951102934,NA
9872397,0,b e ʒ a ʒ,5,-20.93058538584836,NA,-19.48837816175328,NA,-19.69732468362156,NA,1.4303068450549048,NA,1.4298290186764984,NA,1.014235691359507,NA,1.013693300711423,NA
9872637,64,b u ɟ y ʒ,5,-25.21776219641355,NA,-24.02607612181347,NA,-23.4120433072708,NA,1.1548681109073993,NA,1.1548819472629457,NA,1.0073371474025232,NA,1.007168032552784,NA
9872637,39,t͡ʃ ø ɟ y z,5,-24.87512157612903,NA,-22.11753265394216,NA,-21.28303150118376,NA,1.0902953872221697,NA,1.090415010076083,NA,1.0022148482989617,NA,1.00231031519471,NA
9872637,19,g ɯ k o ʒ,5,-20.74619112225676,NA,-16.915237145151256,NA,-17.041707617482654,NA,1.1737865511481944,NA,1.1737670683301502,NA,1.0095969845870632,NA,1.0093013998750595,NA
9872637,61,n i l i s,5,-16.529383592794712,NA,-21.972909806953865,NA,-21.72458759793683,NA,1.262837912142731,NA,1.2626465045153608,NA,1.0115151948241032,NA,1.0110619225343378,NA
9872637,35,d͡ʒ o ʒ u ʒ,5,-24.29401030874191,NA,-24.243601785484508,NA,-24.17251025107207,NA,1.127716441668515,NA,1.127775417851205,NA,1.0007051178379167,NA,1.0008859248512416,NA
9872637,55,n e n u v,5,-16.389638161368726,NA,-20.325068448436717,NA,-20.31731129385749,NA,1.3208179980421255,NA,1.320538269610069,NA,1.0235487936312362,NA,1.0225154110321275,NA
9872637,34,n ɯ ʒ a v,5,-19.02502844047022,NA,-Inf,NA,-25.556872791643976,NA,1.278077157040375,NA,1.277858856769651,NA,1.005851378448144,NA,1.0057071346124649,NA
9872637,60,t͡ʃ ø v a n,5,-18.701602767562907,NA,-15.100178717825774,NA,-15.129210912490072,NA,1.3444722505099906,NA,1.3441170867989016,NA,1.0395669313903486,NA,1.0374122129692265,NA
9872637,36,d͡ʒ o c ø c,5,-26.257085578225187,NA,-Inf,NA,-31.597534878858212,NA,1.087742629560516,NA,1.0878746424072625,NA,1.0005961022486871,NA,1.000782672398996,NA
9872637,32,l e g o h,5,-19.527053505632765,NA,-27.75113638166346,NA,-27.308708531329852,NA,1.2198662238523628,NA,1.2197634326360676,NA,1.0014568108084176,NA,1.0015956377134012,NA
9872637,60,g ɯ d͡ʒ u z,5,-19.58384312679565,NA,-16.64152559173808,NA,-16.684403427045364,NA,1.1622032293487097,NA,1.1621965111059591,NA,1.0059499347177645,NA,1.0058336162439705,NA
9872637,78,k o ɾ a n,5,-14.411209921897514,NA,-12.294347060400495,NA,-12.318134780608212,NA,1.5780166675354677,NA,1.5772563021989838,NA,1.0788840359427352,NA,1.0746155597877969,NA
9872637,75,ɫ o t o s,5,-16.650452551067872,NA,-19.86130929042026,NA,-19.87178226056184,NA,1.1968532583423572,NA,1.1967836503746367,NA,1.0076982350654493,NA,1.0074960391662156,NA
9872637,78,m e t ø ɾ,5,-16.305709239281132,NA,-14.332928742029557,NA,-14.370439435773992,NA,1.415624745175706,NA,1.415162037061878,NA,1.0262030905848891,NA,1.0250322748512253,NA
9872637,14,n ɯ ʒ ɯ v,5,-20.37155439509228,NA,-Inf,NA,-29.078542120513493,NA,1.1398926451023728,NA,1.1399258609218608,NA,1.0003901669756716,NA,1.0005869200881068,NA
9872637,63,g ɯ d͡ʒ i l,5,-19.64465247954083,NA,-16.929800719720177,NA,-16.98778054263725,NA,1.223765991720176,NA,1.2236495458961485,NA,1.0081634508787554,NA,1.007928985502199,NA
9872637,31,n ɯ c i c,5,-22.207490302969337,NA,-Inf,NA,-31.27784518309206,NA,1.190125320458985,NA,1.1900702225959,NA,1.000651008188583,NA,1.0008314338114397,NA
9872637,31,ɟ i ʒ ɯ ʒ,5,-26.41709941367645,NA,-Inf,NA,-33.307818772675844,NA,1.1410997399260654,NA,1.1411346658902664,NA,1.0003270467676877,NA,1.0005276672406118,NA
9872637,34,ɫ a ɾ u j,5,-14.988213898012642,NA,-18.225237785879074,NA,-18.23265340120377,NA,1.4806633127456936,NA,1.48010342214873,NA,1.0515741074637193,NA,1.0490474569155095,NA
9872637,36,g ɯ ʃ e ʒ,5,-20.680133976363813,NA,-18.215759687198577,NA,-18.34658379874023,NA,1.2236976698046218,NA,1.2235845791944204,NA,1.0074075246463592,NA,1.007225242015273,NA
9872637,35,l e m i m,5,-16.284865608541942,NA,-21.681059717316177,NA,-21.31860352956532,NA,1.380102008877493,NA,1.3797039565377944,NA,1.023384257708429,NA,1.022273629864209,NA
9872637,59,b u j u ʒ,5,-20.87166757096573,NA,-19.733680700888875,NA,-19.668499765417735,NA,1.2165652379443916,NA,1.21647007222167,NA,1.0105687883162064,NA,1.0102253180186327,NA
9872637,37,n u c ø c,5,-24.807625490627537,NA,-Inf,NA,-31.30367927011791,NA,1.090233002361394,NA,1.0903607082649016,NA,1.000704421139502,NA,1.0008852996567954,NA
9872637,20,ɫ a n y j,5,-15.527981142957266,NA,-20.048631415631327,NA,-20.029886559218973,NA,1.394546693721347,NA,1.394138324722925,NA,1.0266470238072245,NA,1.0254534974166822,NA
9872637,26,f u ʒ a ʒ,5,-22.57009892571624,NA,-23.084878726681055,NA,-23.104809642140214,NA,1.283281237699766,NA,1.283057751040734,NA,1.0022636671308394,NA,1.002350487946775,NA
9872637,19,f u m o ʒ,5,-21.086399553296257,NA,-19.904477032559072,NA,-20.00660012235896,NA,1.162493303534497,NA,1.16249350220586,NA,1.0069418990854422,NA,1.006788724097161,NA
9872637,36,n u t i v,5,-16.447775065614174,NA,-21.189892153387195,NA,-21.184203947153694,NA,1.2797613550678195,NA,1.27954636548282,NA,1.0249284051823029,NA,1.0237745264935774,NA
9872637,70,t i k a n,5,-13.448013540026771,NA,-12.360180704819967,NA,-12.378790372777791,NA,1.4875821102169142,NA,1.486979033124867,NA,1.045676820009706,NA,1.0431959745683663,NA
9872637,30,n u ʒ ɯ ʒ,5,-22.62968325066944,NA,-Inf,NA,-29.197550883061453,NA,1.14000794273881,NA,1.140044772486502,NA,1.0008134367287314,NA,1.0009885521090411,NA
9872637,35,g o ɟ i ʒ,5,-24.90517828366109,NA,-25.463316038560684,NA,-25.0238451006757,NA,1.213844639629624,NA,1.21374827950693,NA,1.001203603704403,NA,1.001357562313273,NA
9872637,34,g u ʒ i ʒ,5,-23.367105446041258,NA,-22.71019322061325,NA,-22.662694231245467,NA,1.214496991418963,NA,1.2143994984214512,NA,1.0018219484717603,NA,1.001942235984122,NA
9872637,70,ɫ a g a v,5,-15.754122332862629,NA,-20.553058174302627,NA,-20.559783658839276,NA,1.4882072475199175,NA,1.487625321159881,NA,1.011899048999812,NA,1.011429504802159,NA
9872637,34,b o ʒ a ʒ,5,-22.204003844457393,NA,-19.321037408784147,NA,-19.52975317079178,NA,1.3229086648122703,NA,1.3226166484342836,NA,1.008762800579713,NA,1.0085081234147557,NA
9872637,71,v ø l i v,5,-21.2450194600926,NA,-Inf,NA,-31.53443408186967,NA,1.1757448274064406,NA,1.1757104148958002,NA,1.0014998369742418,NA,1.0016238637930377,NA
9872637,58,b i j o ʒ,5,-20.1694739218949,NA,-16.17150934468403,NA,-16.29228988361789,NA,1.2161562043575238,NA,1.2160636704095142,NA,1.0185949627078428,NA,1.0178290236238705,NA
9872637,67,m y m y ɾ,5,-16.704255115308886,NA,-13.020817250140125,NA,-13.053521821836997,NA,1.3152884044924409,NA,1.3149976658456903,NA,1.0360942196571266,NA,1.0343698974546898,NA
9872637,32,ɟ ø ɟ i n,5,-26.154797849000957,NA,-Inf,NA,-25.981965253358386,NA,1.207646283033087,NA,1.2075351451808032,NA,1.0123140448014616,NA,1.0117616811066352,NA
9872637,34,n ø m o s,5,-18.203872787484933,NA,-22.19842578179625,NA,-22.165436338076113,NA,1.1411016056561956,NA,1.141128679586091,NA,1.0035204518715182,NA,1.0035409822204415,NA
9872637,33,l e ʒ ɯ ʒ,5,-23.42246110699022,NA,-Inf,NA,-31.37937590764058,NA,1.2326268805400291,NA,1.2325034590587125,NA,1.000599585740761,NA,1.000785798371226,NA
9872637,24,b e ɟ e ʒ,5,-22.756632689956056,NA,-Inf,NA,-24.058032387919113,NA,1.345476034124718,NA,1.3451525821532777,NA,1.0127182103550003,NA,1.0122651834486156,NA
9872637,65,n ɯ t y j,5,-16.745705986388092,NA,-22.3564259100322,NA,-22.34000437551107,NA,1.1865969150263898,NA,1.1865483757315416,NA,1.0045937259415338,NA,1.0045620755887812,NA
9872637,24,v ø ʒ ɯ h,5,-23.024241178401727,NA,-Inf,NA,-30.45570700382361,NA,1.1036756719502918,NA,1.1037711769871554,NA,1.0001956309096838,NA,1.000401295176374,NA
9872637,72,l y g a v,5,-19.4935962146241,NA,-Inf,NA,-27.80790591371226,NA,1.2871157130376376,NA,1.2868816916145254,NA,1.008373111461021,NA,1.0080891173681017,NA
9872637,71,z o ɟ i t,5,-20.9589136182378,NA,-22.968824668964604,NA,-22.49812583794652,NA,1.2408518651515077,NA,1.2406922707790116,NA,1.0084540930642174,NA,1.0081503933184568,NA
9872637,69,k o ɫ ɯ ɾ,5,-15.746838565630412,NA,-13.10667453460241,NA,-13.133460503117467,NA,1.3892399649311546,NA,1.3888182062736574,NA,1.0364363220655193,NA,1.0346301929585895,NA
9872637,35,z a ʒ o h,5,-20.01616939621291,NA,-23.3231454652614,NA,-23.200842055018715,NA,1.3161703693104103,NA,1.3159010409835006,NA,1.0043869150779896,NA,1.0043743138247614,NA
9872637,70,ɫ a m i v,5,-15.108322670255824,NA,-19.84096460834095,NA,-19.840167964977656,NA,1.45267848057084,NA,1.452164539040134,NA,1.022668785041178,NA,1.0216640887099704,NA
9872637,31,k o n ø ɾ,5,-17.468982673500772,NA,-15.665847293331234,NA,-15.67041392566706,NA,1.3263918658517442,NA,1.3260835017678103,NA,1.0230245152622903,NA,1.0220198569868446,NA
9872637,38,ɟ y ɟ ø c,5,-30.88964249128854,NA,-Inf,NA,-34.02337567467023,NA,1.0749047338124378,NA,1.0750589613046984,NA,1.0000545077946146,NA,1.0002695361099974,NA
9872637,67,b a ɟ ø z,5,-22.46994439760235,NA,-Inf,NA,-18.968121900756447,NA,1.3525891302094293,NA,1.3522568267997628,NA,1.0208335147527232,NA,1.0199546011622187,NA
9872637,23,ɟ i ɟ ø c,5,-29.71307202815976,NA,-Inf,NA,-34.785338500309926,NA,1.0897985812994395,NA,1.0899270408894737,NA,1.0001090155892292,NA,1.0003211623361203,NA
9872637,24,c ø d ø l,5,-25.273737592608967,NA,-Inf,NA,-27.063517981829783,NA,1.0636055587079187,NA,1.0637759789037924,NA,1.0001114910985065,NA,1.0003233777080158,NA
9872637,22,ɟ y ɟ e c,5,-28.306538947779316,NA,-Inf,NA,-32.95524219839198,NA,1.1788422801113725,NA,1.1788073260166032,NA,1.0007066108268936,NA,1.0008808204183293,NA
9872637,35,d ɯ ʒ a ʒ,5,-21.716795206882775,NA,-Inf,NA,-23.190543246412652,NA,1.298705256665564,NA,1.2984551045728236,NA,1.0026417382010682,NA,1.002708745557405,NA
9872637,36,b e v u z,5,-18.05359379807402,NA,-15.116452617134565,NA,-15.154527759561976,NA,1.3293865865827923,NA,1.3290904472457938,NA,1.027526083033521,NA,1.0262694472757412,NA
9872637,34,g a ɟ e ʒ,5,-22.959255290632175,NA,-Inf,NA,-23.771850826744977,NA,1.408639434555404,NA,1.4082066800608468,NA,1.0072505448133169,NA,1.0070846951102934,NA
9872637,76,l e l i c,5,-21.536362523929785,NA,-31.435382275761945,NA,-30.66420479306158,NA,1.3050220875123175,NA,1.3047680695189283,NA,1.0033784880145589,NA,1.0034146207009211,NA
9872637,28,b i j u ʒ,5,-19.982779180288727,NA,-18.35629998851609,NA,-18.296720384198927,NA,1.2375249433170086,NA,1.237393515128245,NA,1.019368047964322,NA,1.0185609454976876,NA
9872637,67,f u c ø c,5,-26.0945671202964,NA,-Inf,NA,-30.40486528288016,NA,1.0953217853843475,NA,1.0954406909713434,NA,1.0008668994757235,NA,1.001039240543495,NA
9872637,82,k a n i n,5,-13.587711962107177,NA,-12.244157249014869,NA,-12.2628318923973,NA,1.6359797029730567,NA,1.6351267738613084,NA,1.0856556606918544,NA,1.0812238961757654,NA
9872637,85,m y ɾ i ɾ,5,-15.182460061139956,NA,-12.93841945288009,NA,-12.964678761998291,NA,1.495928832346916,NA,1.4953164266216838,NA,1.0626490882923791,NA,1.0594042295798347,NA
9872637,28,ɟ ø c e c,5,-28.397206327308695,NA,-Inf,NA,-33.97421042400016,NA,1.1292419818961106,NA,1.1292928245120586,NA,1.000652103032279,NA,1.0008291941922065,NA
9872637,30,t͡ʃ ø j u ʒ,5,-22.924149578450105,NA,-20.79768766887971,NA,-20.742784223544646,NA,1.135233466329589,NA,1.13527898588403,NA,1.004608462527747,NA,1.0045783180618666,NA
9872637,24,p o c y z,5,-22.132396809934985,NA,-Inf,NA,-22.792875288841223,NA,1.1404551220852177,NA,1.1404879493119304,NA,1.0044867211475823,NA,1.0044629596393846,NA
9872637,32,g a d͡ʒ ɯ ʃ,5,-18.1433036565909,NA,-15.499386284508248,NA,-15.553373615329928,NA,1.387167586098868,NA,1.3867697858340529,NA,1.015460105386242,NA,1.014803618740054,NA
9872637,25,l y v ø h,5,-22.081365336981623,NA,-Inf,NA,-30.783197051114545,NA,1.123537673674444,NA,1.123602990586653,NA,1.0013626948653658,NA,1.0015085655369462,NA
9872637,18,n ɯ m ø h,5,-18.510789566710663,NA,-25.526286904340548,NA,-25.20620087924542,NA,1.139300164226838,NA,1.1393380184036568,NA,1.0014200635832908,NA,1.0015627469235224,NA
9872637,59,l i l i v,5,-19.457588243664848,NA,-29.20991366924059,NA,-28.687492054822933,NA,1.2303966335406769,NA,1.2302676592286446,NA,1.003298594196525,NA,1.0033275292550925,NA
9872637,35,l y g ɯ ʒ,5,-22.883384054348497,NA,-Inf,NA,-31.210086947359827,NA,1.1381062907638022,NA,1.1381463270545598,NA,1.0003964076179663,NA,1.000592585698109,NA
9872637,30,ɟ y ʒ i l,5,-25.474223572256346,NA,-26.086164584076812,NA,-25.658577276474528,NA,1.194726574470686,NA,1.1946604814688004,NA,1.001869088084923,NA,1.001974463736933,NA
9872637,61,ɫ o c e c,5,-22.400319377835324,NA,-Inf,NA,-30.01158029879595,NA,1.185129721117138,NA,1.185083880443854,NA,1.0027646697523702,NA,1.0028307383165231,NA
9872637,69,n y n u s,5,-16.715340873276865,NA,-20.662916646783795,NA,-20.659392548169652,NA,1.2376893062998182,NA,1.237547081745812,NA,1.0108372213398642,NA,1.0104573725021138,NA
9872637,29,v ɯ ʒ u v,5,-21.86808593813512,NA,-Inf,NA,-26.703531252513827,NA,1.126951629435814,NA,1.1270081147295898,NA,1.000727269349632,NA,1.000902377044206,NA
9872637,88,k a t ø ɾ,5,-15.581196584717304,NA,-14.400670214601377,NA,-14.436010397238292,NA,1.5237210169792808,NA,1.5230713014199444,NA,1.059134654867906,NA,1.0562306009407805,NA
9872637,38,ɟ y ʒ u ʒ,5,-27.80853684728006,NA,-29.28500826667853,NA,-28.708564247230676,NA,1.1164047641696466,NA,1.1164832975278336,NA,1.0001090155892292,NA,1.0003211623361203,NA
9872637,68,n u t a s,5,-14.726567453647792,NA,-18.016363167590757,NA,-18.02466558703151,NA,1.375248465052452,NA,1.3748549722517678,NA,1.0268849669602398,NA,1.0255614198293237,NA
9872637,23,b i ʒ a ʒ,5,-21.12842071217421,NA,-20.462820259132272,NA,-20.59539447720862,NA,1.344139167411924,NA,1.3438104200605814,NA,1.013475717377768,NA,1.0129733469207105,NA
9872637,34,b u z e ʒ,5,-20.09685568317635,NA,-17.84329781622566,NA,-17.964161616964663,NA,1.276667630723205,NA,1.2764627987655124,NA,1.0139315296225708,NA,1.0134023197983453,NA
9872637,80,m a k a n,5,-13.008346846234591,NA,-11.28043634275908,NA,-11.300021336865491,NA,1.6891002822706591,NA,1.6881485735739905,NA,1.0828270821289048,NA,1.078388901097211,NA
9872637,33,m y z a ʒ,5,-19.26885615927756,NA,-16.145731724613096,NA,-16.288993267502523,NA,1.397336491187185,NA,1.3969153080698635,NA,1.0416189337331847,NA,1.0396162450988709,NA
9872637,74,t i m y ɾ,5,-15.294846811552397,NA,-13.660054019068708,NA,-13.685647803861627,NA,1.3091233520227514,NA,1.3088432638048708,NA,1.0122665021223751,NA,1.011794088919323,NA
9872637,31,j o b u ʒ,5,-21.05836231257191,NA,-20.278068086553,NA,-20.20804314631168,NA,1.1710790683578258,NA,1.171062773355354,NA,1.0066664843883977,NA,1.006528208768726,NA
9872637,69,n i n u v,5,-16.587473487694577,NA,-20.74289718035614,NA,-20.73475916364208,NA,1.2346503203991448,NA,1.234519670994152,NA,1.015385861708921,NA,1.0147833558081725,NA
9872637,30,l i v ø h,5,-20.904794873852836,NA,-Inf,NA,-30.017786917374448,NA,1.1384315211614455,NA,1.138471070171428,NA,1.0021258039899703,NA,1.0022313327026664,NA
9872637,34,g ɯ ʃ ø z,5,-20.868114892104145,NA,-17.68946998702973,NA,-17.66557104382508,NA,1.1365191714352605,NA,1.1365603636332933,NA,1.0043221992368574,NA,1.0043105088894526,NA
9872637,39,c ø j a ʒ,5,-23.630776844730175,NA,-Inf,NA,-22.239940954309937,NA,1.2565841996509106,NA,1.2564064248544844,NA,1.012129479451536,NA,1.0116719887342391,NA
9872637,43,n e p y j,5,-16.98879234295367,NA,-21.717938967258256,NA,-21.69222912574372,NA,1.2636746444640563,NA,1.2634932080325365,NA,1.0096114935791205,NA,1.0093200333401624,NA
9872637,40,m y k o ʒ,5,-19.93043596815668,NA,-16.300780365266558,NA,-16.417412400213216,NA,1.2520745572399474,NA,1.2519196738829383,NA,1.0326605479495878,NA,1.031153503453037,NA
9872637,40,t i t e n,5,-13.939688353962891,NA,-13.031948462442172,NA,-13.050716201785225,NA,1.4094012502297124,NA,1.4089409685681276,NA,1.034895013822322,NA,1.0331065768439232,NA
9872637,34,b e ʒ a ʒ,5,-20.93058538584836,NA,-19.48837816175328,NA,-19.69732468362156,NA,1.4303068450549048,NA,1.4298290186764984,NA,1.014235691359507,NA,1.013693300711423,NA
9872637,33,t͡ʃ ø j u z,5,-20.529026950681207,NA,-17.342610045374,NA,-17.381051887526098,NA,1.151992514259162,NA,1.1520031350348077,NA,1.0064343510181284,NA,1.0062899141251958,NA
9872637,35,b u ʒ u ʒ,5,-23.578702027948104,NA,-22.55607533141792,NA,-22.360285906391308,NA,1.1751938218318876,NA,1.175170692528559,NA,1.0072042512867905,NA,1.0070435603192218,NA
9872637,37,l e l ø c,5,-23.921630741113155,NA,-Inf,NA,-32.749337306429,NA,1.1941895614424562,NA,1.1941372749111134,NA,1.0030524364984192,NA,1.0031089785467553,NA
9872637,36,b e v a ʒ,5,-18.887323500746025,NA,-15.872593466040806,NA,-16.021901122917775,NA,1.460613178860639,NA,1.460082582720464,NA,1.0349086258500086,NA,1.033249828288036,NA
9872637,65,k a k u ɾ,5,-14.067811152368842,NA,-12.708404717891712,NA,-12.729721104711002,NA,1.5578537830579977,NA,1.5571414460631403,NA,1.0749244666982,NA,1.071116634968564,NA
9872637,36,ɟ ø c ø c,5,-30.98030987081792,NA,-Inf,NA,-35.04234390027842,NA,1.025304435597176,NA,1.0255444598001535,NA,1,1,1.0002179098838746,1
9872658,50,k o ɫ ɯ ɾ,5,-15.746838565630412,NA,-13.10667453460241,NA,-13.133460503117467,NA,1.3892399649311546,NA,1.3888182062736574,NA,1.0364363220655193,NA,1.0346301929585895,NA
9872658,10,m y z a ʒ,5,-19.26885615927756,NA,-16.145731724613096,NA,-16.288993267502523,NA,1.397336491187185,NA,1.3969153080698635,NA,1.0416189337331847,NA,1.0396162450988709,NA
9872658,49,ɟ y ɟ ø c,5,-30.88964249128854,NA,-Inf,NA,-34.02337567467023,NA,1.0749047338124378,NA,1.0750589613046984,NA,1.0000545077946146,NA,1.0002695361099974,NA
9872658,50,ɟ ø c ø c,5,-30.98030987081792,NA,-Inf,NA,-35.04234390027842,NA,1.025304435597176,NA,1.0255444598001535,NA,1,1,1.0002179098838746,1
9872658,12,l e g o h,5,-19.527053505632765,NA,-27.75113638166346,NA,-27.308708531329852,NA,1.2198662238523628,NA,1.2197634326360676,NA,1.0014568108084176,NA,1.0015956377134012,NA
9872658,13,b i j o ʒ,5,-20.1694739218949,NA,-16.17150934468403,NA,-16.29228988361789,NA,1.2161562043575238,NA,1.2160636704095142,NA,1.0185949627078428,NA,1.0178290236238705,NA
9872658,51,k o ɾ a n,5,-14.411209921897514,NA,-12.294347060400495,NA,-12.318134780608212,NA,1.5780166675354677,NA,1.5772563021989838,NA,1.0788840359427352,NA,1.0746155597877969,NA
9872658,12,n ɯ c i c,5,-22.207490302969337,NA,-Inf,NA,-31.27784518309206,NA,1.190125320458985,NA,1.1900702225959,NA,1.000651008188583,NA,1.0008314338114397,NA
9872658,88,m y k o ʒ,5,-19.93043596815668,NA,-16.300780365266558,NA,-16.417412400213216,NA,1.2520745572399474,NA,1.2519196738829383,NA,1.0326605479495878,NA,1.031153503453037,NA
9872658,50,k o n ø ɾ,5,-17.468982673500772,NA,-15.665847293331234,NA,-15.67041392566706,NA,1.3263918658517442,NA,1.3260835017678103,NA,1.0230245152622903,NA,1.0220198569868446,NA
9872658,49,b u j u ʒ,5,-20.87166757096573,NA,-19.733680700888875,NA,-19.668499765417735,NA,1.2165652379443916,NA,1.21647007222167,NA,1.0105687883162064,NA,1.0102253180186327,NA
9872658,88,t͡ʃ ø v a n,5,-18.701602767562907,NA,-15.100178717825774,NA,-15.129210912490072,NA,1.3444722505099906,NA,1.3441170867989016,NA,1.0395669313903486,NA,1.0374122129692265,NA
9872658,13,t͡ʃ ø j u ʒ,5,-22.924149578450105,NA,-20.79768766887971,NA,-20.742784223544646,NA,1.135233466329589,NA,1.13527898588403,NA,1.004608462527747,NA,1.0045783180618666,NA
9872658,50,t i m y ɾ,5,-15.294846811552397,NA,-13.660054019068708,NA,-13.685647803861627,NA,1.3091233520227514,NA,1.3088432638048708,NA,1.0122665021223751,NA,1.011794088919323,NA
9872658,89,b e v u z,5,-18.05359379807402,NA,-15.116452617134565,NA,-15.154527759561976,NA,1.3293865865827923,NA,1.3290904472457938,NA,1.027526083033521,NA,1.0262694472757412,NA
9872658,50,ɫ a ɾ u j,5,-14.988213898012642,NA,-18.225237785879074,NA,-18.23265340120377,NA,1.4806633127456936,NA,1.48010342214873,NA,1.0515741074637193,NA,1.0490474569155095,NA
9872658,13,k a t ø ɾ,5,-15.581196584717304,NA,-14.400670214601377,NA,-14.436010397238292,NA,1.5237210169792808,NA,1.5230713014199444,NA,1.059134654867906,NA,1.0562306009407805,NA
9872658,92,g ɯ d͡ʒ i l,5,-19.64465247954083,NA,-16.929800719720177,NA,-16.98778054263725,NA,1.223765991720176,NA,1.2236495458961485,NA,1.0081634508787554,NA,1.007928985502199,NA
9872658,51,n i l i s,5,-16.529383592794712,NA,-21.972909806953865,NA,-21.72458759793683,NA,1.262837912142731,NA,1.2626465045153608,NA,1.0115151948241032,NA,1.0110619225343378,NA
9872658,50,n ɯ ʒ a v,5,-19.02502844047022,NA,-Inf,NA,-25.556872791643976,NA,1.278077157040375,NA,1.277858856769651,NA,1.005851378448144,NA,1.0057071346124649,NA
9872658,13,l y g ɯ ʒ,5,-22.883384054348497,NA,-Inf,NA,-31.210086947359827,NA,1.1381062907638022,NA,1.1381463270545598,NA,1.0003964076179663,NA,1.000592585698109,NA
9872658,88,b o ʒ a ʒ,5,-22.204003844457393,NA,-19.321037408784147,NA,-19.52975317079178,NA,1.3229086648122703,NA,1.3226166484342836,NA,1.008762800579713,NA,1.0085081234147557,NA
9872658,50,g ɯ d͡ʒ u z,5,-19.58384312679565,NA,-16.64152559173808,NA,-16.684403427045364,NA,1.1622032293487097,NA,1.1621965111059591,NA,1.0059499347177645,NA,1.0058336162439705,NA
9872658,13,n u t i v,5,-16.447775065614174,NA,-21.189892153387195,NA,-21.184203947153694,NA,1.2797613550678195,NA,1.27954636548282,NA,1.0249284051823029,NA,1.0237745264935774,NA
9872658,92,n e n u v,5,-16.389638161368726,NA,-20.325068448436717,NA,-20.31731129385749,NA,1.3208179980421255,NA,1.320538269610069,NA,1.0235487936312362,NA,1.0225154110321275,NA
9872658,91,d͡ʒ o ʒ u ʒ,5,-24.29401030874191,NA,-24.243601785484508,NA,-24.17251025107207,NA,1.127716441668515,NA,1.127775417851205,NA,1.0007051178379167,NA,1.0008859248512416,NA
9872658,15,n u c ø c,5,-24.807625490627537,NA,-Inf,NA,-31.30367927011791,NA,1.090233002361394,NA,1.0903607082649016,NA,1.000704421139502,NA,1.0008852996567954,NA
9872658,52,n ø m o s,5,-18.203872787484933,NA,-22.19842578179625,NA,-22.165436338076113,NA,1.1411016056561956,NA,1.141128679586091,NA,1.0035204518715182,NA,1.0035409822204415,NA
9872658,93,b a ɟ ø z,5,-22.46994439760235,NA,-Inf,NA,-18.968121900756447,NA,1.3525891302094293,NA,1.3522568267997628,NA,1.0208335147527232,NA,1.0199546011622187,NA
9872658,50,ɟ y ʒ i l,5,-25.474223572256346,NA,-26.086164584076812,NA,-25.658577276474528,NA,1.194726574470686,NA,1.1946604814688004,NA,1.001869088084923,NA,1.001974463736933,NA
9872658,49,l i v ø h,5,-20.904794873852836,NA,-Inf,NA,-30.017786917374448,NA,1.1384315211614455,NA,1.138471070171428,NA,1.0021258039899703,NA,1.0022313327026664,NA
9872658,51,ɟ y ɟ e c,5,-28.306538947779316,NA,-Inf,NA,-32.95524219839198,NA,1.1788422801113725,NA,1.1788073260166032,NA,1.0007066108268936,NA,1.0008808204183293,NA
9872658,50,ɟ i ɟ ø c,5,-29.71307202815976,NA,-Inf,NA,-34.785338500309926,NA,1.0897985812994395,NA,1.0899270408894737,NA,1.0001090155892292,NA,1.0003211623361203,NA
9872658,88,l y v ø h,5,-22.081365336981623,NA,-Inf,NA,-30.783197051114545,NA,1.123537673674444,NA,1.123602990586653,NA,1.0013626948653658,NA,1.0015085655369462,NA
9872658,51,g a d͡ʒ ɯ ʃ,5,-18.1433036565909,NA,-15.499386284508248,NA,-15.553373615329928,NA,1.387167586098868,NA,1.3867697858340529,NA,1.015460105386242,NA,1.014803618740054,NA
9872658,12,ɟ i ʒ ɯ ʒ,5,-26.41709941367645,NA,-Inf,NA,-33.307818772675844,NA,1.1410997399260654,NA,1.1411346658902664,NA,1.0003270467676877,NA,1.0005276672406118,NA
9872658,16,b i j u ʒ,5,-19.982779180288727,NA,-18.35629998851609,NA,-18.296720384198927,NA,1.2375249433170086,NA,1.237393515128245,NA,1.019368047964322,NA,1.0185609454976876,NA
9872658,50,k a k u ɾ,5,-14.067811152368842,NA,-12.708404717891712,NA,-12.729721104711002,NA,1.5578537830579977,NA,1.5571414460631403,NA,1.0749244666982,NA,1.071116634968564,NA
9872658,51,t͡ʃ ø j u z,5,-20.529026950681207,NA,-17.342610045374,NA,-17.381051887526098,NA,1.151992514259162,NA,1.1520031350348077,NA,1.0064343510181284,NA,1.0062899141251958,NA
9872658,50,t͡ʃ ø ɟ y z,5,-24.87512157612903,NA,-22.11753265394216,NA,-21.28303150118376,NA,1.0902953872221697,NA,1.090415010076083,NA,1.0022148482989617,NA,1.00231031519471,NA
9872658,87,l e m i m,5,-16.284865608541942,NA,-21.681059717316177,NA,-21.31860352956532,NA,1.380102008877493,NA,1.3797039565377944,NA,1.023384257708429,NA,1.022273629864209,NA
9872658,12,n ɯ t y j,5,-16.745705986388092,NA,-22.3564259100322,NA,-22.34000437551107,NA,1.1865969150263898,NA,1.1865483757315416,NA,1.0045937259415338,NA,1.0045620755887812,NA
9872658,50,b e ɟ e ʒ,5,-22.756632689956056,NA,-Inf,NA,-24.058032387919113,NA,1.345476034124718,NA,1.3451525821532777,NA,1.0127182103550003,NA,1.0122651834486156,NA
9872658,10,f u c ø c,5,-26.0945671202964,NA,-Inf,NA,-30.40486528288016,NA,1.0953217853843475,NA,1.0954406909713434,NA,1.0008668994757235,NA,1.001039240543495,NA
9872658,88,t i t e n,5,-13.939688353962891,NA,-13.031948462442172,NA,-13.050716201785225,NA,1.4094012502297124,NA,1.4089409685681276,NA,1.034895013822322,NA,1.0331065768439232,NA
9872658,51,l e l i c,5,-21.536362523929785,NA,-31.435382275761945,NA,-30.66420479306158,NA,1.3050220875123175,NA,1.3047680695189283,NA,1.0033784880145589,NA,1.0034146207009211,NA
9872658,12,v ø ʒ ɯ h,5,-23.024241178401727,NA,-Inf,NA,-30.45570700382361,NA,1.1036756719502918,NA,1.1037711769871554,NA,1.0001956309096838,NA,1.000401295176374,NA
9872658,52,m y ɾ i ɾ,5,-15.182460061139956,NA,-12.93841945288009,NA,-12.964678761998291,NA,1.495928832346916,NA,1.4953164266216838,NA,1.0626490882923791,NA,1.0594042295798347,NA
9872658,92,ɟ y ʒ u ʒ,5,-27.80853684728006,NA,-29.28500826667853,NA,-28.708564247230676,NA,1.1164047641696466,NA,1.1164832975278336,NA,1.0001090155892292,NA,1.0003211623361203,NA
9872658,91,ɫ a m i v,5,-15.108322670255824,NA,-19.84096460834095,NA,-19.840167964977656,NA,1.45267848057084,NA,1.452164539040134,NA,1.022668785041178,NA,1.0216640887099704,NA
9872658,11,v ɯ ʒ u v,5,-21.86808593813512,NA,-Inf,NA,-26.703531252513827,NA,1.126951629435814,NA,1.1270081147295898,NA,1.000727269349632,NA,1.000902377044206,NA
9872658,51,m a k a n,5,-13.008346846234591,NA,-11.28043634275908,NA,-11.300021336865491,NA,1.6891002822706591,NA,1.6881485735739905,NA,1.0828270821289048,NA,1.078388901097211,NA
9872658,51,ɫ a g a v,5,-15.754122332862629,NA,-20.553058174302627,NA,-20.559783658839276,NA,1.4882072475199175,NA,1.487625321159881,NA,1.011899048999812,NA,1.011429504802159,NA
9872658,51,n u t a s,5,-14.726567453647792,NA,-18.016363167590757,NA,-18.02466558703151,NA,1.375248465052452,NA,1.3748549722517678,NA,1.0268849669602398,NA,1.0255614198293237,NA
9872658,11,b e ʒ a ʒ,5,-20.93058538584836,NA,-19.48837816175328,NA,-19.69732468362156,NA,1.4303068450549048,NA,1.4298290186764984,NA,1.014235691359507,NA,1.013693300711423,NA
9872658,51,g o ɟ i ʒ,5,-24.90517828366109,NA,-25.463316038560684,NA,-25.0238451006757,NA,1.213844639629624,NA,1.21374827950693,NA,1.001203603704403,NA,1.001357562313273,NA
9872658,90,g ɯ ʃ ø z,5,-20.868114892104145,NA,-17.68946998702973,NA,-17.66557104382508,NA,1.1365191714352605,NA,1.1365603636332933,NA,1.0043221992368574,NA,1.0043105088894526,NA
9872658,51,l e l ø c,5,-23.921630741113155,NA,-Inf,NA,-32.749337306429,NA,1.1941895614424562,NA,1.1941372749111134,NA,1.0030524364984192,NA,1.0031089785467553,NA
9872658,93,n e p y j,5,-16.98879234295367,NA,-21.717938967258256,NA,-21.69222912574372,NA,1.2636746444640563,NA,1.2634932080325365,NA,1.0096114935791205,NA,1.0093200333401624,NA
9872658,12,z a ʒ o h,5,-20.01616939621291,NA,-23.3231454652614,NA,-23.200842055018715,NA,1.3161703693104103,NA,1.3159010409835006,NA,1.0043869150779896,NA,1.0043743138247614,NA
9872658,15,v ø l i v,5,-21.2450194600926,NA,-Inf,NA,-31.53443408186967,NA,1.1757448274064406,NA,1.1757104148958002,NA,1.0014998369742418,NA,1.0016238637930377,NA
9872658,88,ɫ o c e c,5,-22.400319377835324,NA,-Inf,NA,-30.01158029879595,NA,1.185129721117138,NA,1.185083880443854,NA,1.0027646697523702,NA,1.0028307383165231,NA
9872658,13,d͡ʒ o c ø c,5,-26.257085578225187,NA,-Inf,NA,-31.597534878858212,NA,1.087742629560516,NA,1.0878746424072625,NA,1.0005961022486871,NA,1.000782672398996,NA
9872658,11,n i n u v,5,-16.587473487694577,NA,-20.74289718035614,NA,-20.73475916364208,NA,1.2346503203991448,NA,1.234519670994152,NA,1.015385861708921,NA,1.0147833558081725,NA
9872658,9,l e ʒ ɯ ʒ,5,-23.42246110699022,NA,-Inf,NA,-31.37937590764058,NA,1.2326268805400291,NA,1.2325034590587125,NA,1.000599585740761,NA,1.000785798371226,NA
9872658,50,m y m y ɾ,5,-16.704255115308886,NA,-13.020817250140125,NA,-13.053521821836997,NA,1.3152884044924409,NA,1.3149976658456903,NA,1.0360942196571266,NA,1.0343698974546898,NA
9872658,91,b u z e ʒ,5,-20.09685568317635,NA,-17.84329781622566,NA,-17.964161616964663,NA,1.276667630723205,NA,1.2764627987655124,NA,1.0139315296225708,NA,1.0134023197983453,NA
9872658,94,f u ʒ a ʒ,5,-22.57009892571624,NA,-23.084878726681055,NA,-23.104809642140214,NA,1.283281237699766,NA,1.283057751040734,NA,1.0022636671308394,NA,1.002350487946775,NA
9872658,50,f u m o ʒ,5,-21.086399553296257,NA,-19.904477032559072,NA,-20.00660012235896,NA,1.162493303534497,NA,1.16249350220586,NA,1.0069418990854422,NA,1.006788724097161,NA
9872658,89,b u ʒ u ʒ,5,-23.578702027948104,NA,-22.55607533141792,NA,-22.360285906391308,NA,1.1751938218318876,NA,1.175170692528559,NA,1.0072042512867905,NA,1.0070435603192218,NA
9872658,51,j o b u ʒ,5,-21.05836231257191,NA,-20.278068086553,NA,-20.20804314631168,NA,1.1710790683578258,NA,1.171062773355354,NA,1.0066664843883977,NA,1.006528208768726,NA
9872658,52,t i k a n,5,-13.448013540026771,NA,-12.360180704819967,NA,-12.378790372777791,NA,1.4875821102169142,NA,1.486979033124867,NA,1.045676820009706,NA,1.0431959745683663,NA
9872658,14,c ø d ø l,5,-25.273737592608967,NA,-Inf,NA,-27.063517981829783,NA,1.0636055587079187,NA,1.0637759789037924,NA,1.0001114910985065,NA,1.0003233777080158,NA
9872658,50,g ɯ k o ʒ,5,-20.74619112225676,NA,-16.915237145151256,NA,-17.041707617482654,NA,1.1737865511481944,NA,1.1737670683301502,NA,1.0095969845870632,NA,1.0093013998750595,NA
9872658,52,c ø j a ʒ,5,-23.630776844730175,NA,-Inf,NA,-22.239940954309937,NA,1.2565841996509106,NA,1.2564064248544844,NA,1.012129479451536,NA,1.0116719887342391,NA
9872658,10,n ɯ m ø h,5,-18.510789566710663,NA,-25.526286904340548,NA,-25.20620087924542,NA,1.139300164226838,NA,1.1393380184036568,NA,1.0014200635832908,NA,1.0015627469235224,NA
9872658,52,l y g a v,5,-19.4935962146241,NA,-Inf,NA,-27.80790591371226,NA,1.2871157130376376,NA,1.2868816916145254,NA,1.008373111461021,NA,1.0080891173681017,NA
9872658,51,ɟ ø c e c,5,-28.397206327308695,NA,-Inf,NA,-33.97421042400016,NA,1.1292419818961106,NA,1.1292928245120586,NA,1.000652103032279,NA,1.0008291941922065,NA
9872658,52,b u ɟ y ʒ,5,-25.21776219641355,NA,-24.02607612181347,NA,-23.4120433072708,NA,1.1548681109073993,NA,1.1548819472629457,NA,1.0073371474025232,NA,1.007168032552784,NA
9872658,91,b i ʒ a ʒ,5,-21.12842071217421,NA,-20.462820259132272,NA,-20.59539447720862,NA,1.344139167411924,NA,1.3438104200605814,NA,1.013475717377768,NA,1.0129733469207105,NA
9872658,52,n y n u s,5,-16.715340873276865,NA,-20.662916646783795,NA,-20.659392548169652,NA,1.2376893062998182,NA,1.237547081745812,NA,1.0108372213398642,NA,1.0104573725021138,NA
9872658,90,b e v a ʒ,5,-18.887323500746025,NA,-15.872593466040806,NA,-16.021901122917775,NA,1.460613178860639,NA,1.460082582720464,NA,1.0349086258500086,NA,1.033249828288036,NA
9872658,52,n ɯ ʒ ɯ v,5,-20.37155439509228,NA,-Inf,NA,-29.078542120513493,NA,1.1398926451023728,NA,1.1399258609218608,NA,1.0003901669756716,NA,1.0005869200881068,NA
9872658,24,g a ɟ e ʒ,5,-22.959255290632175,NA,-Inf,NA,-23.771850826744977,NA,1.408639434555404,NA,1.4082066800608468,NA,1.0072505448133169,NA,1.0070846951102934,NA
9872658,86,ɫ a n y j,5,-15.527981142957266,NA,-20.048631415631327,NA,-20.029886559218973,NA,1.394546693721347,NA,1.394138324722925,NA,1.0266470238072245,NA,1.0254534974166822,NA
9872658,51,l i l i v,5,-19.457588243664848,NA,-29.20991366924059,NA,-28.687492054822933,NA,1.2303966335406769,NA,1.2302676592286446,NA,1.003298594196525,NA,1.0033275292550925,NA
9872658,90,k a n i n,5,-13.587711962107177,NA,-12.244157249014869,NA,-12.2628318923973,NA,1.6359797029730567,NA,1.6351267738613084,NA,1.0856556606918544,NA,1.0812238961757654,NA
9872658,51,ɟ ø ɟ i n,5,-26.154797849000957,NA,-Inf,NA,-25.981965253358386,NA,1.207646283033087,NA,1.2075351451808032,NA,1.0123140448014616,NA,1.0117616811066352,NA
9872658,14,g ɯ ʃ e ʒ,5,-20.680133976363813,NA,-18.215759687198577,NA,-18.34658379874023,NA,1.2236976698046218,NA,1.2235845791944204,NA,1.0074075246463592,NA,1.007225242015273,NA
9872658,52,m e t ø ɾ,5,-16.305709239281132,NA,-14.332928742029557,NA,-14.370439435773992,NA,1.415624745175706,NA,1.415162037061878,NA,1.0262030905848891,NA,1.0250322748512253,NA
9872658,12,p o c y z,5,-22.132396809934985,NA,-Inf,NA,-22.792875288841223,NA,1.1404551220852177,NA,1.1404879493119304,NA,1.0044867211475823,NA,1.0044629596393846,NA
9872658,89,d ɯ ʒ a ʒ,5,-21.716795206882775,NA,-Inf,NA,-23.190543246412652,NA,1.298705256665564,NA,1.2984551045728236,NA,1.0026417382010682,NA,1.002708745557405,NA
9872658,50,n u ʒ ɯ ʒ,5,-22.62968325066944,NA,-Inf,NA,-29.197550883061453,NA,1.14000794273881,NA,1.140044772486502,NA,1.0008134367287314,NA,1.0009885521090411,NA
9872658,87,z o ɟ i t,5,-20.9589136182378,NA,-22.968824668964604,NA,-22.49812583794652,NA,1.2408518651515077,NA,1.2406922707790116,NA,1.0084540930642174,NA,1.0081503933184568,NA
9872658,52,ɫ o t o s,5,-16.650452551067872,NA,-19.86130929042026,NA,-19.87178226056184,NA,1.1968532583423572,NA,1.1967836503746367,NA,1.0076982350654493,NA,1.0074960391662156,NA
9872658,87,g u ʒ i ʒ,5,-23.367105446041258,NA,-22.71019322061325,NA,-22.662694231245467,NA,1.214496991418963,NA,1.2143994984214512,NA,1.0018219484717603,NA,1.001942235984122,NA
9872942,48,n e p y j,5,-16.98879234295367,NA,-21.717938967258256,NA,-21.69222912574372,NA,1.2636746444640563,NA,1.2634932080325365,NA,1.0096114935791205,NA,1.0093200333401624,NA
9872942,15,z a ʒ o h,5,-20.01616939621291,NA,-23.3231454652614,NA,-23.200842055018715,NA,1.3161703693104103,NA,1.3159010409835006,NA,1.0043869150779896,NA,1.0043743138247614,NA
9872942,97,b i j o ʒ,5,-20.1694739218949,NA,-16.17150934468403,NA,-16.29228988361789,NA,1.2161562043575238,NA,1.2160636704095142,NA,1.0185949627078428,NA,1.0178290236238705,NA
9872942,70,b e v u z,5,-18.05359379807402,NA,-15.116452617134565,NA,-15.154527759561976,NA,1.3293865865827923,NA,1.3290904472457938,NA,1.027526083033521,NA,1.0262694472757412,NA
9872942,59,f u c ø c,5,-26.0945671202964,NA,-Inf,NA,-30.40486528288016,NA,1.0953217853843475,NA,1.0954406909713434,NA,1.0008668994757235,NA,1.001039240543495,NA
9872942,80,g ɯ d͡ʒ u z,5,-19.58384312679565,NA,-16.64152559173808,NA,-16.684403427045364,NA,1.1622032293487097,NA,1.1621965111059591,NA,1.0059499347177645,NA,1.0058336162439705,NA
9872942,73,t i k a n,5,-13.448013540026771,NA,-12.360180704819967,NA,-12.378790372777791,NA,1.4875821102169142,NA,1.486979033124867,NA,1.045676820009706,NA,1.0431959745683663,NA
9872942,30,l i v ø h,5,-20.904794873852836,NA,-Inf,NA,-30.017786917374448,NA,1.1384315211614455,NA,1.138471070171428,NA,1.0021258039899703,NA,1.0022313327026664,NA
9872942,56,b a ɟ ø z,5,-22.46994439760235,NA,-Inf,NA,-18.968121900756447,NA,1.3525891302094293,NA,1.3522568267997628,NA,1.0208335147527232,NA,1.0199546011622187,NA
9872942,27,n i n u v,5,-16.587473487694577,NA,-20.74289718035614,NA,-20.73475916364208,NA,1.2346503203991448,NA,1.234519670994152,NA,1.015385861708921,NA,1.0147833558081725,NA
9872942,81,g ɯ d͡ʒ i l,5,-19.64465247954083,NA,-16.929800719720177,NA,-16.98778054263725,NA,1.223765991720176,NA,1.2236495458961485,NA,1.0081634508787554,NA,1.007928985502199,NA
9872942,25,ɫ a m i v,5,-15.108322670255824,NA,-19.84096460834095,NA,-19.840167964977656,NA,1.45267848057084,NA,1.452164539040134,NA,1.022668785041178,NA,1.0216640887099704,NA
9872942,95,b u ɟ y ʒ,5,-25.21776219641355,NA,-24.02607612181347,NA,-23.4120433072708,NA,1.1548681109073993,NA,1.1548819472629457,NA,1.0073371474025232,NA,1.007168032552784,NA
9872942,76,k o ɫ ɯ ɾ,5,-15.746838565630412,NA,-13.10667453460241,NA,-13.133460503117467,NA,1.3892399649311546,NA,1.3888182062736574,NA,1.0364363220655193,NA,1.0346301929585895,NA
9872942,67,n ɯ c i c,5,-22.207490302969337,NA,-Inf,NA,-31.27784518309206,NA,1.190125320458985,NA,1.1900702225959,NA,1.000651008188583,NA,1.0008314338114397,NA
9872942,29,ɫ a ɾ u j,5,-14.988213898012642,NA,-18.225237785879074,NA,-18.23265340120377,NA,1.4806633127456936,NA,1.48010342214873,NA,1.0515741074637193,NA,1.0490474569155095,NA
9872942,29,m e t ø ɾ,5,-16.305709239281132,NA,-14.332928742029557,NA,-14.370439435773992,NA,1.415624745175706,NA,1.415162037061878,NA,1.0262030905848891,NA,1.0250322748512253,NA
9872942,74,n ɯ t y j,5,-16.745705986388092,NA,-22.3564259100322,NA,-22.34000437551107,NA,1.1865969150263898,NA,1.1865483757315416,NA,1.0045937259415338,NA,1.0045620755887812,NA
9872942,94,ɟ ø c e c,5,-28.397206327308695,NA,-Inf,NA,-33.97421042400016,NA,1.1292419818961106,NA,1.1292928245120586,NA,1.000652103032279,NA,1.0008291941922065,NA
9872942,73,n y n u s,5,-16.715340873276865,NA,-20.662916646783795,NA,-20.659392548169652,NA,1.2376893062998182,NA,1.237547081745812,NA,1.0108372213398642,NA,1.0104573725021138,NA
9872942,83,n u t i v,5,-16.447775065614174,NA,-21.189892153387195,NA,-21.184203947153694,NA,1.2797613550678195,NA,1.27954636548282,NA,1.0249284051823029,NA,1.0237745264935774,NA
9872942,84,l e l ø c,5,-23.921630741113155,NA,-Inf,NA,-32.749337306429,NA,1.1941895614424562,NA,1.1941372749111134,NA,1.0030524364984192,NA,1.0031089785467553,NA
9872942,64,f u m o ʒ,5,-21.086399553296257,NA,-19.904477032559072,NA,-20.00660012235896,NA,1.162493303534497,NA,1.16249350220586,NA,1.0069418990854422,NA,1.006788724097161,NA
9872942,67,n ɯ m ø h,5,-18.510789566710663,NA,-25.526286904340548,NA,-25.20620087924542,NA,1.139300164226838,NA,1.1393380184036568,NA,1.0014200635832908,NA,1.0015627469235224,NA
9872942,86,l y g a v,5,-19.4935962146241,NA,-Inf,NA,-27.80790591371226,NA,1.2871157130376376,NA,1.2868816916145254,NA,1.008373111461021,NA,1.0080891173681017,NA
9872942,29,ɟ ø ɟ i n,5,-26.154797849000957,NA,-Inf,NA,-25.981965253358386,NA,1.207646283033087,NA,1.2075351451808032,NA,1.0123140448014616,NA,1.0117616811066352,NA
9872942,48,g a ɟ e ʒ,5,-22.959255290632175,NA,-Inf,NA,-23.771850826744977,NA,1.408639434555404,NA,1.4082066800608468,NA,1.0072505448133169,NA,1.0070846951102934,NA
9872942,43,g ɯ ʃ e ʒ,5,-20.680133976363813,NA,-18.215759687198577,NA,-18.34658379874023,NA,1.2236976698046218,NA,1.2235845791944204,NA,1.0074075246463592,NA,1.007225242015273,NA
9872942,89,ɫ a g a v,5,-15.754122332862629,NA,-20.553058174302627,NA,-20.559783658839276,NA,1.4882072475199175,NA,1.487625321159881,NA,1.011899048999812,NA,1.011429504802159,NA
9872942,89,g ɯ ʃ ø z,5,-20.868114892104145,NA,-17.68946998702973,NA,-17.66557104382508,NA,1.1365191714352605,NA,1.1365603636332933,NA,1.0043221992368574,NA,1.0043105088894526,NA
9872942,16,l e m i m,5,-16.284865608541942,NA,-21.681059717316177,NA,-21.31860352956532,NA,1.380102008877493,NA,1.3797039565377944,NA,1.023384257708429,NA,1.022273629864209,NA
9872942,71,b e v a ʒ,5,-18.887323500746025,NA,-15.872593466040806,NA,-16.021901122917775,NA,1.460613178860639,NA,1.460082582720464,NA,1.0349086258500086,NA,1.033249828288036,NA
9872942,67,d͡ʒ o ʒ u ʒ,5,-24.29401030874191,NA,-24.243601785484508,NA,-24.17251025107207,NA,1.127716441668515,NA,1.127775417851205,NA,1.0007051178379167,NA,1.0008859248512416,NA
9872942,91,t i m y ɾ,5,-15.294846811552397,NA,-13.660054019068708,NA,-13.685647803861627,NA,1.3091233520227514,NA,1.3088432638048708,NA,1.0122665021223751,NA,1.011794088919323,NA
9872942,20,l y v ø h,5,-22.081365336981623,NA,-Inf,NA,-30.783197051114545,NA,1.123537673674444,NA,1.123602990586653,NA,1.0013626948653658,NA,1.0015085655369462,NA
9872942,97,m a k a n,5,-13.008346846234591,NA,-11.28043634275908,NA,-11.300021336865491,NA,1.6891002822706591,NA,1.6881485735739905,NA,1.0828270821289048,NA,1.078388901097211,NA
9872942,65,g u ʒ i ʒ,5,-23.367105446041258,NA,-22.71019322061325,NA,-22.662694231245467,NA,1.214496991418963,NA,1.2143994984214512,NA,1.0018219484717603,NA,1.001942235984122,NA
9872942,56,t͡ʃ ø j u ʒ,5,-22.924149578450105,NA,-20.79768766887971,NA,-20.742784223544646,NA,1.135233466329589,NA,1.13527898588403,NA,1.004608462527747,NA,1.0045783180618666,NA
9872942,80,k a n i n,5,-13.587711962107177,NA,-12.244157249014869,NA,-12.2628318923973,NA,1.6359797029730567,NA,1.6351267738613084,NA,1.0856556606918544,NA,1.0812238961757654,NA
9872942,64,n ɯ ʒ a v,5,-19.02502844047022,NA,-Inf,NA,-25.556872791643976,NA,1.278077157040375,NA,1.277858856769651,NA,1.005851378448144,NA,1.0057071346124649,NA
9872942,79,k o ɾ a n,5,-14.411209921897514,NA,-12.294347060400495,NA,-12.318134780608212,NA,1.5780166675354677,NA,1.5772563021989838,NA,1.0788840359427352,NA,1.0746155597877969,NA
9872942,59,l y g ɯ ʒ,5,-22.883384054348497,NA,-Inf,NA,-31.210086947359827,NA,1.1381062907638022,NA,1.1381463270545598,NA,1.0003964076179663,NA,1.000592585698109,NA
9872942,54,n ø m o s,5,-18.203872787484933,NA,-22.19842578179625,NA,-22.165436338076113,NA,1.1411016056561956,NA,1.141128679586091,NA,1.0035204518715182,NA,1.0035409822204415,NA
9872942,92,m y m y ɾ,5,-16.704255115308886,NA,-13.020817250140125,NA,-13.053521821836997,NA,1.3152884044924409,NA,1.3149976658456903,NA,1.0360942196571266,NA,1.0343698974546898,NA
9872942,76,ɟ y ɟ ø c,5,-30.88964249128854,NA,-Inf,NA,-34.02337567467023,NA,1.0749047338124378,NA,1.0750589613046984,NA,1.0000545077946146,NA,1.0002695361099974,NA
9872942,58,ɟ y ʒ u ʒ,5,-27.80853684728006,NA,-29.28500826667853,NA,-28.708564247230676,NA,1.1164047641696466,NA,1.1164832975278336,NA,1.0001090155892292,NA,1.0003211623361203,NA
9872942,92,k o n ø ɾ,5,-17.468982673500772,NA,-15.665847293331234,NA,-15.67041392566706,NA,1.3263918658517442,NA,1.3260835017678103,NA,1.0230245152622903,NA,1.0220198569868446,NA
9872942,98,g a d͡ʒ ɯ ʃ,5,-18.1433036565909,NA,-15.499386284508248,NA,-15.553373615329928,NA,1.387167586098868,NA,1.3867697858340529,NA,1.015460105386242,NA,1.014803618740054,NA
9872942,77,t͡ʃ ø ɟ y z,5,-24.87512157612903,NA,-22.11753265394216,NA,-21.28303150118376,NA,1.0902953872221697,NA,1.090415010076083,NA,1.0022148482989617,NA,1.00231031519471,NA
9872942,68,g ɯ k o ʒ,5,-20.74619112225676,NA,-16.915237145151256,NA,-17.041707617482654,NA,1.1737865511481944,NA,1.1737670683301502,NA,1.0095969845870632,NA,1.0093013998750595,NA
9872942,13,l i l i v,5,-19.457588243664848,NA,-29.20991366924059,NA,-28.687492054822933,NA,1.2303966335406769,NA,1.2302676592286446,NA,1.003298594196525,NA,1.0033275292550925,NA
9872942,88,n u t a s,5,-14.726567453647792,NA,-18.016363167590757,NA,-18.02466558703151,NA,1.375248465052452,NA,1.3748549722517678,NA,1.0268849669602398,NA,1.0255614198293237,NA
9872942,68,m y k o ʒ,5,-19.93043596815668,NA,-16.300780365266558,NA,-16.417412400213216,NA,1.2520745572399474,NA,1.2519196738829383,NA,1.0326605479495878,NA,1.031153503453037,NA
9872942,70,c ø j a ʒ,5,-23.630776844730175,NA,-Inf,NA,-22.239940954309937,NA,1.2565841996509106,NA,1.2564064248544844,NA,1.012129479451536,NA,1.0116719887342391,NA
9872942,91,t i t e n,5,-13.939688353962891,NA,-13.031948462442172,NA,-13.050716201785225,NA,1.4094012502297124,NA,1.4089409685681276,NA,1.034895013822322,NA,1.0331065768439232,NA
9872942,79,ɟ y ɟ e c,5,-28.306538947779316,NA,-Inf,NA,-32.95524219839198,NA,1.1788422801113725,NA,1.1788073260166032,NA,1.0007066108268936,NA,1.0008808204183293,NA
9872942,82,ɫ o c e c,5,-22.400319377835324,NA,-Inf,NA,-30.01158029879595,NA,1.185129721117138,NA,1.185083880443854,NA,1.0027646697523702,NA,1.0028307383165231,NA
9872942,67,j o b u ʒ,5,-21.05836231257191,NA,-20.278068086553,NA,-20.20804314631168,NA,1.1710790683578258,NA,1.171062773355354,NA,1.0066664843883977,NA,1.006528208768726,NA
9872942,13,v ø ʒ ɯ h,5,-23.024241178401727,NA,-Inf,NA,-30.45570700382361,NA,1.1036756719502918,NA,1.1037711769871554,NA,1.0001956309096838,NA,1.000401295176374,NA
9872942,86,t͡ʃ ø j u z,5,-20.529026950681207,NA,-17.342610045374,NA,-17.381051887526098,NA,1.151992514259162,NA,1.1520031350348077,NA,1.0064343510181284,NA,1.0062899141251958,NA
9872942,67,b e ʒ a ʒ,5,-20.93058538584836,NA,-19.48837816175328,NA,-19.69732468362156,NA,1.4303068450549048,NA,1.4298290186764984,NA,1.014235691359507,NA,1.013693300711423,NA
9872942,62,f u ʒ a ʒ,5,-22.57009892571624,NA,-23.084878726681055,NA,-23.104809642140214,NA,1.283281237699766,NA,1.283057751040734,NA,1.0022636671308394,NA,1.002350487946775,NA
9872942,13,ɫ a n y j,5,-15.527981142957266,NA,-20.048631415631327,NA,-20.029886559218973,NA,1.394546693721347,NA,1.394138324722925,NA,1.0266470238072245,NA,1.0254534974166822,NA
9872942,66,l e ʒ ɯ ʒ,5,-23.42246110699022,NA,-Inf,NA,-31.37937590764058,NA,1.2326268805400291,NA,1.2325034590587125,NA,1.000599585740761,NA,1.000785798371226,NA
9872942,61,ɟ y ʒ i l,5,-25.474223572256346,NA,-26.086164584076812,NA,-25.658577276474528,NA,1.194726574470686,NA,1.1946604814688004,NA,1.001869088084923,NA,1.001974463736933,NA
9872942,62,b o ʒ a ʒ,5,-22.204003844457393,NA,-19.321037408784147,NA,-19.52975317079178,NA,1.3229086648122703,NA,1.3226166484342836,NA,1.008762800579713,NA,1.0085081234147557,NA
9872942,58,t͡ʃ ø v a n,5,-18.701602767562907,NA,-15.100178717825774,NA,-15.129210912490072,NA,1.3444722505099906,NA,1.3441170867989016,NA,1.0395669313903486,NA,1.0374122129692265,NA
9872942,64,b i j u ʒ,5,-19.982779180288727,NA,-18.35629998851609,NA,-18.296720384198927,NA,1.2375249433170086,NA,1.237393515128245,NA,1.019368047964322,NA,1.0185609454976876,NA
9872942,29,n e n u v,5,-16.389638161368726,NA,-20.325068448436717,NA,-20.31731129385749,NA,1.3208179980421255,NA,1.320538269610069,NA,1.0235487936312362,NA,1.0225154110321275,NA
9872942,32,b i ʒ a ʒ,5,-21.12842071217421,NA,-20.462820259132272,NA,-20.59539447720862,NA,1.344139167411924,NA,1.3438104200605814,NA,1.013475717377768,NA,1.0129733469207105,NA
9872942,37,b u ʒ u ʒ,5,-23.578702027948104,NA,-22.55607533141792,NA,-22.360285906391308,NA,1.1751938218318876,NA,1.175170692528559,NA,1.0072042512867905,NA,1.0070435603192218,NA
9872942,75,l e l i c,5,-21.536362523929785,NA,-31.435382275761945,NA,-30.66420479306158,NA,1.3050220875123175,NA,1.3047680695189283,NA,1.0033784880145589,NA,1.0034146207009211,NA
9872942,79,n u c ø c,5,-24.807625490627537,NA,-Inf,NA,-31.30367927011791,NA,1.090233002361394,NA,1.0903607082649016,NA,1.000704421139502,NA,1.0008852996567954,NA
9872942,75,n ɯ ʒ ɯ v,5,-20.37155439509228,NA,-Inf,NA,-29.078542120513493,NA,1.1398926451023728,NA,1.1399258609218608,NA,1.0003901669756716,NA,1.0005869200881068,NA
9872942,79,g o ɟ i ʒ,5,-24.90517828366109,NA,-25.463316038560684,NA,-25.0238451006757,NA,1.213844639629624,NA,1.21374827950693,NA,1.001203603704403,NA,1.001357562313273,NA
9872942,57,d͡ʒ o c ø c,5,-26.257085578225187,NA,-Inf,NA,-31.597534878858212,NA,1.087742629560516,NA,1.0878746424072625,NA,1.0005961022486871,NA,1.000782672398996,NA
9872942,54,z o ɟ i t,5,-20.9589136182378,NA,-22.968824668964604,NA,-22.49812583794652,NA,1.2408518651515077,NA,1.2406922707790116,NA,1.0084540930642174,NA,1.0081503933184568,NA
9872942,55,v ɯ ʒ u v,5,-21.86808593813512,NA,-Inf,NA,-26.703531252513827,NA,1.126951629435814,NA,1.1270081147295898,NA,1.000727269349632,NA,1.000902377044206,NA
9872942,94,k a t ø ɾ,5,-15.581196584717304,NA,-14.400670214601377,NA,-14.436010397238292,NA,1.5237210169792808,NA,1.5230713014199444,NA,1.059134654867906,NA,1.0562306009407805,NA
9872942,67,b u j u ʒ,5,-20.87166757096573,NA,-19.733680700888875,NA,-19.668499765417735,NA,1.2165652379443916,NA,1.21647007222167,NA,1.0105687883162064,NA,1.0102253180186327,NA
9872942,26,l e g o h,5,-19.527053505632765,NA,-27.75113638166346,NA,-27.308708531329852,NA,1.2198662238523628,NA,1.2197634326360676,NA,1.0014568108084176,NA,1.0015956377134012,NA
9872942,40,d ɯ ʒ a ʒ,5,-21.716795206882775,NA,-Inf,NA,-23.190543246412652,NA,1.298705256665564,NA,1.2984551045728236,NA,1.0026417382010682,NA,1.002708745557405,NA
9872942,98,k a k u ɾ,5,-14.067811152368842,NA,-12.708404717891712,NA,-12.729721104711002,NA,1.5578537830579977,NA,1.5571414460631403,NA,1.0749244666982,NA,1.071116634968564,NA
9872942,87,p o c y z,5,-22.132396809934985,NA,-Inf,NA,-22.792875288841223,NA,1.1404551220852177,NA,1.1404879493119304,NA,1.0044867211475823,NA,1.0044629596393846,NA
9872942,21,c ø d ø l,5,-25.273737592608967,NA,-Inf,NA,-27.063517981829783,NA,1.0636055587079187,NA,1.0637759789037924,NA,1.0001114910985065,NA,1.0003233777080158,NA
9872942,16,v ø l i v,5,-21.2450194600926,NA,-Inf,NA,-31.53443408186967,NA,1.1757448274064406,NA,1.1757104148958002,NA,1.0014998369742418,NA,1.0016238637930377,NA
9872942,85,m y ɾ i ɾ,5,-15.182460061139956,NA,-12.93841945288009,NA,-12.964678761998291,NA,1.495928832346916,NA,1.4953164266216838,NA,1.0626490882923791,NA,1.0594042295798347,NA
9872942,56,ɟ i ʒ ɯ ʒ,5,-26.41709941367645,NA,-Inf,NA,-33.307818772675844,NA,1.1410997399260654,NA,1.1411346658902664,NA,1.0003270467676877,NA,1.0005276672406118,NA
9872942,80,ɫ o t o s,5,-16.650452551067872,NA,-19.86130929042026,NA,-19.87178226056184,NA,1.1968532583423572,NA,1.1967836503746367,NA,1.0076982350654493,NA,1.0074960391662156,NA
9872942,58,b e ɟ e ʒ,5,-22.756632689956056,NA,-Inf,NA,-24.058032387919113,NA,1.345476034124718,NA,1.3451525821532777,NA,1.0127182103550003,NA,1.0122651834486156,NA
9872942,78,ɟ ø c ø c,5,-30.98030987081792,NA,-Inf,NA,-35.04234390027842,NA,1.025304435597176,NA,1.0255444598001535,NA,1,1,1.0002179098838746,1
9872942,13,n i l i s,5,-16.529383592794712,NA,-21.972909806953865,NA,-21.72458759793683,NA,1.262837912142731,NA,1.2626465045153608,NA,1.0115151948241032,NA,1.0110619225343378,NA
9872942,63,ɟ i ɟ ø c,5,-29.71307202815976,NA,-Inf,NA,-34.785338500309926,NA,1.0897985812994395,NA,1.0899270408894737,NA,1.0001090155892292,NA,1.0003211623361203,NA
9872942,85,m y z a ʒ,5,-19.26885615927756,NA,-16.145731724613096,NA,-16.288993267502523,NA,1.397336491187185,NA,1.3969153080698635,NA,1.0416189337331847,NA,1.0396162450988709,NA
9872942,65,b u z e ʒ,5,-20.09685568317635,NA,-17.84329781622566,NA,-17.964161616964663,NA,1.276667630723205,NA,1.2764627987655124,NA,1.0139315296225708,NA,1.0134023197983453,NA
9872942,54,n u ʒ ɯ ʒ,5,-22.62968325066944,NA,-Inf,NA,-29.197550883061453,NA,1.14000794273881,NA,1.140044772486502,NA,1.0008134367287314,NA,1.0009885521090411,NA
9872980,72,k a k u ɾ,5,-14.067811152368842,NA,-12.708404717891712,NA,-12.729721104711002,NA,1.5578537830579977,NA,1.5571414460631403,NA,1.0749244666982,NA,1.071116634968564,NA
9872980,72,g a d͡ʒ ɯ ʃ,5,-18.1433036565909,NA,-15.499386284508248,NA,-15.553373615329928,NA,1.387167586098868,NA,1.3867697858340529,NA,1.015460105386242,NA,1.014803618740054,NA
9872980,39,ɫ o c e c,5,-22.400319377835324,NA,-Inf,NA,-30.01158029879595,NA,1.185129721117138,NA,1.185083880443854,NA,1.0027646697523702,NA,1.0028307383165231,NA
9872980,47,n u t i v,5,-16.447775065614174,NA,-21.189892153387195,NA,-21.184203947153694,NA,1.2797613550678195,NA,1.27954636548282,NA,1.0249284051823029,NA,1.0237745264935774,NA
9872980,43,n u c ø c,5,-24.807625490627537,NA,-Inf,NA,-31.30367927011791,NA,1.090233002361394,NA,1.0903607082649016,NA,1.000704421139502,NA,1.0008852996567954,NA
9872980,87,b e ɟ e ʒ,5,-22.756632689956056,NA,-Inf,NA,-24.058032387919113,NA,1.345476034124718,NA,1.3451525821532777,NA,1.0127182103550003,NA,1.0122651834486156,NA
9872980,36,f u c ø c,5,-26.0945671202964,NA,-Inf,NA,-30.40486528288016,NA,1.0953217853843475,NA,1.0954406909713434,NA,1.0008668994757235,NA,1.001039240543495,NA
9872980,67,m y m y ɾ,5,-16.704255115308886,NA,-13.020817250140125,NA,-13.053521821836997,NA,1.3152884044924409,NA,1.3149976658456903,NA,1.0360942196571266,NA,1.0343698974546898,NA
9872980,5,z a ʒ o h,5,-20.01616939621291,NA,-23.3231454652614,NA,-23.200842055018715,NA,1.3161703693104103,NA,1.3159010409835006,NA,1.0043869150779896,NA,1.0043743138247614,NA
9872980,1,n u ʒ ɯ ʒ,5,-22.62968325066944,NA,-Inf,NA,-29.197550883061453,NA,1.14000794273881,NA,1.140044772486502,NA,1.0008134367287314,NA,1.0009885521090411,NA
9872980,23,n ɯ m ø h,5,-18.510789566710663,NA,-25.526286904340548,NA,-25.20620087924542,NA,1.139300164226838,NA,1.1393380184036568,NA,1.0014200635832908,NA,1.0015627469235224,NA
9872980,23,c ø d ø l,5,-25.273737592608967,NA,-Inf,NA,-27.063517981829783,NA,1.0636055587079187,NA,1.0637759789037924,NA,1.0001114910985065,NA,1.0003233777080158,NA
9872980,25,ɫ a ɾ u j,5,-14.988213898012642,NA,-18.225237785879074,NA,-18.23265340120377,NA,1.4806633127456936,NA,1.48010342214873,NA,1.0515741074637193,NA,1.0490474569155095,NA
9872980,20,l e m i m,5,-16.284865608541942,NA,-21.681059717316177,NA,-21.31860352956532,NA,1.380102008877493,NA,1.3797039565377944,NA,1.023384257708429,NA,1.022273629864209,NA
9872980,21,l y g ɯ ʒ,5,-22.883384054348497,NA,-Inf,NA,-31.210086947359827,NA,1.1381062907638022,NA,1.1381463270545598,NA,1.0003964076179663,NA,1.000592585698109,NA
9872980,61,m y k o ʒ,5,-19.93043596815668,NA,-16.300780365266558,NA,-16.417412400213216,NA,1.2520745572399474,NA,1.2519196738829383,NA,1.0326605479495878,NA,1.031153503453037,NA
9872980,76,b u j u ʒ,5,-20.87166757096573,NA,-19.733680700888875,NA,-19.668499765417735,NA,1.2165652379443916,NA,1.21647007222167,NA,1.0105687883162064,NA,1.0102253180186327,NA
9872980,81,k a t ø ɾ,5,-15.581196584717304,NA,-14.400670214601377,NA,-14.436010397238292,NA,1.5237210169792808,NA,1.5230713014199444,NA,1.059134654867906,NA,1.0562306009407805,NA
9872980,21,f u m o ʒ,5,-21.086399553296257,NA,-19.904477032559072,NA,-20.00660012235896,NA,1.162493303534497,NA,1.16249350220586,NA,1.0069418990854422,NA,1.006788724097161,NA
9872980,37,n e p y j,5,-16.98879234295367,NA,-21.717938967258256,NA,-21.69222912574372,NA,1.2636746444640563,NA,1.2634932080325365,NA,1.0096114935791205,NA,1.0093200333401624,NA
9872980,16,g u ʒ i ʒ,5,-23.367105446041258,NA,-22.71019322061325,NA,-22.662694231245467,NA,1.214496991418963,NA,1.2143994984214512,NA,1.0018219484717603,NA,1.001942235984122,NA
9872980,14,n i l i s,5,-16.529383592794712,NA,-21.972909806953865,NA,-21.72458759793683,NA,1.262837912142731,NA,1.2626465045153608,NA,1.0115151948241032,NA,1.0110619225343378,NA
9872980,10,l e ʒ ɯ ʒ,5,-23.42246110699022,NA,-Inf,NA,-31.37937590764058,NA,1.2326268805400291,NA,1.2325034590587125,NA,1.000599585740761,NA,1.000785798371226,NA
9872980,61,p o c y z,5,-22.132396809934985,NA,-Inf,NA,-22.792875288841223,NA,1.1404551220852177,NA,1.1404879493119304,NA,1.0044867211475823,NA,1.0044629596393846,NA
9872980,37,b e v a ʒ,5,-18.887323500746025,NA,-15.872593466040806,NA,-16.021901122917775,NA,1.460613178860639,NA,1.460082582720464,NA,1.0349086258500086,NA,1.033249828288036,NA
9872980,28,l y v ø h,5,-22.081365336981623,NA,-Inf,NA,-30.783197051114545,NA,1.123537673674444,NA,1.123602990586653,NA,1.0013626948653658,NA,1.0015085655369462,NA
9872980,17,v ø l i v,5,-21.2450194600926,NA,-Inf,NA,-31.53443408186967,NA,1.1757448274064406,NA,1.1757104148958002,NA,1.0014998369742418,NA,1.0016238637930377,NA
9872980,65,g a ɟ e ʒ,5,-22.959255290632175,NA,-Inf,NA,-23.771850826744977,NA,1.408639434555404,NA,1.4082066800608468,NA,1.0072505448133169,NA,1.0070846951102934,NA
9872980,32,g ɯ ʃ ø z,5,-20.868114892104145,NA,-17.68946998702973,NA,-17.66557104382508,NA,1.1365191714352605,NA,1.1365603636332933,NA,1.0043221992368574,NA,1.0043105088894526,NA
9872980,34,b o ʒ a ʒ,5,-22.204003844457393,NA,-19.321037408784147,NA,-19.52975317079178,NA,1.3229086648122703,NA,1.3226166484342836,NA,1.008762800579713,NA,1.0085081234147557,NA
9872980,0,t͡ʃ ø j u ʒ,5,-22.924149578450105,NA,-20.79768766887971,NA,-20.742784223544646,NA,1.135233466329589,NA,1.13527898588403,NA,1.004608462527747,NA,1.0045783180618666,NA
9872980,28,g ɯ ʃ e ʒ,5,-20.680133976363813,NA,-18.215759687198577,NA,-18.34658379874023,NA,1.2236976698046218,NA,1.2235845791944204,NA,1.0074075246463592,NA,1.007225242015273,NA
9872980,27,l e l ø c,5,-23.921630741113155,NA,-Inf,NA,-32.749337306429,NA,1.1941895614424562,NA,1.1941372749111134,NA,1.0030524364984192,NA,1.0031089785467553,NA
9872980,58,ɟ ø ɟ i n,5,-26.154797849000957,NA,-Inf,NA,-25.981965253358386,NA,1.207646283033087,NA,1.2075351451808032,NA,1.0123140448014616,NA,1.0117616811066352,NA
9872980,43,z o ɟ i t,5,-20.9589136182378,NA,-22.968824668964604,NA,-22.49812583794652,NA,1.2408518651515077,NA,1.2406922707790116,NA,1.0084540930642174,NA,1.0081503933184568,NA
9872980,58,m e t ø ɾ,5,-16.305709239281132,NA,-14.332928742029557,NA,-14.370439435773992,NA,1.415624745175706,NA,1.415162037061878,NA,1.0262030905848891,NA,1.0250322748512253,NA
9872980,0,d ɯ ʒ a ʒ,5,-21.716795206882775,NA,-Inf,NA,-23.190543246412652,NA,1.298705256665564,NA,1.2984551045728236,NA,1.0026417382010682,NA,1.002708745557405,NA
9872980,40,ɟ y ɟ e c,5,-28.306538947779316,NA,-Inf,NA,-32.95524219839198,NA,1.1788422801113725,NA,1.1788073260166032,NA,1.0007066108268936,NA,1.0008808204183293,NA
9872980,32,l i l i v,5,-19.457588243664848,NA,-29.20991366924059,NA,-28.687492054822933,NA,1.2303966335406769,NA,1.2302676592286446,NA,1.003298594196525,NA,1.0033275292550925,NA
9872980,70,t i m y ɾ,5,-15.294846811552397,NA,-13.660054019068708,NA,-13.685647803861627,NA,1.3091233520227514,NA,1.3088432638048708,NA,1.0122665021223751,NA,1.011794088919323,NA
9872980,16,g ɯ d͡ʒ i l,5,-19.64465247954083,NA,-16.929800719720177,NA,-16.98778054263725,NA,1.223765991720176,NA,1.2236495458961485,NA,1.0081634508787554,NA,1.007928985502199,NA
9872980,21,v ɯ ʒ u v,5,-21.86808593813512,NA,-Inf,NA,-26.703531252513827,NA,1.126951629435814,NA,1.1270081147295898,NA,1.000727269349632,NA,1.000902377044206,NA
9872980,20,l i v ø h,5,-20.904794873852836,NA,-Inf,NA,-30.017786917374448,NA,1.1384315211614455,NA,1.138471070171428,NA,1.0021258039899703,NA,1.0022313327026664,NA
9872980,65,ɫ o t o s,5,-16.650452551067872,NA,-19.86130929042026,NA,-19.87178226056184,NA,1.1968532583423572,NA,1.1967836503746367,NA,1.0076982350654493,NA,1.0074960391662156,NA
9872980,37,d͡ʒ o c ø c,5,-26.257085578225187,NA,-Inf,NA,-31.597534878858212,NA,1.087742629560516,NA,1.0878746424072625,NA,1.0005961022486871,NA,1.000782672398996,NA
9872980,25,l e l i c,5,-21.536362523929785,NA,-31.435382275761945,NA,-30.66420479306158,NA,1.3050220875123175,NA,1.3047680695189283,NA,1.0033784880145589,NA,1.0034146207009211,NA
9872980,25,m y ɾ i ɾ,5,-15.182460061139956,NA,-12.93841945288009,NA,-12.964678761998291,NA,1.495928832346916,NA,1.4953164266216838,NA,1.0626490882923791,NA,1.0594042295798347,NA
9872980,66,k o ɾ a n,5,-14.411209921897514,NA,-12.294347060400495,NA,-12.318134780608212,NA,1.5780166675354677,NA,1.5772563021989838,NA,1.0788840359427352,NA,1.0746155597877969,NA
9872980,30,b i ʒ a ʒ,5,-21.12842071217421,NA,-20.462820259132272,NA,-20.59539447720862,NA,1.344139167411924,NA,1.3438104200605814,NA,1.013475717377768,NA,1.0129733469207105,NA
9872980,22,b u ʒ u ʒ,5,-23.578702027948104,NA,-22.55607533141792,NA,-22.360285906391308,NA,1.1751938218318876,NA,1.175170692528559,NA,1.0072042512867905,NA,1.0070435603192218,NA
9872980,33,ɟ y ʒ i l,5,-25.474223572256346,NA,-26.086164584076812,NA,-25.658577276474528,NA,1.194726574470686,NA,1.1946604814688004,NA,1.001869088084923,NA,1.001974463736933,NA
9872980,28,n ɯ c i c,5,-22.207490302969337,NA,-Inf,NA,-31.27784518309206,NA,1.190125320458985,NA,1.1900702225959,NA,1.000651008188583,NA,1.0008314338114397,NA
9872980,30,k o ɫ ɯ ɾ,5,-15.746838565630412,NA,-13.10667453460241,NA,-13.133460503117467,NA,1.3892399649311546,NA,1.3888182062736574,NA,1.0364363220655193,NA,1.0346301929585895,NA
9872980,28,b e ʒ a ʒ,5,-20.93058538584836,NA,-19.48837816175328,NA,-19.69732468362156,NA,1.4303068450549048,NA,1.4298290186764984,NA,1.014235691359507,NA,1.013693300711423,NA
9872980,31,ɟ ø c ø c,5,-30.98030987081792,NA,-Inf,NA,-35.04234390027842,NA,1.025304435597176,NA,1.0255444598001535,NA,1,1,1.0002179098838746,1
9872980,24,t͡ʃ ø j u z,5,-20.529026950681207,NA,-17.342610045374,NA,-17.381051887526098,NA,1.151992514259162,NA,1.1520031350348077,NA,1.0064343510181284,NA,1.0062899141251958,NA
9872980,31,ɟ y ʒ u ʒ,5,-27.80853684728006,NA,-29.28500826667853,NA,-28.708564247230676,NA,1.1164047641696466,NA,1.1164832975278336,NA,1.0001090155892292,NA,1.0003211623361203,NA
9872980,61,l y g a v,5,-19.4935962146241,NA,-Inf,NA,-27.80790591371226,NA,1.2871157130376376,NA,1.2868816916145254,NA,1.008373111461021,NA,1.0080891173681017,NA
9872980,26,ɟ i ɟ ø c,5,-29.71307202815976,NA,-Inf,NA,-34.785338500309926,NA,1.0897985812994395,NA,1.0899270408894737,NA,1.0001090155892292,NA,1.0003211623361203,NA
9872980,31,t͡ʃ ø ɟ y z,5,-24.87512157612903,NA,-22.11753265394216,NA,-21.28303150118376,NA,1.0902953872221697,NA,1.090415010076083,NA,1.0022148482989617,NA,1.00231031519471,NA
9872980,23,b i j u ʒ,5,-19.982779180288727,NA,-18.35629998851609,NA,-18.296720384198927,NA,1.2375249433170086,NA,1.237393515128245,NA,1.019368047964322,NA,1.0185609454976876,NA
9872980,28,k o n ø ɾ,5,-17.468982673500772,NA,-15.665847293331234,NA,-15.67041392566706,NA,1.3263918658517442,NA,1.3260835017678103,NA,1.0230245152622903,NA,1.0220198569868446,NA
9872980,37,b e v u z,5,-18.05359379807402,NA,-15.116452617134565,NA,-15.154527759561976,NA,1.3293865865827923,NA,1.3290904472457938,NA,1.027526083033521,NA,1.0262694472757412,NA
9872980,76,m a k a n,5,-13.008346846234591,NA,-11.28043634275908,NA,-11.300021336865491,NA,1.6891002822706591,NA,1.6881485735739905,NA,1.0828270821289048,NA,1.078388901097211,NA
9872980,26,g o ɟ i ʒ,5,-24.90517828366109,NA,-25.463316038560684,NA,-25.0238451006757,NA,1.213844639629624,NA,1.21374827950693,NA,1.001203603704403,NA,1.001357562313273,NA
9872980,32,n ɯ ʒ ɯ v,5,-20.37155439509228,NA,-Inf,NA,-29.078542120513493,NA,1.1398926451023728,NA,1.1399258609218608,NA,1.0003901669756716,NA,1.0005869200881068,NA
9872980,28,b u ɟ y ʒ,5,-25.21776219641355,NA,-24.02607612181347,NA,-23.4120433072708,NA,1.1548681109073993,NA,1.1548819472629457,NA,1.0073371474025232,NA,1.007168032552784,NA
9872980,20,ɫ a g a v,5,-15.754122332862629,NA,-20.553058174302627,NA,-20.559783658839276,NA,1.4882072475199175,NA,1.487625321159881,NA,1.011899048999812,NA,1.011429504802159,NA
9872980,25,d͡ʒ o ʒ u ʒ,5,-24.29401030874191,NA,-24.243601785484508,NA,-24.17251025107207,NA,1.127716441668515,NA,1.127775417851205,NA,1.0007051178379167,NA,1.0008859248512416,NA
9872980,26,v ø ʒ ɯ h,5,-23.024241178401727,NA,-Inf,NA,-30.45570700382361,NA,1.1036756719502918,NA,1.1037711769871554,NA,1.0001956309096838,NA,1.000401295176374,NA
9872980,18,b u z e ʒ,5,-20.09685568317635,NA,-17.84329781622566,NA,-17.964161616964663,NA,1.276667630723205,NA,1.2764627987655124,NA,1.0139315296225708,NA,1.0134023197983453,NA
9872980,22,ɫ a n y j,5,-15.527981142957266,NA,-20.048631415631327,NA,-20.029886559218973,NA,1.394546693721347,NA,1.394138324722925,NA,1.0266470238072245,NA,1.0254534974166822,NA
9872980,39,ɟ ø c e c,5,-28.397206327308695,NA,-Inf,NA,-33.97421042400016,NA,1.1292419818961106,NA,1.1292928245120586,NA,1.000652103032279,NA,1.0008291941922065,NA
9872980,43,b a ɟ ø z,5,-22.46994439760235,NA,-Inf,NA,-18.968121900756447,NA,1.3525891302094293,NA,1.3522568267997628,NA,1.0208335147527232,NA,1.0199546011622187,NA
9872980,35,t i k a n,5,-13.448013540026771,NA,-12.360180704819967,NA,-12.378790372777791,NA,1.4875821102169142,NA,1.486979033124867,NA,1.045676820009706,NA,1.0431959745683663,NA
9872980,38,n u t a s,5,-14.726567453647792,NA,-18.016363167590757,NA,-18.02466558703151,NA,1.375248465052452,NA,1.3748549722517678,NA,1.0268849669602398,NA,1.0255614198293237,NA
9872980,31,n i n u v,5,-16.587473487694577,NA,-20.74289718035614,NA,-20.73475916364208,NA,1.2346503203991448,NA,1.234519670994152,NA,1.015385861708921,NA,1.0147833558081725,NA
9872980,62,b i j o ʒ,5,-20.1694739218949,NA,-16.17150934468403,NA,-16.29228988361789,NA,1.2161562043575238,NA,1.2160636704095142,NA,1.0185949627078428,NA,1.0178290236238705,NA
9872980,25,g ɯ k o ʒ,5,-20.74619112225676,NA,-16.915237145151256,NA,-17.041707617482654,NA,1.1737865511481944,NA,1.1737670683301502,NA,1.0095969845870632,NA,1.0093013998750595,NA
9872980,32,ɟ i ʒ ɯ ʒ,5,-26.41709941367645,NA,-Inf,NA,-33.307818772675844,NA,1.1410997399260654,NA,1.1411346658902664,NA,1.0003270467676877,NA,1.0005276672406118,NA
9872980,31,f u ʒ a ʒ,5,-22.57009892571624,NA,-23.084878726681055,NA,-23.104809642140214,NA,1.283281237699766,NA,1.283057751040734,NA,1.0022636671308394,NA,1.002350487946775,NA
9872980,41,ɟ y ɟ ø c,5,-30.88964249128854,NA,-Inf,NA,-34.02337567467023,NA,1.0749047338124378,NA,1.0750589613046984,NA,1.0000545077946146,NA,1.0002695361099974,NA
9872980,37,n y n u s,5,-16.715340873276865,NA,-20.662916646783795,NA,-20.659392548169652,NA,1.2376893062998182,NA,1.237547081745812,NA,1.0108372213398642,NA,1.0104573725021138,NA
9872980,36,t͡ʃ ø v a n,5,-18.701602767562907,NA,-15.100178717825774,NA,-15.129210912490072,NA,1.3444722505099906,NA,1.3441170867989016,NA,1.0395669313903486,NA,1.0374122129692265,NA
9872980,27,n ɯ t y j,5,-16.745705986388092,NA,-22.3564259100322,NA,-22.34000437551107,NA,1.1865969150263898,NA,1.1865483757315416,NA,1.0045937259415338,NA,1.0045620755887812,NA
9872980,31,c ø j a ʒ,5,-23.630776844730175,NA,-Inf,NA,-22.239940954309937,NA,1.2565841996509106,NA,1.2564064248544844,NA,1.012129479451536,NA,1.0116719887342391,NA
9872980,25,l e g o h,5,-19.527053505632765,NA,-27.75113638166346,NA,-27.308708531329852,NA,1.2198662238523628,NA,1.2197634326360676,NA,1.0014568108084176,NA,1.0015956377134012,NA
9872980,37,ɫ a m i v,5,-15.108322670255824,NA,-19.84096460834095,NA,-19.840167964977656,NA,1.45267848057084,NA,1.452164539040134,NA,1.022668785041178,NA,1.0216640887099704,NA
9872980,33,g ɯ d͡ʒ u z,5,-19.58384312679565,NA,-16.64152559173808,NA,-16.684403427045364,NA,1.1622032293487097,NA,1.1621965111059591,NA,1.0059499347177645,NA,1.0058336162439705,NA
9872980,39,j o b u ʒ,5,-21.05836231257191,NA,-20.278068086553,NA,-20.20804314631168,NA,1.1710790683578258,NA,1.171062773355354,NA,1.0066664843883977,NA,1.006528208768726,NA
9872980,38,n ɯ ʒ a v,5,-19.02502844047022,NA,-Inf,NA,-25.556872791643976,NA,1.278077157040375,NA,1.277858856769651,NA,1.005851378448144,NA,1.0057071346124649,NA
9872980,34,n e n u v,5,-16.389638161368726,NA,-20.325068448436717,NA,-20.31731129385749,NA,1.3208179980421255,NA,1.320538269610069,NA,1.0235487936312362,NA,1.0225154110321275,NA
9872980,33,k a n i n,5,-13.587711962107177,NA,-12.244157249014869,NA,-12.2628318923973,NA,1.6359797029730567,NA,1.6351267738613084,NA,1.0856556606918544,NA,1.0812238961757654,NA
9872980,41,t i t e n,5,-13.939688353962891,NA,-13.031948462442172,NA,-13.050716201785225,NA,1.4094012502297124,NA,1.4089409685681276,NA,1.034895013822322,NA,1.0331065768439232,NA
9872980,33,n ø m o s,5,-18.203872787484933,NA,-22.19842578179625,NA,-22.165436338076113,NA,1.1411016056561956,NA,1.141128679586091,NA,1.0035204518715182,NA,1.0035409822204415,NA
9872980,27,m y z a ʒ,5,-19.26885615927756,NA,-16.145731724613096,NA,-16.288993267502523,NA,1.397336491187185,NA,1.3969153080698635,NA,1.0416189337331847,NA,1.0396162450988709,NA
9873760,100,k a n i n,5,-13.587711962107177,NA,-12.244157249014869,NA,-12.2628318923973,NA,1.6359797029730567,NA,1.6351267738613084,NA,1.0856556606918544,NA,1.0812238961757654,NA
9873760,52,ɫ a m i v,5,-15.108322670255824,NA,-19.84096460834095,NA,-19.840167964977656,NA,1.45267848057084,NA,1.452164539040134,NA,1.022668785041178,NA,1.0216640887099704,NA
9873760,15,g ɯ d͡ʒ u z,5,-19.58384312679565,NA,-16.64152559173808,NA,-16.684403427045364,NA,1.1622032293487097,NA,1.1621965111059591,NA,1.0059499347177645,NA,1.0058336162439705,NA
9873760,18,g ɯ k o ʒ,5,-20.74619112225676,NA,-16.915237145151256,NA,-17.041707617482654,NA,1.1737865511481944,NA,1.1737670683301502,NA,1.0095969845870632,NA,1.0093013998750595,NA
9873760,15,n ɯ m ø h,5,-18.510789566710663,NA,-25.526286904340548,NA,-25.20620087924542,NA,1.139300164226838,NA,1.1393380184036568,NA,1.0014200635832908,NA,1.0015627469235224,NA
9873760,90,k a t ø ɾ,5,-15.581196584717304,NA,-14.400670214601377,NA,-14.436010397238292,NA,1.5237210169792808,NA,1.5230713014199444,NA,1.059134654867906,NA,1.0562306009407805,NA
9873760,13,b e v a ʒ,5,-18.887323500746025,NA,-15.872593466040806,NA,-16.021901122917775,NA,1.460613178860639,NA,1.460082582720464,NA,1.0349086258500086,NA,1.033249828288036,NA
9873760,15,d͡ʒ o c ø c,5,-26.257085578225187,NA,-Inf,NA,-31.597534878858212,NA,1.087742629560516,NA,1.0878746424072625,NA,1.0005961022486871,NA,1.000782672398996,NA
9873760,14,m y k o ʒ,5,-19.93043596815668,NA,-16.300780365266558,NA,-16.417412400213216,NA,1.2520745572399474,NA,1.2519196738829383,NA,1.0326605479495878,NA,1.031153503453037,NA
9873760,48,b u ɟ y ʒ,5,-25.21776219641355,NA,-24.02607612181347,NA,-23.4120433072708,NA,1.1548681109073993,NA,1.1548819472629457,NA,1.0073371474025232,NA,1.007168032552784,NA
9873760,12,n ɯ ʒ ɯ v,5,-20.37155439509228,NA,-Inf,NA,-29.078542120513493,NA,1.1398926451023728,NA,1.1399258609218608,NA,1.0003901669756716,NA,1.0005869200881068,NA
9873760,88,l y v ø h,5,-22.081365336981623,NA,-Inf,NA,-30.783197051114545,NA,1.123537673674444,NA,1.123602990586653,NA,1.0013626948653658,NA,1.0015085655369462,NA
9873760,14,t͡ʃ ø v a n,5,-18.701602767562907,NA,-15.100178717825774,NA,-15.129210912490072,NA,1.3444722505099906,NA,1.3441170867989016,NA,1.0395669313903486,NA,1.0374122129692265,NA
9873760,18,k o ɫ ɯ ɾ,5,-15.746838565630412,NA,-13.10667453460241,NA,-13.133460503117467,NA,1.3892399649311546,NA,1.3888182062736574,NA,1.0364363220655193,NA,1.0346301929585895,NA
9873760,14,l e m i m,5,-16.284865608541942,NA,-21.681059717316177,NA,-21.31860352956532,NA,1.380102008877493,NA,1.3797039565377944,NA,1.023384257708429,NA,1.022273629864209,NA
9873760,13,z o ɟ i t,5,-20.9589136182378,NA,-22.968824668964604,NA,-22.49812583794652,NA,1.2408518651515077,NA,1.2406922707790116,NA,1.0084540930642174,NA,1.0081503933184568,NA
9873760,16,n ɯ c i c,5,-22.207490302969337,NA,-Inf,NA,-31.27784518309206,NA,1.190125320458985,NA,1.1900702225959,NA,1.000651008188583,NA,1.0008314338114397,NA
9873760,13,d͡ʒ o ʒ u ʒ,5,-24.29401030874191,NA,-24.243601785484508,NA,-24.17251025107207,NA,1.127716441668515,NA,1.127775417851205,NA,1.0007051178379167,NA,1.0008859248512416,NA
9873760,15,f u ʒ a ʒ,5,-22.57009892571624,NA,-23.084878726681055,NA,-23.104809642140214,NA,1.283281237699766,NA,1.283057751040734,NA,1.0022636671308394,NA,1.002350487946775,NA
9873760,16,d ɯ ʒ a ʒ,5,-21.716795206882775,NA,-Inf,NA,-23.190543246412652,NA,1.298705256665564,NA,1.2984551045728236,NA,1.0026417382010682,NA,1.002708745557405,NA
9873760,15,n e p y j,5,-16.98879234295367,NA,-21.717938967258256,NA,-21.69222912574372,NA,1.2636746444640563,NA,1.2634932080325365,NA,1.0096114935791205,NA,1.0093200333401624,NA
9873760,11,p o c y z,5,-22.132396809934985,NA,-Inf,NA,-22.792875288841223,NA,1.1404551220852177,NA,1.1404879493119304,NA,1.0044867211475823,NA,1.0044629596393846,NA
9873760,0,v ø ʒ ɯ h,5,-23.024241178401727,NA,-Inf,NA,-30.45570700382361,NA,1.1036756719502918,NA,1.1037711769871554,NA,1.0001956309096838,NA,1.000401295176374,NA
9873760,0,ɟ ø c e c,5,-28.397206327308695,NA,-Inf,NA,-33.97421042400016,NA,1.1292419818961106,NA,1.1292928245120586,NA,1.000652103032279,NA,1.0008291941922065,NA
9873760,18,f u m o ʒ,5,-21.086399553296257,NA,-19.904477032559072,NA,-20.00660012235896,NA,1.162493303534497,NA,1.16249350220586,NA,1.0069418990854422,NA,1.006788724097161,NA
9873760,15,b u z e ʒ,5,-20.09685568317635,NA,-17.84329781622566,NA,-17.964161616964663,NA,1.276667630723205,NA,1.2764627987655124,NA,1.0139315296225708,NA,1.0134023197983453,NA
9873760,16,l e ʒ ɯ ʒ,5,-23.42246110699022,NA,-Inf,NA,-31.37937590764058,NA,1.2326268805400291,NA,1.2325034590587125,NA,1.000599585740761,NA,1.000785798371226,NA
9873760,15,b e ʒ a ʒ,5,-20.93058538584836,NA,-19.48837816175328,NA,-19.69732468362156,NA,1.4303068450549048,NA,1.4298290186764984,NA,1.014235691359507,NA,1.013693300711423,NA
9873760,15,b i j u ʒ,5,-19.982779180288727,NA,-18.35629998851609,NA,-18.296720384198927,NA,1.2375249433170086,NA,1.237393515128245,NA,1.019368047964322,NA,1.0185609454976876,NA
9873760,15,b u ʒ u ʒ,5,-23.578702027948104,NA,-22.55607533141792,NA,-22.360285906391308,NA,1.1751938218318876,NA,1.175170692528559,NA,1.0072042512867905,NA,1.0070435603192218,NA
9873760,17,l y g ɯ ʒ,5,-22.883384054348497,NA,-Inf,NA,-31.210086947359827,NA,1.1381062907638022,NA,1.1381463270545598,NA,1.0003964076179663,NA,1.000592585698109,NA
9873760,0,ɟ y ɟ e c,5,-28.306538947779316,NA,-Inf,NA,-32.95524219839198,NA,1.1788422801113725,NA,1.1788073260166032,NA,1.0007066108268936,NA,1.0008808204183293,NA
9873760,12,n u t i v,5,-16.447775065614174,NA,-21.189892153387195,NA,-21.184203947153694,NA,1.2797613550678195,NA,1.27954636548282,NA,1.0249284051823029,NA,1.0237745264935774,NA
9873760,91,l y g a v,5,-19.4935962146241,NA,-Inf,NA,-27.80790591371226,NA,1.2871157130376376,NA,1.2868816916145254,NA,1.008373111461021,NA,1.0080891173681017,NA
9873760,11,j o b u ʒ,5,-21.05836231257191,NA,-20.278068086553,NA,-20.20804314631168,NA,1.1710790683578258,NA,1.171062773355354,NA,1.0066664843883977,NA,1.006528208768726,NA
9873760,16,t͡ʃ ø ɟ y z,5,-24.87512157612903,NA,-22.11753265394216,NA,-21.28303150118376,NA,1.0902953872221697,NA,1.090415010076083,NA,1.0022148482989617,NA,1.00231031519471,NA
9873760,83,m y z a ʒ,5,-19.26885615927756,NA,-16.145731724613096,NA,-16.288993267502523,NA,1.397336491187185,NA,1.3969153080698635,NA,1.0416189337331847,NA,1.0396162450988709,NA
9873760,15,ɟ i ɟ ø c,5,-29.71307202815976,NA,-Inf,NA,-34.785338500309926,NA,1.0897985812994395,NA,1.0899270408894737,NA,1.0001090155892292,NA,1.0003211623361203,NA
9873760,15,ɫ a g a v,5,-15.754122332862629,NA,-20.553058174302627,NA,-20.559783658839276,NA,1.4882072475199175,NA,1.487625321159881,NA,1.011899048999812,NA,1.011429504802159,NA
9873760,91,t i t e n,5,-13.939688353962891,NA,-13.031948462442172,NA,-13.050716201785225,NA,1.4094012502297124,NA,1.4089409685681276,NA,1.034895013822322,NA,1.0331065768439232,NA
9873760,51,t i m y ɾ,5,-15.294846811552397,NA,-13.660054019068708,NA,-13.685647803861627,NA,1.3091233520227514,NA,1.3088432638048708,NA,1.0122665021223751,NA,1.011794088919323,NA
9873760,15,ɟ y ʒ u ʒ,5,-27.80853684728006,NA,-29.28500826667853,NA,-28.708564247230676,NA,1.1164047641696466,NA,1.1164832975278336,NA,1.0001090155892292,NA,1.0003211623361203,NA
9873760,15,ɟ y ʒ i l,5,-25.474223572256346,NA,-26.086164584076812,NA,-25.658577276474528,NA,1.194726574470686,NA,1.1946604814688004,NA,1.001869088084923,NA,1.001974463736933,NA
9873760,88,ɫ o t o s,5,-16.650452551067872,NA,-19.86130929042026,NA,-19.87178226056184,NA,1.1968532583423572,NA,1.1967836503746367,NA,1.0076982350654493,NA,1.0074960391662156,NA
9873760,14,l i v ø h,5,-20.904794873852836,NA,-Inf,NA,-30.017786917374448,NA,1.1384315211614455,NA,1.138471070171428,NA,1.0021258039899703,NA,1.0022313327026664,NA
9873760,11,b i j o ʒ,5,-20.1694739218949,NA,-16.17150934468403,NA,-16.29228988361789,NA,1.2161562043575238,NA,1.2160636704095142,NA,1.0185949627078428,NA,1.0178290236238705,NA
9873760,14,l e g o h,5,-19.527053505632765,NA,-27.75113638166346,NA,-27.308708531329852,NA,1.2198662238523628,NA,1.2197634326360676,NA,1.0014568108084176,NA,1.0015956377134012,NA
9873760,87,k o n ø ɾ,5,-17.468982673500772,NA,-15.665847293331234,NA,-15.67041392566706,NA,1.3263918658517442,NA,1.3260835017678103,NA,1.0230245152622903,NA,1.0220198569868446,NA
9873760,90,ɫ a n y j,5,-15.527981142957266,NA,-20.048631415631327,NA,-20.029886559218973,NA,1.394546693721347,NA,1.394138324722925,NA,1.0266470238072245,NA,1.0254534974166822,NA
9873760,10,g a d͡ʒ ɯ ʃ,5,-18.1433036565909,NA,-15.499386284508248,NA,-15.553373615329928,NA,1.387167586098868,NA,1.3867697858340529,NA,1.015460105386242,NA,1.014803618740054,NA
9873760,15,ɟ ø c ø c,5,-30.98030987081792,NA,-Inf,NA,-35.04234390027842,NA,1.025304435597176,NA,1.0255444598001535,NA,1,1,1.0002179098838746,1
9873760,17,g o ɟ i ʒ,5,-24.90517828366109,NA,-25.463316038560684,NA,-25.0238451006757,NA,1.213844639629624,NA,1.21374827950693,NA,1.001203603704403,NA,1.001357562313273,NA
9873760,14,b a ɟ ø z,5,-22.46994439760235,NA,-Inf,NA,-18.968121900756447,NA,1.3525891302094293,NA,1.3522568267997628,NA,1.0208335147527232,NA,1.0199546011622187,NA
9873760,16,n ɯ ʒ a v,5,-19.02502844047022,NA,-Inf,NA,-25.556872791643976,NA,1.278077157040375,NA,1.277858856769651,NA,1.005851378448144,NA,1.0057071346124649,NA
9873760,87,g ɯ d͡ʒ i l,5,-19.64465247954083,NA,-16.929800719720177,NA,-16.98778054263725,NA,1.223765991720176,NA,1.2236495458961485,NA,1.0081634508787554,NA,1.007928985502199,NA
9873760,13,g ɯ ʃ e ʒ,5,-20.680133976363813,NA,-18.215759687198577,NA,-18.34658379874023,NA,1.2236976698046218,NA,1.2235845791944204,NA,1.0074075246463592,NA,1.007225242015273,NA
9873760,18,g a ɟ e ʒ,5,-22.959255290632175,NA,-Inf,NA,-23.771850826744977,NA,1.408639434555404,NA,1.4082066800608468,NA,1.0072505448133169,NA,1.0070846951102934,NA
9873760,17,l e l ø c,5,-23.921630741113155,NA,-Inf,NA,-32.749337306429,NA,1.1941895614424562,NA,1.1941372749111134,NA,1.0030524364984192,NA,1.0031089785467553,NA
9873760,15,b u j u ʒ,5,-20.87166757096573,NA,-19.733680700888875,NA,-19.668499765417735,NA,1.2165652379443916,NA,1.21647007222167,NA,1.0105687883162064,NA,1.0102253180186327,NA
9873760,16,f u c ø c,5,-26.0945671202964,NA,-Inf,NA,-30.40486528288016,NA,1.0953217853843475,NA,1.0954406909713434,NA,1.0008668994757235,NA,1.001039240543495,NA
9873760,14,n ɯ t y j,5,-16.745705986388092,NA,-22.3564259100322,NA,-22.34000437551107,NA,1.1865969150263898,NA,1.1865483757315416,NA,1.0045937259415338,NA,1.0045620755887812,NA
9873760,90,l e l i c,5,-21.536362523929785,NA,-31.435382275761945,NA,-30.66420479306158,NA,1.3050220875123175,NA,1.3047680695189283,NA,1.0033784880145589,NA,1.0034146207009211,NA
9873760,14,c ø j a ʒ,5,-23.630776844730175,NA,-Inf,NA,-22.239940954309937,NA,1.2565841996509106,NA,1.2564064248544844,NA,1.012129479451536,NA,1.0116719887342391,NA
9873760,17,ɫ a ɾ u j,5,-14.988213898012642,NA,-18.225237785879074,NA,-18.23265340120377,NA,1.4806633127456936,NA,1.48010342214873,NA,1.0515741074637193,NA,1.0490474569155095,NA
9873760,13,n i l i s,5,-16.529383592794712,NA,-21.972909806953865,NA,-21.72458759793683,NA,1.262837912142731,NA,1.2626465045153608,NA,1.0115151948241032,NA,1.0110619225343378,NA
9873760,86,m y m y ɾ,5,-16.704255115308886,NA,-13.020817250140125,NA,-13.053521821836997,NA,1.3152884044924409,NA,1.3149976658456903,NA,1.0360942196571266,NA,1.0343698974546898,NA
9873760,10,b e ɟ e ʒ,5,-22.756632689956056,NA,-Inf,NA,-24.058032387919113,NA,1.345476034124718,NA,1.3451525821532777,NA,1.0127182103550003,NA,1.0122651834486156,NA
9873760,20,n u ʒ ɯ ʒ,5,-22.62968325066944,NA,-Inf,NA,-29.197550883061453,NA,1.14000794273881,NA,1.140044772486502,NA,1.0008134367287314,NA,1.0009885521090411,NA
9873760,83,n u t a s,5,-14.726567453647792,NA,-18.016363167590757,NA,-18.02466558703151,NA,1.375248465052452,NA,1.3748549722517678,NA,1.0268849669602398,NA,1.0255614198293237,NA
9873760,13,b i ʒ a ʒ,5,-21.12842071217421,NA,-20.462820259132272,NA,-20.59539447720862,NA,1.344139167411924,NA,1.3438104200605814,NA,1.013475717377768,NA,1.0129733469207105,NA
9873760,16,v ø l i v,5,-21.2450194600926,NA,-Inf,NA,-31.53443408186967,NA,1.1757448274064406,NA,1.1757104148958002,NA,1.0014998369742418,NA,1.0016238637930377,NA
9873760,90,m e t ø ɾ,5,-16.305709239281132,NA,-14.332928742029557,NA,-14.370439435773992,NA,1.415624745175706,NA,1.415162037061878,NA,1.0262030905848891,NA,1.0250322748512253,NA
9873760,18,g u ʒ i ʒ,5,-23.367105446041258,NA,-22.71019322061325,NA,-22.662694231245467,NA,1.214496991418963,NA,1.2143994984214512,NA,1.0018219484717603,NA,1.001942235984122,NA
9873760,88,m a k a n,5,-13.008346846234591,NA,-11.28043634275908,NA,-11.300021336865491,NA,1.6891002822706591,NA,1.6881485735739905,NA,1.0828270821289048,NA,1.078388901097211,NA
9873760,9,n u c ø c,5,-24.807625490627537,NA,-Inf,NA,-31.30367927011791,NA,1.090233002361394,NA,1.0903607082649016,NA,1.000704421139502,NA,1.0008852996567954,NA
9873760,18,c ø d ø l,5,-25.273737592608967,NA,-Inf,NA,-27.063517981829783,NA,1.0636055587079187,NA,1.0637759789037924,NA,1.0001114910985065,NA,1.0003233777080158,NA
9873760,12,n ø m o s,5,-18.203872787484933,NA,-22.19842578179625,NA,-22.165436338076113,NA,1.1411016056561956,NA,1.141128679586091,NA,1.0035204518715182,NA,1.0035409822204415,NA
9873760,18,n i n u v,5,-16.587473487694577,NA,-20.74289718035614,NA,-20.73475916364208,NA,1.2346503203991448,NA,1.234519670994152,NA,1.015385861708921,NA,1.0147833558081725,NA
9873760,5,v ɯ ʒ u v,5,-21.86808593813512,NA,-Inf,NA,-26.703531252513827,NA,1.126951629435814,NA,1.1270081147295898,NA,1.000727269349632,NA,1.000902377044206,NA
9873760,21,ɟ ø ɟ i n,5,-26.154797849000957,NA,-Inf,NA,-25.981965253358386,NA,1.207646283033087,NA,1.2075351451808032,NA,1.0123140448014616,NA,1.0117616811066352,NA
9873760,17,l i l i v,5,-19.457588243664848,NA,-29.20991366924059,NA,-28.687492054822933,NA,1.2303966335406769,NA,1.2302676592286446,NA,1.003298594196525,NA,1.0033275292550925,NA
9873760,86,n y n u s,5,-16.715340873276865,NA,-20.662916646783795,NA,-20.659392548169652,NA,1.2376893062998182,NA,1.237547081745812,NA,1.0108372213398642,NA,1.0104573725021138,NA
9873760,9,ɟ y ɟ ø c,5,-30.88964249128854,NA,-Inf,NA,-34.02337567467023,NA,1.0749047338124378,NA,1.0750589613046984,NA,1.0000545077946146,NA,1.0002695361099974,NA
9873760,18,b e v u z,5,-18.05359379807402,NA,-15.116452617134565,NA,-15.154527759561976,NA,1.3293865865827923,NA,1.3290904472457938,NA,1.027526083033521,NA,1.0262694472757412,NA
9873760,88,k a k u ɾ,5,-14.067811152368842,NA,-12.708404717891712,NA,-12.729721104711002,NA,1.5578537830579977,NA,1.5571414460631403,NA,1.0749244666982,NA,1.071116634968564,NA
9873760,88,t i k a n,5,-13.448013540026771,NA,-12.360180704819967,NA,-12.378790372777791,NA,1.4875821102169142,NA,1.486979033124867,NA,1.045676820009706,NA,1.0431959745683663,NA
9873760,12,z a ʒ o h,5,-20.01616939621291,NA,-23.3231454652614,NA,-23.200842055018715,NA,1.3161703693104103,NA,1.3159010409835006,NA,1.0043869150779896,NA,1.0043743138247614,NA
9873760,9,t͡ʃ ø j u ʒ,5,-22.924149578450105,NA,-20.79768766887971,NA,-20.742784223544646,NA,1.135233466329589,NA,1.13527898588403,NA,1.004608462527747,NA,1.0045783180618666,NA
9873760,14,t͡ʃ ø j u z,5,-20.529026950681207,NA,-17.342610045374,NA,-17.381051887526098,NA,1.151992514259162,NA,1.1520031350348077,NA,1.0064343510181284,NA,1.0062899141251958,NA
9873760,17,m y ɾ i ɾ,5,-15.182460061139956,NA,-12.93841945288009,NA,-12.964678761998291,NA,1.495928832346916,NA,1.4953164266216838,NA,1.0626490882923791,NA,1.0594042295798347,NA
9873760,10,g ɯ ʃ ø z,5,-20.868114892104145,NA,-17.68946998702973,NA,-17.66557104382508,NA,1.1365191714352605,NA,1.1365603636332933,NA,1.0043221992368574,NA,1.0043105088894526,NA
9873760,92,k o ɾ a n,5,-14.411209921897514,NA,-12.294347060400495,NA,-12.318134780608212,NA,1.5780166675354677,NA,1.5772563021989838,NA,1.0788840359427352,NA,1.0746155597877969,NA
9873760,16,n e n u v,5,-16.389638161368726,NA,-20.325068448436717,NA,-20.31731129385749,NA,1.3208179980421255,NA,1.320538269610069,NA,1.0235487936312362,NA,1.0225154110321275,NA
9873760,15,ɫ o c e c,5,-22.400319377835324,NA,-Inf,NA,-30.01158029879595,NA,1.185129721117138,NA,1.185083880443854,NA,1.0027646697523702,NA,1.0028307383165231,NA
9873760,15,b o ʒ a ʒ,5,-22.204003844457393,NA,-19.321037408784147,NA,-19.52975317079178,NA,1.3229086648122703,NA,1.3226166484342836,NA,1.008762800579713,NA,1.0085081234147557,NA
9873760,16,ɟ i ʒ ɯ ʒ,5,-26.41709941367645,NA,-Inf,NA,-33.307818772675844,NA,1.1410997399260654,NA,1.1411346658902664,NA,1.0003270467676877,NA,1.0005276672406118,NA
9873989,28,g a ɟ e ʒ,5,-22.959255290632175,NA,-Inf,NA,-23.771850826744977,NA,1.408639434555404,NA,1.4082066800608468,NA,1.0072505448133169,NA,1.0070846951102934,NA
9873989,33,ɟ ø c ø c,5,-30.98030987081792,NA,-Inf,NA,-35.04234390027842,NA,1.025304435597176,NA,1.0255444598001535,NA,1,1,1.0002179098838746,1
9873989,37,ɟ i ɟ ø c,5,-29.71307202815976,NA,-Inf,NA,-34.785338500309926,NA,1.0897985812994395,NA,1.0899270408894737,NA,1.0001090155892292,NA,1.0003211623361203,NA
9873989,6,l i l i v,5,-19.457588243664848,NA,-29.20991366924059,NA,-28.687492054822933,NA,1.2303966335406769,NA,1.2302676592286446,NA,1.003298594196525,NA,1.0033275292550925,NA
9873989,68,n ø m o s,5,-18.203872787484933,NA,-22.19842578179625,NA,-22.165436338076113,NA,1.1411016056561956,NA,1.141128679586091,NA,1.0035204518715182,NA,1.0035409822204415,NA
9873989,18,z a ʒ o h,5,-20.01616939621291,NA,-23.3231454652614,NA,-23.200842055018715,NA,1.3161703693104103,NA,1.3159010409835006,NA,1.0043869150779896,NA,1.0043743138247614,NA
9873989,23,g ɯ d͡ʒ u z,5,-19.58384312679565,NA,-16.64152559173808,NA,-16.684403427045364,NA,1.1622032293487097,NA,1.1621965111059591,NA,1.0059499347177645,NA,1.0058336162439705,NA
9873989,96,n i n u v,5,-16.587473487694577,NA,-20.74289718035614,NA,-20.73475916364208,NA,1.2346503203991448,NA,1.234519670994152,NA,1.015385861708921,NA,1.0147833558081725,NA
9873989,2,b i ʒ a ʒ,5,-21.12842071217421,NA,-20.462820259132272,NA,-20.59539447720862,NA,1.344139167411924,NA,1.3438104200605814,NA,1.013475717377768,NA,1.0129733469207105,NA
9873989,86,m a k a n,5,-13.008346846234591,NA,-11.28043634275908,NA,-11.300021336865491,NA,1.6891002822706591,NA,1.6881485735739905,NA,1.0828270821289048,NA,1.078388901097211,NA
9873989,9,f u ʒ a ʒ,5,-22.57009892571624,NA,-23.084878726681055,NA,-23.104809642140214,NA,1.283281237699766,NA,1.283057751040734,NA,1.0022636671308394,NA,1.002350487946775,NA
9873989,36,b i j o ʒ,5,-20.1694739218949,NA,-16.17150934468403,NA,-16.29228988361789,NA,1.2161562043575238,NA,1.2160636704095142,NA,1.0185949627078428,NA,1.0178290236238705,NA
9873989,16,l y g ɯ ʒ,5,-22.883384054348497,NA,-Inf,NA,-31.210086947359827,NA,1.1381062907638022,NA,1.1381463270545598,NA,1.0003964076179663,NA,1.000592585698109,NA
9873989,7,l e g o h,5,-19.527053505632765,NA,-27.75113638166346,NA,-27.308708531329852,NA,1.2198662238523628,NA,1.2197634326360676,NA,1.0014568108084176,NA,1.0015956377134012,NA
9873989,77,m y k o ʒ,5,-19.93043596815668,NA,-16.300780365266558,NA,-16.417412400213216,NA,1.2520745572399474,NA,1.2519196738829383,NA,1.0326605479495878,NA,1.031153503453037,NA
9873989,44,b a ɟ ø z,5,-22.46994439760235,NA,-Inf,NA,-18.968121900756447,NA,1.3525891302094293,NA,1.3522568267997628,NA,1.0208335147527232,NA,1.0199546011622187,NA
9873989,6,n i l i s,5,-16.529383592794712,NA,-21.972909806953865,NA,-21.72458759793683,NA,1.262837912142731,NA,1.2626465045153608,NA,1.0115151948241032,NA,1.0110619225343378,NA
9873989,80,l e m i m,5,-16.284865608541942,NA,-21.681059717316177,NA,-21.31860352956532,NA,1.380102008877493,NA,1.3797039565377944,NA,1.023384257708429,NA,1.022273629864209,NA
9873989,81,m y m y ɾ,5,-16.704255115308886,NA,-13.020817250140125,NA,-13.053521821836997,NA,1.3152884044924409,NA,1.3149976658456903,NA,1.0360942196571266,NA,1.0343698974546898,NA
9873989,36,d͡ʒ o ʒ u ʒ,5,-24.29401030874191,NA,-24.243601785484508,NA,-24.17251025107207,NA,1.127716441668515,NA,1.127775417851205,NA,1.0007051178379167,NA,1.0008859248512416,NA
9873989,57,k a t ø ɾ,5,-15.581196584717304,NA,-14.400670214601377,NA,-14.436010397238292,NA,1.5237210169792808,NA,1.5230713014199444,NA,1.059134654867906,NA,1.0562306009407805,NA
9873989,31,ɟ ø c e c,5,-28.397206327308695,NA,-Inf,NA,-33.97421042400016,NA,1.1292419818961106,NA,1.1292928245120586,NA,1.000652103032279,NA,1.0008291941922065,NA
9873989,4,p o c y z,5,-22.132396809934985,NA,-Inf,NA,-22.792875288841223,NA,1.1404551220852177,NA,1.1404879493119304,NA,1.0044867211475823,NA,1.0044629596393846,NA
9873989,95,n y n u s,5,-16.715340873276865,NA,-20.662916646783795,NA,-20.659392548169652,NA,1.2376893062998182,NA,1.237547081745812,NA,1.0108372213398642,NA,1.0104573725021138,NA
9873989,58,t i k a n,5,-13.448013540026771,NA,-12.360180704819967,NA,-12.378790372777791,NA,1.4875821102169142,NA,1.486979033124867,NA,1.045676820009706,NA,1.0431959745683663,NA
9873989,29,g ɯ k o ʒ,5,-20.74619112225676,NA,-16.915237145151256,NA,-17.041707617482654,NA,1.1737865511481944,NA,1.1737670683301502,NA,1.0095969845870632,NA,1.0093013998750595,NA
9873989,31,g u ʒ i ʒ,5,-23.367105446041258,NA,-22.71019322061325,NA,-22.662694231245467,NA,1.214496991418963,NA,1.2143994984214512,NA,1.0018219484717603,NA,1.001942235984122,NA
9873989,6,f u c ø c,5,-26.0945671202964,NA,-Inf,NA,-30.40486528288016,NA,1.0953217853843475,NA,1.0954406909713434,NA,1.0008668994757235,NA,1.001039240543495,NA
9873989,76,n ɯ m ø h,5,-18.510789566710663,NA,-25.526286904340548,NA,-25.20620087924542,NA,1.139300164226838,NA,1.1393380184036568,NA,1.0014200635832908,NA,1.0015627469235224,NA
9873989,20,g a d͡ʒ ɯ ʃ,5,-18.1433036565909,NA,-15.499386284508248,NA,-15.553373615329928,NA,1.387167586098868,NA,1.3867697858340529,NA,1.015460105386242,NA,1.014803618740054,NA
9873989,34,g ɯ ʃ ø z,5,-20.868114892104145,NA,-17.68946998702973,NA,-17.66557104382508,NA,1.1365191714352605,NA,1.1365603636332933,NA,1.0043221992368574,NA,1.0043105088894526,NA
9873989,64,j o b u ʒ,5,-21.05836231257191,NA,-20.278068086553,NA,-20.20804314631168,NA,1.1710790683578258,NA,1.171062773355354,NA,1.0066664843883977,NA,1.006528208768726,NA
9873989,38,ɟ ø ɟ i n,5,-26.154797849000957,NA,-Inf,NA,-25.981965253358386,NA,1.207646283033087,NA,1.2075351451808032,NA,1.0123140448014616,NA,1.0117616811066352,NA
9873989,61,k o n ø ɾ,5,-17.468982673500772,NA,-15.665847293331234,NA,-15.67041392566706,NA,1.3263918658517442,NA,1.3260835017678103,NA,1.0230245152622903,NA,1.0220198569868446,NA
9873989,73,n e p y j,5,-16.98879234295367,NA,-21.717938967258256,NA,-21.69222912574372,NA,1.2636746444640563,NA,1.2634932080325365,NA,1.0096114935791205,NA,1.0093200333401624,NA
9873989,29,v ø l i v,5,-21.2450194600926,NA,-Inf,NA,-31.53443408186967,NA,1.1757448274064406,NA,1.1757104148958002,NA,1.0014998369742418,NA,1.0016238637930377,NA
9873989,7,b e v u z,5,-18.05359379807402,NA,-15.116452617134565,NA,-15.154527759561976,NA,1.3293865865827923,NA,1.3290904472457938,NA,1.027526083033521,NA,1.0262694472757412,NA
9873989,55,d͡ʒ o c ø c,5,-26.257085578225187,NA,-Inf,NA,-31.597534878858212,NA,1.087742629560516,NA,1.0878746424072625,NA,1.0005961022486871,NA,1.000782672398996,NA
9873989,98,n ɯ ʒ a v,5,-19.02502844047022,NA,-Inf,NA,-25.556872791643976,NA,1.278077157040375,NA,1.277858856769651,NA,1.005851378448144,NA,1.0057071346124649,NA
9873989,55,t͡ʃ ø j u ʒ,5,-22.924149578450105,NA,-20.79768766887971,NA,-20.742784223544646,NA,1.135233466329589,NA,1.13527898588403,NA,1.004608462527747,NA,1.0045783180618666,NA
9873989,92,n u t a s,5,-14.726567453647792,NA,-18.016363167590757,NA,-18.02466558703151,NA,1.375248465052452,NA,1.3748549722517678,NA,1.0268849669602398,NA,1.0255614198293237,NA
9873989,35,c ø j a ʒ,5,-23.630776844730175,NA,-Inf,NA,-22.239940954309937,NA,1.2565841996509106,NA,1.2564064248544844,NA,1.012129479451536,NA,1.0116719887342391,NA
9873989,58,t i m y ɾ,5,-15.294846811552397,NA,-13.660054019068708,NA,-13.685647803861627,NA,1.3091233520227514,NA,1.3088432638048708,NA,1.0122665021223751,NA,1.011794088919323,NA
9873989,81,m e t ø ɾ,5,-16.305709239281132,NA,-14.332928742029557,NA,-14.370439435773992,NA,1.415624745175706,NA,1.415162037061878,NA,1.0262030905848891,NA,1.0250322748512253,NA
9873989,14,v ɯ ʒ u v,5,-21.86808593813512,NA,-Inf,NA,-26.703531252513827,NA,1.126951629435814,NA,1.1270081147295898,NA,1.000727269349632,NA,1.000902377044206,NA
9873989,97,n e n u v,5,-16.389638161368726,NA,-20.325068448436717,NA,-20.31731129385749,NA,1.3208179980421255,NA,1.320538269610069,NA,1.0235487936312362,NA,1.0225154110321275,NA
9873989,98,t i t e n,5,-13.939688353962891,NA,-13.031948462442172,NA,-13.050716201785225,NA,1.4094012502297124,NA,1.4089409685681276,NA,1.034895013822322,NA,1.0331065768439232,NA
9873989,77,m y ɾ i ɾ,5,-15.182460061139956,NA,-12.93841945288009,NA,-12.964678761998291,NA,1.495928832346916,NA,1.4953164266216838,NA,1.0626490882923791,NA,1.0594042295798347,NA
9873989,58,k o ɾ a n,5,-14.411209921897514,NA,-12.294347060400495,NA,-12.318134780608212,NA,1.5780166675354677,NA,1.5772563021989838,NA,1.0788840359427352,NA,1.0746155597877969,NA
9873989,48,k a k u ɾ,5,-14.067811152368842,NA,-12.708404717891712,NA,-12.729721104711002,NA,1.5578537830579977,NA,1.5571414460631403,NA,1.0749244666982,NA,1.071116634968564,NA
9873989,76,m y z a ʒ,5,-19.26885615927756,NA,-16.145731724613096,NA,-16.288993267502523,NA,1.397336491187185,NA,1.3969153080698635,NA,1.0416189337331847,NA,1.0396162450988709,NA
9873989,74,n ɯ t y j,5,-16.745705986388092,NA,-22.3564259100322,NA,-22.34000437551107,NA,1.1865969150263898,NA,1.1865483757315416,NA,1.0045937259415338,NA,1.0045620755887812,NA
9873989,17,ɫ a n y j,5,-15.527981142957266,NA,-20.048631415631327,NA,-20.029886559218973,NA,1.394546693721347,NA,1.394138324722925,NA,1.0266470238072245,NA,1.0254534974166822,NA
9873989,6,l e ʒ ɯ ʒ,5,-23.42246110699022,NA,-Inf,NA,-31.37937590764058,NA,1.2326268805400291,NA,1.2325034590587125,NA,1.000599585740761,NA,1.000785798371226,NA
9873989,25,ɟ y ʒ u ʒ,5,-27.80853684728006,NA,-29.28500826667853,NA,-28.708564247230676,NA,1.1164047641696466,NA,1.1164832975278336,NA,1.0001090155892292,NA,1.0003211623361203,NA
9873989,54,t͡ʃ ø v a n,5,-18.701602767562907,NA,-15.100178717825774,NA,-15.129210912490072,NA,1.3444722505099906,NA,1.3441170867989016,NA,1.0395669313903486,NA,1.0374122129692265,NA
9873989,77,n u ʒ ɯ ʒ,5,-22.62968325066944,NA,-Inf,NA,-29.197550883061453,NA,1.14000794273881,NA,1.140044772486502,NA,1.0008134367287314,NA,1.0009885521090411,NA
9873989,33,b u ʒ u ʒ,5,-23.578702027948104,NA,-22.55607533141792,NA,-22.360285906391308,NA,1.1751938218318876,NA,1.175170692528559,NA,1.0072042512867905,NA,1.0070435603192218,NA
9873989,16,ɫ a g a v,5,-15.754122332862629,NA,-20.553058174302627,NA,-20.559783658839276,NA,1.4882072475199175,NA,1.487625321159881,NA,1.011899048999812,NA,1.011429504802159,NA
9873989,6,b e v a ʒ,5,-18.887323500746025,NA,-15.872593466040806,NA,-16.021901122917775,NA,1.460613178860639,NA,1.460082582720464,NA,1.0349086258500086,NA,1.033249828288036,NA
9873989,27,l y g a v,5,-19.4935962146241,NA,-Inf,NA,-27.80790591371226,NA,1.2871157130376376,NA,1.2868816916145254,NA,1.008373111461021,NA,1.0080891173681017,NA
9873989,6,l e l ø c,5,-23.921630741113155,NA,-Inf,NA,-32.749337306429,NA,1.1941895614424562,NA,1.1941372749111134,NA,1.0030524364984192,NA,1.0031089785467553,NA
9873989,14,b e ɟ e ʒ,5,-22.756632689956056,NA,-Inf,NA,-24.058032387919113,NA,1.345476034124718,NA,1.3451525821532777,NA,1.0127182103550003,NA,1.0122651834486156,NA
9873989,6,b e ʒ a ʒ,5,-20.93058538584836,NA,-19.48837816175328,NA,-19.69732468362156,NA,1.4303068450549048,NA,1.4298290186764984,NA,1.014235691359507,NA,1.013693300711423,NA
9873989,18,ɫ a ɾ u j,5,-14.988213898012642,NA,-18.225237785879074,NA,-18.23265340120377,NA,1.4806633127456936,NA,1.48010342214873,NA,1.0515741074637193,NA,1.0490474569155095,NA
9873989,5,b u z e ʒ,5,-20.09685568317635,NA,-17.84329781622566,NA,-17.964161616964663,NA,1.276667630723205,NA,1.2764627987655124,NA,1.0139315296225708,NA,1.0134023197983453,NA
9873989,82,f u m o ʒ,5,-21.086399553296257,NA,-19.904477032559072,NA,-20.00660012235896,NA,1.162493303534497,NA,1.16249350220586,NA,1.0069418990854422,NA,1.006788724097161,NA
9873989,24,ɟ y ɟ ø c,5,-30.88964249128854,NA,-Inf,NA,-34.02337567467023,NA,1.0749047338124378,NA,1.0750589613046984,NA,1.0000545077946146,NA,1.0002695361099974,NA
9873989,20,g ɯ d͡ʒ i l,5,-19.64465247954083,NA,-16.929800719720177,NA,-16.98778054263725,NA,1.223765991720176,NA,1.2236495458961485,NA,1.0081634508787554,NA,1.007928985502199,NA
9873989,6,k a n i n,5,-13.587711962107177,NA,-12.244157249014869,NA,-12.2628318923973,NA,1.6359797029730567,NA,1.6351267738613084,NA,1.0856556606918544,NA,1.0812238961757654,NA
9873989,4,b u ɟ y ʒ,5,-25.21776219641355,NA,-24.02607612181347,NA,-23.4120433072708,NA,1.1548681109073993,NA,1.1548819472629457,NA,1.0073371474025232,NA,1.007168032552784,NA
9873989,17,ɫ a m i v,5,-15.108322670255824,NA,-19.84096460834095,NA,-19.840167964977656,NA,1.45267848057084,NA,1.452164539040134,NA,1.022668785041178,NA,1.0216640887099704,NA
9873989,97,n u t i v,5,-16.447775065614174,NA,-21.189892153387195,NA,-21.184203947153694,NA,1.2797613550678195,NA,1.27954636548282,NA,1.0249284051823029,NA,1.0237745264935774,NA
9873989,25,g o ɟ i ʒ,5,-24.90517828366109,NA,-25.463316038560684,NA,-25.0238451006757,NA,1.213844639629624,NA,1.21374827950693,NA,1.001203603704403,NA,1.001357562313273,NA
9873989,53,t͡ʃ ø j u z,5,-20.529026950681207,NA,-17.342610045374,NA,-17.381051887526098,NA,1.151992514259162,NA,1.1520031350348077,NA,1.0064343510181284,NA,1.0062899141251958,NA
9873989,29,z o ɟ i t,5,-20.9589136182378,NA,-22.968824668964604,NA,-22.49812583794652,NA,1.2408518651515077,NA,1.2406922707790116,NA,1.0084540930642174,NA,1.0081503933184568,NA
9873989,60,n u c ø c,5,-24.807625490627537,NA,-Inf,NA,-31.30367927011791,NA,1.090233002361394,NA,1.0903607082649016,NA,1.000704421139502,NA,1.0008852996567954,NA
9873989,14,l i v ø h,5,-20.904794873852836,NA,-Inf,NA,-30.017786917374448,NA,1.1384315211614455,NA,1.138471070171428,NA,1.0021258039899703,NA,1.0022313327026664,NA
9873989,27,k o ɫ ɯ ɾ,5,-15.746838565630412,NA,-13.10667453460241,NA,-13.133460503117467,NA,1.3892399649311546,NA,1.3888182062736574,NA,1.0364363220655193,NA,1.0346301929585895,NA
9873989,12,ɫ o t o s,5,-16.650452551067872,NA,-19.86130929042026,NA,-19.87178226056184,NA,1.1968532583423572,NA,1.1967836503746367,NA,1.0076982350654493,NA,1.0074960391662156,NA
9873989,13,ɫ o c e c,5,-22.400319377835324,NA,-Inf,NA,-30.01158029879595,NA,1.185129721117138,NA,1.185083880443854,NA,1.0027646697523702,NA,1.0028307383165231,NA
9873989,5,b i j u ʒ,5,-19.982779180288727,NA,-18.35629998851609,NA,-18.296720384198927,NA,1.2375249433170086,NA,1.237393515128245,NA,1.019368047964322,NA,1.0185609454976876,NA
9873989,11,b o ʒ a ʒ,5,-22.204003844457393,NA,-19.321037408784147,NA,-19.52975317079178,NA,1.3229086648122703,NA,1.3226166484342836,NA,1.008762800579713,NA,1.0085081234147557,NA
9873989,52,c ø d ø l,5,-25.273737592608967,NA,-Inf,NA,-27.063517981829783,NA,1.0636055587079187,NA,1.0637759789037924,NA,1.0001114910985065,NA,1.0003233777080158,NA
9873989,27,ɟ i ʒ ɯ ʒ,5,-26.41709941367645,NA,-Inf,NA,-33.307818772675844,NA,1.1410997399260654,NA,1.1411346658902664,NA,1.0003270467676877,NA,1.0005276672406118,NA
9873989,6,d ɯ ʒ a ʒ,5,-21.716795206882775,NA,-Inf,NA,-23.190543246412652,NA,1.298705256665564,NA,1.2984551045728236,NA,1.0026417382010682,NA,1.002708745557405,NA
9873989,17,g ɯ ʃ e ʒ,5,-20.680133976363813,NA,-18.215759687198577,NA,-18.34658379874023,NA,1.2236976698046218,NA,1.2235845791944204,NA,1.0074075246463592,NA,1.007225242015273,NA
9873989,36,ɟ y ɟ e c,5,-28.306538947779316,NA,-Inf,NA,-32.95524219839198,NA,1.1788422801113725,NA,1.1788073260166032,NA,1.0007066108268936,NA,1.0008808204183293,NA
9873989,47,v ø ʒ ɯ h,5,-23.024241178401727,NA,-Inf,NA,-30.45570700382361,NA,1.1036756719502918,NA,1.1037711769871554,NA,1.0001956309096838,NA,1.000401295176374,NA
9873989,32,n ɯ ʒ ɯ v,5,-20.37155439509228,NA,-Inf,NA,-29.078542120513493,NA,1.1398926451023728,NA,1.1399258609218608,NA,1.0003901669756716,NA,1.0005869200881068,NA
9873989,52,t͡ʃ ø ɟ y z,5,-24.87512157612903,NA,-22.11753265394216,NA,-21.28303150118376,NA,1.0902953872221697,NA,1.090415010076083,NA,1.0022148482989617,NA,1.00231031519471,NA
9873989,29,l y v ø h,5,-22.081365336981623,NA,-Inf,NA,-30.783197051114545,NA,1.123537673674444,NA,1.123602990586653,NA,1.0013626948653658,NA,1.0015085655369462,NA
9873989,6,b u j u ʒ,5,-20.87166757096573,NA,-19.733680700888875,NA,-19.668499765417735,NA,1.2165652379443916,NA,1.21647007222167,NA,1.0105687883162064,NA,1.0102253180186327,NA
9873989,37,ɟ y ʒ i l,5,-25.474223572256346,NA,-26.086164584076812,NA,-25.658577276474528,NA,1.194726574470686,NA,1.1946604814688004,NA,1.001869088084923,NA,1.001974463736933,NA
9873989,23,n ɯ c i c,5,-22.207490302969337,NA,-Inf,NA,-31.27784518309206,NA,1.190125320458985,NA,1.1900702225959,NA,1.000651008188583,NA,1.0008314338114397,NA
9873989,13,l e l i c,5,-21.536362523929785,NA,-31.435382275761945,NA,-30.66420479306158,NA,1.3050220875123175,NA,1.3047680695189283,NA,1.0033784880145589,NA,1.0034146207009211,NA
9874880,55,t i t e n,5,-13.939688353962891,NA,-13.031948462442172,NA,-13.050716201785225,NA,1.4094012502297124,NA,1.4089409685681276,NA,1.034895013822322,NA,1.0331065768439232,NA
9874880,100,j o b u ʒ,5,-21.05836231257191,NA,-20.278068086553,NA,-20.20804314631168,NA,1.1710790683578258,NA,1.171062773355354,NA,1.0066664843883977,NA,1.006528208768726,NA
9874880,54,d͡ʒ o c ø c,5,-26.257085578225187,NA,-Inf,NA,-31.597534878858212,NA,1.087742629560516,NA,1.0878746424072625,NA,1.0005961022486871,NA,1.000782672398996,NA
9874880,0,ɫ a ɾ u j,5,-14.988213898012642,NA,-18.225237785879074,NA,-18.23265340120377,NA,1.4806633127456936,NA,1.48010342214873,NA,1.0515741074637193,NA,1.0490474569155095,NA
9874880,0,n y n u s,5,-16.715340873276865,NA,-20.662916646783795,NA,-20.659392548169652,NA,1.2376893062998182,NA,1.237547081745812,NA,1.0108372213398642,NA,1.0104573725021138,NA
9874880,55,l e l ø c,5,-23.921630741113155,NA,-Inf,NA,-32.749337306429,NA,1.1941895614424562,NA,1.1941372749111134,NA,1.0030524364984192,NA,1.0031089785467553,NA
9874880,0,ɫ a g a v,5,-15.754122332862629,NA,-20.553058174302627,NA,-20.559783658839276,NA,1.4882072475199175,NA,1.487625321159881,NA,1.011899048999812,NA,1.011429504802159,NA
9874880,55,n e p y j,5,-16.98879234295367,NA,-21.717938967258256,NA,-21.69222912574372,NA,1.2636746444640563,NA,1.2634932080325365,NA,1.0096114935791205,NA,1.0093200333401624,NA
9874880,100,ɟ y ʒ u ʒ,5,-27.80853684728006,NA,-29.28500826667853,NA,-28.708564247230676,NA,1.1164047641696466,NA,1.1164832975278336,NA,1.0001090155892292,NA,1.0003211623361203,NA
9874880,100,k a n i n,5,-13.587711962107177,NA,-12.244157249014869,NA,-12.2628318923973,NA,1.6359797029730567,NA,1.6351267738613084,NA,1.0856556606918544,NA,1.0812238961757654,NA
9874880,54,t͡ʃ ø j u ʒ,5,-22.924149578450105,NA,-20.79768766887971,NA,-20.742784223544646,NA,1.135233466329589,NA,1.13527898588403,NA,1.004608462527747,NA,1.0045783180618666,NA
9874880,0,ɫ a n y j,5,-15.527981142957266,NA,-20.048631415631327,NA,-20.029886559218973,NA,1.394546693721347,NA,1.394138324722925,NA,1.0266470238072245,NA,1.0254534974166822,NA
9874880,55,g ɯ k o ʒ,5,-20.74619112225676,NA,-16.915237145151256,NA,-17.041707617482654,NA,1.1737865511481944,NA,1.1737670683301502,NA,1.0095969845870632,NA,1.0093013998750595,NA
9874880,100,k o ɾ a n,5,-14.411209921897514,NA,-12.294347060400495,NA,-12.318134780608212,NA,1.5780166675354677,NA,1.5772563021989838,NA,1.0788840359427352,NA,1.0746155597877969,NA
9874880,100,n i l i s,5,-16.529383592794712,NA,-21.972909806953865,NA,-21.72458759793683,NA,1.262837912142731,NA,1.2626465045153608,NA,1.0115151948241032,NA,1.0110619225343378,NA
9874880,100,n u t i v,5,-16.447775065614174,NA,-21.189892153387195,NA,-21.184203947153694,NA,1.2797613550678195,NA,1.27954636548282,NA,1.0249284051823029,NA,1.0237745264935774,NA
9874880,100,b a ɟ ø z,5,-22.46994439760235,NA,-Inf,NA,-18.968121900756447,NA,1.3525891302094293,NA,1.3522568267997628,NA,1.0208335147527232,NA,1.0199546011622187,NA
9874880,4,b e v a ʒ,5,-18.887323500746025,NA,-15.872593466040806,NA,-16.021901122917775,NA,1.460613178860639,NA,1.460082582720464,NA,1.0349086258500086,NA,1.033249828288036,NA
9874880,0,n u ʒ ɯ ʒ,5,-22.62968325066944,NA,-Inf,NA,-29.197550883061453,NA,1.14000794273881,NA,1.140044772486502,NA,1.0008134367287314,NA,1.0009885521090411,NA
9874880,0,v ø l i v,5,-21.2450194600926,NA,-Inf,NA,-31.53443408186967,NA,1.1757448274064406,NA,1.1757104148958002,NA,1.0014998369742418,NA,1.0016238637930377,NA
9874880,100,m y m y ɾ,5,-16.704255115308886,NA,-13.020817250140125,NA,-13.053521821836997,NA,1.3152884044924409,NA,1.3149976658456903,NA,1.0360942196571266,NA,1.0343698974546898,NA
9874880,57,d͡ʒ o ʒ u ʒ,5,-24.29401030874191,NA,-24.243601785484508,NA,-24.17251025107207,NA,1.127716441668515,NA,1.127775417851205,NA,1.0007051178379167,NA,1.0008859248512416,NA
9874880,50,n ɯ ʒ a v,5,-19.02502844047022,NA,-Inf,NA,-25.556872791643976,NA,1.278077157040375,NA,1.277858856769651,NA,1.005851378448144,NA,1.0057071346124649,NA
9874880,100,n u t a s,5,-14.726567453647792,NA,-18.016363167590757,NA,-18.02466558703151,NA,1.375248465052452,NA,1.3748549722517678,NA,1.0268849669602398,NA,1.0255614198293237,NA
9874880,100,n ɯ t y j,5,-16.745705986388092,NA,-22.3564259100322,NA,-22.34000437551107,NA,1.1865969150263898,NA,1.1865483757315416,NA,1.0045937259415338,NA,1.0045620755887812,NA
9874880,0,g ɯ ʃ e ʒ,5,-20.680133976363813,NA,-18.215759687198577,NA,-18.34658379874023,NA,1.2236976698046218,NA,1.2235845791944204,NA,1.0074075246463592,NA,1.007225242015273,NA
9874880,100,ɫ o t o s,5,-16.650452551067872,NA,-19.86130929042026,NA,-19.87178226056184,NA,1.1968532583423572,NA,1.1967836503746367,NA,1.0076982350654493,NA,1.0074960391662156,NA
9874880,100,n e n u v,5,-16.389638161368726,NA,-20.325068448436717,NA,-20.31731129385749,NA,1.3208179980421255,NA,1.320538269610069,NA,1.0235487936312362,NA,1.0225154110321275,NA
9874880,0,g ɯ ʃ ø z,5,-20.868114892104145,NA,-17.68946998702973,NA,-17.66557104382508,NA,1.1365191714352605,NA,1.1365603636332933,NA,1.0043221992368574,NA,1.0043105088894526,NA
9874880,0,v ɯ ʒ u v,5,-21.86808593813512,NA,-Inf,NA,-26.703531252513827,NA,1.126951629435814,NA,1.1270081147295898,NA,1.000727269349632,NA,1.000902377044206,NA
9874880,0,b u j u ʒ,5,-20.87166757096573,NA,-19.733680700888875,NA,-19.668499765417735,NA,1.2165652379443916,NA,1.21647007222167,NA,1.0105687883162064,NA,1.0102253180186327,NA
9874880,0,l e ʒ ɯ ʒ,5,-23.42246110699022,NA,-Inf,NA,-31.37937590764058,NA,1.2326268805400291,NA,1.2325034590587125,NA,1.000599585740761,NA,1.000785798371226,NA
9874880,100,c ø j a ʒ,5,-23.630776844730175,NA,-Inf,NA,-22.239940954309937,NA,1.2565841996509106,NA,1.2564064248544844,NA,1.012129479451536,NA,1.0116719887342391,NA
9874880,100,b u ɟ y ʒ,5,-25.21776219641355,NA,-24.02607612181347,NA,-23.4120433072708,NA,1.1548681109073993,NA,1.1548819472629457,NA,1.0073371474025232,NA,1.007168032552784,NA
9874880,100,m a k a n,5,-13.008346846234591,NA,-11.28043634275908,NA,-11.300021336865491,NA,1.6891002822706591,NA,1.6881485735739905,NA,1.0828270821289048,NA,1.078388901097211,NA
9874880,100,t͡ʃ ø v a n,5,-18.701602767562907,NA,-15.100178717825774,NA,-15.129210912490072,NA,1.3444722505099906,NA,1.3441170867989016,NA,1.0395669313903486,NA,1.0374122129692265,NA
9874880,7,ɫ a m i v,5,-15.108322670255824,NA,-19.84096460834095,NA,-19.840167964977656,NA,1.45267848057084,NA,1.452164539040134,NA,1.022668785041178,NA,1.0216640887099704,NA
9874880,100,b o ʒ a ʒ,5,-22.204003844457393,NA,-19.321037408784147,NA,-19.52975317079178,NA,1.3229086648122703,NA,1.3226166484342836,NA,1.008762800579713,NA,1.0085081234147557,NA
9874880,100,g ɯ d͡ʒ i l,5,-19.64465247954083,NA,-16.929800719720177,NA,-16.98778054263725,NA,1.223765991720176,NA,1.2236495458961485,NA,1.0081634508787554,NA,1.007928985502199,NA
9874880,100,t͡ʃ ø ɟ y z,5,-24.87512157612903,NA,-22.11753265394216,NA,-21.28303150118376,NA,1.0902953872221697,NA,1.090415010076083,NA,1.0022148482989617,NA,1.00231031519471,NA
9874880,100,b e ɟ e ʒ,5,-22.756632689956056,NA,-Inf,NA,-24.058032387919113,NA,1.345476034124718,NA,1.3451525821532777,NA,1.0127182103550003,NA,1.0122651834486156,NA
9874880,0,n i n u v,5,-16.587473487694577,NA,-20.74289718035614,NA,-20.73475916364208,NA,1.2346503203991448,NA,1.234519670994152,NA,1.015385861708921,NA,1.0147833558081725,NA
9874880,0,k o ɫ ɯ ɾ,5,-15.746838565630412,NA,-13.10667453460241,NA,-13.133460503117467,NA,1.3892399649311546,NA,1.3888182062736574,NA,1.0364363220655193,NA,1.0346301929585895,NA
9874880,61,t͡ʃ ø j u z,5,-20.529026950681207,NA,-17.342610045374,NA,-17.381051887526098,NA,1.151992514259162,NA,1.1520031350348077,NA,1.0064343510181284,NA,1.0062899141251958,NA
9874880,0,l e l i c,5,-21.536362523929785,NA,-31.435382275761945,NA,-30.66420479306158,NA,1.3050220875123175,NA,1.3047680695189283,NA,1.0033784880145589,NA,1.0034146207009211,NA
9874880,0,f u m o ʒ,5,-21.086399553296257,NA,-19.904477032559072,NA,-20.00660012235896,NA,1.162493303534497,NA,1.16249350220586,NA,1.0069418990854422,NA,1.006788724097161,NA
9874880,0,n ø m o s,5,-18.203872787484933,NA,-22.19842578179625,NA,-22.165436338076113,NA,1.1411016056561956,NA,1.141128679586091,NA,1.0035204518715182,NA,1.0035409822204415,NA
9874880,100,k a t ø ɾ,5,-15.581196584717304,NA,-14.400670214601377,NA,-14.436010397238292,NA,1.5237210169792808,NA,1.5230713014199444,NA,1.059134654867906,NA,1.0562306009407805,NA
9874880,100,b i ʒ a ʒ,5,-21.12842071217421,NA,-20.462820259132272,NA,-20.59539447720862,NA,1.344139167411924,NA,1.3438104200605814,NA,1.013475717377768,NA,1.0129733469207105,NA
9874880,8,c ø d ø l,5,-25.273737592608967,NA,-Inf,NA,-27.063517981829783,NA,1.0636055587079187,NA,1.0637759789037924,NA,1.0001114910985065,NA,1.0003233777080158,NA
9874880,11,b u z e ʒ,5,-20.09685568317635,NA,-17.84329781622566,NA,-17.964161616964663,NA,1.276667630723205,NA,1.2764627987655124,NA,1.0139315296225708,NA,1.0134023197983453,NA
9874880,0,l i l i v,5,-19.457588243664848,NA,-29.20991366924059,NA,-28.687492054822933,NA,1.2303966335406769,NA,1.2302676592286446,NA,1.003298594196525,NA,1.0033275292550925,NA
9874880,100,k o n ø ɾ,5,-17.468982673500772,NA,-15.665847293331234,NA,-15.67041392566706,NA,1.3263918658517442,NA,1.3260835017678103,NA,1.0230245152622903,NA,1.0220198569868446,NA
9874880,100,b i j o ʒ,5,-20.1694739218949,NA,-16.17150934468403,NA,-16.29228988361789,NA,1.2161562043575238,NA,1.2160636704095142,NA,1.0185949627078428,NA,1.0178290236238705,NA
9874880,100,m e t ø ɾ,5,-16.305709239281132,NA,-14.332928742029557,NA,-14.370439435773992,NA,1.415624745175706,NA,1.415162037061878,NA,1.0262030905848891,NA,1.0250322748512253,NA
9874880,52,b u ʒ u ʒ,5,-23.578702027948104,NA,-22.55607533141792,NA,-22.360285906391308,NA,1.1751938218318876,NA,1.175170692528559,NA,1.0072042512867905,NA,1.0070435603192218,NA
9874880,100,g a ɟ e ʒ,5,-22.959255290632175,NA,-Inf,NA,-23.771850826744977,NA,1.408639434555404,NA,1.4082066800608468,NA,1.0072505448133169,NA,1.0070846951102934,NA
9874880,51,ɟ ø c ø c,5,-30.98030987081792,NA,-Inf,NA,-35.04234390027842,NA,1.025304435597176,NA,1.0255444598001535,NA,1,1,1.0002179098838746,1
9874880,0,k a k u ɾ,5,-14.067811152368842,NA,-12.708404717891712,NA,-12.729721104711002,NA,1.5578537830579977,NA,1.5571414460631403,NA,1.0749244666982,NA,1.071116634968564,NA
9874880,100,ɟ ø c e c,5,-28.397206327308695,NA,-Inf,NA,-33.97421042400016,NA,1.1292419818961106,NA,1.1292928245120586,NA,1.000652103032279,NA,1.0008291941922065,NA
9874880,0,ɟ i ʒ ɯ ʒ,5,-26.41709941367645,NA,-Inf,NA,-33.307818772675844,NA,1.1410997399260654,NA,1.1411346658902664,NA,1.0003270467676877,NA,1.0005276672406118,NA
9874880,0,n u c ø c,5,-24.807625490627537,NA,-Inf,NA,-31.30367927011791,NA,1.090233002361394,NA,1.0903607082649016,NA,1.000704421139502,NA,1.0008852996567954,NA
9874880,100,p o c y z,5,-22.132396809934985,NA,-Inf,NA,-22.792875288841223,NA,1.1404551220852177,NA,1.1404879493119304,NA,1.0044867211475823,NA,1.0044629596393846,NA
9874880,100,g o ɟ i ʒ,5,-24.90517828366109,NA,-25.463316038560684,NA,-25.0238451006757,NA,1.213844639629624,NA,1.21374827950693,NA,1.001203603704403,NA,1.001357562313273,NA
9874880,100,ɟ ø ɟ i n,5,-26.154797849000957,NA,-Inf,NA,-25.981965253358386,NA,1.207646283033087,NA,1.2075351451808032,NA,1.0123140448014616,NA,1.0117616811066352,NA
9874880,100,ɟ y ʒ i l,5,-25.474223572256346,NA,-26.086164584076812,NA,-25.658577276474528,NA,1.194726574470686,NA,1.1946604814688004,NA,1.001869088084923,NA,1.001974463736933,NA
9874880,100,l y g a v,5,-19.4935962146241,NA,-Inf,NA,-27.80790591371226,NA,1.2871157130376376,NA,1.2868816916145254,NA,1.008373111461021,NA,1.0080891173681017,NA
9874880,100,g u ʒ i ʒ,5,-23.367105446041258,NA,-22.71019322061325,NA,-22.662694231245467,NA,1.214496991418963,NA,1.2143994984214512,NA,1.0018219484717603,NA,1.001942235984122,NA
9874880,100,l y v ø h,5,-22.081365336981623,NA,-Inf,NA,-30.783197051114545,NA,1.123537673674444,NA,1.123602990586653,NA,1.0013626948653658,NA,1.0015085655369462,NA
9874880,100,v ø ʒ ɯ h,5,-23.024241178401727,NA,-Inf,NA,-30.45570700382361,NA,1.1036756719502918,NA,1.1037711769871554,NA,1.0001956309096838,NA,1.000401295176374,NA
9874880,0,ɟ y ɟ e c,5,-28.306538947779316,NA,-Inf,NA,-32.95524219839198,NA,1.1788422801113725,NA,1.1788073260166032,NA,1.0007066108268936,NA,1.0008808204183293,NA
9874880,100,m y z a ʒ,5,-19.26885615927756,NA,-16.145731724613096,NA,-16.288993267502523,NA,1.397336491187185,NA,1.3969153080698635,NA,1.0416189337331847,NA,1.0396162450988709,NA
9874880,50,f u ʒ a ʒ,5,-22.57009892571624,NA,-23.084878726681055,NA,-23.104809642140214,NA,1.283281237699766,NA,1.283057751040734,NA,1.0022636671308394,NA,1.002350487946775,NA
9874880,0,f u c ø c,5,-26.0945671202964,NA,-Inf,NA,-30.40486528288016,NA,1.0953217853843475,NA,1.0954406909713434,NA,1.0008668994757235,NA,1.001039240543495,NA
9874880,100,ɫ o c e c,5,-22.400319377835324,NA,-Inf,NA,-30.01158029879595,NA,1.185129721117138,NA,1.185083880443854,NA,1.0027646697523702,NA,1.0028307383165231,NA
9874880,100,b e v u z,5,-18.05359379807402,NA,-15.116452617134565,NA,-15.154527759561976,NA,1.3293865865827923,NA,1.3290904472457938,NA,1.027526083033521,NA,1.0262694472757412,NA
9874880,0,l y g ɯ ʒ,5,-22.883384054348497,NA,-Inf,NA,-31.210086947359827,NA,1.1381062907638022,NA,1.1381463270545598,NA,1.0003964076179663,NA,1.000592585698109,NA
9874880,100,g a d͡ʒ ɯ ʃ,5,-18.1433036565909,NA,-15.499386284508248,NA,-15.553373615329928,NA,1.387167586098868,NA,1.3867697858340529,NA,1.015460105386242,NA,1.014803618740054,NA
9874880,56,m y k o ʒ,5,-19.93043596815668,NA,-16.300780365266558,NA,-16.417412400213216,NA,1.2520745572399474,NA,1.2519196738829383,NA,1.0326605479495878,NA,1.031153503453037,NA
9874880,100,t i k a n,5,-13.448013540026771,NA,-12.360180704819967,NA,-12.378790372777791,NA,1.4875821102169142,NA,1.486979033124867,NA,1.045676820009706,NA,1.0431959745683663,NA
9874880,100,t i m y ɾ,5,-15.294846811552397,NA,-13.660054019068708,NA,-13.685647803861627,NA,1.3091233520227514,NA,1.3088432638048708,NA,1.0122665021223751,NA,1.011794088919323,NA
9874880,0,ɟ i ɟ ø c,5,-29.71307202815976,NA,-Inf,NA,-34.785338500309926,NA,1.0897985812994395,NA,1.0899270408894737,NA,1.0001090155892292,NA,1.0003211623361203,NA
9874880,0,z a ʒ o h,5,-20.01616939621291,NA,-23.3231454652614,NA,-23.200842055018715,NA,1.3161703693104103,NA,1.3159010409835006,NA,1.0043869150779896,NA,1.0043743138247614,NA
9874880,0,d ɯ ʒ a ʒ,5,-21.716795206882775,NA,-Inf,NA,-23.190543246412652,NA,1.298705256665564,NA,1.2984551045728236,NA,1.0026417382010682,NA,1.002708745557405,NA
9874880,0,l e m i m,5,-16.284865608541942,NA,-21.681059717316177,NA,-21.31860352956532,NA,1.380102008877493,NA,1.3797039565377944,NA,1.023384257708429,NA,1.022273629864209,NA
9874880,100,b e ʒ a ʒ,5,-20.93058538584836,NA,-19.48837816175328,NA,-19.69732468362156,NA,1.4303068450549048,NA,1.4298290186764984,NA,1.014235691359507,NA,1.013693300711423,NA
9874880,0,n ɯ ʒ ɯ v,5,-20.37155439509228,NA,-Inf,NA,-29.078542120513493,NA,1.1398926451023728,NA,1.1399258609218608,NA,1.0003901669756716,NA,1.0005869200881068,NA
9874880,59,ɟ y ɟ ø c,5,-30.88964249128854,NA,-Inf,NA,-34.02337567467023,NA,1.0749047338124378,NA,1.0750589613046984,NA,1.0000545077946146,NA,1.0002695361099974,NA
9874880,100,m y ɾ i ɾ,5,-15.182460061139956,NA,-12.93841945288009,NA,-12.964678761998291,NA,1.495928832346916,NA,1.4953164266216838,NA,1.0626490882923791,NA,1.0594042295798347,NA
9874880,100,z o ɟ i t,5,-20.9589136182378,NA,-22.968824668964604,NA,-22.49812583794652,NA,1.2408518651515077,NA,1.2406922707790116,NA,1.0084540930642174,NA,1.0081503933184568,NA
9874880,0,n ɯ m ø h,5,-18.510789566710663,NA,-25.526286904340548,NA,-25.20620087924542,NA,1.139300164226838,NA,1.1393380184036568,NA,1.0014200635832908,NA,1.0015627469235224,NA
9874880,0,n ɯ c i c,5,-22.207490302969337,NA,-Inf,NA,-31.27784518309206,NA,1.190125320458985,NA,1.1900702225959,NA,1.000651008188583,NA,1.0008314338114397,NA
9874880,0,l i v ø h,5,-20.904794873852836,NA,-Inf,NA,-30.017786917374448,NA,1.1384315211614455,NA,1.138471070171428,NA,1.0021258039899703,NA,1.0022313327026664,NA
9874880,100,b i j u ʒ,5,-19.982779180288727,NA,-18.35629998851609,NA,-18.296720384198927,NA,1.2375249433170086,NA,1.237393515128245,NA,1.019368047964322,NA,1.0185609454976876,NA
9874880,0,l e g o h,5,-19.527053505632765,NA,-27.75113638166346,NA,-27.308708531329852,NA,1.2198662238523628,NA,1.2197634326360676,NA,1.0014568108084176,NA,1.0015956377134012,NA
9874880,100,g ɯ d͡ʒ u z,5,-19.58384312679565,NA,-16.64152559173808,NA,-16.684403427045364,NA,1.1622032293487097,NA,1.1621965111059591,NA,1.0059499347177645,NA,1.0058336162439705,NA
9875984,0,v ɯ ʒ u v,5,-21.86808593813512,NA,-Inf,NA,-26.703531252513827,NA,1.126951629435814,NA,1.1270081147295898,NA,1.000727269349632,NA,1.000902377044206,NA
9875984,28,l e l ø c,5,-23.921630741113155,NA,-Inf,NA,-32.749337306429,NA,1.1941895614424562,NA,1.1941372749111134,NA,1.0030524364984192,NA,1.0031089785467553,NA
9875984,55,ɟ y ɟ e c,5,-28.306538947779316,NA,-Inf,NA,-32.95524219839198,NA,1.1788422801113725,NA,1.1788073260166032,NA,1.0007066108268936,NA,1.0008808204183293,NA
9875984,22,b e ʒ a ʒ,5,-20.93058538584836,NA,-19.48837816175328,NA,-19.69732468362156,NA,1.4303068450549048,NA,1.4298290186764984,NA,1.014235691359507,NA,1.013693300711423,NA
9875984,86,l e l i c,5,-21.536362523929785,NA,-31.435382275761945,NA,-30.66420479306158,NA,1.3050220875123175,NA,1.3047680695189283,NA,1.0033784880145589,NA,1.0034146207009211,NA
9875984,98,m y ɾ i ɾ,5,-15.182460061139956,NA,-12.93841945288009,NA,-12.964678761998291,NA,1.495928832346916,NA,1.4953164266216838,NA,1.0626490882923791,NA,1.0594042295798347,NA
9875984,69,k a t ø ɾ,5,-15.581196584717304,NA,-14.400670214601377,NA,-14.436010397238292,NA,1.5237210169792808,NA,1.5230713014199444,NA,1.059134654867906,NA,1.0562306009407805,NA
9875984,37,ɫ a g a v,5,-15.754122332862629,NA,-20.553058174302627,NA,-20.559783658839276,NA,1.4882072475199175,NA,1.487625321159881,NA,1.011899048999812,NA,1.011429504802159,NA
9875984,45,m y m y ɾ,5,-16.704255115308886,NA,-13.020817250140125,NA,-13.053521821836997,NA,1.3152884044924409,NA,1.3149976658456903,NA,1.0360942196571266,NA,1.0343698974546898,NA
9875984,6,b i j o ʒ,5,-20.1694739218949,NA,-16.17150934468403,NA,-16.29228988361789,NA,1.2161562043575238,NA,1.2160636704095142,NA,1.0185949627078428,NA,1.0178290236238705,NA
9875984,0,b i ʒ a ʒ,5,-21.12842071217421,NA,-20.462820259132272,NA,-20.59539447720862,NA,1.344139167411924,NA,1.3438104200605814,NA,1.013475717377768,NA,1.0129733469207105,NA
9875984,66,ɫ o t o s,5,-16.650452551067872,NA,-19.86130929042026,NA,-19.87178226056184,NA,1.1968532583423572,NA,1.1967836503746367,NA,1.0076982350654493,NA,1.0074960391662156,NA
9875984,44,g ɯ ʃ ø z,5,-20.868114892104145,NA,-17.68946998702973,NA,-17.66557104382508,NA,1.1365191714352605,NA,1.1365603636332933,NA,1.0043221992368574,NA,1.0043105088894526,NA
9875984,90,m a k a n,5,-13.008346846234591,NA,-11.28043634275908,NA,-11.300021336865491,NA,1.6891002822706591,NA,1.6881485735739905,NA,1.0828270821289048,NA,1.078388901097211,NA
9875984,0,l e ʒ ɯ ʒ,5,-23.42246110699022,NA,-Inf,NA,-31.37937590764058,NA,1.2326268805400291,NA,1.2325034590587125,NA,1.000599585740761,NA,1.000785798371226,NA
9875984,20,n ø m o s,5,-18.203872787484933,NA,-22.19842578179625,NA,-22.165436338076113,NA,1.1411016056561956,NA,1.141128679586091,NA,1.0035204518715182,NA,1.0035409822204415,NA
9875984,4,ɫ a ɾ u j,5,-14.988213898012642,NA,-18.225237785879074,NA,-18.23265340120377,NA,1.4806633127456936,NA,1.48010342214873,NA,1.0515741074637193,NA,1.0490474569155095,NA
9875984,41,c ø d ø l,5,-25.273737592608967,NA,-Inf,NA,-27.063517981829783,NA,1.0636055587079187,NA,1.0637759789037924,NA,1.0001114910985065,NA,1.0003233777080158,NA
9875984,62,t͡ʃ ø v a n,5,-18.701602767562907,NA,-15.100178717825774,NA,-15.129210912490072,NA,1.3444722505099906,NA,1.3441170867989016,NA,1.0395669313903486,NA,1.0374122129692265,NA
9875984,20,b u ʒ u ʒ,5,-23.578702027948104,NA,-22.55607533141792,NA,-22.360285906391308,NA,1.1751938218318876,NA,1.175170692528559,NA,1.0072042512867905,NA,1.0070435603192218,NA
9875984,34,n ɯ t y j,5,-16.745705986388092,NA,-22.3564259100322,NA,-22.34000437551107,NA,1.1865969150263898,NA,1.1865483757315416,NA,1.0045937259415338,NA,1.0045620755887812,NA
9875984,56,n e p y j,5,-16.98879234295367,NA,-21.717938967258256,NA,-21.69222912574372,NA,1.2636746444640563,NA,1.2634932080325365,NA,1.0096114935791205,NA,1.0093200333401624,NA
9875984,17,b u z e ʒ,5,-20.09685568317635,NA,-17.84329781622566,NA,-17.964161616964663,NA,1.276667630723205,NA,1.2764627987655124,NA,1.0139315296225708,NA,1.0134023197983453,NA
9875984,37,n ɯ m ø h,5,-18.510789566710663,NA,-25.526286904340548,NA,-25.20620087924542,NA,1.139300164226838,NA,1.1393380184036568,NA,1.0014200635832908,NA,1.0015627469235224,NA
9875984,63,l y g a v,5,-19.4935962146241,NA,-Inf,NA,-27.80790591371226,NA,1.2871157130376376,NA,1.2868816916145254,NA,1.008373111461021,NA,1.0080891173681017,NA
9875984,59,l e m i m,5,-16.284865608541942,NA,-21.681059717316177,NA,-21.31860352956532,NA,1.380102008877493,NA,1.3797039565377944,NA,1.023384257708429,NA,1.022273629864209,NA
9875984,39,l i l i v,5,-19.457588243664848,NA,-29.20991366924059,NA,-28.687492054822933,NA,1.2303966335406769,NA,1.2302676592286446,NA,1.003298594196525,NA,1.0033275292550925,NA
9875984,76,b e v u z,5,-18.05359379807402,NA,-15.116452617134565,NA,-15.154527759561976,NA,1.3293865865827923,NA,1.3290904472457938,NA,1.027526083033521,NA,1.0262694472757412,NA
9875984,31,b o ʒ a ʒ,5,-22.204003844457393,NA,-19.321037408784147,NA,-19.52975317079178,NA,1.3229086648122703,NA,1.3226166484342836,NA,1.008762800579713,NA,1.0085081234147557,NA
9875984,60,k o ɾ a n,5,-14.411209921897514,NA,-12.294347060400495,NA,-12.318134780608212,NA,1.5780166675354677,NA,1.5772563021989838,NA,1.0788840359427352,NA,1.0746155597877969,NA
9875984,12,f u ʒ a ʒ,5,-22.57009892571624,NA,-23.084878726681055,NA,-23.104809642140214,NA,1.283281237699766,NA,1.283057751040734,NA,1.0022636671308394,NA,1.002350487946775,NA
9875984,47,z o ɟ i t,5,-20.9589136182378,NA,-22.968824668964604,NA,-22.49812583794652,NA,1.2408518651515077,NA,1.2406922707790116,NA,1.0084540930642174,NA,1.0081503933184568,NA
9875984,39,ɫ a n y j,5,-15.527981142957266,NA,-20.048631415631327,NA,-20.029886559218973,NA,1.394546693721347,NA,1.394138324722925,NA,1.0266470238072245,NA,1.0254534974166822,NA
9875984,6,v ø ʒ ɯ h,5,-23.024241178401727,NA,-Inf,NA,-30.45570700382361,NA,1.1036756719502918,NA,1.1037711769871554,NA,1.0001956309096838,NA,1.000401295176374,NA
9875984,7,b i j u ʒ,5,-19.982779180288727,NA,-18.35629998851609,NA,-18.296720384198927,NA,1.2375249433170086,NA,1.237393515128245,NA,1.019368047964322,NA,1.0185609454976876,NA
9875984,60,b e ɟ e ʒ,5,-22.756632689956056,NA,-Inf,NA,-24.058032387919113,NA,1.345476034124718,NA,1.3451525821532777,NA,1.0127182103550003,NA,1.0122651834486156,NA
9875984,35,n e n u v,5,-16.389638161368726,NA,-20.325068448436717,NA,-20.31731129385749,NA,1.3208179980421255,NA,1.320538269610069,NA,1.0235487936312362,NA,1.0225154110321275,NA
9875984,30,l y v ø h,5,-22.081365336981623,NA,-Inf,NA,-30.783197051114545,NA,1.123537673674444,NA,1.123602990586653,NA,1.0013626948653658,NA,1.0015085655369462,NA
9875984,41,ɟ y ɟ ø c,5,-30.88964249128854,NA,-Inf,NA,-34.02337567467023,NA,1.0749047338124378,NA,1.0750589613046984,NA,1.0000545077946146,NA,1.0002695361099974,NA
9875984,20,n ɯ ʒ a v,5,-19.02502844047022,NA,-Inf,NA,-25.556872791643976,NA,1.278077157040375,NA,1.277858856769651,NA,1.005851378448144,NA,1.0057071346124649,NA
9875984,35,b u ɟ y ʒ,5,-25.21776219641355,NA,-24.02607612181347,NA,-23.4120433072708,NA,1.1548681109073993,NA,1.1548819472629457,NA,1.0073371474025232,NA,1.007168032552784,NA
9875984,25,j o b u ʒ,5,-21.05836231257191,NA,-20.278068086553,NA,-20.20804314631168,NA,1.1710790683578258,NA,1.171062773355354,NA,1.0066664843883977,NA,1.006528208768726,NA
9875984,14,d ɯ ʒ a ʒ,5,-21.716795206882775,NA,-Inf,NA,-23.190543246412652,NA,1.298705256665564,NA,1.2984551045728236,NA,1.0026417382010682,NA,1.002708745557405,NA
9875984,57,n ɯ c i c,5,-22.207490302969337,NA,-Inf,NA,-31.27784518309206,NA,1.190125320458985,NA,1.1900702225959,NA,1.000651008188583,NA,1.0008314338114397,NA
9875984,36,g a d͡ʒ ɯ ʃ,5,-18.1433036565909,NA,-15.499386284508248,NA,-15.553373615329928,NA,1.387167586098868,NA,1.3867697858340529,NA,1.015460105386242,NA,1.014803618740054,NA
9875984,55,n u t i v,5,-16.447775065614174,NA,-21.189892153387195,NA,-21.184203947153694,NA,1.2797613550678195,NA,1.27954636548282,NA,1.0249284051823029,NA,1.0237745264935774,NA
9875984,31,z a ʒ o h,5,-20.01616939621291,NA,-23.3231454652614,NA,-23.200842055018715,NA,1.3161703693104103,NA,1.3159010409835006,NA,1.0043869150779896,NA,1.0043743138247614,NA
9875984,22,ɫ o c e c,5,-22.400319377835324,NA,-Inf,NA,-30.01158029879595,NA,1.185129721117138,NA,1.185083880443854,NA,1.0027646697523702,NA,1.0028307383165231,NA
9875984,75,b a ɟ ø z,5,-22.46994439760235,NA,-Inf,NA,-18.968121900756447,NA,1.3525891302094293,NA,1.3522568267997628,NA,1.0208335147527232,NA,1.0199546011622187,NA
9875984,26,ɟ i ʒ ɯ ʒ,5,-26.41709941367645,NA,-Inf,NA,-33.307818772675844,NA,1.1410997399260654,NA,1.1411346658902664,NA,1.0003270467676877,NA,1.0005276672406118,NA
9875984,40,k o ɫ ɯ ɾ,5,-15.746838565630412,NA,-13.10667453460241,NA,-13.133460503117467,NA,1.3892399649311546,NA,1.3888182062736574,NA,1.0364363220655193,NA,1.0346301929585895,NA
9875984,32,n u c ø c,5,-24.807625490627537,NA,-Inf,NA,-31.30367927011791,NA,1.090233002361394,NA,1.0903607082649016,NA,1.000704421139502,NA,1.0008852996567954,NA
9875984,28,g ɯ d͡ʒ u z,5,-19.58384312679565,NA,-16.64152559173808,NA,-16.684403427045364,NA,1.1622032293487097,NA,1.1621965111059591,NA,1.0059499347177645,NA,1.0058336162439705,NA
9875984,61,ɟ ø c e c,5,-28.397206327308695,NA,-Inf,NA,-33.97421042400016,NA,1.1292419818961106,NA,1.1292928245120586,NA,1.000652103032279,NA,1.0008291941922065,NA
9875984,6,n u ʒ ɯ ʒ,5,-22.62968325066944,NA,-Inf,NA,-29.197550883061453,NA,1.14000794273881,NA,1.140044772486502,NA,1.0008134367287314,NA,1.0009885521090411,NA
9875984,15,n ɯ ʒ ɯ v,5,-20.37155439509228,NA,-Inf,NA,-29.078542120513493,NA,1.1398926451023728,NA,1.1399258609218608,NA,1.0003901669756716,NA,1.0005869200881068,NA
9875984,69,m y z a ʒ,5,-19.26885615927756,NA,-16.145731724613096,NA,-16.288993267502523,NA,1.397336491187185,NA,1.3969153080698635,NA,1.0416189337331847,NA,1.0396162450988709,NA
9875984,24,ɟ i ɟ ø c,5,-29.71307202815976,NA,-Inf,NA,-34.785338500309926,NA,1.0897985812994395,NA,1.0899270408894737,NA,1.0001090155892292,NA,1.0003211623361203,NA
9875984,33,d͡ʒ o c ø c,5,-26.257085578225187,NA,-Inf,NA,-31.597534878858212,NA,1.087742629560516,NA,1.0878746424072625,NA,1.0005961022486871,NA,1.000782672398996,NA
9875984,47,t͡ʃ ø ɟ y z,5,-24.87512157612903,NA,-22.11753265394216,NA,-21.28303150118376,NA,1.0902953872221697,NA,1.090415010076083,NA,1.0022148482989617,NA,1.00231031519471,NA
9875984,14,t͡ʃ ø j u ʒ,5,-22.924149578450105,NA,-20.79768766887971,NA,-20.742784223544646,NA,1.135233466329589,NA,1.13527898588403,NA,1.004608462527747,NA,1.0045783180618666,NA
9875984,32,d͡ʒ o ʒ u ʒ,5,-24.29401030874191,NA,-24.243601785484508,NA,-24.17251025107207,NA,1.127716441668515,NA,1.127775417851205,NA,1.0007051178379167,NA,1.0008859248512416,NA
9875984,33,v ø l i v,5,-21.2450194600926,NA,-Inf,NA,-31.53443408186967,NA,1.1757448274064406,NA,1.1757104148958002,NA,1.0014998369742418,NA,1.0016238637930377,NA
9875984,91,k o n ø ɾ,5,-17.468982673500772,NA,-15.665847293331234,NA,-15.67041392566706,NA,1.3263918658517442,NA,1.3260835017678103,NA,1.0230245152622903,NA,1.0220198569868446,NA
9875984,61,t i m y ɾ,5,-15.294846811552397,NA,-13.660054019068708,NA,-13.685647803861627,NA,1.3091233520227514,NA,1.3088432638048708,NA,1.0122665021223751,NA,1.011794088919323,NA
9875984,27,g a ɟ e ʒ,5,-22.959255290632175,NA,-Inf,NA,-23.771850826744977,NA,1.408639434555404,NA,1.4082066800608468,NA,1.0072505448133169,NA,1.0070846951102934,NA
9875984,3,l y g ɯ ʒ,5,-22.883384054348497,NA,-Inf,NA,-31.210086947359827,NA,1.1381062907638022,NA,1.1381463270545598,NA,1.0003964076179663,NA,1.000592585698109,NA
9875984,67,t i k a n,5,-13.448013540026771,NA,-12.360180704819967,NA,-12.378790372777791,NA,1.4875821102169142,NA,1.486979033124867,NA,1.045676820009706,NA,1.0431959745683663,NA
9875984,91,t i t e n,5,-13.939688353962891,NA,-13.031948462442172,NA,-13.050716201785225,NA,1.4094012502297124,NA,1.4089409685681276,NA,1.034895013822322,NA,1.0331065768439232,NA
9875984,53,ɟ ø ɟ i n,5,-26.154797849000957,NA,-Inf,NA,-25.981965253358386,NA,1.207646283033087,NA,1.2075351451808032,NA,1.0123140448014616,NA,1.0117616811066352,NA
9875984,36,m y k o ʒ,5,-19.93043596815668,NA,-16.300780365266558,NA,-16.417412400213216,NA,1.2520745572399474,NA,1.2519196738829383,NA,1.0326605479495878,NA,1.031153503453037,NA
9875984,65,m e t ø ɾ,5,-16.305709239281132,NA,-14.332928742029557,NA,-14.370439435773992,NA,1.415624745175706,NA,1.415162037061878,NA,1.0262030905848891,NA,1.0250322748512253,NA
9875984,45,f u m o ʒ,5,-21.086399553296257,NA,-19.904477032559072,NA,-20.00660012235896,NA,1.162493303534497,NA,1.16249350220586,NA,1.0069418990854422,NA,1.006788724097161,NA
9875984,19,ɟ y ʒ u ʒ,5,-27.80853684728006,NA,-29.28500826667853,NA,-28.708564247230676,NA,1.1164047641696466,NA,1.1164832975278336,NA,1.0001090155892292,NA,1.0003211623361203,NA
9875984,41,g ɯ d͡ʒ i l,5,-19.64465247954083,NA,-16.929800719720177,NA,-16.98778054263725,NA,1.223765991720176,NA,1.2236495458961485,NA,1.0081634508787554,NA,1.007928985502199,NA
9875984,61,k a n i n,5,-13.587711962107177,NA,-12.244157249014869,NA,-12.2628318923973,NA,1.6359797029730567,NA,1.6351267738613084,NA,1.0856556606918544,NA,1.0812238961757654,NA
9875984,38,b u j u ʒ,5,-20.87166757096573,NA,-19.733680700888875,NA,-19.668499765417735,NA,1.2165652379443916,NA,1.21647007222167,NA,1.0105687883162064,NA,1.0102253180186327,NA
9875984,22,g ɯ ʃ e ʒ,5,-20.680133976363813,NA,-18.215759687198577,NA,-18.34658379874023,NA,1.2236976698046218,NA,1.2235845791944204,NA,1.0074075246463592,NA,1.007225242015273,NA
9875984,40,t͡ʃ ø j u z,5,-20.529026950681207,NA,-17.342610045374,NA,-17.381051887526098,NA,1.151992514259162,NA,1.1520031350348077,NA,1.0064343510181284,NA,1.0062899141251958,NA
9875984,62,k a k u ɾ,5,-14.067811152368842,NA,-12.708404717891712,NA,-12.729721104711002,NA,1.5578537830579977,NA,1.5571414460631403,NA,1.0749244666982,NA,1.071116634968564,NA
9875984,67,c ø j a ʒ,5,-23.630776844730175,NA,-Inf,NA,-22.239940954309937,NA,1.2565841996509106,NA,1.2564064248544844,NA,1.012129479451536,NA,1.0116719887342391,NA
9875984,70,n i l i s,5,-16.529383592794712,NA,-21.972909806953865,NA,-21.72458759793683,NA,1.262837912142731,NA,1.2626465045153608,NA,1.0115151948241032,NA,1.0110619225343378,NA
9875984,41,l i v ø h,5,-20.904794873852836,NA,-Inf,NA,-30.017786917374448,NA,1.1384315211614455,NA,1.138471070171428,NA,1.0021258039899703,NA,1.0022313327026664,NA
9875984,39,f u c ø c,5,-26.0945671202964,NA,-Inf,NA,-30.40486528288016,NA,1.0953217853843475,NA,1.0954406909713434,NA,1.0008668994757235,NA,1.001039240543495,NA
9875984,21,g ɯ k o ʒ,5,-20.74619112225676,NA,-16.915237145151256,NA,-17.041707617482654,NA,1.1737865511481944,NA,1.1737670683301502,NA,1.0095969845870632,NA,1.0093013998750595,NA
9875984,55,n y n u s,5,-16.715340873276865,NA,-20.662916646783795,NA,-20.659392548169652,NA,1.2376893062998182,NA,1.237547081745812,NA,1.0108372213398642,NA,1.0104573725021138,NA
9875984,33,p o c y z,5,-22.132396809934985,NA,-Inf,NA,-22.792875288841223,NA,1.1404551220852177,NA,1.1404879493119304,NA,1.0044867211475823,NA,1.0044629596393846,NA
9875984,65,n u t a s,5,-14.726567453647792,NA,-18.016363167590757,NA,-18.02466558703151,NA,1.375248465052452,NA,1.3748549722517678,NA,1.0268849669602398,NA,1.0255614198293237,NA
9875984,36,n i n u v,5,-16.587473487694577,NA,-20.74289718035614,NA,-20.73475916364208,NA,1.2346503203991448,NA,1.234519670994152,NA,1.015385861708921,NA,1.0147833558081725,NA
9875984,32,g u ʒ i ʒ,5,-23.367105446041258,NA,-22.71019322061325,NA,-22.662694231245467,NA,1.214496991418963,NA,1.2143994984214512,NA,1.0018219484717603,NA,1.001942235984122,NA
9875984,62,b e v a ʒ,5,-18.887323500746025,NA,-15.872593466040806,NA,-16.021901122917775,NA,1.460613178860639,NA,1.460082582720464,NA,1.0349086258500086,NA,1.033249828288036,NA
9875984,60,ɫ a m i v,5,-15.108322670255824,NA,-19.84096460834095,NA,-19.840167964977656,NA,1.45267848057084,NA,1.452164539040134,NA,1.022668785041178,NA,1.0216640887099704,NA
9875984,41,g o ɟ i ʒ,5,-24.90517828366109,NA,-25.463316038560684,NA,-25.0238451006757,NA,1.213844639629624,NA,1.21374827950693,NA,1.001203603704403,NA,1.001357562313273,NA
9875984,35,l e g o h,5,-19.527053505632765,NA,-27.75113638166346,NA,-27.308708531329852,NA,1.2198662238523628,NA,1.2197634326360676,NA,1.0014568108084176,NA,1.0015956377134012,NA
9875984,34,ɟ y ʒ i l,5,-25.474223572256346,NA,-26.086164584076812,NA,-25.658577276474528,NA,1.194726574470686,NA,1.1946604814688004,NA,1.001869088084923,NA,1.001974463736933,NA
9875984,48,ɟ ø c ø c,5,-30.98030987081792,NA,-Inf,NA,-35.04234390027842,NA,1.025304435597176,NA,1.0255444598001535,NA,1,1,1.0002179098838746,1
9877015,32,d͡ʒ o ʒ u ʒ,5,-24.29401030874191,NA,-24.243601785484508,NA,-24.17251025107207,NA,1.127716441668515,NA,1.127775417851205,NA,1.0007051178379167,NA,1.0008859248512416,NA
9877015,74,n u t a s,5,-14.726567453647792,NA,-18.016363167590757,NA,-18.02466558703151,NA,1.375248465052452,NA,1.3748549722517678,NA,1.0268849669602398,NA,1.0255614198293237,NA
9877015,27,n i n u v,5,-16.587473487694577,NA,-20.74289718035614,NA,-20.73475916364208,NA,1.2346503203991448,NA,1.234519670994152,NA,1.015385861708921,NA,1.0147833558081725,NA
9877015,78,ɫ a n y j,5,-15.527981142957266,NA,-20.048631415631327,NA,-20.029886559218973,NA,1.394546693721347,NA,1.394138324722925,NA,1.0266470238072245,NA,1.0254534974166822,NA
9877015,17,g a ɟ e ʒ,5,-22.959255290632175,NA,-Inf,NA,-23.771850826744977,NA,1.408639434555404,NA,1.4082066800608468,NA,1.0072505448133169,NA,1.0070846951102934,NA
9877015,39,l e m i m,5,-16.284865608541942,NA,-21.681059717316177,NA,-21.31860352956532,NA,1.380102008877493,NA,1.3797039565377944,NA,1.023384257708429,NA,1.022273629864209,NA
9877015,26,l y g ɯ ʒ,5,-22.883384054348497,NA,-Inf,NA,-31.210086947359827,NA,1.1381062907638022,NA,1.1381463270545598,NA,1.0003964076179663,NA,1.000592585698109,NA
9877015,53,b e ɟ e ʒ,5,-22.756632689956056,NA,-Inf,NA,-24.058032387919113,NA,1.345476034124718,NA,1.3451525821532777,NA,1.0127182103550003,NA,1.0122651834486156,NA
9877015,18,g ɯ d͡ʒ i l,5,-19.64465247954083,NA,-16.929800719720177,NA,-16.98778054263725,NA,1.223765991720176,NA,1.2236495458961485,NA,1.0081634508787554,NA,1.007928985502199,NA
9877015,35,l e ʒ ɯ ʒ,5,-23.42246110699022,NA,-Inf,NA,-31.37937590764058,NA,1.2326268805400291,NA,1.2325034590587125,NA,1.000599585740761,NA,1.000785798371226,NA
9877015,33,ɟ i ɟ ø c,5,-29.71307202815976,NA,-Inf,NA,-34.785338500309926,NA,1.0897985812994395,NA,1.0899270408894737,NA,1.0001090155892292,NA,1.0003211623361203,NA
9877015,46,b u ʒ u ʒ,5,-23.578702027948104,NA,-22.55607533141792,NA,-22.360285906391308,NA,1.1751938218318876,NA,1.175170692528559,NA,1.0072042512867905,NA,1.0070435603192218,NA
9877015,77,p o c y z,5,-22.132396809934985,NA,-Inf,NA,-22.792875288841223,NA,1.1404551220852177,NA,1.1404879493119304,NA,1.0044867211475823,NA,1.0044629596393846,NA
9877015,30,f u m o ʒ,5,-21.086399553296257,NA,-19.904477032559072,NA,-20.00660012235896,NA,1.162493303534497,NA,1.16249350220586,NA,1.0069418990854422,NA,1.006788724097161,NA
9877015,77,l y v ø h,5,-22.081365336981623,NA,-Inf,NA,-30.783197051114545,NA,1.123537673674444,NA,1.123602990586653,NA,1.0013626948653658,NA,1.0015085655369462,NA
9877015,20,l e l i c,5,-21.536362523929785,NA,-31.435382275761945,NA,-30.66420479306158,NA,1.3050220875123175,NA,1.3047680695189283,NA,1.0033784880145589,NA,1.0034146207009211,NA
9877015,29,l i l i v,5,-19.457588243664848,NA,-29.20991366924059,NA,-28.687492054822933,NA,1.2303966335406769,NA,1.2302676592286446,NA,1.003298594196525,NA,1.0033275292550925,NA
9877015,86,n ø m o s,5,-18.203872787484933,NA,-22.19842578179625,NA,-22.165436338076113,NA,1.1411016056561956,NA,1.141128679586091,NA,1.0035204518715182,NA,1.0035409822204415,NA
9877015,79,k o n ø ɾ,5,-17.468982673500772,NA,-15.665847293331234,NA,-15.67041392566706,NA,1.3263918658517442,NA,1.3260835017678103,NA,1.0230245152622903,NA,1.0220198569868446,NA
9877015,51,t͡ʃ ø j u z,5,-20.529026950681207,NA,-17.342610045374,NA,-17.381051887526098,NA,1.151992514259162,NA,1.1520031350348077,NA,1.0064343510181284,NA,1.0062899141251958,NA
9877015,74,n u ʒ ɯ ʒ,5,-22.62968325066944,NA,-Inf,NA,-29.197550883061453,NA,1.14000794273881,NA,1.140044772486502,NA,1.0008134367287314,NA,1.0009885521090411,NA
9877015,47,t͡ʃ ø ɟ y z,5,-24.87512157612903,NA,-22.11753265394216,NA,-21.28303150118376,NA,1.0902953872221697,NA,1.090415010076083,NA,1.0022148482989617,NA,1.00231031519471,NA
9877015,29,ɟ ø c e c,5,-28.397206327308695,NA,-Inf,NA,-33.97421042400016,NA,1.1292419818961106,NA,1.1292928245120586,NA,1.000652103032279,NA,1.0008291941922065,NA
9877015,70,n ɯ ʒ ɯ v,5,-20.37155439509228,NA,-Inf,NA,-29.078542120513493,NA,1.1398926451023728,NA,1.1399258609218608,NA,1.0003901669756716,NA,1.0005869200881068,NA
9877015,63,v ø ʒ ɯ h,5,-23.024241178401727,NA,-Inf,NA,-30.45570700382361,NA,1.1036756719502918,NA,1.1037711769871554,NA,1.0001956309096838,NA,1.000401295176374,NA
9877015,77,n ɯ m ø h,5,-18.510789566710663,NA,-25.526286904340548,NA,-25.20620087924542,NA,1.139300164226838,NA,1.1393380184036568,NA,1.0014200635832908,NA,1.0015627469235224,NA
9877015,20,n u t i v,5,-16.447775065614174,NA,-21.189892153387195,NA,-21.184203947153694,NA,1.2797613550678195,NA,1.27954636548282,NA,1.0249284051823029,NA,1.0237745264935774,NA
9877015,34,l y g a v,5,-19.4935962146241,NA,-Inf,NA,-27.80790591371226,NA,1.2871157130376376,NA,1.2868816916145254,NA,1.008373111461021,NA,1.0080891173681017,NA
9877015,80,b u ɟ y ʒ,5,-25.21776219641355,NA,-24.02607612181347,NA,-23.4120433072708,NA,1.1548681109073993,NA,1.1548819472629457,NA,1.0073371474025232,NA,1.007168032552784,NA
9877015,63,ɟ y ʒ u ʒ,5,-27.80853684728006,NA,-29.28500826667853,NA,-28.708564247230676,NA,1.1164047641696466,NA,1.1164832975278336,NA,1.0001090155892292,NA,1.0003211623361203,NA
9877015,26,m y z a ʒ,5,-19.26885615927756,NA,-16.145731724613096,NA,-16.288993267502523,NA,1.397336491187185,NA,1.3969153080698635,NA,1.0416189337331847,NA,1.0396162450988709,NA
9877015,37,d͡ʒ o c ø c,5,-26.257085578225187,NA,-Inf,NA,-31.597534878858212,NA,1.087742629560516,NA,1.0878746424072625,NA,1.0005961022486871,NA,1.000782672398996,NA
9877015,68,ɟ y ɟ e c,5,-28.306538947779316,NA,-Inf,NA,-32.95524219839198,NA,1.1788422801113725,NA,1.1788073260166032,NA,1.0007066108268936,NA,1.0008808204183293,NA
9877015,60,g ɯ k o ʒ,5,-20.74619112225676,NA,-16.915237145151256,NA,-17.041707617482654,NA,1.1737865511481944,NA,1.1737670683301502,NA,1.0095969845870632,NA,1.0093013998750595,NA
9877015,87,m e t ø ɾ,5,-16.305709239281132,NA,-14.332928742029557,NA,-14.370439435773992,NA,1.415624745175706,NA,1.415162037061878,NA,1.0262030905848891,NA,1.0250322748512253,NA
9877015,62,f u ʒ a ʒ,5,-22.57009892571624,NA,-23.084878726681055,NA,-23.104809642140214,NA,1.283281237699766,NA,1.283057751040734,NA,1.0022636671308394,NA,1.002350487946775,NA
9877015,27,ɫ a ɾ u j,5,-14.988213898012642,NA,-18.225237785879074,NA,-18.23265340120377,NA,1.4806633127456936,NA,1.48010342214873,NA,1.0515741074637193,NA,1.0490474569155095,NA
9877015,31,ɟ i ʒ ɯ ʒ,5,-26.41709941367645,NA,-Inf,NA,-33.307818772675844,NA,1.1410997399260654,NA,1.1411346658902664,NA,1.0003270467676877,NA,1.0005276672406118,NA
9877015,35,ɫ o t o s,5,-16.650452551067872,NA,-19.86130929042026,NA,-19.87178226056184,NA,1.1968532583423572,NA,1.1967836503746367,NA,1.0076982350654493,NA,1.0074960391662156,NA
9877015,32,k a t ø ɾ,5,-15.581196584717304,NA,-14.400670214601377,NA,-14.436010397238292,NA,1.5237210169792808,NA,1.5230713014199444,NA,1.059134654867906,NA,1.0562306009407805,NA
9877015,38,ɟ ø ɟ i n,5,-26.154797849000957,NA,-Inf,NA,-25.981965253358386,NA,1.207646283033087,NA,1.2075351451808032,NA,1.0123140448014616,NA,1.0117616811066352,NA
9877015,35,k a n i n,5,-13.587711962107177,NA,-12.244157249014869,NA,-12.2628318923973,NA,1.6359797029730567,NA,1.6351267738613084,NA,1.0856556606918544,NA,1.0812238961757654,NA
9877015,70,n ɯ ʒ a v,5,-19.02502844047022,NA,-Inf,NA,-25.556872791643976,NA,1.278077157040375,NA,1.277858856769651,NA,1.005851378448144,NA,1.0057071346124649,NA
9877015,74,ɫ o c e c,5,-22.400319377835324,NA,-Inf,NA,-30.01158029879595,NA,1.185129721117138,NA,1.185083880443854,NA,1.0027646697523702,NA,1.0028307383165231,NA
9877015,67,z a ʒ o h,5,-20.01616939621291,NA,-23.3231454652614,NA,-23.200842055018715,NA,1.3161703693104103,NA,1.3159010409835006,NA,1.0043869150779896,NA,1.0043743138247614,NA
9877015,35,ɟ y ʒ i l,5,-25.474223572256346,NA,-26.086164584076812,NA,-25.658577276474528,NA,1.194726574470686,NA,1.1946604814688004,NA,1.001869088084923,NA,1.001974463736933,NA
9877015,38,g o ɟ i ʒ,5,-24.90517828366109,NA,-25.463316038560684,NA,-25.0238451006757,NA,1.213844639629624,NA,1.21374827950693,NA,1.001203603704403,NA,1.001357562313273,NA
9877015,76,t i k a n,5,-13.448013540026771,NA,-12.360180704819967,NA,-12.378790372777791,NA,1.4875821102169142,NA,1.486979033124867,NA,1.045676820009706,NA,1.0431959745683663,NA
9877015,47,ɟ y ɟ ø c,5,-30.88964249128854,NA,-Inf,NA,-34.02337567467023,NA,1.0749047338124378,NA,1.0750589613046984,NA,1.0000545077946146,NA,1.0002695361099974,NA
9877015,72,m y ɾ i ɾ,5,-15.182460061139956,NA,-12.93841945288009,NA,-12.964678761998291,NA,1.495928832346916,NA,1.4953164266216838,NA,1.0626490882923791,NA,1.0594042295798347,NA
9877015,71,b o ʒ a ʒ,5,-22.204003844457393,NA,-19.321037408784147,NA,-19.52975317079178,NA,1.3229086648122703,NA,1.3226166484342836,NA,1.008762800579713,NA,1.0085081234147557,NA
9877015,40,j o b u ʒ,5,-21.05836231257191,NA,-20.278068086553,NA,-20.20804314631168,NA,1.1710790683578258,NA,1.171062773355354,NA,1.0066664843883977,NA,1.006528208768726,NA
9877015,40,v ɯ ʒ u v,5,-21.86808593813512,NA,-Inf,NA,-26.703531252513827,NA,1.126951629435814,NA,1.1270081147295898,NA,1.000727269349632,NA,1.000902377044206,NA
9877015,41,t͡ʃ ø v a n,5,-18.701602767562907,NA,-15.100178717825774,NA,-15.129210912490072,NA,1.3444722505099906,NA,1.3441170867989016,NA,1.0395669313903486,NA,1.0374122129692265,NA
9877015,60,n u c ø c,5,-24.807625490627537,NA,-Inf,NA,-31.30367927011791,NA,1.090233002361394,NA,1.0903607082649016,NA,1.000704421139502,NA,1.0008852996567954,NA
9877015,75,k a k u ɾ,5,-14.067811152368842,NA,-12.708404717891712,NA,-12.729721104711002,NA,1.5578537830579977,NA,1.5571414460631403,NA,1.0749244666982,NA,1.071116634968564,NA
9877015,42,n i l i s,5,-16.529383592794712,NA,-21.972909806953865,NA,-21.72458759793683,NA,1.262837912142731,NA,1.2626465045153608,NA,1.0115151948241032,NA,1.0110619225343378,NA
9877015,77,k o ɾ a n,5,-14.411209921897514,NA,-12.294347060400495,NA,-12.318134780608212,NA,1.5780166675354677,NA,1.5772563021989838,NA,1.0788840359427352,NA,1.0746155597877969,NA
9877015,30,g u ʒ i ʒ,5,-23.367105446041258,NA,-22.71019322061325,NA,-22.662694231245467,NA,1.214496991418963,NA,1.2143994984214512,NA,1.0018219484717603,NA,1.001942235984122,NA
9877015,78,l i v ø h,5,-20.904794873852836,NA,-Inf,NA,-30.017786917374448,NA,1.1384315211614455,NA,1.138471070171428,NA,1.0021258039899703,NA,1.0022313327026664,NA
9877015,68,v ø l i v,5,-21.2450194600926,NA,-Inf,NA,-31.53443408186967,NA,1.1757448274064406,NA,1.1757104148958002,NA,1.0014998369742418,NA,1.0016238637930377,NA
9877015,30,ɫ a g a v,5,-15.754122332862629,NA,-20.553058174302627,NA,-20.559783658839276,NA,1.4882072475199175,NA,1.487625321159881,NA,1.011899048999812,NA,1.011429504802159,NA
9877015,96,m a k a n,5,-13.008346846234591,NA,-11.28043634275908,NA,-11.300021336865491,NA,1.6891002822706591,NA,1.6881485735739905,NA,1.0828270821289048,NA,1.078388901097211,NA
9877015,48,f u c ø c,5,-26.0945671202964,NA,-Inf,NA,-30.40486528288016,NA,1.0953217853843475,NA,1.0954406909713434,NA,1.0008668994757235,NA,1.001039240543495,NA
9877015,44,b i j o ʒ,5,-20.1694739218949,NA,-16.17150934468403,NA,-16.29228988361789,NA,1.2161562043575238,NA,1.2160636704095142,NA,1.0185949627078428,NA,1.0178290236238705,NA
9877015,59,t i m y ɾ,5,-15.294846811552397,NA,-13.660054019068708,NA,-13.685647803861627,NA,1.3091233520227514,NA,1.3088432638048708,NA,1.0122665021223751,NA,1.011794088919323,NA
9877015,47,g ɯ ʃ e ʒ,5,-20.680133976363813,NA,-18.215759687198577,NA,-18.34658379874023,NA,1.2236976698046218,NA,1.2235845791944204,NA,1.0074075246463592,NA,1.007225242015273,NA
9877015,64,n e p y j,5,-16.98879234295367,NA,-21.717938967258256,NA,-21.69222912574372,NA,1.2636746444640563,NA,1.2634932080325365,NA,1.0096114935791205,NA,1.0093200333401624,NA
9877015,36,b e v u z,5,-18.05359379807402,NA,-15.116452617134565,NA,-15.154527759561976,NA,1.3293865865827923,NA,1.3290904472457938,NA,1.027526083033521,NA,1.0262694472757412,NA
9877015,36,b u j u ʒ,5,-20.87166757096573,NA,-19.733680700888875,NA,-19.668499765417735,NA,1.2165652379443916,NA,1.21647007222167,NA,1.0105687883162064,NA,1.0102253180186327,NA
9877015,66,n e n u v,5,-16.389638161368726,NA,-20.325068448436717,NA,-20.31731129385749,NA,1.3208179980421255,NA,1.320538269610069,NA,1.0235487936312362,NA,1.0225154110321275,NA
9877015,39,g ɯ d͡ʒ u z,5,-19.58384312679565,NA,-16.64152559173808,NA,-16.684403427045364,NA,1.1622032293487097,NA,1.1621965111059591,NA,1.0059499347177645,NA,1.0058336162439705,NA
9877015,66,n ɯ t y j,5,-16.745705986388092,NA,-22.3564259100322,NA,-22.34000437551107,NA,1.1865969150263898,NA,1.1865483757315416,NA,1.0045937259415338,NA,1.0045620755887812,NA
9877015,36,b i j u ʒ,5,-19.982779180288727,NA,-18.35629998851609,NA,-18.296720384198927,NA,1.2375249433170086,NA,1.237393515128245,NA,1.019368047964322,NA,1.0185609454976876,NA
9877015,37,l e g o h,5,-19.527053505632765,NA,-27.75113638166346,NA,-27.308708531329852,NA,1.2198662238523628,NA,1.2197634326360676,NA,1.0014568108084176,NA,1.0015956377134012,NA
9877015,76,m y k o ʒ,5,-19.93043596815668,NA,-16.300780365266558,NA,-16.417412400213216,NA,1.2520745572399474,NA,1.2519196738829383,NA,1.0326605479495878,NA,1.031153503453037,NA
9877015,42,b i ʒ a ʒ,5,-21.12842071217421,NA,-20.462820259132272,NA,-20.59539447720862,NA,1.344139167411924,NA,1.3438104200605814,NA,1.013475717377768,NA,1.0129733469207105,NA
9877015,71,n ɯ c i c,5,-22.207490302969337,NA,-Inf,NA,-31.27784518309206,NA,1.190125320458985,NA,1.1900702225959,NA,1.000651008188583,NA,1.0008314338114397,NA
9877015,35,b a ɟ ø z,5,-22.46994439760235,NA,-Inf,NA,-18.968121900756447,NA,1.3525891302094293,NA,1.3522568267997628,NA,1.0208335147527232,NA,1.0199546011622187,NA
9877015,35,b u z e ʒ,5,-20.09685568317635,NA,-17.84329781622566,NA,-17.964161616964663,NA,1.276667630723205,NA,1.2764627987655124,NA,1.0139315296225708,NA,1.0134023197983453,NA
9877015,60,d ɯ ʒ a ʒ,5,-21.716795206882775,NA,-Inf,NA,-23.190543246412652,NA,1.298705256665564,NA,1.2984551045728236,NA,1.0026417382010682,NA,1.002708745557405,NA
9877015,58,t i t e n,5,-13.939688353962891,NA,-13.031948462442172,NA,-13.050716201785225,NA,1.4094012502297124,NA,1.4089409685681276,NA,1.034895013822322,NA,1.0331065768439232,NA
9877015,70,m y m y ɾ,5,-16.704255115308886,NA,-13.020817250140125,NA,-13.053521821836997,NA,1.3152884044924409,NA,1.3149976658456903,NA,1.0360942196571266,NA,1.0343698974546898,NA
9877015,46,ɫ a m i v,5,-15.108322670255824,NA,-19.84096460834095,NA,-19.840167964977656,NA,1.45267848057084,NA,1.452164539040134,NA,1.022668785041178,NA,1.0216640887099704,NA
9877015,30,c ø d ø l,5,-25.273737592608967,NA,-Inf,NA,-27.063517981829783,NA,1.0636055587079187,NA,1.0637759789037924,NA,1.0001114910985065,NA,1.0003233777080158,NA
9877015,71,n y n u s,5,-16.715340873276865,NA,-20.662916646783795,NA,-20.659392548169652,NA,1.2376893062998182,NA,1.237547081745812,NA,1.0108372213398642,NA,1.0104573725021138,NA
9877015,31,t͡ʃ ø j u ʒ,5,-22.924149578450105,NA,-20.79768766887971,NA,-20.742784223544646,NA,1.135233466329589,NA,1.13527898588403,NA,1.004608462527747,NA,1.0045783180618666,NA
9877015,72,k o ɫ ɯ ɾ,5,-15.746838565630412,NA,-13.10667453460241,NA,-13.133460503117467,NA,1.3892399649311546,NA,1.3888182062736574,NA,1.0364363220655193,NA,1.0346301929585895,NA
9877015,30,b e ʒ a ʒ,5,-20.93058538584836,NA,-19.48837816175328,NA,-19.69732468362156,NA,1.4303068450549048,NA,1.4298290186764984,NA,1.014235691359507,NA,1.013693300711423,NA
9877015,33,g ɯ ʃ ø z,5,-20.868114892104145,NA,-17.68946998702973,NA,-17.66557104382508,NA,1.1365191714352605,NA,1.1365603636332933,NA,1.0043221992368574,NA,1.0043105088894526,NA
9877015,52,c ø j a ʒ,5,-23.630776844730175,NA,-Inf,NA,-22.239940954309937,NA,1.2565841996509106,NA,1.2564064248544844,NA,1.012129479451536,NA,1.0116719887342391,NA
9877015,53,b e v a ʒ,5,-18.887323500746025,NA,-15.872593466040806,NA,-16.021901122917775,NA,1.460613178860639,NA,1.460082582720464,NA,1.0349086258500086,NA,1.033249828288036,NA
9877015,32,g a d͡ʒ ɯ ʃ,5,-18.1433036565909,NA,-15.499386284508248,NA,-15.553373615329928,NA,1.387167586098868,NA,1.3867697858340529,NA,1.015460105386242,NA,1.014803618740054,NA
9877015,36,l e l ø c,5,-23.921630741113155,NA,-Inf,NA,-32.749337306429,NA,1.1941895614424562,NA,1.1941372749111134,NA,1.0030524364984192,NA,1.0031089785467553,NA
9877015,24,ɟ ø c ø c,5,-30.98030987081792,NA,-Inf,NA,-35.04234390027842,NA,1.025304435597176,NA,1.0255444598001535,NA,1,1,1.0002179098838746,1
9877015,50,z o ɟ i t,5,-20.9589136182378,NA,-22.968824668964604,NA,-22.49812583794652,NA,1.2408518651515077,NA,1.2406922707790116,NA,1.0084540930642174,NA,1.0081503933184568,NA
9877910,50,g u ʒ i ʒ,5,-23.367105446041258,NA,-22.71019322061325,NA,-22.662694231245467,NA,1.214496991418963,NA,1.2143994984214512,NA,1.0018219484717603,NA,1.001942235984122,NA
9877910,63,m y m y ɾ,5,-16.704255115308886,NA,-13.020817250140125,NA,-13.053521821836997,NA,1.3152884044924409,NA,1.3149976658456903,NA,1.0360942196571266,NA,1.0343698974546898,NA
9877910,63,t i m y ɾ,5,-15.294846811552397,NA,-13.660054019068708,NA,-13.685647803861627,NA,1.3091233520227514,NA,1.3088432638048708,NA,1.0122665021223751,NA,1.011794088919323,NA
9877910,38,l e m i m,5,-16.284865608541942,NA,-21.681059717316177,NA,-21.31860352956532,NA,1.380102008877493,NA,1.3797039565377944,NA,1.023384257708429,NA,1.022273629864209,NA
9877910,43,ɟ i ʒ ɯ ʒ,5,-26.41709941367645,NA,-Inf,NA,-33.307818772675844,NA,1.1410997399260654,NA,1.1411346658902664,NA,1.0003270467676877,NA,1.0005276672406118,NA
9877910,48,b i j o ʒ,5,-20.1694739218949,NA,-16.17150934468403,NA,-16.29228988361789,NA,1.2161562043575238,NA,1.2160636704095142,NA,1.0185949627078428,NA,1.0178290236238705,NA
9877910,75,t i k a n,5,-13.448013540026771,NA,-12.360180704819967,NA,-12.378790372777791,NA,1.4875821102169142,NA,1.486979033124867,NA,1.045676820009706,NA,1.0431959745683663,NA
9877910,29,ɫ o c e c,5,-22.400319377835324,NA,-Inf,NA,-30.01158029879595,NA,1.185129721117138,NA,1.185083880443854,NA,1.0027646697523702,NA,1.0028307383165231,NA
9877910,59,n u t a s,5,-14.726567453647792,NA,-18.016363167590757,NA,-18.02466558703151,NA,1.375248465052452,NA,1.3748549722517678,NA,1.0268849669602398,NA,1.0255614198293237,NA
9877910,49,d͡ʒ o ʒ u ʒ,5,-24.29401030874191,NA,-24.243601785484508,NA,-24.17251025107207,NA,1.127716441668515,NA,1.127775417851205,NA,1.0007051178379167,NA,1.0008859248512416,NA
9877910,17,l e l i c,5,-21.536362523929785,NA,-31.435382275761945,NA,-30.66420479306158,NA,1.3050220875123175,NA,1.3047680695189283,NA,1.0033784880145589,NA,1.0034146207009211,NA
9877910,27,ɫ a n y j,5,-15.527981142957266,NA,-20.048631415631327,NA,-20.029886559218973,NA,1.394546693721347,NA,1.394138324722925,NA,1.0266470238072245,NA,1.0254534974166822,NA
9877910,50,k o n ø ɾ,5,-17.468982673500772,NA,-15.665847293331234,NA,-15.67041392566706,NA,1.3263918658517442,NA,1.3260835017678103,NA,1.0230245152622903,NA,1.0220198569868446,NA
9877910,47,z a ʒ o h,5,-20.01616939621291,NA,-23.3231454652614,NA,-23.200842055018715,NA,1.3161703693104103,NA,1.3159010409835006,NA,1.0043869150779896,NA,1.0043743138247614,NA
9877910,70,n ɯ m ø h,5,-18.510789566710663,NA,-25.526286904340548,NA,-25.20620087924542,NA,1.139300164226838,NA,1.1393380184036568,NA,1.0014200635832908,NA,1.0015627469235224,NA
9877910,26,b e ɟ e ʒ,5,-22.756632689956056,NA,-Inf,NA,-24.058032387919113,NA,1.345476034124718,NA,1.3451525821532777,NA,1.0127182103550003,NA,1.0122651834486156,NA
9877910,68,n e p y j,5,-16.98879234295367,NA,-21.717938967258256,NA,-21.69222912574372,NA,1.2636746444640563,NA,1.2634932080325365,NA,1.0096114935791205,NA,1.0093200333401624,NA
9877910,40,g ɯ ʃ e ʒ,5,-20.680133976363813,NA,-18.215759687198577,NA,-18.34658379874023,NA,1.2236976698046218,NA,1.2235845791944204,NA,1.0074075246463592,NA,1.007225242015273,NA
9877910,21,v ø l i v,5,-21.2450194600926,NA,-Inf,NA,-31.53443408186967,NA,1.1757448274064406,NA,1.1757104148958002,NA,1.0014998369742418,NA,1.0016238637930377,NA
9877910,23,l y v ø h,5,-22.081365336981623,NA,-Inf,NA,-30.783197051114545,NA,1.123537673674444,NA,1.123602990586653,NA,1.0013626948653658,NA,1.0015085655369462,NA
9877910,51,t͡ʃ ø j u ʒ,5,-22.924149578450105,NA,-20.79768766887971,NA,-20.742784223544646,NA,1.135233466329589,NA,1.13527898588403,NA,1.004608462527747,NA,1.0045783180618666,NA
9877910,94,m a k a n,5,-13.008346846234591,NA,-11.28043634275908,NA,-11.300021336865491,NA,1.6891002822706591,NA,1.6881485735739905,NA,1.0828270821289048,NA,1.078388901097211,NA
9877910,30,b u z e ʒ,5,-20.09685568317635,NA,-17.84329781622566,NA,-17.964161616964663,NA,1.276667630723205,NA,1.2764627987655124,NA,1.0139315296225708,NA,1.0134023197983453,NA
9877910,49,m y k o ʒ,5,-19.93043596815668,NA,-16.300780365266558,NA,-16.417412400213216,NA,1.2520745572399474,NA,1.2519196738829383,NA,1.0326605479495878,NA,1.031153503453037,NA
9877910,28,ɟ y ɟ e c,5,-28.306538947779316,NA,-Inf,NA,-32.95524219839198,NA,1.1788422801113725,NA,1.1788073260166032,NA,1.0007066108268936,NA,1.0008808204183293,NA
9877910,48,b a ɟ ø z,5,-22.46994439760235,NA,-Inf,NA,-18.968121900756447,NA,1.3525891302094293,NA,1.3522568267997628,NA,1.0208335147527232,NA,1.0199546011622187,NA
9877910,15,l i l i v,5,-19.457588243664848,NA,-29.20991366924059,NA,-28.687492054822933,NA,1.2303966335406769,NA,1.2302676592286446,NA,1.003298594196525,NA,1.0033275292550925,NA
9877910,61,n i l i s,5,-16.529383592794712,NA,-21.972909806953865,NA,-21.72458759793683,NA,1.262837912142731,NA,1.2626465045153608,NA,1.0115151948241032,NA,1.0110619225343378,NA
9877910,34,n ɯ ʒ a v,5,-19.02502844047022,NA,-Inf,NA,-25.556872791643976,NA,1.278077157040375,NA,1.277858856769651,NA,1.005851378448144,NA,1.0057071346124649,NA
9877910,32,v ø ʒ ɯ h,5,-23.024241178401727,NA,-Inf,NA,-30.45570700382361,NA,1.1036756719502918,NA,1.1037711769871554,NA,1.0001956309096838,NA,1.000401295176374,NA
9877910,49,l e l ø c,5,-23.921630741113155,NA,-Inf,NA,-32.749337306429,NA,1.1941895614424562,NA,1.1941372749111134,NA,1.0030524364984192,NA,1.0031089785467553,NA
9877910,50,l i v ø h,5,-20.904794873852836,NA,-Inf,NA,-30.017786917374448,NA,1.1384315211614455,NA,1.138471070171428,NA,1.0021258039899703,NA,1.0022313327026664,NA
9877910,84,k o ɾ a n,5,-14.411209921897514,NA,-12.294347060400495,NA,-12.318134780608212,NA,1.5780166675354677,NA,1.5772563021989838,NA,1.0788840359427352,NA,1.0746155597877969,NA
9877910,40,b i ʒ a ʒ,5,-21.12842071217421,NA,-20.462820259132272,NA,-20.59539447720862,NA,1.344139167411924,NA,1.3438104200605814,NA,1.013475717377768,NA,1.0129733469207105,NA
9877910,47,ɟ i ɟ ø c,5,-29.71307202815976,NA,-Inf,NA,-34.785338500309926,NA,1.0897985812994395,NA,1.0899270408894737,NA,1.0001090155892292,NA,1.0003211623361203,NA
9877910,33,l e ʒ ɯ ʒ,5,-23.42246110699022,NA,-Inf,NA,-31.37937590764058,NA,1.2326268805400291,NA,1.2325034590587125,NA,1.000599585740761,NA,1.000785798371226,NA
9877910,27,ɫ a g a v,5,-15.754122332862629,NA,-20.553058174302627,NA,-20.559783658839276,NA,1.4882072475199175,NA,1.487625321159881,NA,1.011899048999812,NA,1.011429504802159,NA
9877910,27,l y g ɯ ʒ,5,-22.883384054348497,NA,-Inf,NA,-31.210086947359827,NA,1.1381062907638022,NA,1.1381463270545598,NA,1.0003964076179663,NA,1.000592585698109,NA
9877910,34,ɫ a ɾ u j,5,-14.988213898012642,NA,-18.225237785879074,NA,-18.23265340120377,NA,1.4806633127456936,NA,1.48010342214873,NA,1.0515741074637193,NA,1.0490474569155095,NA
9877910,50,p o c y z,5,-22.132396809934985,NA,-Inf,NA,-22.792875288841223,NA,1.1404551220852177,NA,1.1404879493119304,NA,1.0044867211475823,NA,1.0044629596393846,NA
9877910,47,ɫ a m i v,5,-15.108322670255824,NA,-19.84096460834095,NA,-19.840167964977656,NA,1.45267848057084,NA,1.452164539040134,NA,1.022668785041178,NA,1.0216640887099704,NA
9877910,45,g a d͡ʒ ɯ ʃ,5,-18.1433036565909,NA,-15.499386284508248,NA,-15.553373615329928,NA,1.387167586098868,NA,1.3867697858340529,NA,1.015460105386242,NA,1.014803618740054,NA
9877910,86,m e t ø ɾ,5,-16.305709239281132,NA,-14.332928742029557,NA,-14.370439435773992,NA,1.415624745175706,NA,1.415162037061878,NA,1.0262030905848891,NA,1.0250322748512253,NA
9877910,41,d ɯ ʒ a ʒ,5,-21.716795206882775,NA,-Inf,NA,-23.190543246412652,NA,1.298705256665564,NA,1.2984551045728236,NA,1.0026417382010682,NA,1.002708745557405,NA
9877910,67,k a k u ɾ,5,-14.067811152368842,NA,-12.708404717891712,NA,-12.729721104711002,NA,1.5578537830579977,NA,1.5571414460631403,NA,1.0749244666982,NA,1.071116634968564,NA
9877910,53,c ø d ø l,5,-25.273737592608967,NA,-Inf,NA,-27.063517981829783,NA,1.0636055587079187,NA,1.0637759789037924,NA,1.0001114910985065,NA,1.0003233777080158,NA
9877910,49,g o ɟ i ʒ,5,-24.90517828366109,NA,-25.463316038560684,NA,-25.0238451006757,NA,1.213844639629624,NA,1.21374827950693,NA,1.001203603704403,NA,1.001357562313273,NA
9877910,46,b e v a ʒ,5,-18.887323500746025,NA,-15.872593466040806,NA,-16.021901122917775,NA,1.460613178860639,NA,1.460082582720464,NA,1.0349086258500086,NA,1.033249828288036,NA
9877910,45,k o ɫ ɯ ɾ,5,-15.746838565630412,NA,-13.10667453460241,NA,-13.133460503117467,NA,1.3892399649311546,NA,1.3888182062736574,NA,1.0364363220655193,NA,1.0346301929585895,NA
9877910,47,b i j u ʒ,5,-19.982779180288727,NA,-18.35629998851609,NA,-18.296720384198927,NA,1.2375249433170086,NA,1.237393515128245,NA,1.019368047964322,NA,1.0185609454976876,NA
9877910,63,k a n i n,5,-13.587711962107177,NA,-12.244157249014869,NA,-12.2628318923973,NA,1.6359797029730567,NA,1.6351267738613084,NA,1.0856556606918544,NA,1.0812238961757654,NA
9877910,47,v ɯ ʒ u v,5,-21.86808593813512,NA,-Inf,NA,-26.703531252513827,NA,1.126951629435814,NA,1.1270081147295898,NA,1.000727269349632,NA,1.000902377044206,NA
9877910,50,m y z a ʒ,5,-19.26885615927756,NA,-16.145731724613096,NA,-16.288993267502523,NA,1.397336491187185,NA,1.3969153080698635,NA,1.0416189337331847,NA,1.0396162450988709,NA
9877910,48,b o ʒ a ʒ,5,-22.204003844457393,NA,-19.321037408784147,NA,-19.52975317079178,NA,1.3229086648122703,NA,1.3226166484342836,NA,1.008762800579713,NA,1.0085081234147557,NA
9877910,46,n u t i v,5,-16.447775065614174,NA,-21.189892153387195,NA,-21.184203947153694,NA,1.2797613550678195,NA,1.27954636548282,NA,1.0249284051823029,NA,1.0237745264935774,NA
9877910,46,b u ɟ y ʒ,5,-25.21776219641355,NA,-24.02607612181347,NA,-23.4120433072708,NA,1.1548681109073993,NA,1.1548819472629457,NA,1.0073371474025232,NA,1.007168032552784,NA
9877910,48,n ɯ t y j,5,-16.745705986388092,NA,-22.3564259100322,NA,-22.34000437551107,NA,1.1865969150263898,NA,1.1865483757315416,NA,1.0045937259415338,NA,1.0045620755887812,NA
9877910,49,f u m o ʒ,5,-21.086399553296257,NA,-19.904477032559072,NA,-20.00660012235896,NA,1.162493303534497,NA,1.16249350220586,NA,1.0069418990854422,NA,1.006788724097161,NA
9877910,51,ɟ ø c e c,5,-28.397206327308695,NA,-Inf,NA,-33.97421042400016,NA,1.1292419818961106,NA,1.1292928245120586,NA,1.000652103032279,NA,1.0008291941922065,NA
9877910,49,t͡ʃ ø j u z,5,-20.529026950681207,NA,-17.342610045374,NA,-17.381051887526098,NA,1.151992514259162,NA,1.1520031350348077,NA,1.0064343510181284,NA,1.0062899141251958,NA
9877910,49,j o b u ʒ,5,-21.05836231257191,NA,-20.278068086553,NA,-20.20804314631168,NA,1.1710790683578258,NA,1.171062773355354,NA,1.0066664843883977,NA,1.006528208768726,NA
9877910,49,k a t ø ɾ,5,-15.581196584717304,NA,-14.400670214601377,NA,-14.436010397238292,NA,1.5237210169792808,NA,1.5230713014199444,NA,1.059134654867906,NA,1.0562306009407805,NA
9877910,47,ɟ y ʒ i l,5,-25.474223572256346,NA,-26.086164584076812,NA,-25.658577276474528,NA,1.194726574470686,NA,1.1946604814688004,NA,1.001869088084923,NA,1.001974463736933,NA
9877910,55,n ø m o s,5,-18.203872787484933,NA,-22.19842578179625,NA,-22.165436338076113,NA,1.1411016056561956,NA,1.141128679586091,NA,1.0035204518715182,NA,1.0035409822204415,NA
9877910,46,m y ɾ i ɾ,5,-15.182460061139956,NA,-12.93841945288009,NA,-12.964678761998291,NA,1.495928832346916,NA,1.4953164266216838,NA,1.0626490882923791,NA,1.0594042295798347,NA
9877910,47,b u ʒ u ʒ,5,-23.578702027948104,NA,-22.55607533141792,NA,-22.360285906391308,NA,1.1751938218318876,NA,1.175170692528559,NA,1.0072042512867905,NA,1.0070435603192218,NA
9877910,49,b e v u z,5,-18.05359379807402,NA,-15.116452617134565,NA,-15.154527759561976,NA,1.3293865865827923,NA,1.3290904472457938,NA,1.027526083033521,NA,1.0262694472757412,NA
9877910,46,n ɯ ʒ ɯ v,5,-20.37155439509228,NA,-Inf,NA,-29.078542120513493,NA,1.1398926451023728,NA,1.1399258609218608,NA,1.0003901669756716,NA,1.0005869200881068,NA
9877910,46,ɟ y ʒ u ʒ,5,-27.80853684728006,NA,-29.28500826667853,NA,-28.708564247230676,NA,1.1164047641696466,NA,1.1164832975278336,NA,1.0001090155892292,NA,1.0003211623361203,NA
9877910,50,g ɯ ʃ ø z,5,-20.868114892104145,NA,-17.68946998702973,NA,-17.66557104382508,NA,1.1365191714352605,NA,1.1365603636332933,NA,1.0043221992368574,NA,1.0043105088894526,NA
9877910,51,n ɯ c i c,5,-22.207490302969337,NA,-Inf,NA,-31.27784518309206,NA,1.190125320458985,NA,1.1900702225959,NA,1.000651008188583,NA,1.0008314338114397,NA
9877910,48,ɟ ø ɟ i n,5,-26.154797849000957,NA,-Inf,NA,-25.981965253358386,NA,1.207646283033087,NA,1.2075351451808032,NA,1.0123140448014616,NA,1.0117616811066352,NA
9877910,8,l y g a v,5,-19.4935962146241,NA,-Inf,NA,-27.80790591371226,NA,1.2871157130376376,NA,1.2868816916145254,NA,1.008373111461021,NA,1.0080891173681017,NA
9877910,50,g ɯ d͡ʒ u z,5,-19.58384312679565,NA,-16.64152559173808,NA,-16.684403427045364,NA,1.1622032293487097,NA,1.1621965111059591,NA,1.0059499347177645,NA,1.0058336162439705,NA
9877910,47,g ɯ k o ʒ,5,-20.74619112225676,NA,-16.915237145151256,NA,-17.041707617482654,NA,1.1737865511481944,NA,1.1737670683301502,NA,1.0095969845870632,NA,1.0093013998750595,NA
9877910,49,t͡ʃ ø ɟ y z,5,-24.87512157612903,NA,-22.11753265394216,NA,-21.28303150118376,NA,1.0902953872221697,NA,1.090415010076083,NA,1.0022148482989617,NA,1.00231031519471,NA
9877910,85,t i t e n,5,-13.939688353962891,NA,-13.031948462442172,NA,-13.050716201785225,NA,1.4094012502297124,NA,1.4089409685681276,NA,1.034895013822322,NA,1.0331065768439232,NA
9877910,43,f u ʒ a ʒ,5,-22.57009892571624,NA,-23.084878726681055,NA,-23.104809642140214,NA,1.283281237699766,NA,1.283057751040734,NA,1.0022636671308394,NA,1.002350487946775,NA
9877910,26,l e g o h,5,-19.527053505632765,NA,-27.75113638166346,NA,-27.308708531329852,NA,1.2198662238523628,NA,1.2197634326360676,NA,1.0014568108084176,NA,1.0015956377134012,NA
9877910,67,n e n u v,5,-16.389638161368726,NA,-20.325068448436717,NA,-20.31731129385749,NA,1.3208179980421255,NA,1.320538269610069,NA,1.0235487936312362,NA,1.0225154110321275,NA
9877910,50,ɟ ø c ø c,5,-30.98030987081792,NA,-Inf,NA,-35.04234390027842,NA,1.025304435597176,NA,1.0255444598001535,NA,1,1,1.0002179098838746,1
9877910,41,g ɯ d͡ʒ i l,5,-19.64465247954083,NA,-16.929800719720177,NA,-16.98778054263725,NA,1.223765991720176,NA,1.2236495458961485,NA,1.0081634508787554,NA,1.007928985502199,NA
9877910,49,b e ʒ a ʒ,5,-20.93058538584836,NA,-19.48837816175328,NA,-19.69732468362156,NA,1.4303068450549048,NA,1.4298290186764984,NA,1.014235691359507,NA,1.013693300711423,NA
9877910,49,b u j u ʒ,5,-20.87166757096573,NA,-19.733680700888875,NA,-19.668499765417735,NA,1.2165652379443916,NA,1.21647007222167,NA,1.0105687883162064,NA,1.0102253180186327,NA
9877910,49,g a ɟ e ʒ,5,-22.959255290632175,NA,-Inf,NA,-23.771850826744977,NA,1.408639434555404,NA,1.4082066800608468,NA,1.0072505448133169,NA,1.0070846951102934,NA
9877910,50,z o ɟ i t,5,-20.9589136182378,NA,-22.968824668964604,NA,-22.49812583794652,NA,1.2408518651515077,NA,1.2406922707790116,NA,1.0084540930642174,NA,1.0081503933184568,NA
9877910,51,ɫ o t o s,5,-16.650452551067872,NA,-19.86130929042026,NA,-19.87178226056184,NA,1.1968532583423572,NA,1.1967836503746367,NA,1.0076982350654493,NA,1.0074960391662156,NA
9877910,51,n u c ø c,5,-24.807625490627537,NA,-Inf,NA,-31.30367927011791,NA,1.090233002361394,NA,1.0903607082649016,NA,1.000704421139502,NA,1.0008852996567954,NA
9877910,50,c ø j a ʒ,5,-23.630776844730175,NA,-Inf,NA,-22.239940954309937,NA,1.2565841996509106,NA,1.2564064248544844,NA,1.012129479451536,NA,1.0116719887342391,NA
9877910,51,f u c ø c,5,-26.0945671202964,NA,-Inf,NA,-30.40486528288016,NA,1.0953217853843475,NA,1.0954406909713434,NA,1.0008668994757235,NA,1.001039240543495,NA
9877910,50,n i n u v,5,-16.587473487694577,NA,-20.74289718035614,NA,-20.73475916364208,NA,1.2346503203991448,NA,1.234519670994152,NA,1.015385861708921,NA,1.0147833558081725,NA
9877910,51,t͡ʃ ø v a n,5,-18.701602767562907,NA,-15.100178717825774,NA,-15.129210912490072,NA,1.3444722505099906,NA,1.3441170867989016,NA,1.0395669313903486,NA,1.0374122129692265,NA
9877910,50,d͡ʒ o c ø c,5,-26.257085578225187,NA,-Inf,NA,-31.597534878858212,NA,1.087742629560516,NA,1.0878746424072625,NA,1.0005961022486871,NA,1.000782672398996,NA
9877910,48,n u ʒ ɯ ʒ,5,-22.62968325066944,NA,-Inf,NA,-29.197550883061453,NA,1.14000794273881,NA,1.140044772486502,NA,1.0008134367287314,NA,1.0009885521090411,NA
9877910,50,ɟ y ɟ ø c,5,-30.88964249128854,NA,-Inf,NA,-34.02337567467023,NA,1.0749047338124378,NA,1.0750589613046984,NA,1.0000545077946146,NA,1.0002695361099974,NA
9877910,50,n y n u s,5,-16.715340873276865,NA,-20.662916646783795,NA,-20.659392548169652,NA,1.2376893062998182,NA,1.237547081745812,NA,1.0108372213398642,NA,1.0104573725021138,NA
9879902,77,k a n i n,5,-13.587711962107177,NA,-12.244157249014869,NA,-12.2628318923973,NA,1.6359797029730567,NA,1.6351267738613084,NA,1.0856556606918544,NA,1.0812238961757654,NA
9879902,29,g a d͡ʒ ɯ ʃ,5,-18.1433036565909,NA,-15.499386284508248,NA,-15.553373615329928,NA,1.387167586098868,NA,1.3867697858340529,NA,1.015460105386242,NA,1.014803618740054,NA
9879902,68,b u z e ʒ,5,-20.09685568317635,NA,-17.84329781622566,NA,-17.964161616964663,NA,1.276667630723205,NA,1.2764627987655124,NA,1.0139315296225708,NA,1.0134023197983453,NA
9879902,7,ɫ a m i v,5,-15.108322670255824,NA,-19.84096460834095,NA,-19.840167964977656,NA,1.45267848057084,NA,1.452164539040134,NA,1.022668785041178,NA,1.0216640887099704,NA
9879902,29,d͡ʒ o c ø c,5,-26.257085578225187,NA,-Inf,NA,-31.597534878858212,NA,1.087742629560516,NA,1.0878746424072625,NA,1.0005961022486871,NA,1.000782672398996,NA
9879902,15,ɟ ø c ø c,5,-30.98030987081792,NA,-Inf,NA,-35.04234390027842,NA,1.025304435597176,NA,1.0255444598001535,NA,1,1,1.0002179098838746,1
9879902,68,g ɯ ʃ ø z,5,-20.868114892104145,NA,-17.68946998702973,NA,-17.66557104382508,NA,1.1365191714352605,NA,1.1365603636332933,NA,1.0043221992368574,NA,1.0043105088894526,NA
9879902,72,b u ɟ y ʒ,5,-25.21776219641355,NA,-24.02607612181347,NA,-23.4120433072708,NA,1.1548681109073993,NA,1.1548819472629457,NA,1.0073371474025232,NA,1.007168032552784,NA
9879902,27,m y z a ʒ,5,-19.26885615927756,NA,-16.145731724613096,NA,-16.288993267502523,NA,1.397336491187185,NA,1.3969153080698635,NA,1.0416189337331847,NA,1.0396162450988709,NA
9879902,77,b i j o ʒ,5,-20.1694739218949,NA,-16.17150934468403,NA,-16.29228988361789,NA,1.2161562043575238,NA,1.2160636704095142,NA,1.0185949627078428,NA,1.0178290236238705,NA
9879902,28,ɫ a n y j,5,-15.527981142957266,NA,-20.048631415631327,NA,-20.029886559218973,NA,1.394546693721347,NA,1.394138324722925,NA,1.0266470238072245,NA,1.0254534974166822,NA
9879902,25,ɟ y ʒ u ʒ,5,-27.80853684728006,NA,-29.28500826667853,NA,-28.708564247230676,NA,1.1164047641696466,NA,1.1164832975278336,NA,1.0001090155892292,NA,1.0003211623361203,NA
9879902,3,g ɯ d͡ʒ u z,5,-19.58384312679565,NA,-16.64152559173808,NA,-16.684403427045364,NA,1.1622032293487097,NA,1.1621965111059591,NA,1.0059499347177645,NA,1.0058336162439705,NA
9879902,25,l y g a v,5,-19.4935962146241,NA,-Inf,NA,-27.80790591371226,NA,1.2871157130376376,NA,1.2868816916145254,NA,1.008373111461021,NA,1.0080891173681017,NA
9879902,100,ɫ o c e c,5,-22.400319377835324,NA,-Inf,NA,-30.01158029879595,NA,1.185129721117138,NA,1.185083880443854,NA,1.0027646697523702,NA,1.0028307383165231,NA
9879902,98,n i l i s,5,-16.529383592794712,NA,-21.972909806953865,NA,-21.72458759793683,NA,1.262837912142731,NA,1.2626465045153608,NA,1.0115151948241032,NA,1.0110619225343378,NA
9879902,2,d ɯ ʒ a ʒ,5,-21.716795206882775,NA,-Inf,NA,-23.190543246412652,NA,1.298705256665564,NA,1.2984551045728236,NA,1.0026417382010682,NA,1.002708745557405,NA
9879902,31,g u ʒ i ʒ,5,-23.367105446041258,NA,-22.71019322061325,NA,-22.662694231245467,NA,1.214496991418963,NA,1.2143994984214512,NA,1.0018219484717603,NA,1.001942235984122,NA
9879902,16,d͡ʒ o ʒ u ʒ,5,-24.29401030874191,NA,-24.243601785484508,NA,-24.17251025107207,NA,1.127716441668515,NA,1.127775417851205,NA,1.0007051178379167,NA,1.0008859248512416,NA
9879902,44,v ø ʒ ɯ h,5,-23.024241178401727,NA,-Inf,NA,-30.45570700382361,NA,1.1036756719502918,NA,1.1037711769871554,NA,1.0001956309096838,NA,1.000401295176374,NA
9879902,27,l i v ø h,5,-20.904794873852836,NA,-Inf,NA,-30.017786917374448,NA,1.1384315211614455,NA,1.138471070171428,NA,1.0021258039899703,NA,1.0022313327026664,NA
9879902,29,g ɯ d͡ʒ i l,5,-19.64465247954083,NA,-16.929800719720177,NA,-16.98778054263725,NA,1.223765991720176,NA,1.2236495458961485,NA,1.0081634508787554,NA,1.007928985502199,NA
9879902,98,n ɯ ʒ a v,5,-19.02502844047022,NA,-Inf,NA,-25.556872791643976,NA,1.278077157040375,NA,1.277858856769651,NA,1.005851378448144,NA,1.0057071346124649,NA
9879902,5,ɫ a g a v,5,-15.754122332862629,NA,-20.553058174302627,NA,-20.559783658839276,NA,1.4882072475199175,NA,1.487625321159881,NA,1.011899048999812,NA,1.011429504802159,NA
9879902,1,b u j u ʒ,5,-20.87166757096573,NA,-19.733680700888875,NA,-19.668499765417735,NA,1.2165652379443916,NA,1.21647007222167,NA,1.0105687883162064,NA,1.0102253180186327,NA
9879902,98,p o c y z,5,-22.132396809934985,NA,-Inf,NA,-22.792875288841223,NA,1.1404551220852177,NA,1.1404879493119304,NA,1.0044867211475823,NA,1.0044629596393846,NA
9879902,67,n u c ø c,5,-24.807625490627537,NA,-Inf,NA,-31.30367927011791,NA,1.090233002361394,NA,1.0903607082649016,NA,1.000704421139502,NA,1.0008852996567954,NA
9879902,96,k o ɾ a n,5,-14.411209921897514,NA,-12.294347060400495,NA,-12.318134780608212,NA,1.5780166675354677,NA,1.5772563021989838,NA,1.0788840359427352,NA,1.0746155597877969,NA
9879902,61,n ɯ m ø h,5,-18.510789566710663,NA,-25.526286904340548,NA,-25.20620087924542,NA,1.139300164226838,NA,1.1393380184036568,NA,1.0014200635832908,NA,1.0015627469235224,NA
9879902,100,z o ɟ i t,5,-20.9589136182378,NA,-22.968824668964604,NA,-22.49812583794652,NA,1.2408518651515077,NA,1.2406922707790116,NA,1.0084540930642174,NA,1.0081503933184568,NA
9879902,23,ɟ i ʒ ɯ ʒ,5,-26.41709941367645,NA,-Inf,NA,-33.307818772675844,NA,1.1410997399260654,NA,1.1411346658902664,NA,1.0003270467676877,NA,1.0005276672406118,NA
9879902,99,k a k u ɾ,5,-14.067811152368842,NA,-12.708404717891712,NA,-12.729721104711002,NA,1.5578537830579977,NA,1.5571414460631403,NA,1.0749244666982,NA,1.071116634968564,NA
9879902,98,n e n u v,5,-16.389638161368726,NA,-20.325068448436717,NA,-20.31731129385749,NA,1.3208179980421255,NA,1.320538269610069,NA,1.0235487936312362,NA,1.0225154110321275,NA
9879902,25,ɟ ø ɟ i n,5,-26.154797849000957,NA,-Inf,NA,-25.981965253358386,NA,1.207646283033087,NA,1.2075351451808032,NA,1.0123140448014616,NA,1.0117616811066352,NA
9879902,66,n ø m o s,5,-18.203872787484933,NA,-22.19842578179625,NA,-22.165436338076113,NA,1.1411016056561956,NA,1.141128679586091,NA,1.0035204518715182,NA,1.0035409822204415,NA
9879902,95,n e p y j,5,-16.98879234295367,NA,-21.717938967258256,NA,-21.69222912574372,NA,1.2636746444640563,NA,1.2634932080325365,NA,1.0096114935791205,NA,1.0093200333401624,NA
9879902,0,j o b u ʒ,5,-21.05836231257191,NA,-20.278068086553,NA,-20.20804314631168,NA,1.1710790683578258,NA,1.171062773355354,NA,1.0066664843883977,NA,1.006528208768726,NA
9879902,0,b i j u ʒ,5,-19.982779180288727,NA,-18.35629998851609,NA,-18.296720384198927,NA,1.2375249433170086,NA,1.237393515128245,NA,1.019368047964322,NA,1.0185609454976876,NA
9879902,31,ɟ i ɟ ø c,5,-29.71307202815976,NA,-Inf,NA,-34.785338500309926,NA,1.0897985812994395,NA,1.0899270408894737,NA,1.0001090155892292,NA,1.0003211623361203,NA
9879902,38,t͡ʃ ø ɟ y z,5,-24.87512157612903,NA,-22.11753265394216,NA,-21.28303150118376,NA,1.0902953872221697,NA,1.090415010076083,NA,1.0022148482989617,NA,1.00231031519471,NA
9879902,26,l e m i m,5,-16.284865608541942,NA,-21.681059717316177,NA,-21.31860352956532,NA,1.380102008877493,NA,1.3797039565377944,NA,1.023384257708429,NA,1.022273629864209,NA
9879902,0,f u ʒ a ʒ,5,-22.57009892571624,NA,-23.084878726681055,NA,-23.104809642140214,NA,1.283281237699766,NA,1.283057751040734,NA,1.0022636671308394,NA,1.002350487946775,NA
9879902,27,l e ʒ ɯ ʒ,5,-23.42246110699022,NA,-Inf,NA,-31.37937590764058,NA,1.2326268805400291,NA,1.2325034590587125,NA,1.000599585740761,NA,1.000785798371226,NA
9879902,3,b i ʒ a ʒ,5,-21.12842071217421,NA,-20.462820259132272,NA,-20.59539447720862,NA,1.344139167411924,NA,1.3438104200605814,NA,1.013475717377768,NA,1.0129733469207105,NA
9879902,44,v ø l i v,5,-21.2450194600926,NA,-Inf,NA,-31.53443408186967,NA,1.1757448274064406,NA,1.1757104148958002,NA,1.0014998369742418,NA,1.0016238637930377,NA
9879902,31,g ɯ k o ʒ,5,-20.74619112225676,NA,-16.915237145151256,NA,-17.041707617482654,NA,1.1737865511481944,NA,1.1737670683301502,NA,1.0095969845870632,NA,1.0093013998750595,NA
9879902,100,m y m y ɾ,5,-16.704255115308886,NA,-13.020817250140125,NA,-13.053521821836997,NA,1.3152884044924409,NA,1.3149976658456903,NA,1.0360942196571266,NA,1.0343698974546898,NA
9879902,5,f u c ø c,5,-26.0945671202964,NA,-Inf,NA,-30.40486528288016,NA,1.0953217853843475,NA,1.0954406909713434,NA,1.0008668994757235,NA,1.001039240543495,NA
9879902,68,c ø d ø l,5,-25.273737592608967,NA,-Inf,NA,-27.063517981829783,NA,1.0636055587079187,NA,1.0637759789037924,NA,1.0001114910985065,NA,1.0003233777080158,NA
9879902,30,ɟ y ɟ e c,5,-28.306538947779316,NA,-Inf,NA,-32.95524219839198,NA,1.1788422801113725,NA,1.1788073260166032,NA,1.0007066108268936,NA,1.0008808204183293,NA
9879902,95,m y k o ʒ,5,-19.93043596815668,NA,-16.300780365266558,NA,-16.417412400213216,NA,1.2520745572399474,NA,1.2519196738829383,NA,1.0326605479495878,NA,1.031153503453037,NA
9879902,27,l e g o h,5,-19.527053505632765,NA,-27.75113638166346,NA,-27.308708531329852,NA,1.2198662238523628,NA,1.2197634326360676,NA,1.0014568108084176,NA,1.0015956377134012,NA
9879902,64,t͡ʃ ø j u ʒ,5,-22.924149578450105,NA,-20.79768766887971,NA,-20.742784223544646,NA,1.135233466329589,NA,1.13527898588403,NA,1.004608462527747,NA,1.0045783180618666,NA
9879902,97,n ɯ ʒ ɯ v,5,-20.37155439509228,NA,-Inf,NA,-29.078542120513493,NA,1.1398926451023728,NA,1.1399258609218608,NA,1.0003901669756716,NA,1.0005869200881068,NA
9879902,97,n u t a s,5,-14.726567453647792,NA,-18.016363167590757,NA,-18.02466558703151,NA,1.375248465052452,NA,1.3748549722517678,NA,1.0268849669602398,NA,1.0255614198293237,NA
9879902,2,k o n ø ɾ,5,-17.468982673500772,NA,-15.665847293331234,NA,-15.67041392566706,NA,1.3263918658517442,NA,1.3260835017678103,NA,1.0230245152622903,NA,1.0220198569868446,NA
9879902,3,f u m o ʒ,5,-21.086399553296257,NA,-19.904477032559072,NA,-20.00660012235896,NA,1.162493303534497,NA,1.16249350220586,NA,1.0069418990854422,NA,1.006788724097161,NA
9879902,98,k o ɫ ɯ ɾ,5,-15.746838565630412,NA,-13.10667453460241,NA,-13.133460503117467,NA,1.3892399649311546,NA,1.3888182062736574,NA,1.0364363220655193,NA,1.0346301929585895,NA
9879902,97,n y n u s,5,-16.715340873276865,NA,-20.662916646783795,NA,-20.659392548169652,NA,1.2376893062998182,NA,1.237547081745812,NA,1.0108372213398642,NA,1.0104573725021138,NA
9879902,96,n ɯ c i c,5,-22.207490302969337,NA,-Inf,NA,-31.27784518309206,NA,1.190125320458985,NA,1.1900702225959,NA,1.000651008188583,NA,1.0008314338114397,NA
9879902,6,g o ɟ i ʒ,5,-24.90517828366109,NA,-25.463316038560684,NA,-25.0238451006757,NA,1.213844639629624,NA,1.21374827950693,NA,1.001203603704403,NA,1.001357562313273,NA
9879902,96,t i k a n,5,-13.448013540026771,NA,-12.360180704819967,NA,-12.378790372777791,NA,1.4875821102169142,NA,1.486979033124867,NA,1.045676820009706,NA,1.0431959745683663,NA
9879902,6,ɫ o t o s,5,-16.650452551067872,NA,-19.86130929042026,NA,-19.87178226056184,NA,1.1968532583423572,NA,1.1967836503746367,NA,1.0076982350654493,NA,1.0074960391662156,NA
9879902,6,l y g ɯ ʒ,5,-22.883384054348497,NA,-Inf,NA,-31.210086947359827,NA,1.1381062907638022,NA,1.1381463270545598,NA,1.0003964076179663,NA,1.000592585698109,NA
9879902,4,l i l i v,5,-19.457588243664848,NA,-29.20991366924059,NA,-28.687492054822933,NA,1.2303966335406769,NA,1.2302676592286446,NA,1.003298594196525,NA,1.0033275292550925,NA
9879902,31,g ɯ ʃ e ʒ,5,-20.680133976363813,NA,-18.215759687198577,NA,-18.34658379874023,NA,1.2236976698046218,NA,1.2235845791944204,NA,1.0074075246463592,NA,1.007225242015273,NA
9879902,23,ɫ a ɾ u j,5,-14.988213898012642,NA,-18.225237785879074,NA,-18.23265340120377,NA,1.4806633127456936,NA,1.48010342214873,NA,1.0515741074637193,NA,1.0490474569155095,NA
9879902,96,m e t ø ɾ,5,-16.305709239281132,NA,-14.332928742029557,NA,-14.370439435773992,NA,1.415624745175706,NA,1.415162037061878,NA,1.0262030905848891,NA,1.0250322748512253,NA
9879902,30,ɟ y ɟ ø c,5,-30.88964249128854,NA,-Inf,NA,-34.02337567467023,NA,1.0749047338124378,NA,1.0750589613046984,NA,1.0000545077946146,NA,1.0002695361099974,NA
9879902,100,n u t i v,5,-16.447775065614174,NA,-21.189892153387195,NA,-21.184203947153694,NA,1.2797613550678195,NA,1.27954636548282,NA,1.0249284051823029,NA,1.0237745264935774,NA
9879902,1,b e v u z,5,-18.05359379807402,NA,-15.116452617134565,NA,-15.154527759561976,NA,1.3293865865827923,NA,1.3290904472457938,NA,1.027526083033521,NA,1.0262694472757412,NA
9879902,1,b e v a ʒ,5,-18.887323500746025,NA,-15.872593466040806,NA,-16.021901122917775,NA,1.460613178860639,NA,1.460082582720464,NA,1.0349086258500086,NA,1.033249828288036,NA
9879902,10,l e l i c,5,-21.536362523929785,NA,-31.435382275761945,NA,-30.66420479306158,NA,1.3050220875123175,NA,1.3047680695189283,NA,1.0033784880145589,NA,1.0034146207009211,NA
9879902,97,n i n u v,5,-16.587473487694577,NA,-20.74289718035614,NA,-20.73475916364208,NA,1.2346503203991448,NA,1.234519670994152,NA,1.015385861708921,NA,1.0147833558081725,NA
9879902,90,m a k a n,5,-13.008346846234591,NA,-11.28043634275908,NA,-11.300021336865491,NA,1.6891002822706591,NA,1.6881485735739905,NA,1.0828270821289048,NA,1.078388901097211,NA
9879902,13,z a ʒ o h,5,-20.01616939621291,NA,-23.3231454652614,NA,-23.200842055018715,NA,1.3161703693104103,NA,1.3159010409835006,NA,1.0043869150779896,NA,1.0043743138247614,NA
9879902,83,k a t ø ɾ,5,-15.581196584717304,NA,-14.400670214601377,NA,-14.436010397238292,NA,1.5237210169792808,NA,1.5230713014199444,NA,1.059134654867906,NA,1.0562306009407805,NA
9879902,3,b e ʒ a ʒ,5,-20.93058538584836,NA,-19.48837816175328,NA,-19.69732468362156,NA,1.4303068450549048,NA,1.4298290186764984,NA,1.014235691359507,NA,1.013693300711423,NA
9879902,98,n ɯ t y j,5,-16.745705986388092,NA,-22.3564259100322,NA,-22.34000437551107,NA,1.1865969150263898,NA,1.1865483757315416,NA,1.0045937259415338,NA,1.0045620755887812,NA
9879902,97,t i t e n,5,-13.939688353962891,NA,-13.031948462442172,NA,-13.050716201785225,NA,1.4094012502297124,NA,1.4089409685681276,NA,1.034895013822322,NA,1.0331065768439232,NA
9879902,32,ɟ y ʒ i l,5,-25.474223572256346,NA,-26.086164584076812,NA,-25.658577276474528,NA,1.194726574470686,NA,1.1946604814688004,NA,1.001869088084923,NA,1.001974463736933,NA
9879902,3,b e ɟ e ʒ,5,-22.756632689956056,NA,-Inf,NA,-24.058032387919113,NA,1.345476034124718,NA,1.3451525821532777,NA,1.0127182103550003,NA,1.0122651834486156,NA
9879902,2,b u ʒ u ʒ,5,-23.578702027948104,NA,-22.55607533141792,NA,-22.360285906391308,NA,1.1751938218318876,NA,1.175170692528559,NA,1.0072042512867905,NA,1.0070435603192218,NA
9879902,64,t͡ʃ ø j u z,5,-20.529026950681207,NA,-17.342610045374,NA,-17.381051887526098,NA,1.151992514259162,NA,1.1520031350348077,NA,1.0064343510181284,NA,1.0062899141251958,NA
9879902,96,m y ɾ i ɾ,5,-15.182460061139956,NA,-12.93841945288009,NA,-12.964678761998291,NA,1.495928832346916,NA,1.4953164266216838,NA,1.0626490882923791,NA,1.0594042295798347,NA
9879902,100,t i m y ɾ,5,-15.294846811552397,NA,-13.660054019068708,NA,-13.685647803861627,NA,1.3091233520227514,NA,1.3088432638048708,NA,1.0122665021223751,NA,1.011794088919323,NA
9879902,69,l y v ø h,5,-22.081365336981623,NA,-Inf,NA,-30.783197051114545,NA,1.123537673674444,NA,1.123602990586653,NA,1.0013626948653658,NA,1.0015085655369462,NA
9879902,57,t͡ʃ ø v a n,5,-18.701602767562907,NA,-15.100178717825774,NA,-15.129210912490072,NA,1.3444722505099906,NA,1.3441170867989016,NA,1.0395669313903486,NA,1.0374122129692265,NA
9879902,59,b a ɟ ø z,5,-22.46994439760235,NA,-Inf,NA,-18.968121900756447,NA,1.3525891302094293,NA,1.3522568267997628,NA,1.0208335147527232,NA,1.0199546011622187,NA
9879902,38,b o ʒ a ʒ,5,-22.204003844457393,NA,-19.321037408784147,NA,-19.52975317079178,NA,1.3229086648122703,NA,1.3226166484342836,NA,1.008762800579713,NA,1.0085081234147557,NA
9879902,33,g a ɟ e ʒ,5,-22.959255290632175,NA,-Inf,NA,-23.771850826744977,NA,1.408639434555404,NA,1.4082066800608468,NA,1.0072505448133169,NA,1.0070846951102934,NA
9879902,60,l e l ø c,5,-23.921630741113155,NA,-Inf,NA,-32.749337306429,NA,1.1941895614424562,NA,1.1941372749111134,NA,1.0030524364984192,NA,1.0031089785467553,NA
9879902,64,c ø j a ʒ,5,-23.630776844730175,NA,-Inf,NA,-22.239940954309937,NA,1.2565841996509106,NA,1.2564064248544844,NA,1.012129479451536,NA,1.0116719887342391,NA
9879902,36,v ɯ ʒ u v,5,-21.86808593813512,NA,-Inf,NA,-26.703531252513827,NA,1.126951629435814,NA,1.1270081147295898,NA,1.000727269349632,NA,1.000902377044206,NA
9879902,68,n u ʒ ɯ ʒ,5,-22.62968325066944,NA,-Inf,NA,-29.197550883061453,NA,1.14000794273881,NA,1.140044772486502,NA,1.0008134367287314,NA,1.0009885521090411,NA
9879902,69,ɟ ø c e c,5,-28.397206327308695,NA,-Inf,NA,-33.97421042400016,NA,1.1292419818961106,NA,1.1292928245120586,NA,1.000652103032279,NA,1.0008291941922065,NA
9874358,56,v e ɟ y ʒ,5,-24.678551245174873,NA,-25.322342225670877,NA,-24.826847868345496,NA,1.2138685991633609,NA,1.2137803225511092,NA,1.0052790884770466,NA,1.0052181146545902,NA
9874358,33,z ø ʒ i l,5,-22.936420602528372,NA,-Inf,NA,-24.4772263559713,NA,1.157513007334928,NA,1.157511308073952,NA,1.001760072495694,NA,1.0018712112846873,NA
9874358,57,b i m y ʒ,5,-19.745708670599832,NA,-17.144470810093683,NA,-17.12870059621924,NA,1.224775815843954,NA,1.224668160873623,NA,1.017560989647938,NA,1.0168496999823045,NA
9874358,16,b o p o ʒ,5,-21.602409734503315,NA,-17.33475181640033,NA,-17.45672173398626,NA,1.180862690747296,NA,1.1808313744606571,NA,1.012965315438448,NA,1.01249501576141,NA
9874358,15,t͡ʃ ø j o ʒ,5,-23.110844320056284,NA,-18.612897025047648,NA,-18.738353722963613,NA,1.1138647273701043,NA,1.1139491411652993,NA,1.0038353772712676,NA,1.0038463961880495,NA
9874358,19,ʃ e z u ʒ,5,-20.413361161166105,NA,-21.30607077641668,NA,-21.23961045572301,NA,1.274892670609532,NA,1.2746965965867414,NA,1.0140542779889286,NA,1.0135267325647053,NA
9874358,30,ɟ i ʒ o ʒ,5,-26.818661125757455,NA,-29.39941525084724,NA,-28.902870287169502,NA,1.1099298726971636,NA,1.110021532393878,NA,1.0005226776773717,NA,1.000711052533111,NA
9874358,1,n u ʒ ɯ h,5,-20.24619677932734,NA,-27.810791659163197,NA,-27.023579690957725,NA,1.1518762179262898,NA,1.1518883333637062,NA,1.0010090676384151,NA,1.0011719374015406,NA
9874358,0,g ɯ ʒ u ʒ,5,-24.04112686624343,NA,-Inf,NA,-24.742720107269367,NA,1.1331254198362304,NA,1.1331750499516993,NA,1.0024913344887347,NA,1.002578336813267,NA
9874358,75,g u h a n,5,-16.986187982608918,NA,-14.003209503389854,NA,-14.037361297492396,NA,1.393585672209114,NA,1.3931455531370758,NA,1.041008945259303,NA,1.0387823974648764,NA
9874358,55,k ɯ k o n,5,-15.853117021089924,NA,-12.795133988211877,NA,-12.823178946592495,NA,1.321191395011316,NA,1.3208914663733455,NA,1.0259375020257335,NA,1.0247328374892803,NA
9874358,59,m y ʒ ø z,5,-22.32662891088082,NA,-18.58658519622501,NA,-18.33479718703259,NA,1.187771311398157,NA,1.1877241782403851,NA,1.027167731420923,NA,1.0259561075629384,NA
9874358,18,h y ʒ a ʒ,5,-22.512279354827413,NA,-22.102878518280345,NA,-22.166868313437227,NA,1.3079157400202015,NA,1.3076496470041246,NA,1.0032923482443703,NA,1.0033251342986491,NA
9874358,58,m y ɟ y z,5,-22.469309252839896,NA,-20.420586661988004,NA,-19.572854959613927,NA,1.207846762933068,NA,1.2077630593896518,NA,1.027561468749568,NA,1.0263250935198331,NA
9874358,93,t e ɾ a n,5,-13.154797069130572,NA,-11.724338917087254,NA,-11.742921937601642,NA,1.6505512704719087,NA,1.6496653866651498,NA,1.1099233378103026,NA,1.104018173778758,NA
9874358,22,l i g a v,5,-18.317025751495315,NA,-24.901990127973495,NA,-24.64460050717379,NA,1.3020095605246391,NA,1.3017497711993005,NA,1.0094632673533137,NA,1.0091216418905589,NA
9874358,5,n u g u v,5,-18.88780549394557,NA,-23.829955675252805,NA,-23.77692043460571,NA,1.1475726601589815,NA,1.147593398617559,NA,1.002664785337298,NA,1.0027359066125898,NA
9874358,31,g ɯ d͡ʒ u ɾ,5,-18.401954124401353,NA,-15.514694512570816,NA,-15.553988277275629,NA,1.2206968713441448,NA,1.2205683468578952,NA,1.0114276001889089,NA,1.0109684044339573,NA
9874358,66,ɟ e ɟ i c,5,-27.129968484650533,NA,-Inf,NA,-33.995918426500694,NA,1.286798785012282,NA,1.286576434113205,NA,1.0004350671053688,NA,1.0006268044902862,NA
9874358,4,ɟ e j o ʒ,5,-23.913791342449223,NA,-Inf,NA,-24.87491275380586,NA,1.2374689664526486,NA,1.2373395107029062,NA,1.0110946677328192,NA,1.010721436984636,NA
9874358,0,ʃ o ʒ a v,5,-20.47724743734481,NA,-22.61856961138616,NA,-22.667019868719475,NA,1.288367615858368,NA,1.2881315117422223,NA,1.0061232207228026,NA,1.005964640548633,NA
9874358,2,ɟ i ʒ u ʒ,5,-26.631966384151276,NA,-29.991575100561576,NA,-29.47052707287037,NA,1.1312986116566484,NA,1.1313513771126087,NA,1.0003270467676877,NA,1.0005276672406118,NA
9874358,44,n u l e ɾ,5,-16.7353899896315,NA,-21.8754485295826,NA,-21.502576488019884,NA,1.2814781732006866,NA,1.2812387575669788,NA,1.0164999980354623,NA,1.0157043429334207,NA
9874358,2,s ø ɾ ɯ ɾ,5,-17.20500131187094,NA,-15.07133366695696,NA,-15.108072623586152,NA,1.3616515088653494,NA,1.3612768593282027,NA,1.0224207245664567,NA,1.021344720223736,NA
9874358,18,b i ɟ i ʒ,5,-23.15230334260776,NA,-24.915909991588407,NA,-24.35353692250794,NA,1.266203336252664,NA,1.2660164134332708,NA,1.012035144436651,NA,1.0116199754960176,NA
9874358,33,n ø t a j,5,-16.60787778582062,NA,-20.729930991692015,NA,-20.69776307610008,NA,1.3204062609894092,NA,1.3201110967426837,NA,1.0202544768288162,NA,1.019299714440256,NA
9874358,17,b o z y z,5,-19.26283358646827,NA,-16.006298136958325,NA,-16.038972563588715,NA,1.2096753412240209,NA,1.2095880258287266,NA,1.011931948070003,NA,1.0115128583515274,NA
9874358,2,t͡ʃ i d͡ʒ ɯ t͡ʃ,5,-18.934215266206888,NA,-18.007434786889252,NA,-18.031020698229675,NA,1.1892406476791797,NA,1.1891896194854592,NA,1.007346548615294,NA,1.007170341171165,NA
9874358,18,h a ʒ u z,5,-19.829474654606734,NA,-17.11965647191572,NA,-17.218070915836304,NA,1.3720422673264103,NA,1.3716726499377587,NA,1.0259268416966203,NA,1.0247640708076309,NA
9874358,1,g ɯ ɟ e ʒ,5,-24.30578124525424,NA,-Inf,NA,-24.815598505272497,NA,1.196280249113463,NA,1.1962148980539262,NA,1.002806683496261,NA,1.0028744767627225,NA
9874358,1,n ɯ c y j,5,-20.443678587627296,NA,-Inf,NA,-28.54826058980769,NA,1.1194433120611658,NA,1.119511701447071,NA,1.0005205875821277,NA,1.0007091769497731,NA
9874358,44,ɫ o m ø s,5,-18.19297547659577,NA,-23.7185910215694,NA,-23.576018053983702,NA,1.1580890131919466,NA,1.1580884043189272,NA,1.006369125718587,NA,1.0062507303895665,NA
9874358,0,n ɯ v ø c,5,-22.316148913561925,NA,-Inf,NA,-30.445293983702243,NA,1.1084544645079504,NA,1.1085503214476562,NA,1.001905682716268,NA,1.0020229522148367,NA
9874358,26,s ø ɾ u ɾ,5,-17.419868282345767,NA,-15.476373057880078,NA,-15.513651402105268,NA,1.3518503805959323,NA,1.3514935705505449,NA,1.0191373454814323,NA,1.0182579368786828,NA
9874358,0,z a ʒ ɯ ʒ,5,-21.998094155474003,NA,-Inf,NA,-26.305727027014363,NA,1.3354719613518329,NA,1.3351706136026844,NA,1.0043869150779896,NA,1.0043743138247614,NA
9874358,25,ɫ a c e c,5,-20.652231711132256,NA,-Inf,NA,-27.899065041129965,NA,1.386819495813845,NA,1.3864247108936807,NA,1.0035239470356945,NA,1.00355006691279,NA
9874358,33,s ø ɾ ø ɾ,5,-18.916248108852137,NA,-17.736643428071496,NA,-17.750937164122824,NA,1.311449218136533,NA,1.3111659441356651,NA,1.006315849424642,NA,1.0061905369137407,NA
9874358,21,n y n i v,5,-16.875155560146357,NA,-21.870278494630696,NA,-21.860137136995288,NA,1.2901878365226052,NA,1.2899547596023124,NA,1.015590305177985,NA,1.014953753172737,NA
9874358,38,b u h a ʒ,5,-19.63382263150912,NA,-16.589829009805186,NA,-16.73205715679298,NA,1.3523956399527486,NA,1.3520522834985491,NA,1.021610727156267,NA,1.0206577518516846,NA
9874358,20,v ɯ c ø c,5,-25.87442309272073,NA,-Inf,NA,-32.19927328021738,NA,1.0761529069919815,NA,1.076304970573472,NA,1.0002707972270364,NA,1.000474478028374,NA
9874358,13,t͡ʃ e ʒ u ʒ,5,-23.048080491923255,NA,-22.073070829734753,NA,-22.06130764515632,NA,1.2460500918115391,NA,1.2459043466753474,NA,1.0066654436263762,NA,1.0065329248080075,NA
9874358,20,ʃ u ɟ y ɾ,5,-21.957256044240108,NA,-22.499173241968023,NA,-21.920606300134068,NA,1.1847548415426716,NA,1.1846904267614222,NA,1.0053463860468044,NA,1.0052425528526925,NA
9874358,20,ɟ ø t͡ʃ e ʒ,5,-25.895838414443286,NA,-Inf,NA,-26.01302387459999,NA,1.140043237235324,NA,1.1400750278451808,NA,1.0022924360788037,NA,1.0023829981607115,NA
9874358,15,b e v e ʒ,5,-19.361992708840056,NA,-16.706821942985723,NA,-16.834862117610335,NA,1.3761639224927549,NA,1.3757870363920413,NA,1.0278984680883785,NA,1.0266329792683782,NA
9874358,5,v ø l ø h,5,-23.290063091036213,NA,-Inf,NA,-32.28412824653789,NA,1.0659556661882257,NA,1.066120812453014,NA,1,1,1.0002179098838746,1
9874358,10,t͡ʃ e ʒ ø z,5,-22.14933769066073,NA,-19.18578744927172,NA,-19.077176117348685,NA,1.222407977281713,NA,1.2223008694112456,NA,1.00686107453606,NA,1.0067163101005072,NA
9874358,11,h y ʒ o ʒ,5,-24.26036702153048,NA,-23.09409359618359,NA,-22.955847081614372,NA,1.1385613608532974,NA,1.1386035176599465,NA,1.0022002270881678,NA,1.0023005246401142,NA
9874358,82,t i s ø ɾ,5,-16.6433666420812,NA,-15.288823083741889,NA,-15.32336104232457,NA,1.2934630318516254,NA,1.2932118263382686,NA,1.009196713442622,NA,1.0089195099707884,NA
9874358,13,l i ʒ a v,5,-20.23050859359168,NA,-26.93864092108832,NA,-26.6862720433174,NA,1.2954686251708838,NA,1.2952202250027611,NA,1.005853468543388,NA,1.005709010195803,NA
9874358,93,h a c i z,5,-19.17393398541818,NA,-Inf,NA,-21.131318076779458,NA,1.44361829462378,NA,1.4431184887150887,NA,1.029014126217107,NA,1.027660226668782,NA
9874358,13,j a b u ʒ,5,-19.31027464586884,NA,-18.66177474584945,NA,-18.602207543248568,NA,1.3727688430545328,NA,1.3724036038051812,NA,1.029576112826616,NA,1.02823132533125,NA
9874358,31,b e ʒ a v,5,-18.887323500746025,NA,-19.56906284531509,NA,-19.661279048791737,NA,1.441131755390738,NA,1.4406313873886738,NA,1.018474361069321,NA,1.01766664871558,NA
9874358,90,m y ɾ e ɾ,5,-14.984624734814105,NA,-12.552940803573671,NA,-12.57913149636152,NA,1.489033852575989,NA,1.4884339967257736,NA,1.064327496486173,NA,1.060981828884185,NA
9874358,57,ɟ i ɟ i c,5,-27.327803810976384,NA,-34.544864796093734,NA,-33.39335316750246,NA,1.200631107369301,NA,1.2005578354972886,NA,1.0004350671053688,NA,1.0006268044902862,NA
9874358,22,g a ɟ i l,5,-21.711665732611312,NA,-21.848897140452937,NA,-21.63415311259603,NA,1.4234248610169082,NA,1.4229631257047886,NA,1.0082939096649637,NA,1.0080627500036243,NA
9874358,3,l e ʒ ɯ h,5,-21.03897463564812,NA,-30.18402807989924,NA,-29.205404715536854,NA,1.244495155727509,NA,1.2443470199359166,NA,1.0007952166504448,NA,1.0009691836637256,NA
9874358,33,v ø l i c,5,-23.521629066683385,NA,-Inf,NA,-33.25997944794797,NA,1.1642026037351003,NA,1.1641922265701674,NA,1.0003260515161396,NA,1.0005235520380404,NA
9874358,36,ɫ a c y c,5,-22.026637500586897,NA,-Inf,NA,-27.84286977614221,NA,1.303338955612124,NA,1.3030961175258404,NA,1.0029370543066431,NA,1.0029999110352912,NA
9874358,66,ɫ a t a j,5,-13.539207723328191,NA,-16.70963205807083,NA,-16.722833062461532,NA,1.5581158667217818,NA,1.5574094336214954,NA,1.0364821239096451,NA,1.0346702629498348,NA
9874358,89,k u ɾ i n,5,-14.89701971471122,NA,-12.94195303395921,NA,-12.96493491685879,NA,1.5007331881655468,NA,1.5001135144861943,NA,1.0493627462694506,NA,1.0468268577985411,NA
9874358,11,b o p ɯ z,5,-18.80572539465341,NA,-15.575160863623148,NA,-15.6123249065678,NA,1.2287916059057706,NA,1.228668657107823,NA,1.014936867151038,NA,1.014349109888668,NA
9874358,90,t i k u ɾ,5,-14.757321292630818,NA,-13.776182245400546,NA,-13.797827878122703,NA,1.3425309336547508,NA,1.3421911014635628,NA,1.0178435286691223,NA,1.01704029300458,NA
9874358,17,b o ʒ i l,5,-21.431083494530565,NA,-17.705568653800018,NA,-17.83640175391364,NA,1.2532448349058904,NA,1.2530775477498026,NA,1.0092351210095205,NA,1.0089534298645335,NA
9874358,12,n u v ø h,5,-19.914181691206203,NA,-Inf,NA,-27.03470635875693,NA,1.1319802610032077,NA,1.1320309822151344,NA,1.0023941627725557,NA,1.0024857126666045,NA
9874358,11,b y ʒ u ʒ,5,-23.866384100399888,NA,-23.067365963329937,NA,-22.908307977729834,NA,1.1812596797175028,NA,1.1812260558503582,NA,1.0029253067504076,NA,1.0029894710389118,NA
9874358,10,b a ɟ ø ʒ,5,-24.86506702537125,NA,-Inf,NA,-23.420803652697536,NA,1.3358300822798563,NA,1.335532677648985,NA,1.0206378838430394,NA,1.0197712158697192,NA
9874358,7,b ɯ d a ʒ,5,-19.12602055601626,NA,-20.08567575275351,NA,-20.179115494716157,NA,1.3411283852127902,NA,1.3408045259119057,NA,1.0103448182681387,NA,1.0099894506104767,NA
9874358,36,j o c ø f,5,-23.34087968343175,NA,-Inf,NA,-24.211050554951704,NA,1.1207079699595697,NA,1.1207782546784186,NA,1.0033803356801,NA,1.003419297076754,NA
9874358,10,n u c i v,5,-20.145747666853374,NA,-Inf,NA,-28.879295751792085,NA,1.2126077521025955,NA,1.2125096911983495,NA,1.0022042581137438,NA,1.0022912535659585,NA
9874358,3,n e m ø h,5,-17.63893282018263,NA,-23.558108707134007,NA,-23.245886540663424,NA,1.2573677552147065,NA,1.2572013402029647,NA,1.0157239137890697,NA,1.015111998046541,NA
9874358,1,n ɯ ʒ ɯ ʒ,5,-22.414816280194614,NA,-Inf,NA,-30.786845680157285,NA,1.1290677347665397,NA,1.129123492209685,NA,1.0003249566724437,NA,1.0005257916572736,NA
9874358,37,b o ʒ a n,5,-18.87907738678704,NA,-15.653898437212243,NA,-15.751763646111796,NA,1.3952268910920227,NA,1.3947842803728532,NA,1.034064398232142,NA,1.0322259545780297,NA
9874358,33,l y l i c,5,-22.910768313384416,NA,-Inf,NA,-32.397687831098054,NA,1.203960562382335,NA,1.203881391318237,NA,1.0008711294622858,NA,1.0010398142992691,NA
9874358,2,n u d͡ʒ o h,5,-18.585597379729464,NA,-24.726458930397825,NA,-24.61717125138857,NA,1.1330251122802943,NA,1.1330725118708005,NA,1.001474956791939,NA,1.001614712938203,NA
9874358,10,b u ʒ u z,5,-21.183579400179205,NA,-19.10099770791221,NA,-18.99855357037276,NA,1.1919528697614603,NA,1.191894841679337,NA,1.0090301397771717,NA,1.008755156382551,NA
9874358,17,h ø ʃ a ʒ,5,-21.446707936005243,NA,-21.13827944442946,NA,-21.18485938345635,NA,1.2838250896845864,NA,1.2836003756660834,NA,1.0078943784157934,NA,1.007671292277256,NA
9874358,5,n ɯ c i v,5,-19.93088069637855,NA,-Inf,NA,-29.55229981701376,NA,1.201667544130325,NA,1.201588410921533,NA,1.0018247936466855,NA,1.0019317455664367,NA
9874358,5,ɫ o h e s,5,-16.45817250086749,NA,-21.317120361286086,NA,-21.272071082039435,NA,1.2426762924026875,NA,1.24252019486607,NA,1.009570595243294,NA,1.0092260466145833,NA
9874358,30,h a t͡ʃ ø z,5,-19.291182011224596,NA,-16.038256272556517,NA,-16.08294553334273,NA,1.3428697105576248,NA,1.3425540778269385,NA,1.02767606738203,NA,1.026436686056419,NA
9874358,10,l i l e h,5,-18.919528331099233,NA,-28.0860697294688,NA,-27.46035835823068,NA,1.2245450186213964,NA,1.2244264214977632,NA,1.0031029632868411,NA,1.0031441439625928,NA
9874358,32,n y m ø s,5,-18.304860118330534,NA,-23.800973686763864,NA,-23.65109261672794,NA,1.1731956986207523,NA,1.1731689601736792,NA,1.0049036855497242,NA,1.0048624490342637,NA
9874358,3,z a ʒ o ʒ,5,-22.39965586755501,NA,-21.87536781165056,NA,-21.900778541508014,NA,1.3043020941229309,NA,1.3040574801062963,NA,1.0045825459876734,NA,1.004557699117261,NA
9874358,35,b i t͡ʃ ø z,5,-19.756398366120063,NA,-16.19975610039546,NA,-16.23976513062291,NA,1.1837400183652915,NA,1.1836997124750908,NA,1.0128196585784826,NA,1.0123617470711583,NA
9874358,67,k u t ø ɾ,5,-17.142589509814194,NA,-15.653402142063069,NA,-15.691176305475931,NA,1.32230203950961,NA,1.3220007996898406,NA,1.018129501377924,NA,1.0173831055756966,NA
9874358,14,d͡ʒ y b a ʒ,5,-20.242830063624115,NA,-19.67879062473088,NA,-19.79752495934659,NA,1.3058041354405645,NA,1.3055414123656015,NA,1.0127232269111113,NA,1.01223747830455,NA
9874358,3,d͡ʒ o c i c,5,-23.871817361041813,NA,-Inf,NA,-30.898696726610687,NA,1.1985751556303774,NA,1.1985054370150776,NA,1.000922153764827,NA,1.0010883145531615,NA
9874358,1,n y m ɯ j,5,-16.9785438270158,NA,-22.43669703100411,NA,-22.421232711240805,NA,1.2136164438653825,NA,1.21351869881907,NA,1.006133848620259,NA,1.0060194361555963,NA
9874358,36,b o ʒ u ɾ,5,-20.188385139391087,NA,-16.322503633728758,NA,-16.394241238881506,NA,1.250175714529859,NA,1.249996348711549,NA,1.0147786024753525,NA,1.0141465127170373,NA
9874358,0,h a h a ʒ,5,-18.279717885936645,NA,-15.5480561905522,NA,-15.694802669418907,NA,1.5324850375176986,NA,1.5318300917569716,NA,1.049136449025569,NA,1.046733780370724,NA
9874358,60,m y d͡ʒ u z,5,-18.768087972695568,NA,-15.447888818271592,NA,-15.47911401039972,NA,1.2404912354404627,NA,1.2403491166587477,NA,1.0319024111948645,NA,1.0304219098064595,NA
9874358,3,l e ʒ i z,5,-20.353317059019144,NA,-23.404909965851168,NA,-23.138865417442208,NA,1.3100161638106471,NA,1.3097474876247677,NA,1.005750594004306,NA,1.005617778175364,NA
9874358,64,ɫ o h u v,5,-18.593599295416848,NA,-24.062385001701756,NA,-23.99927255278523,NA,1.1612070751754773,NA,1.1612039662326097,NA,1.0043702249837334,NA,1.004350345813558,NA
9874358,4,v ø ɟ y m,5,-24.02986774956105,NA,-Inf,NA,-25.69225069164061,NA,1.09995900556369,NA,1.10005431962118,NA,1.002654692924395,NA,1.0027073865105098,NA
9874358,0,v ɯ ʒ a ʒ,5,-22.349954898140567,NA,-Inf,NA,-25.81550837135159,NA,1.2641123593074002,NA,1.2639220306428625,NA,1.0015585492929229,NA,1.0016824729794085,NA
9874358,2,g ɯ d͡ʒ i n,5,-17.765150906217194,NA,-14.572887378272108,NA,-14.613885458742647,NA,1.288193771309351,NA,1.2879431620866866,NA,1.019118781821044,NA,1.0181985618821732,NA
9874358,2,b ø t͡ʃ u ʒ,5,-23.04040938456597,NA,-22.79008801093924,NA,-22.657649428790645,NA,1.141361768943645,NA,1.1413970478706803,NA,1.0020862604454976,NA,1.0021930802819217,NA
9873372,52,n u d͡ʒ o h,5,-18.585597379729464,NA,-24.726458930397825,NA,-24.61717125138857,NA,1.1330251122802943,NA,1.1330725118708005,NA,1.001474956791939,NA,1.001614712938203,NA
9873372,34,b e v e ʒ,5,-19.361992708840056,NA,-16.706821942985723,NA,-16.834862117610335,NA,1.3761639224927549,NA,1.3757870363920413,NA,1.0278984680883785,NA,1.0266329792683782,NA
9873372,57,g ɯ d͡ʒ i n,5,-17.765150906217194,NA,-14.572887378272108,NA,-14.613885458742647,NA,1.288193771309351,NA,1.2879431620866866,NA,1.019118781821044,NA,1.0181985618821732,NA
9873372,20,v ø ɟ y m,5,-24.02986774956105,NA,-Inf,NA,-25.69225069164061,NA,1.09995900556369,NA,1.10005431962118,NA,1.002654692924395,NA,1.0027073865105098,NA
9873372,8,l i g a v,5,-18.317025751495315,NA,-24.901990127973495,NA,-24.64460050717379,NA,1.3020095605246391,NA,1.3017497711993005,NA,1.0094632673533137,NA,1.0091216418905589,NA
9873372,56,g ɯ d͡ʒ u ɾ,5,-18.401954124401353,NA,-15.514694512570816,NA,-15.553988277275629,NA,1.2206968713441448,NA,1.2205683468578952,NA,1.0114276001889089,NA,1.0109684044339573,NA
9873372,51,b i t͡ʃ ø z,5,-19.756398366120063,NA,-16.19975610039546,NA,-16.23976513062291,NA,1.1837400183652915,NA,1.1836997124750908,NA,1.0128196585784826,NA,1.0123617470711583,NA
9873372,69,n y m ø s,5,-18.304860118330534,NA,-23.800973686763864,NA,-23.65109261672794,NA,1.1731956986207523,NA,1.1731689601736792,NA,1.0049036855497242,NA,1.0048624490342637,NA
9873372,30,v e ɟ y ʒ,5,-24.678551245174873,NA,-25.322342225670877,NA,-24.826847868345496,NA,1.2138685991633609,NA,1.2137803225511092,NA,1.0052790884770466,NA,1.0052181146545902,NA
9873372,55,n ɯ v ø c,5,-22.316148913561925,NA,-Inf,NA,-30.445293983702243,NA,1.1084544645079504,NA,1.1085503214476562,NA,1.001905682716268,NA,1.0020229522148367,NA
9873372,64,b o ʒ a n,5,-18.87907738678704,NA,-15.653898437212243,NA,-15.751763646111796,NA,1.3952268910920227,NA,1.3947842803728532,NA,1.034064398232142,NA,1.0322259545780297,NA
9873372,67,v ø l ø h,5,-23.290063091036213,NA,-Inf,NA,-32.28412824653789,NA,1.0659556661882257,NA,1.066120812453014,NA,1,1,1.0002179098838746,1
9873372,65,n y m ɯ j,5,-16.9785438270158,NA,-22.43669703100411,NA,-22.421232711240805,NA,1.2136164438653825,NA,1.21351869881907,NA,1.006133848620259,NA,1.0060194361555963,NA
9873372,22,b u h a ʒ,5,-19.63382263150912,NA,-16.589829009805186,NA,-16.73205715679298,NA,1.3523956399527486,NA,1.3520522834985491,NA,1.021610727156267,NA,1.0206577518516846,NA
9873372,80,n ø t a j,5,-16.60787778582062,NA,-20.729930991692015,NA,-20.69776307610008,NA,1.3204062609894092,NA,1.3201110967426837,NA,1.0202544768288162,NA,1.019299714440256,NA
9873372,30,h a h a ʒ,5,-18.279717885936645,NA,-15.5480561905522,NA,-15.694802669418907,NA,1.5324850375176986,NA,1.5318300917569716,NA,1.049136449025569,NA,1.046733780370724,NA
9873372,78,g u h a n,5,-16.986187982608918,NA,-14.003209503389854,NA,-14.037361297492396,NA,1.393585672209114,NA,1.3931455531370758,NA,1.041008945259303,NA,1.0387823974648764,NA
9873372,68,h y ʒ a ʒ,5,-22.512279354827413,NA,-22.102878518280345,NA,-22.166868313437227,NA,1.3079157400202015,NA,1.3076496470041246,NA,1.0032923482443703,NA,1.0033251342986491,NA
9873372,21,ɟ i ʒ o ʒ,5,-26.818661125757455,NA,-29.39941525084724,NA,-28.902870287169502,NA,1.1099298726971636,NA,1.110021532393878,NA,1.0005226776773717,NA,1.000711052533111,NA
9873372,67,n y n i v,5,-16.875155560146357,NA,-21.870278494630696,NA,-21.860137136995288,NA,1.2901878365226052,NA,1.2899547596023124,NA,1.015590305177985,NA,1.014953753172737,NA
9873372,71,n u l e ɾ,5,-16.7353899896315,NA,-21.8754485295826,NA,-21.502576488019884,NA,1.2814781732006866,NA,1.2812387575669788,NA,1.0164999980354623,NA,1.0157043429334207,NA
9873372,90,m y ʒ ø z,5,-22.32662891088082,NA,-18.58658519622501,NA,-18.33479718703259,NA,1.187771311398157,NA,1.1877241782403851,NA,1.027167731420923,NA,1.0259561075629384,NA
9873372,17,ɟ i ʒ u ʒ,5,-26.631966384151276,NA,-29.991575100561576,NA,-29.47052707287037,NA,1.1312986116566484,NA,1.1313513771126087,NA,1.0003270467676877,NA,1.0005276672406118,NA
9873372,77,ɫ o h u v,5,-18.593599295416848,NA,-24.062385001701756,NA,-23.99927255278523,NA,1.1612070751754773,NA,1.1612039662326097,NA,1.0043702249837334,NA,1.004350345813558,NA
9873372,73,ɫ o m ø s,5,-18.19297547659577,NA,-23.7185910215694,NA,-23.576018053983702,NA,1.1580890131919466,NA,1.1580884043189272,NA,1.006369125718587,NA,1.0062507303895665,NA
9873372,72,n u v ø h,5,-19.914181691206203,NA,-Inf,NA,-27.03470635875693,NA,1.1319802610032077,NA,1.1320309822151344,NA,1.0023941627725557,NA,1.0024857126666045,NA
9873372,21,l y l i c,5,-22.910768313384416,NA,-Inf,NA,-32.397687831098054,NA,1.203960562382335,NA,1.203881391318237,NA,1.0008711294622858,NA,1.0010398142992691,NA
9873372,37,b y ʒ u ʒ,5,-23.866384100399888,NA,-23.067365963329937,NA,-22.908307977729834,NA,1.1812596797175028,NA,1.1812260558503582,NA,1.0029253067504076,NA,1.0029894710389118,NA
9873372,34,n ɯ ʒ ɯ ʒ,5,-22.414816280194614,NA,-Inf,NA,-30.786845680157285,NA,1.1290677347665397,NA,1.129123492209685,NA,1.0003249566724437,NA,1.0005257916572736,NA
9873372,32,b ɯ d a ʒ,5,-19.12602055601626,NA,-20.08567575275351,NA,-20.179115494716157,NA,1.3411283852127902,NA,1.3408045259119057,NA,1.0103448182681387,NA,1.0099894506104767,NA
9873372,33,n u g u v,5,-18.88780549394557,NA,-23.829955675252805,NA,-23.77692043460571,NA,1.1475726601589815,NA,1.147593398617559,NA,1.002664785337298,NA,1.0027359066125898,NA
9873372,54,h a t͡ʃ ø z,5,-19.291182011224596,NA,-16.038256272556517,NA,-16.08294553334273,NA,1.3428697105576248,NA,1.3425540778269385,NA,1.02767606738203,NA,1.026436686056419,NA
9873372,30,v ø l i c,5,-23.521629066683385,NA,-Inf,NA,-33.25997944794797,NA,1.1642026037351003,NA,1.1641922265701674,NA,1.0003260515161396,NA,1.0005235520380404,NA
9873372,38,ʃ o ʒ a v,5,-20.47724743734481,NA,-22.61856961138616,NA,-22.667019868719475,NA,1.288367615858368,NA,1.2881315117422223,NA,1.0061232207228026,NA,1.005964640548633,NA
9873372,86,m y ɾ e ɾ,5,-14.984624734814105,NA,-12.552940803573671,NA,-12.57913149636152,NA,1.489033852575989,NA,1.4884339967257736,NA,1.064327496486173,NA,1.060981828884185,NA
9873372,67,n u c i v,5,-20.145747666853374,NA,-Inf,NA,-28.879295751792085,NA,1.2126077521025955,NA,1.2125096911983495,NA,1.0022042581137438,NA,1.0022912535659585,NA
9873372,64,t i s ø ɾ,5,-16.6433666420812,NA,-15.288823083741889,NA,-15.32336104232457,NA,1.2934630318516254,NA,1.2932118263382686,NA,1.009196713442622,NA,1.0089195099707884,NA
9873372,34,ɫ o h e s,5,-16.45817250086749,NA,-21.317120361286086,NA,-21.272071082039435,NA,1.2426762924026875,NA,1.24252019486607,NA,1.009570595243294,NA,1.0092260466145833,NA
9873372,68,z ø ʒ i l,5,-22.936420602528372,NA,-Inf,NA,-24.4772263559713,NA,1.157513007334928,NA,1.157511308073952,NA,1.001760072495694,NA,1.0018712112846873,NA
9873372,67,b o ʒ u ɾ,5,-20.188385139391087,NA,-16.322503633728758,NA,-16.394241238881506,NA,1.250175714529859,NA,1.249996348711549,NA,1.0147786024753525,NA,1.0141465127170373,NA
9873372,72,t e ɾ a n,5,-13.154797069130572,NA,-11.724338917087254,NA,-11.742921937601642,NA,1.6505512704719087,NA,1.6496653866651498,NA,1.1099233378103026,NA,1.104018173778758,NA
9873372,35,ɟ i ɟ i c,5,-27.327803810976384,NA,-34.544864796093734,NA,-33.39335316750246,NA,1.200631107369301,NA,1.2005578354972886,NA,1.0004350671053688,NA,1.0006268044902862,NA
9873372,67,k u ɾ i n,5,-14.89701971471122,NA,-12.94195303395921,NA,-12.96493491685879,NA,1.5007331881655468,NA,1.5001135144861943,NA,1.0493627462694506,NA,1.0468268577985411,NA
9873372,62,k u t ø ɾ,5,-17.142589509814194,NA,-15.653402142063069,NA,-15.691176305475931,NA,1.32230203950961,NA,1.3220007996898406,NA,1.018129501377924,NA,1.0173831055756966,NA
9873372,19,l i ʒ a v,5,-20.23050859359168,NA,-26.93864092108832,NA,-26.6862720433174,NA,1.2954686251708838,NA,1.2952202250027611,NA,1.005853468543388,NA,1.005709010195803,NA
9873372,52,t͡ʃ e ʒ ø z,5,-22.14933769066073,NA,-19.18578744927172,NA,-19.077176117348685,NA,1.222407977281713,NA,1.2223008694112456,NA,1.00686107453606,NA,1.0067163101005072,NA
9873372,52,s ø ɾ ø ɾ,5,-18.916248108852137,NA,-17.736643428071496,NA,-17.750937164122824,NA,1.311449218136533,NA,1.3111659441356651,NA,1.006315849424642,NA,1.0061905369137407,NA
9873372,35,z a ʒ o ʒ,5,-22.39965586755501,NA,-21.87536781165056,NA,-21.900778541508014,NA,1.3043020941229309,NA,1.3040574801062963,NA,1.0045825459876734,NA,1.004557699117261,NA
9873372,37,b a ɟ ø ʒ,5,-24.86506702537125,NA,-Inf,NA,-23.420803652697536,NA,1.3358300822798563,NA,1.335532677648985,NA,1.0206378838430394,NA,1.0197712158697192,NA
9873372,48,b ø t͡ʃ u ʒ,5,-23.04040938456597,NA,-22.79008801093924,NA,-22.657649428790645,NA,1.141361768943645,NA,1.1413970478706803,NA,1.0020862604454976,NA,1.0021930802819217,NA
9873372,47,ʃ e z u ʒ,5,-20.413361161166105,NA,-21.30607077641668,NA,-21.23961045572301,NA,1.274892670609532,NA,1.2746965965867414,NA,1.0140542779889286,NA,1.0135267325647053,NA
9873372,32,h y ʒ o ʒ,5,-24.26036702153048,NA,-23.09409359618359,NA,-22.955847081614372,NA,1.1385613608532974,NA,1.1386035176599465,NA,1.0022002270881678,NA,1.0023005246401142,NA
9873372,79,k ɯ k o n,5,-15.853117021089924,NA,-12.795133988211877,NA,-12.823178946592495,NA,1.321191395011316,NA,1.3208914663733455,NA,1.0259375020257335,NA,1.0247328374892803,NA
9873372,32,b u ʒ u z,5,-21.183579400179205,NA,-19.10099770791221,NA,-18.99855357037276,NA,1.1919528697614603,NA,1.191894841679337,NA,1.0090301397771717,NA,1.008755156382551,NA
9873372,54,t͡ʃ e ʒ u ʒ,5,-23.048080491923255,NA,-22.073070829734753,NA,-22.06130764515632,NA,1.2460500918115391,NA,1.2459043466753474,NA,1.0066654436263762,NA,1.0065329248080075,NA
9873372,28,j a b u ʒ,5,-19.31027464586884,NA,-18.66177474584945,NA,-18.602207543248568,NA,1.3727688430545328,NA,1.3724036038051812,NA,1.029576112826616,NA,1.02823132533125,NA
9873372,75,n ɯ c i v,5,-19.93088069637855,NA,-Inf,NA,-29.55229981701376,NA,1.201667544130325,NA,1.201588410921533,NA,1.0018247936466855,NA,1.0019317455664367,NA
9873372,30,b o ʒ i l,5,-21.431083494530565,NA,-17.705568653800018,NA,-17.83640175391364,NA,1.2532448349058904,NA,1.2530775477498026,NA,1.0092351210095205,NA,1.0089534298645335,NA
9873372,34,g a ɟ i l,5,-21.711665732611312,NA,-21.848897140452937,NA,-21.63415311259603,NA,1.4234248610169082,NA,1.4229631257047886,NA,1.0082939096649637,NA,1.0080627500036243,NA
9873372,33,z a ʒ ɯ ʒ,5,-21.998094155474003,NA,-Inf,NA,-26.305727027014363,NA,1.3354719613518329,NA,1.3351706136026844,NA,1.0043869150779896,NA,1.0043743138247614,NA
9873372,53,t͡ʃ i d͡ʒ ɯ t͡ʃ,5,-18.934215266206888,NA,-18.007434786889252,NA,-18.031020698229675,NA,1.1892406476791797,NA,1.1891896194854592,NA,1.007346548615294,NA,1.007170341171165,NA
9873372,54,t͡ʃ ø j o ʒ,5,-23.110844320056284,NA,-18.612897025047648,NA,-18.738353722963613,NA,1.1138647273701043,NA,1.1139491411652993,NA,1.0038353772712676,NA,1.0038463961880495,NA
9873372,54,m y ɟ y z,5,-22.469309252839896,NA,-20.420586661988004,NA,-19.572854959613927,NA,1.207846762933068,NA,1.2077630593896518,NA,1.027561468749568,NA,1.0263250935198331,NA
9873372,80,h a c i z,5,-19.17393398541818,NA,-Inf,NA,-21.131318076779458,NA,1.44361829462378,NA,1.4431184887150887,NA,1.029014126217107,NA,1.027660226668782,NA
9873372,31,g ɯ ʒ u ʒ,5,-24.04112686624343,NA,-Inf,NA,-24.742720107269367,NA,1.1331254198362304,NA,1.1331750499516993,NA,1.0024913344887347,NA,1.002578336813267,NA
9873372,52,ɟ ø t͡ʃ e ʒ,5,-25.895838414443286,NA,-Inf,NA,-26.01302387459999,NA,1.140043237235324,NA,1.1400750278451808,NA,1.0022924360788037,NA,1.0023829981607115,NA
9873372,37,g ɯ ɟ e ʒ,5,-24.30578124525424,NA,-Inf,NA,-24.815598505272497,NA,1.196280249113463,NA,1.1962148980539262,NA,1.002806683496261,NA,1.0028744767627225,NA
9873372,32,l e ʒ ɯ h,5,-21.03897463564812,NA,-30.18402807989924,NA,-29.205404715536854,NA,1.244495155727509,NA,1.2443470199359166,NA,1.0007952166504448,NA,1.0009691836637256,NA
9873372,76,ɫ a c e c,5,-20.652231711132256,NA,-Inf,NA,-27.899065041129965,NA,1.386819495813845,NA,1.3864247108936807,NA,1.0035239470356945,NA,1.00355006691279,NA
9873372,36,b o p o ʒ,5,-21.602409734503315,NA,-17.33475181640033,NA,-17.45672173398626,NA,1.180862690747296,NA,1.1808313744606571,NA,1.012965315438448,NA,1.01249501576141,NA
9873372,54,s ø ɾ ɯ ɾ,5,-17.20500131187094,NA,-15.07133366695696,NA,-15.108072623586152,NA,1.3616515088653494,NA,1.3612768593282027,NA,1.0224207245664567,NA,1.021344720223736,NA
9873372,81,ɫ a t a j,5,-13.539207723328191,NA,-16.70963205807083,NA,-16.722833062461532,NA,1.5581158667217818,NA,1.5574094336214954,NA,1.0364821239096451,NA,1.0346702629498348,NA
9873372,36,b e ʒ a v,5,-18.887323500746025,NA,-19.56906284531509,NA,-19.661279048791737,NA,1.441131755390738,NA,1.4406313873886738,NA,1.018474361069321,NA,1.01766664871558,NA
9873372,72,n ɯ c y j,5,-20.443678587627296,NA,-Inf,NA,-28.54826058980769,NA,1.1194433120611658,NA,1.119511701447071,NA,1.0005205875821277,NA,1.0007091769497731,NA
9873372,30,ɟ e j o ʒ,5,-23.913791342449223,NA,-Inf,NA,-24.87491275380586,NA,1.2374689664526486,NA,1.2373395107029062,NA,1.0110946677328192,NA,1.010721436984636,NA
9873372,56,d͡ʒ o c i c,5,-23.871817361041813,NA,-Inf,NA,-30.898696726610687,NA,1.1985751556303774,NA,1.1985054370150776,NA,1.000922153764827,NA,1.0010883145531615,NA
9873372,33,v ɯ ʒ a ʒ,5,-22.349954898140567,NA,-Inf,NA,-25.81550837135159,NA,1.2641123593074002,NA,1.2639220306428625,NA,1.0015585492929229,NA,1.0016824729794085,NA
9873372,82,ɫ a c y c,5,-22.026637500586897,NA,-Inf,NA,-27.84286977614221,NA,1.303338955612124,NA,1.3030961175258404,NA,1.0029370543066431,NA,1.0029999110352912,NA
9873372,74,n e m ø h,5,-17.63893282018263,NA,-23.558108707134007,NA,-23.245886540663424,NA,1.2573677552147065,NA,1.2572013402029647,NA,1.0157239137890697,NA,1.015111998046541,NA
9873372,35,b i ɟ i ʒ,5,-23.15230334260776,NA,-24.915909991588407,NA,-24.35353692250794,NA,1.266203336252664,NA,1.2660164134332708,NA,1.012035144436651,NA,1.0116199754960176,NA
9873372,70,s ø ɾ u ɾ,5,-17.419868282345767,NA,-15.476373057880078,NA,-15.513651402105268,NA,1.3518503805959323,NA,1.3514935705505449,NA,1.0191373454814323,NA,1.0182579368786828,NA
9873372,89,t i k u ɾ,5,-14.757321292630818,NA,-13.776182245400546,NA,-13.797827878122703,NA,1.3425309336547508,NA,1.3421911014635628,NA,1.0178435286691223,NA,1.01704029300458,NA
9873372,31,l i l e h,5,-18.919528331099233,NA,-28.0860697294688,NA,-27.46035835823068,NA,1.2245450186213964,NA,1.2244264214977632,NA,1.0031029632868411,NA,1.0031441439625928,NA
9873372,73,m y d͡ʒ u z,5,-18.768087972695568,NA,-15.447888818271592,NA,-15.47911401039972,NA,1.2404912354404627,NA,1.2403491166587477,NA,1.0319024111948645,NA,1.0304219098064595,NA
9873372,82,b o p ɯ z,5,-18.80572539465341,NA,-15.575160863623148,NA,-15.6123249065678,NA,1.2287916059057706,NA,1.228668657107823,NA,1.014936867151038,NA,1.014349109888668,NA
9873372,66,ʃ u ɟ y ɾ,5,-21.957256044240108,NA,-22.499173241968023,NA,-21.920606300134068,NA,1.1847548415426716,NA,1.1846904267614222,NA,1.0053463860468044,NA,1.0052425528526925,NA
9873372,28,n u ʒ ɯ h,5,-20.24619677932734,NA,-27.810791659163197,NA,-27.023579690957725,NA,1.1518762179262898,NA,1.1518883333637062,NA,1.0010090676384151,NA,1.0011719374015406,NA
9873372,29,b i m y ʒ,5,-19.745708670599832,NA,-17.144470810093683,NA,-17.12870059621924,NA,1.224775815843954,NA,1.224668160873623,NA,1.017560989647938,NA,1.0168496999823045,NA
9873372,71,j o c ø f,5,-23.34087968343175,NA,-Inf,NA,-24.211050554951704,NA,1.1207079699595697,NA,1.1207782546784186,NA,1.0033803356801,NA,1.003419297076754,NA
9873372,28,l e ʒ i z,5,-20.353317059019144,NA,-23.404909965851168,NA,-23.138865417442208,NA,1.3100161638106471,NA,1.3097474876247677,NA,1.005750594004306,NA,1.005617778175364,NA
9873372,44,d͡ʒ y b a ʒ,5,-20.242830063624115,NA,-19.67879062473088,NA,-19.79752495934659,NA,1.3058041354405645,NA,1.3055414123656015,NA,1.0127232269111113,NA,1.01223747830455,NA
9873372,73,b o z y z,5,-19.26283358646827,NA,-16.006298136958325,NA,-16.038972563588715,NA,1.2096753412240209,NA,1.2095880258287266,NA,1.011931948070003,NA,1.0115128583515274,NA
9873372,30,h a ʒ u z,5,-19.829474654606734,NA,-17.11965647191572,NA,-17.218070915836304,NA,1.3720422673264103,NA,1.3716726499377587,NA,1.0259268416966203,NA,1.0247640708076309,NA
9873372,40,h ø ʃ a ʒ,5,-21.446707936005243,NA,-21.13827944442946,NA,-21.18485938345635,NA,1.2838250896845864,NA,1.2836003756660834,NA,1.0078943784157934,NA,1.007671292277256,NA
9873372,63,v ɯ c ø c,5,-25.87442309272073,NA,-Inf,NA,-32.19927328021738,NA,1.0761529069919815,NA,1.076304970573472,NA,1.0002707972270364,NA,1.000474478028374,NA
9873372,85,ɟ e ɟ i c,5,-27.129968484650533,NA,-Inf,NA,-33.995918426500694,NA,1.286798785012282,NA,1.286576434113205,NA,1.0004350671053688,NA,1.0006268044902862,NA
9873021,53,m y ɟ y z,5,-22.469309252839896,NA,-20.420586661988004,NA,-19.572854959613927,NA,1.207846762933068,NA,1.2077630593896518,NA,1.027561468749568,NA,1.0263250935198331,NA
9873021,1,ɟ i ʒ o ʒ,5,-26.818661125757455,NA,-29.39941525084724,NA,-28.902870287169502,NA,1.1099298726971636,NA,1.110021532393878,NA,1.0005226776773717,NA,1.000711052533111,NA
9873021,13,l i l e h,5,-18.919528331099233,NA,-28.0860697294688,NA,-27.46035835823068,NA,1.2245450186213964,NA,1.2244264214977632,NA,1.0031029632868411,NA,1.0031441439625928,NA
9873021,42,b o z y z,5,-19.26283358646827,NA,-16.006298136958325,NA,-16.038972563588715,NA,1.2096753412240209,NA,1.2095880258287266,NA,1.011931948070003,NA,1.0115128583515274,NA
9873021,5,b e ʒ a v,5,-18.887323500746025,NA,-19.56906284531509,NA,-19.661279048791737,NA,1.441131755390738,NA,1.4406313873886738,NA,1.018474361069321,NA,1.01766664871558,NA
9873021,20,l i g a v,5,-18.317025751495315,NA,-24.901990127973495,NA,-24.64460050717379,NA,1.3020095605246391,NA,1.3017497711993005,NA,1.0094632673533137,NA,1.0091216418905589,NA
9873021,54,t͡ʃ i d͡ʒ ɯ t͡ʃ,5,-18.934215266206888,NA,-18.007434786889252,NA,-18.031020698229675,NA,1.1892406476791797,NA,1.1891896194854592,NA,1.007346548615294,NA,1.007170341171165,NA
9873021,71,k u t ø ɾ,5,-17.142589509814194,NA,-15.653402142063069,NA,-15.691176305475931,NA,1.32230203950961,NA,1.3220007996898406,NA,1.018129501377924,NA,1.0173831055756966,NA
9873021,13,b a ɟ ø ʒ,5,-24.86506702537125,NA,-Inf,NA,-23.420803652697536,NA,1.3358300822798563,NA,1.335532677648985,NA,1.0206378838430394,NA,1.0197712158697192,NA
9873021,52,n u g u v,5,-18.88780549394557,NA,-23.829955675252805,NA,-23.77692043460571,NA,1.1475726601589815,NA,1.147593398617559,NA,1.002664785337298,NA,1.0027359066125898,NA
9873021,35,n u c i v,5,-20.145747666853374,NA,-Inf,NA,-28.879295751792085,NA,1.2126077521025955,NA,1.2125096911983495,NA,1.0022042581137438,NA,1.0022912535659585,NA
9873021,21,n ɯ c i v,5,-19.93088069637855,NA,-Inf,NA,-29.55229981701376,NA,1.201667544130325,NA,1.201588410921533,NA,1.0018247936466855,NA,1.0019317455664367,NA
9873021,3,b y ʒ u ʒ,5,-23.866384100399888,NA,-23.067365963329937,NA,-22.908307977729834,NA,1.1812596797175028,NA,1.1812260558503582,NA,1.0029253067504076,NA,1.0029894710389118,NA
9873021,2,ʃ e z u ʒ,5,-20.413361161166105,NA,-21.30607077641668,NA,-21.23961045572301,NA,1.274892670609532,NA,1.2746965965867414,NA,1.0140542779889286,NA,1.0135267325647053,NA
9873021,77,l y l i c,5,-22.910768313384416,NA,-Inf,NA,-32.397687831098054,NA,1.203960562382335,NA,1.203881391318237,NA,1.0008711294622858,NA,1.0010398142992691,NA
9873021,11,v e ɟ y ʒ,5,-24.678551245174873,NA,-25.322342225670877,NA,-24.826847868345496,NA,1.2138685991633609,NA,1.2137803225511092,NA,1.0052790884770466,NA,1.0052181146545902,NA
9873021,0,b o ʒ i l,5,-21.431083494530565,NA,-17.705568653800018,NA,-17.83640175391364,NA,1.2532448349058904,NA,1.2530775477498026,NA,1.0092351210095205,NA,1.0089534298645335,NA
9873021,1,z ø ʒ i l,5,-22.936420602528372,NA,-Inf,NA,-24.4772263559713,NA,1.157513007334928,NA,1.157511308073952,NA,1.001760072495694,NA,1.0018712112846873,NA
9873021,3,h a ʒ u z,5,-19.829474654606734,NA,-17.11965647191572,NA,-17.218070915836304,NA,1.3720422673264103,NA,1.3716726499377587,NA,1.0259268416966203,NA,1.0247640708076309,NA
9873021,1,b e v e ʒ,5,-19.361992708840056,NA,-16.706821942985723,NA,-16.834862117610335,NA,1.3761639224927549,NA,1.3757870363920413,NA,1.0278984680883785,NA,1.0266329792683782,NA
9873021,0,h y ʒ o ʒ,5,-24.26036702153048,NA,-23.09409359618359,NA,-22.955847081614372,NA,1.1385613608532974,NA,1.1386035176599465,NA,1.0022002270881678,NA,1.0023005246401142,NA
9873021,59,h a t͡ʃ ø z,5,-19.291182011224596,NA,-16.038256272556517,NA,-16.08294553334273,NA,1.3428697105576248,NA,1.3425540778269385,NA,1.02767606738203,NA,1.026436686056419,NA
9873021,34,v ɯ c ø c,5,-25.87442309272073,NA,-Inf,NA,-32.19927328021738,NA,1.0761529069919815,NA,1.076304970573472,NA,1.0002707972270364,NA,1.000474478028374,NA
9873021,10,g ɯ d͡ʒ i n,5,-17.765150906217194,NA,-14.572887378272108,NA,-14.613885458742647,NA,1.288193771309351,NA,1.2879431620866866,NA,1.019118781821044,NA,1.0181985618821732,NA
9873021,43,n y m ø s,5,-18.304860118330534,NA,-23.800973686763864,NA,-23.65109261672794,NA,1.1731956986207523,NA,1.1731689601736792,NA,1.0049036855497242,NA,1.0048624490342637,NA
9873021,9,g ɯ ɟ e ʒ,5,-24.30578124525424,NA,-Inf,NA,-24.815598505272497,NA,1.196280249113463,NA,1.1962148980539262,NA,1.002806683496261,NA,1.0028744767627225,NA
9873021,64,ʃ u ɟ y ɾ,5,-21.957256044240108,NA,-22.499173241968023,NA,-21.920606300134068,NA,1.1847548415426716,NA,1.1846904267614222,NA,1.0053463860468044,NA,1.0052425528526925,NA
9873021,57,t i s ø ɾ,5,-16.6433666420812,NA,-15.288823083741889,NA,-15.32336104232457,NA,1.2934630318516254,NA,1.2932118263382686,NA,1.009196713442622,NA,1.0089195099707884,NA
9873021,81,h a c i z,5,-19.17393398541818,NA,-Inf,NA,-21.131318076779458,NA,1.44361829462378,NA,1.4431184887150887,NA,1.029014126217107,NA,1.027660226668782,NA
9873021,33,ɟ e ɟ i c,5,-27.129968484650533,NA,-Inf,NA,-33.995918426500694,NA,1.286798785012282,NA,1.286576434113205,NA,1.0004350671053688,NA,1.0006268044902862,NA
9873021,60,m y d͡ʒ u z,5,-18.768087972695568,NA,-15.447888818271592,NA,-15.47911401039972,NA,1.2404912354404627,NA,1.2403491166587477,NA,1.0319024111948645,NA,1.0304219098064595,NA
9873021,35,n ɯ v ø c,5,-22.316148913561925,NA,-Inf,NA,-30.445293983702243,NA,1.1084544645079504,NA,1.1085503214476562,NA,1.001905682716268,NA,1.0020229522148367,NA
9873021,35,ɫ a c e c,5,-20.652231711132256,NA,-Inf,NA,-27.899065041129965,NA,1.386819495813845,NA,1.3864247108936807,NA,1.0035239470356945,NA,1.00355006691279,NA
9873021,56,s ø ɾ u ɾ,5,-17.419868282345767,NA,-15.476373057880078,NA,-15.513651402105268,NA,1.3518503805959323,NA,1.3514935705505449,NA,1.0191373454814323,NA,1.0182579368786828,NA
9873021,24,b o p o ʒ,5,-21.602409734503315,NA,-17.33475181640033,NA,-17.45672173398626,NA,1.180862690747296,NA,1.1808313744606571,NA,1.012965315438448,NA,1.01249501576141,NA
9873021,7,b u ʒ u z,5,-21.183579400179205,NA,-19.10099770791221,NA,-18.99855357037276,NA,1.1919528697614603,NA,1.191894841679337,NA,1.0090301397771717,NA,1.008755156382551,NA
9873021,41,ɫ o m ø s,5,-18.19297547659577,NA,-23.7185910215694,NA,-23.576018053983702,NA,1.1580890131919466,NA,1.1580884043189272,NA,1.006369125718587,NA,1.0062507303895665,NA
9873021,1,n ɯ ʒ ɯ ʒ,5,-22.414816280194614,NA,-Inf,NA,-30.786845680157285,NA,1.1290677347665397,NA,1.129123492209685,NA,1.0003249566724437,NA,1.0005257916572736,NA
9873021,81,ɫ a t a j,5,-13.539207723328191,NA,-16.70963205807083,NA,-16.722833062461532,NA,1.5581158667217818,NA,1.5574094336214954,NA,1.0364821239096451,NA,1.0346702629498348,NA
9873021,82,ɫ o h u v,5,-18.593599295416848,NA,-24.062385001701756,NA,-23.99927255278523,NA,1.1612070751754773,NA,1.1612039662326097,NA,1.0043702249837334,NA,1.004350345813558,NA
9873021,4,b i ɟ i ʒ,5,-23.15230334260776,NA,-24.915909991588407,NA,-24.35353692250794,NA,1.266203336252664,NA,1.2660164134332708,NA,1.012035144436651,NA,1.0116199754960176,NA
9873021,11,b u h a ʒ,5,-19.63382263150912,NA,-16.589829009805186,NA,-16.73205715679298,NA,1.3523956399527486,NA,1.3520522834985491,NA,1.021610727156267,NA,1.0206577518516846,NA
9873021,8,ʃ o ʒ a v,5,-20.47724743734481,NA,-22.61856961138616,NA,-22.667019868719475,NA,1.288367615858368,NA,1.2881315117422223,NA,1.0061232207228026,NA,1.005964640548633,NA
9873021,34,ɟ i ɟ i c,5,-27.327803810976384,NA,-34.544864796093734,NA,-33.39335316750246,NA,1.200631107369301,NA,1.2005578354972886,NA,1.0004350671053688,NA,1.0006268044902862,NA
9873021,31,j a b u ʒ,5,-19.31027464586884,NA,-18.66177474584945,NA,-18.602207543248568,NA,1.3727688430545328,NA,1.3724036038051812,NA,1.029576112826616,NA,1.02823132533125,NA
9873021,31,t͡ʃ e ʒ ø z,5,-22.14933769066073,NA,-19.18578744927172,NA,-19.077176117348685,NA,1.222407977281713,NA,1.2223008694112456,NA,1.00686107453606,NA,1.0067163101005072,NA
9873021,13,l e ʒ i z,5,-20.353317059019144,NA,-23.404909965851168,NA,-23.138865417442208,NA,1.3100161638106471,NA,1.3097474876247677,NA,1.005750594004306,NA,1.005617778175364,NA
9873021,19,h y ʒ a ʒ,5,-22.512279354827413,NA,-22.102878518280345,NA,-22.166868313437227,NA,1.3079157400202015,NA,1.3076496470041246,NA,1.0032923482443703,NA,1.0033251342986491,NA
9873021,51,v ø ɟ y m,5,-24.02986774956105,NA,-Inf,NA,-25.69225069164061,NA,1.09995900556369,NA,1.10005431962118,NA,1.002654692924395,NA,1.0027073865105098,NA
9873021,42,t i k u ɾ,5,-14.757321292630818,NA,-13.776182245400546,NA,-13.797827878122703,NA,1.3425309336547508,NA,1.3421911014635628,NA,1.0178435286691223,NA,1.01704029300458,NA
9873021,99,t e ɾ a n,5,-13.154797069130572,NA,-11.724338917087254,NA,-11.742921937601642,NA,1.6505512704719087,NA,1.6496653866651498,NA,1.1099233378103026,NA,1.104018173778758,NA
9873021,7,t͡ʃ e ʒ u ʒ,5,-23.048080491923255,NA,-22.073070829734753,NA,-22.06130764515632,NA,1.2460500918115391,NA,1.2459043466753474,NA,1.0066654436263762,NA,1.0065329248080075,NA
9873021,61,n y n i v,5,-16.875155560146357,NA,-21.870278494630696,NA,-21.860137136995288,NA,1.2901878365226052,NA,1.2899547596023124,NA,1.015590305177985,NA,1.014953753172737,NA
9873021,26,n y m ɯ j,5,-16.9785438270158,NA,-22.43669703100411,NA,-22.421232711240805,NA,1.2136164438653825,NA,1.21351869881907,NA,1.006133848620259,NA,1.0060194361555963,NA
9873021,6,h a h a ʒ,5,-18.279717885936645,NA,-15.5480561905522,NA,-15.694802669418907,NA,1.5324850375176986,NA,1.5318300917569716,NA,1.049136449025569,NA,1.046733780370724,NA
9873021,5,b o ʒ a n,5,-18.87907738678704,NA,-15.653898437212243,NA,-15.751763646111796,NA,1.3952268910920227,NA,1.3947842803728532,NA,1.034064398232142,NA,1.0322259545780297,NA
9873021,1,b ø t͡ʃ u ʒ,5,-23.04040938456597,NA,-22.79008801093924,NA,-22.657649428790645,NA,1.141361768943645,NA,1.1413970478706803,NA,1.0020862604454976,NA,1.0021930802819217,NA
9873021,49,n u v ø h,5,-19.914181691206203,NA,-Inf,NA,-27.03470635875693,NA,1.1319802610032077,NA,1.1320309822151344,NA,1.0023941627725557,NA,1.0024857126666045,NA
9873021,46,k ɯ k o n,5,-15.853117021089924,NA,-12.795133988211877,NA,-12.823178946592495,NA,1.321191395011316,NA,1.3208914663733455,NA,1.0259375020257335,NA,1.0247328374892803,NA
9873021,3,z a ʒ o ʒ,5,-22.39965586755501,NA,-21.87536781165056,NA,-21.900778541508014,NA,1.3043020941229309,NA,1.3040574801062963,NA,1.0045825459876734,NA,1.004557699117261,NA
9873021,59,ɫ a c y c,5,-22.026637500586897,NA,-Inf,NA,-27.84286977614221,NA,1.303338955612124,NA,1.3030961175258404,NA,1.0029370543066431,NA,1.0029999110352912,NA
9873021,6,v ɯ ʒ a ʒ,5,-22.349954898140567,NA,-Inf,NA,-25.81550837135159,NA,1.2641123593074002,NA,1.2639220306428625,NA,1.0015585492929229,NA,1.0016824729794085,NA
9873021,45,n u d͡ʒ o h,5,-18.585597379729464,NA,-24.726458930397825,NA,-24.61717125138857,NA,1.1330251122802943,NA,1.1330725118708005,NA,1.001474956791939,NA,1.001614712938203,NA
9873021,20,m y ʒ ø z,5,-22.32662891088082,NA,-18.58658519622501,NA,-18.33479718703259,NA,1.187771311398157,NA,1.1877241782403851,NA,1.027167731420923,NA,1.0259561075629384,NA
9873021,94,g ɯ d͡ʒ u ɾ,5,-18.401954124401353,NA,-15.514694512570816,NA,-15.553988277275629,NA,1.2206968713441448,NA,1.2205683468578952,NA,1.0114276001889089,NA,1.0109684044339573,NA
9873021,7,z a ʒ ɯ ʒ,5,-21.998094155474003,NA,-Inf,NA,-26.305727027014363,NA,1.3354719613518329,NA,1.3351706136026844,NA,1.0043869150779896,NA,1.0043743138247614,NA
9873021,42,ɟ ø t͡ʃ e ʒ,5,-25.895838414443286,NA,-Inf,NA,-26.01302387459999,NA,1.140043237235324,NA,1.1400750278451808,NA,1.0022924360788037,NA,1.0023829981607115,NA
9873021,5,n u ʒ ɯ h,5,-20.24619677932734,NA,-27.810791659163197,NA,-27.023579690957725,NA,1.1518762179262898,NA,1.1518883333637062,NA,1.0010090676384151,NA,1.0011719374015406,NA
9873021,55,d͡ʒ o c i c,5,-23.871817361041813,NA,-Inf,NA,-30.898696726610687,NA,1.1985751556303774,NA,1.1985054370150776,NA,1.000922153764827,NA,1.0010883145531615,NA
9873021,1,ɟ e j o ʒ,5,-23.913791342449223,NA,-Inf,NA,-24.87491275380586,NA,1.2374689664526486,NA,1.2373395107029062,NA,1.0110946677328192,NA,1.010721436984636,NA
9873021,45,j o c ø f,5,-23.34087968343175,NA,-Inf,NA,-24.211050554951704,NA,1.1207079699595697,NA,1.1207782546784186,NA,1.0033803356801,NA,1.003419297076754,NA
9873021,62,g a ɟ i l,5,-21.711665732611312,NA,-21.848897140452937,NA,-21.63415311259603,NA,1.4234248610169082,NA,1.4229631257047886,NA,1.0082939096649637,NA,1.0080627500036243,NA
9873021,73,g u h a n,5,-16.986187982608918,NA,-14.003209503389854,NA,-14.037361297492396,NA,1.393585672209114,NA,1.3931455531370758,NA,1.041008945259303,NA,1.0387823974648764,NA
9873021,72,b o p ɯ z,5,-18.80572539465341,NA,-15.575160863623148,NA,-15.6123249065678,NA,1.2287916059057706,NA,1.228668657107823,NA,1.014936867151038,NA,1.014349109888668,NA
9873021,29,s ø ɾ ɯ ɾ,5,-17.20500131187094,NA,-15.07133366695696,NA,-15.108072623586152,NA,1.3616515088653494,NA,1.3612768593282027,NA,1.0224207245664567,NA,1.021344720223736,NA
9873021,57,n u l e ɾ,5,-16.7353899896315,NA,-21.8754485295826,NA,-21.502576488019884,NA,1.2814781732006866,NA,1.2812387575669788,NA,1.0164999980354623,NA,1.0157043429334207,NA
9873021,9,ɟ i ʒ u ʒ,5,-26.631966384151276,NA,-29.991575100561576,NA,-29.47052707287037,NA,1.1312986116566484,NA,1.1313513771126087,NA,1.0003270467676877,NA,1.0005276672406118,NA
9873021,57,n ø t a j,5,-16.60787778582062,NA,-20.729930991692015,NA,-20.69776307610008,NA,1.3204062609894092,NA,1.3201110967426837,NA,1.0202544768288162,NA,1.019299714440256,NA
9873021,40,b o ʒ u ɾ,5,-20.188385139391087,NA,-16.322503633728758,NA,-16.394241238881506,NA,1.250175714529859,NA,1.249996348711549,NA,1.0147786024753525,NA,1.0141465127170373,NA
9873021,22,v ø l i c,5,-23.521629066683385,NA,-Inf,NA,-33.25997944794797,NA,1.1642026037351003,NA,1.1641922265701674,NA,1.0003260515161396,NA,1.0005235520380404,NA
9873021,43,ɫ o h e s,5,-16.45817250086749,NA,-21.317120361286086,NA,-21.272071082039435,NA,1.2426762924026875,NA,1.24252019486607,NA,1.009570595243294,NA,1.0092260466145833,NA
9873021,30,n ɯ c y j,5,-20.443678587627296,NA,-Inf,NA,-28.54826058980769,NA,1.1194433120611658,NA,1.119511701447071,NA,1.0005205875821277,NA,1.0007091769497731,NA
9873021,14,b ɯ d a ʒ,5,-19.12602055601626,NA,-20.08567575275351,NA,-20.179115494716157,NA,1.3411283852127902,NA,1.3408045259119057,NA,1.0103448182681387,NA,1.0099894506104767,NA
9873021,98,m y ɾ e ɾ,5,-14.984624734814105,NA,-12.552940803573671,NA,-12.57913149636152,NA,1.489033852575989,NA,1.4884339967257736,NA,1.064327496486173,NA,1.060981828884185,NA
9873021,8,l i ʒ a v,5,-20.23050859359168,NA,-26.93864092108832,NA,-26.6862720433174,NA,1.2954686251708838,NA,1.2952202250027611,NA,1.005853468543388,NA,1.005709010195803,NA
9873021,99,k u ɾ i n,5,-14.89701971471122,NA,-12.94195303395921,NA,-12.96493491685879,NA,1.5007331881655468,NA,1.5001135144861943,NA,1.0493627462694506,NA,1.0468268577985411,NA
9873021,44,h ø ʃ a ʒ,5,-21.446707936005243,NA,-21.13827944442946,NA,-21.18485938345635,NA,1.2838250896845864,NA,1.2836003756660834,NA,1.0078943784157934,NA,1.007671292277256,NA
9873021,52,s ø ɾ ø ɾ,5,-18.916248108852137,NA,-17.736643428071496,NA,-17.750937164122824,NA,1.311449218136533,NA,1.3111659441356651,NA,1.006315849424642,NA,1.0061905369137407,NA
9873021,98,b i t͡ʃ ø z,5,-19.756398366120063,NA,-16.19975610039546,NA,-16.23976513062291,NA,1.1837400183652915,NA,1.1836997124750908,NA,1.0128196585784826,NA,1.0123617470711583,NA
9873021,5,g ɯ ʒ u ʒ,5,-24.04112686624343,NA,-Inf,NA,-24.742720107269367,NA,1.1331254198362304,NA,1.1331750499516993,NA,1.0024913344887347,NA,1.002578336813267,NA
9873021,25,b i m y ʒ,5,-19.745708670599832,NA,-17.144470810093683,NA,-17.12870059621924,NA,1.224775815843954,NA,1.224668160873623,NA,1.017560989647938,NA,1.0168496999823045,NA
9873021,9,v ø l ø h,5,-23.290063091036213,NA,-Inf,NA,-32.28412824653789,NA,1.0659556661882257,NA,1.066120812453014,NA,1,1,1.0002179098838746,1
9873021,5,t͡ʃ ø j o ʒ,5,-23.110844320056284,NA,-18.612897025047648,NA,-18.738353722963613,NA,1.1138647273701043,NA,1.1139491411652993,NA,1.0038353772712676,NA,1.0038463961880495,NA
9873021,54,n e m ø h,5,-17.63893282018263,NA,-23.558108707134007,NA,-23.245886540663424,NA,1.2573677552147065,NA,1.2572013402029647,NA,1.0157239137890697,NA,1.015111998046541,NA
9873021,29,d͡ʒ y b a ʒ,5,-20.242830063624115,NA,-19.67879062473088,NA,-19.79752495934659,NA,1.3058041354405645,NA,1.3055414123656015,NA,1.0127232269111113,NA,1.01223747830455,NA
9873021,3,l e ʒ ɯ h,5,-21.03897463564812,NA,-30.18402807989924,NA,-29.205404715536854,NA,1.244495155727509,NA,1.2443470199359166,NA,1.0007952166504448,NA,1.0009691836637256,NA
9876993,62,n ɯ c y j,5,-20.443678587627296,NA,-Inf,NA,-28.54826058980769,NA,1.1194433120611658,NA,1.119511701447071,NA,1.0005205875821277,NA,1.0007091769497731,NA
9876993,64,s ø ɾ u ɾ,5,-17.419868282345767,NA,-15.476373057880078,NA,-15.513651402105268,NA,1.3518503805959323,NA,1.3514935705505449,NA,1.0191373454814323,NA,1.0182579368786828,NA
9876993,67,n y m ɯ j,5,-16.9785438270158,NA,-22.43669703100411,NA,-22.421232711240805,NA,1.2136164438653825,NA,1.21351869881907,NA,1.006133848620259,NA,1.0060194361555963,NA
9876993,62,v ø ɟ y m,5,-24.02986774956105,NA,-Inf,NA,-25.69225069164061,NA,1.09995900556369,NA,1.10005431962118,NA,1.002654692924395,NA,1.0027073865105098,NA
9876993,23,l i ʒ a v,5,-20.23050859359168,NA,-26.93864092108832,NA,-26.6862720433174,NA,1.2954686251708838,NA,1.2952202250027611,NA,1.005853468543388,NA,1.005709010195803,NA
9876993,72,n u d͡ʒ o h,5,-18.585597379729464,NA,-24.726458930397825,NA,-24.61717125138857,NA,1.1330251122802943,NA,1.1330725118708005,NA,1.001474956791939,NA,1.001614712938203,NA
9876993,59,d͡ʒ o c i c,5,-23.871817361041813,NA,-Inf,NA,-30.898696726610687,NA,1.1985751556303774,NA,1.1985054370150776,NA,1.000922153764827,NA,1.0010883145531615,NA
9876993,48,b o p o ʒ,5,-21.602409734503315,NA,-17.33475181640033,NA,-17.45672173398626,NA,1.180862690747296,NA,1.1808313744606571,NA,1.012965315438448,NA,1.01249501576141,NA
9876993,57,t͡ʃ ø j o ʒ,5,-23.110844320056284,NA,-18.612897025047648,NA,-18.738353722963613,NA,1.1138647273701043,NA,1.1139491411652993,NA,1.0038353772712676,NA,1.0038463961880495,NA
9876993,60,n ɯ v ø c,5,-22.316148913561925,NA,-Inf,NA,-30.445293983702243,NA,1.1084544645079504,NA,1.1085503214476562,NA,1.001905682716268,NA,1.0020229522148367,NA
9876993,46,d͡ʒ y b a ʒ,5,-20.242830063624115,NA,-19.67879062473088,NA,-19.79752495934659,NA,1.3058041354405645,NA,1.3055414123656015,NA,1.0127232269111113,NA,1.01223747830455,NA
9876993,64,n u v ø h,5,-19.914181691206203,NA,-Inf,NA,-27.03470635875693,NA,1.1319802610032077,NA,1.1320309822151344,NA,1.0023941627725557,NA,1.0024857126666045,NA
9876993,37,z a ʒ ɯ ʒ,5,-21.998094155474003,NA,-Inf,NA,-26.305727027014363,NA,1.3354719613518329,NA,1.3351706136026844,NA,1.0043869150779896,NA,1.0043743138247614,NA
9876993,64,t i s ø ɾ,5,-16.6433666420812,NA,-15.288823083741889,NA,-15.32336104232457,NA,1.2934630318516254,NA,1.2932118263382686,NA,1.009196713442622,NA,1.0089195099707884,NA
9876993,66,s ø ɾ ø ɾ,5,-18.916248108852137,NA,-17.736643428071496,NA,-17.750937164122824,NA,1.311449218136533,NA,1.3111659441356651,NA,1.006315849424642,NA,1.0061905369137407,NA
9876993,35,h a h a ʒ,5,-18.279717885936645,NA,-15.5480561905522,NA,-15.694802669418907,NA,1.5324850375176986,NA,1.5318300917569716,NA,1.049136449025569,NA,1.046733780370724,NA
9876993,23,n ɯ c i v,5,-19.93088069637855,NA,-Inf,NA,-29.55229981701376,NA,1.201667544130325,NA,1.201588410921533,NA,1.0018247936466855,NA,1.0019317455664367,NA
9876993,35,j a b u ʒ,5,-19.31027464586884,NA,-18.66177474584945,NA,-18.602207543248568,NA,1.3727688430545328,NA,1.3724036038051812,NA,1.029576112826616,NA,1.02823132533125,NA
9876993,62,b o z y z,5,-19.26283358646827,NA,-16.006298136958325,NA,-16.038972563588715,NA,1.2096753412240209,NA,1.2095880258287266,NA,1.011931948070003,NA,1.0115128583515274,NA
9876993,62,m y d͡ʒ u z,5,-18.768087972695568,NA,-15.447888818271592,NA,-15.47911401039972,NA,1.2404912354404627,NA,1.2403491166587477,NA,1.0319024111948645,NA,1.0304219098064595,NA
9876993,60,b u ʒ u z,5,-21.183579400179205,NA,-19.10099770791221,NA,-18.99855357037276,NA,1.1919528697614603,NA,1.191894841679337,NA,1.0090301397771717,NA,1.008755156382551,NA
9876993,35,v ø l i c,5,-23.521629066683385,NA,-Inf,NA,-33.25997944794797,NA,1.1642026037351003,NA,1.1641922265701674,NA,1.0003260515161396,NA,1.0005235520380404,NA
9876993,58,t͡ʃ e ʒ ø z,5,-22.14933769066073,NA,-19.18578744927172,NA,-19.077176117348685,NA,1.222407977281713,NA,1.2223008694112456,NA,1.00686107453606,NA,1.0067163101005072,NA
9876993,34,n u l e ɾ,5,-16.7353899896315,NA,-21.8754485295826,NA,-21.502576488019884,NA,1.2814781732006866,NA,1.2812387575669788,NA,1.0164999980354623,NA,1.0157043429334207,NA
9876993,62,b a ɟ ø ʒ,5,-24.86506702537125,NA,-Inf,NA,-23.420803652697536,NA,1.3358300822798563,NA,1.335532677648985,NA,1.0206378838430394,NA,1.0197712158697192,NA
9876993,61,k u t ø ɾ,5,-17.142589509814194,NA,-15.653402142063069,NA,-15.691176305475931,NA,1.32230203950961,NA,1.3220007996898406,NA,1.018129501377924,NA,1.0173831055756966,NA
9876993,57,b o ʒ a n,5,-18.87907738678704,NA,-15.653898437212243,NA,-15.751763646111796,NA,1.3952268910920227,NA,1.3947842803728532,NA,1.034064398232142,NA,1.0322259545780297,NA
9876993,40,g ɯ d͡ʒ u ɾ,5,-18.401954124401353,NA,-15.514694512570816,NA,-15.553988277275629,NA,1.2206968713441448,NA,1.2205683468578952,NA,1.0114276001889089,NA,1.0109684044339573,NA
9876993,60,v e ɟ y ʒ,5,-24.678551245174873,NA,-25.322342225670877,NA,-24.826847868345496,NA,1.2138685991633609,NA,1.2137803225511092,NA,1.0052790884770466,NA,1.0052181146545902,NA
9876993,79,m y ɾ e ɾ,5,-14.984624734814105,NA,-12.552940803573671,NA,-12.57913149636152,NA,1.489033852575989,NA,1.4884339967257736,NA,1.064327496486173,NA,1.060981828884185,NA
9876993,41,b i ɟ i ʒ,5,-23.15230334260776,NA,-24.915909991588407,NA,-24.35353692250794,NA,1.266203336252664,NA,1.2660164134332708,NA,1.012035144436651,NA,1.0116199754960176,NA
9876993,38,l e ʒ ɯ h,5,-21.03897463564812,NA,-30.18402807989924,NA,-29.205404715536854,NA,1.244495155727509,NA,1.2443470199359166,NA,1.0007952166504448,NA,1.0009691836637256,NA
9876993,32,g ɯ ʒ u ʒ,5,-24.04112686624343,NA,-Inf,NA,-24.742720107269367,NA,1.1331254198362304,NA,1.1331750499516993,NA,1.0024913344887347,NA,1.002578336813267,NA
9876993,49,t͡ʃ e ʒ u ʒ,5,-23.048080491923255,NA,-22.073070829734753,NA,-22.06130764515632,NA,1.2460500918115391,NA,1.2459043466753474,NA,1.0066654436263762,NA,1.0065329248080075,NA
9876993,30,ɟ i ɟ i c,5,-27.327803810976384,NA,-34.544864796093734,NA,-33.39335316750246,NA,1.200631107369301,NA,1.2005578354972886,NA,1.0004350671053688,NA,1.0006268044902862,NA
9876993,30,ɫ a c e c,5,-20.652231711132256,NA,-Inf,NA,-27.899065041129965,NA,1.386819495813845,NA,1.3864247108936807,NA,1.0035239470356945,NA,1.00355006691279,NA
9876993,61,ɟ ø t͡ʃ e ʒ,5,-25.895838414443286,NA,-Inf,NA,-26.01302387459999,NA,1.140043237235324,NA,1.1400750278451808,NA,1.0022924360788037,NA,1.0023829981607115,NA
9876993,38,ɫ a c y c,5,-22.026637500586897,NA,-Inf,NA,-27.84286977614221,NA,1.303338955612124,NA,1.3030961175258404,NA,1.0029370543066431,NA,1.0029999110352912,NA
9876993,39,ʃ e z u ʒ,5,-20.413361161166105,NA,-21.30607077641668,NA,-21.23961045572301,NA,1.274892670609532,NA,1.2746965965867414,NA,1.0140542779889286,NA,1.0135267325647053,NA
9876993,31,ɟ e j o ʒ,5,-23.913791342449223,NA,-Inf,NA,-24.87491275380586,NA,1.2374689664526486,NA,1.2373395107029062,NA,1.0110946677328192,NA,1.010721436984636,NA
9876993,56,v ɯ c ø c,5,-25.87442309272073,NA,-Inf,NA,-32.19927328021738,NA,1.0761529069919815,NA,1.076304970573472,NA,1.0002707972270364,NA,1.000474478028374,NA
9876993,63,n e m ø h,5,-17.63893282018263,NA,-23.558108707134007,NA,-23.245886540663424,NA,1.2573677552147065,NA,1.2572013402029647,NA,1.0157239137890697,NA,1.015111998046541,NA
9876993,35,t i k u ɾ,5,-14.757321292630818,NA,-13.776182245400546,NA,-13.797827878122703,NA,1.3425309336547508,NA,1.3421911014635628,NA,1.0178435286691223,NA,1.01704029300458,NA
9876993,32,b e v e ʒ,5,-19.361992708840056,NA,-16.706821942985723,NA,-16.834862117610335,NA,1.3761639224927549,NA,1.3757870363920413,NA,1.0278984680883785,NA,1.0266329792683782,NA
9876993,30,g a ɟ i l,5,-21.711665732611312,NA,-21.848897140452937,NA,-21.63415311259603,NA,1.4234248610169082,NA,1.4229631257047886,NA,1.0082939096649637,NA,1.0080627500036243,NA
9876993,41,n u c i v,5,-20.145747666853374,NA,-Inf,NA,-28.879295751792085,NA,1.2126077521025955,NA,1.2125096911983495,NA,1.0022042581137438,NA,1.0022912535659585,NA
9876993,80,k u ɾ i n,5,-14.89701971471122,NA,-12.94195303395921,NA,-12.96493491685879,NA,1.5007331881655468,NA,1.5001135144861943,NA,1.0493627462694506,NA,1.0468268577985411,NA
9876993,85,n u g u v,5,-18.88780549394557,NA,-23.829955675252805,NA,-23.77692043460571,NA,1.1475726601589815,NA,1.147593398617559,NA,1.002664785337298,NA,1.0027359066125898,NA
9876993,37,ɟ i ʒ u ʒ,5,-26.631966384151276,NA,-29.991575100561576,NA,-29.47052707287037,NA,1.1312986116566484,NA,1.1313513771126087,NA,1.0003270467676877,NA,1.0005276672406118,NA
9876993,33,g ɯ ɟ e ʒ,5,-24.30578124525424,NA,-Inf,NA,-24.815598505272497,NA,1.196280249113463,NA,1.1962148980539262,NA,1.002806683496261,NA,1.0028744767627225,NA
9876993,59,h a t͡ʃ ø z,5,-19.291182011224596,NA,-16.038256272556517,NA,-16.08294553334273,NA,1.3428697105576248,NA,1.3425540778269385,NA,1.02767606738203,NA,1.026436686056419,NA
9876993,33,b o ʒ u ɾ,5,-20.188385139391087,NA,-16.322503633728758,NA,-16.394241238881506,NA,1.250175714529859,NA,1.249996348711549,NA,1.0147786024753525,NA,1.0141465127170373,NA
9876993,30,ɟ i ʒ o ʒ,5,-26.818661125757455,NA,-29.39941525084724,NA,-28.902870287169502,NA,1.1099298726971636,NA,1.110021532393878,NA,1.0005226776773717,NA,1.000711052533111,NA
9876993,55,h ø ʃ a ʒ,5,-21.446707936005243,NA,-21.13827944442946,NA,-21.18485938345635,NA,1.2838250896845864,NA,1.2836003756660834,NA,1.0078943784157934,NA,1.007671292277256,NA
9876993,32,b o p ɯ z,5,-18.80572539465341,NA,-15.575160863623148,NA,-15.6123249065678,NA,1.2287916059057706,NA,1.228668657107823,NA,1.014936867151038,NA,1.014349109888668,NA
9876993,81,k ɯ k o n,5,-15.853117021089924,NA,-12.795133988211877,NA,-12.823178946592495,NA,1.321191395011316,NA,1.3208914663733455,NA,1.0259375020257335,NA,1.0247328374892803,NA
9876993,28,l i l e h,5,-18.919528331099233,NA,-28.0860697294688,NA,-27.46035835823068,NA,1.2245450186213964,NA,1.2244264214977632,NA,1.0031029632868411,NA,1.0031441439625928,NA
9876993,82,n u ʒ ɯ h,5,-20.24619677932734,NA,-27.810791659163197,NA,-27.023579690957725,NA,1.1518762179262898,NA,1.1518883333637062,NA,1.0010090676384151,NA,1.0011719374015406,NA
9876993,80,n y n i v,5,-16.875155560146357,NA,-21.870278494630696,NA,-21.860137136995288,NA,1.2901878365226052,NA,1.2899547596023124,NA,1.015590305177985,NA,1.014953753172737,NA
9876993,60,ʃ u ɟ y ɾ,5,-21.957256044240108,NA,-22.499173241968023,NA,-21.920606300134068,NA,1.1847548415426716,NA,1.1846904267614222,NA,1.0053463860468044,NA,1.0052425528526925,NA
9876993,33,b ɯ d a ʒ,5,-19.12602055601626,NA,-20.08567575275351,NA,-20.179115494716157,NA,1.3411283852127902,NA,1.3408045259119057,NA,1.0103448182681387,NA,1.0099894506104767,NA
9876993,63,h y ʒ o ʒ,5,-24.26036702153048,NA,-23.09409359618359,NA,-22.955847081614372,NA,1.1385613608532974,NA,1.1386035176599465,NA,1.0022002270881678,NA,1.0023005246401142,NA
9876993,44,m y ʒ ø z,5,-22.32662891088082,NA,-18.58658519622501,NA,-18.33479718703259,NA,1.187771311398157,NA,1.1877241782403851,NA,1.027167731420923,NA,1.0259561075629384,NA
9876993,31,ʃ o ʒ a v,5,-20.47724743734481,NA,-22.61856961138616,NA,-22.667019868719475,NA,1.288367615858368,NA,1.2881315117422223,NA,1.0061232207228026,NA,1.005964640548633,NA
9876993,80,t e ɾ a n,5,-13.154797069130572,NA,-11.724338917087254,NA,-11.742921937601642,NA,1.6505512704719087,NA,1.6496653866651498,NA,1.1099233378103026,NA,1.104018173778758,NA
9876993,59,j o c ø f,5,-23.34087968343175,NA,-Inf,NA,-24.211050554951704,NA,1.1207079699595697,NA,1.1207782546784186,NA,1.0033803356801,NA,1.003419297076754,NA
9876993,64,m y ɟ y z,5,-22.469309252839896,NA,-20.420586661988004,NA,-19.572854959613927,NA,1.207846762933068,NA,1.2077630593896518,NA,1.027561468749568,NA,1.0263250935198331,NA
9876993,29,b e ʒ a v,5,-18.887323500746025,NA,-19.56906284531509,NA,-19.661279048791737,NA,1.441131755390738,NA,1.4406313873886738,NA,1.018474361069321,NA,1.01766664871558,NA
9876993,84,g u h a n,5,-16.986187982608918,NA,-14.003209503389854,NA,-14.037361297492396,NA,1.393585672209114,NA,1.3931455531370758,NA,1.041008945259303,NA,1.0387823974648764,NA
9876993,26,l y l i c,5,-22.910768313384416,NA,-Inf,NA,-32.397687831098054,NA,1.203960562382335,NA,1.203881391318237,NA,1.0008711294622858,NA,1.0010398142992691,NA
9876993,48,b i m y ʒ,5,-19.745708670599832,NA,-17.144470810093683,NA,-17.12870059621924,NA,1.224775815843954,NA,1.224668160873623,NA,1.017560989647938,NA,1.0168496999823045,NA
9876993,44,b y ʒ u ʒ,5,-23.866384100399888,NA,-23.067365963329937,NA,-22.908307977729834,NA,1.1812596797175028,NA,1.1812260558503582,NA,1.0029253067504076,NA,1.0029894710389118,NA
9876993,27,b o ʒ i l,5,-21.431083494530565,NA,-17.705568653800018,NA,-17.83640175391364,NA,1.2532448349058904,NA,1.2530775477498026,NA,1.0092351210095205,NA,1.0089534298645335,NA
9876993,26,l i g a v,5,-18.317025751495315,NA,-24.901990127973495,NA,-24.64460050717379,NA,1.3020095605246391,NA,1.3017497711993005,NA,1.0094632673533137,NA,1.0091216418905589,NA
9876993,49,z a ʒ o ʒ,5,-22.39965586755501,NA,-21.87536781165056,NA,-21.900778541508014,NA,1.3043020941229309,NA,1.3040574801062963,NA,1.0045825459876734,NA,1.004557699117261,NA
9876993,32,h a ʒ u z,5,-19.829474654606734,NA,-17.11965647191572,NA,-17.218070915836304,NA,1.3720422673264103,NA,1.3716726499377587,NA,1.0259268416966203,NA,1.0247640708076309,NA
9876993,55,z ø ʒ i l,5,-22.936420602528372,NA,-Inf,NA,-24.4772263559713,NA,1.157513007334928,NA,1.157511308073952,NA,1.001760072495694,NA,1.0018712112846873,NA
9876993,28,g ɯ d͡ʒ i n,5,-17.765150906217194,NA,-14.572887378272108,NA,-14.613885458742647,NA,1.288193771309351,NA,1.2879431620866866,NA,1.019118781821044,NA,1.0181985618821732,NA
9876993,35,b u h a ʒ,5,-19.63382263150912,NA,-16.589829009805186,NA,-16.73205715679298,NA,1.3523956399527486,NA,1.3520522834985491,NA,1.021610727156267,NA,1.0206577518516846,NA
9876993,31,ɟ e ɟ i c,5,-27.129968484650533,NA,-Inf,NA,-33.995918426500694,NA,1.286798785012282,NA,1.286576434113205,NA,1.0004350671053688,NA,1.0006268044902862,NA
9876993,30,l e ʒ i z,5,-20.353317059019144,NA,-23.404909965851168,NA,-23.138865417442208,NA,1.3100161638106471,NA,1.3097474876247677,NA,1.005750594004306,NA,1.005617778175364,NA
9876993,82,n y m ø s,5,-18.304860118330534,NA,-23.800973686763864,NA,-23.65109261672794,NA,1.1731956986207523,NA,1.1731689601736792,NA,1.0049036855497242,NA,1.0048624490342637,NA
9876993,64,b i t͡ʃ ø z,5,-19.756398366120063,NA,-16.19975610039546,NA,-16.23976513062291,NA,1.1837400183652915,NA,1.1836997124750908,NA,1.0128196585784826,NA,1.0123617470711583,NA
9876993,59,t͡ʃ i d͡ʒ ɯ t͡ʃ,5,-18.934215266206888,NA,-18.007434786889252,NA,-18.031020698229675,NA,1.1892406476791797,NA,1.1891896194854592,NA,1.007346548615294,NA,1.007170341171165,NA
9876993,41,h y ʒ a ʒ,5,-22.512279354827413,NA,-22.102878518280345,NA,-22.166868313437227,NA,1.3079157400202015,NA,1.3076496470041246,NA,1.0032923482443703,NA,1.0033251342986491,NA
9876993,27,ɫ o h u v,5,-18.593599295416848,NA,-24.062385001701756,NA,-23.99927255278523,NA,1.1612070751754773,NA,1.1612039662326097,NA,1.0043702249837334,NA,1.004350345813558,NA
9876993,89,ɫ a t a j,5,-13.539207723328191,NA,-16.70963205807083,NA,-16.722833062461532,NA,1.5581158667217818,NA,1.5574094336214954,NA,1.0364821239096451,NA,1.0346702629498348,NA
9876993,58,b ø t͡ʃ u ʒ,5,-23.04040938456597,NA,-22.79008801093924,NA,-22.657649428790645,NA,1.141361768943645,NA,1.1413970478706803,NA,1.0020862604454976,NA,1.0021930802819217,NA
9876993,26,n ɯ ʒ ɯ ʒ,5,-22.414816280194614,NA,-Inf,NA,-30.786845680157285,NA,1.1290677347665397,NA,1.129123492209685,NA,1.0003249566724437,NA,1.0005257916572736,NA
9876993,24,ɫ o h e s,5,-16.45817250086749,NA,-21.317120361286086,NA,-21.272071082039435,NA,1.2426762924026875,NA,1.24252019486607,NA,1.009570595243294,NA,1.0092260466145833,NA
9876993,28,h a c i z,5,-19.17393398541818,NA,-Inf,NA,-21.131318076779458,NA,1.44361829462378,NA,1.4431184887150887,NA,1.029014126217107,NA,1.027660226668782,NA
9876993,59,ɫ o m ø s,5,-18.19297547659577,NA,-23.7185910215694,NA,-23.576018053983702,NA,1.1580890131919466,NA,1.1580884043189272,NA,1.006369125718587,NA,1.0062507303895665,NA
9876993,63,s ø ɾ ɯ ɾ,5,-17.20500131187094,NA,-15.07133366695696,NA,-15.108072623586152,NA,1.3616515088653494,NA,1.3612768593282027,NA,1.0224207245664567,NA,1.021344720223736,NA
9876993,64,v ø l ø h,5,-23.290063091036213,NA,-Inf,NA,-32.28412824653789,NA,1.0659556661882257,NA,1.066120812453014,NA,1,1,1.0002179098838746,1
9876993,21,v ɯ ʒ a ʒ,5,-22.349954898140567,NA,-Inf,NA,-25.81550837135159,NA,1.2641123593074002,NA,1.2639220306428625,NA,1.0015585492929229,NA,1.0016824729794085,NA
9876993,70,n ø t a j,5,-16.60787778582062,NA,-20.729930991692015,NA,-20.69776307610008,NA,1.3204062609894092,NA,1.3201110967426837,NA,1.0202544768288162,NA,1.019299714440256,NA
9872792,30,z a ʒ o ʒ,5,-22.39965586755501,NA,-21.87536781165056,NA,-21.900778541508014,NA,1.3043020941229309,NA,1.3040574801062963,NA,1.0045825459876734,NA,1.004557699117261,NA
9872792,51,g a ɟ i l,5,-21.711665732611312,NA,-21.848897140452937,NA,-21.63415311259603,NA,1.4234248610169082,NA,1.4229631257047886,NA,1.0082939096649637,NA,1.0080627500036243,NA
9872792,24,z ø ʒ i l,5,-22.936420602528372,NA,-Inf,NA,-24.4772263559713,NA,1.157513007334928,NA,1.157511308073952,NA,1.001760072495694,NA,1.0018712112846873,NA
9872792,57,g ɯ d͡ʒ i n,5,-17.765150906217194,NA,-14.572887378272108,NA,-14.613885458742647,NA,1.288193771309351,NA,1.2879431620866866,NA,1.019118781821044,NA,1.0181985618821732,NA
9872792,49,v ø l ø h,5,-23.290063091036213,NA,-Inf,NA,-32.28412824653789,NA,1.0659556661882257,NA,1.066120812453014,NA,1,1,1.0002179098838746,1
9872792,20,t͡ʃ ø j o ʒ,5,-23.110844320056284,NA,-18.612897025047648,NA,-18.738353722963613,NA,1.1138647273701043,NA,1.1139491411652993,NA,1.0038353772712676,NA,1.0038463961880495,NA
9872792,74,ʃ o ʒ a v,5,-20.47724743734481,NA,-22.61856961138616,NA,-22.667019868719475,NA,1.288367615858368,NA,1.2881315117422223,NA,1.0061232207228026,NA,1.005964640548633,NA
9872792,91,b o p ɯ z,5,-18.80572539465341,NA,-15.575160863623148,NA,-15.6123249065678,NA,1.2287916059057706,NA,1.228668657107823,NA,1.014936867151038,NA,1.014349109888668,NA
9872792,81,t i k u ɾ,5,-14.757321292630818,NA,-13.776182245400546,NA,-13.797827878122703,NA,1.3425309336547508,NA,1.3421911014635628,NA,1.0178435286691223,NA,1.01704029300458,NA
9872792,49,l i l e h,5,-18.919528331099233,NA,-28.0860697294688,NA,-27.46035835823068,NA,1.2245450186213964,NA,1.2244264214977632,NA,1.0031029632868411,NA,1.0031441439625928,NA
9872792,100,k u ɾ i n,5,-14.89701971471122,NA,-12.94195303395921,NA,-12.96493491685879,NA,1.5007331881655468,NA,1.5001135144861943,NA,1.0493627462694506,NA,1.0468268577985411,NA
9872792,40,n ɯ v ø c,5,-22.316148913561925,NA,-Inf,NA,-30.445293983702243,NA,1.1084544645079504,NA,1.1085503214476562,NA,1.001905682716268,NA,1.0020229522148367,NA
9872792,38,h a t͡ʃ ø z,5,-19.291182011224596,NA,-16.038256272556517,NA,-16.08294553334273,NA,1.3428697105576248,NA,1.3425540778269385,NA,1.02767606738203,NA,1.026436686056419,NA
9872792,55,s ø ɾ u ɾ,5,-17.419868282345767,NA,-15.476373057880078,NA,-15.513651402105268,NA,1.3518503805959323,NA,1.3514935705505449,NA,1.0191373454814323,NA,1.0182579368786828,NA
9872792,76,h a c i z,5,-19.17393398541818,NA,-Inf,NA,-21.131318076779458,NA,1.44361829462378,NA,1.4431184887150887,NA,1.029014126217107,NA,1.027660226668782,NA
9872792,55,j o c ø f,5,-23.34087968343175,NA,-Inf,NA,-24.211050554951704,NA,1.1207079699595697,NA,1.1207782546784186,NA,1.0033803356801,NA,1.003419297076754,NA
9872792,0,n y m ɯ j,5,-16.9785438270158,NA,-22.43669703100411,NA,-22.421232711240805,NA,1.2136164438653825,NA,1.21351869881907,NA,1.006133848620259,NA,1.0060194361555963,NA
9872792,18,l e ʒ ɯ h,5,-21.03897463564812,NA,-30.18402807989924,NA,-29.205404715536854,NA,1.244495155727509,NA,1.2443470199359166,NA,1.0007952166504448,NA,1.0009691836637256,NA
9872792,100,t e ɾ a n,5,-13.154797069130572,NA,-11.724338917087254,NA,-11.742921937601642,NA,1.6505512704719087,NA,1.6496653866651498,NA,1.1099233378103026,NA,1.104018173778758,NA
9872792,13,b i m y ʒ,5,-19.745708670599832,NA,-17.144470810093683,NA,-17.12870059621924,NA,1.224775815843954,NA,1.224668160873623,NA,1.017560989647938,NA,1.0168496999823045,NA
9872792,21,l i ʒ a v,5,-20.23050859359168,NA,-26.93864092108832,NA,-26.6862720433174,NA,1.2954686251708838,NA,1.2952202250027611,NA,1.005853468543388,NA,1.005709010195803,NA
9872792,51,s ø ɾ ø ɾ,5,-18.916248108852137,NA,-17.736643428071496,NA,-17.750937164122824,NA,1.311449218136533,NA,1.3111659441356651,NA,1.006315849424642,NA,1.0061905369137407,NA
9872792,37,b a ɟ ø ʒ,5,-24.86506702537125,NA,-Inf,NA,-23.420803652697536,NA,1.3358300822798563,NA,1.335532677648985,NA,1.0206378838430394,NA,1.0197712158697192,NA
9872792,0,ɟ i ʒ o ʒ,5,-26.818661125757455,NA,-29.39941525084724,NA,-28.902870287169502,NA,1.1099298726971636,NA,1.110021532393878,NA,1.0005226776773717,NA,1.000711052533111,NA
9872792,17,m y ʒ ø z,5,-22.32662891088082,NA,-18.58658519622501,NA,-18.33479718703259,NA,1.187771311398157,NA,1.1877241782403851,NA,1.027167731420923,NA,1.0259561075629384,NA
9872792,56,n u c i v,5,-20.145747666853374,NA,-Inf,NA,-28.879295751792085,NA,1.2126077521025955,NA,1.2125096911983495,NA,1.0022042581137438,NA,1.0022912535659585,NA
9872792,11,b y ʒ u ʒ,5,-23.866384100399888,NA,-23.067365963329937,NA,-22.908307977729834,NA,1.1812596797175028,NA,1.1812260558503582,NA,1.0029253067504076,NA,1.0029894710389118,NA
9872792,86,m y ɾ e ɾ,5,-14.984624734814105,NA,-12.552940803573671,NA,-12.57913149636152,NA,1.489033852575989,NA,1.4884339967257736,NA,1.064327496486173,NA,1.060981828884185,NA
9872792,40,j a b u ʒ,5,-19.31027464586884,NA,-18.66177474584945,NA,-18.602207543248568,NA,1.3727688430545328,NA,1.3724036038051812,NA,1.029576112826616,NA,1.02823132533125,NA
9872792,0,h y ʒ a ʒ,5,-22.512279354827413,NA,-22.102878518280345,NA,-22.166868313437227,NA,1.3079157400202015,NA,1.3076496470041246,NA,1.0032923482443703,NA,1.0033251342986491,NA
9872792,0,g ɯ ɟ e ʒ,5,-24.30578124525424,NA,-Inf,NA,-24.815598505272497,NA,1.196280249113463,NA,1.1962148980539262,NA,1.002806683496261,NA,1.0028744767627225,NA
9872792,0,n ɯ ʒ ɯ ʒ,5,-22.414816280194614,NA,-Inf,NA,-30.786845680157285,NA,1.1290677347665397,NA,1.129123492209685,NA,1.0003249566724437,NA,1.0005257916572736,NA
9872792,43,t͡ʃ e ʒ u ʒ,5,-23.048080491923255,NA,-22.073070829734753,NA,-22.06130764515632,NA,1.2460500918115391,NA,1.2459043466753474,NA,1.0066654436263762,NA,1.0065329248080075,NA
9872792,20,h ø ʃ a ʒ,5,-21.446707936005243,NA,-21.13827944442946,NA,-21.18485938345635,NA,1.2838250896845864,NA,1.2836003756660834,NA,1.0078943784157934,NA,1.007671292277256,NA
9872792,30,b u ʒ u z,5,-21.183579400179205,NA,-19.10099770791221,NA,-18.99855357037276,NA,1.1919528697614603,NA,1.191894841679337,NA,1.0090301397771717,NA,1.008755156382551,NA
9872792,54,t͡ʃ e ʒ ø z,5,-22.14933769066073,NA,-19.18578744927172,NA,-19.077176117348685,NA,1.222407977281713,NA,1.2223008694112456,NA,1.00686107453606,NA,1.0067163101005072,NA
9872792,60,b u h a ʒ,5,-19.63382263150912,NA,-16.589829009805186,NA,-16.73205715679298,NA,1.3523956399527486,NA,1.3520522834985491,NA,1.021610727156267,NA,1.0206577518516846,NA
9872792,60,b e v e ʒ,5,-19.361992708840056,NA,-16.706821942985723,NA,-16.834862117610335,NA,1.3761639224927549,NA,1.3757870363920413,NA,1.0278984680883785,NA,1.0266329792683782,NA
9872792,64,n u g u v,5,-18.88780549394557,NA,-23.829955675252805,NA,-23.77692043460571,NA,1.1475726601589815,NA,1.147593398617559,NA,1.002664785337298,NA,1.0027359066125898,NA
9872792,94,n u l e ɾ,5,-16.7353899896315,NA,-21.8754485295826,NA,-21.502576488019884,NA,1.2814781732006866,NA,1.2812387575669788,NA,1.0164999980354623,NA,1.0157043429334207,NA
9872792,42,ʃ e z u ʒ,5,-20.413361161166105,NA,-21.30607077641668,NA,-21.23961045572301,NA,1.274892670609532,NA,1.2746965965867414,NA,1.0140542779889286,NA,1.0135267325647053,NA
9872792,53,b o ʒ i l,5,-21.431083494530565,NA,-17.705568653800018,NA,-17.83640175391364,NA,1.2532448349058904,NA,1.2530775477498026,NA,1.0092351210095205,NA,1.0089534298645335,NA
9872792,40,b i ɟ i ʒ,5,-23.15230334260776,NA,-24.915909991588407,NA,-24.35353692250794,NA,1.266203336252664,NA,1.2660164134332708,NA,1.012035144436651,NA,1.0116199754960176,NA
9872792,20,h a ʒ u z,5,-19.829474654606734,NA,-17.11965647191572,NA,-17.218070915836304,NA,1.3720422673264103,NA,1.3716726499377587,NA,1.0259268416966203,NA,1.0247640708076309,NA
9872792,48,n u ʒ ɯ h,5,-20.24619677932734,NA,-27.810791659163197,NA,-27.023579690957725,NA,1.1518762179262898,NA,1.1518883333637062,NA,1.0010090676384151,NA,1.0011719374015406,NA
9872792,62,l y l i c,5,-22.910768313384416,NA,-Inf,NA,-32.397687831098054,NA,1.203960562382335,NA,1.203881391318237,NA,1.0008711294622858,NA,1.0010398142992691,NA
9872792,72,ɫ a c y c,5,-22.026637500586897,NA,-Inf,NA,-27.84286977614221,NA,1.303338955612124,NA,1.3030961175258404,NA,1.0029370543066431,NA,1.0029999110352912,NA
9872792,88,b i t͡ʃ ø z,5,-19.756398366120063,NA,-16.19975610039546,NA,-16.23976513062291,NA,1.1837400183652915,NA,1.1836997124750908,NA,1.0128196585784826,NA,1.0123617470711583,NA
9872792,82,m y d͡ʒ u z,5,-18.768087972695568,NA,-15.447888818271592,NA,-15.47911401039972,NA,1.2404912354404627,NA,1.2403491166587477,NA,1.0319024111948645,NA,1.0304219098064595,NA
9872792,91,k u t ø ɾ,5,-17.142589509814194,NA,-15.653402142063069,NA,-15.691176305475931,NA,1.32230203950961,NA,1.3220007996898406,NA,1.018129501377924,NA,1.0173831055756966,NA
9872792,44,v e ɟ y ʒ,5,-24.678551245174873,NA,-25.322342225670877,NA,-24.826847868345496,NA,1.2138685991633609,NA,1.2137803225511092,NA,1.0052790884770466,NA,1.0052181146545902,NA
9872792,65,ɟ ø t͡ʃ e ʒ,5,-25.895838414443286,NA,-Inf,NA,-26.01302387459999,NA,1.140043237235324,NA,1.1400750278451808,NA,1.0022924360788037,NA,1.0023829981607115,NA
9872792,35,ɫ o h e s,5,-16.45817250086749,NA,-21.317120361286086,NA,-21.272071082039435,NA,1.2426762924026875,NA,1.24252019486607,NA,1.009570595243294,NA,1.0092260466145833,NA
9872792,51,ɟ e j o ʒ,5,-23.913791342449223,NA,-Inf,NA,-24.87491275380586,NA,1.2374689664526486,NA,1.2373395107029062,NA,1.0110946677328192,NA,1.010721436984636,NA
9872792,46,ʃ u ɟ y ɾ,5,-21.957256044240108,NA,-22.499173241968023,NA,-21.920606300134068,NA,1.1847548415426716,NA,1.1846904267614222,NA,1.0053463860468044,NA,1.0052425528526925,NA
9872792,30,b e ʒ a v,5,-18.887323500746025,NA,-19.56906284531509,NA,-19.661279048791737,NA,1.441131755390738,NA,1.4406313873886738,NA,1.018474361069321,NA,1.01766664871558,NA
9872792,37,b o ʒ u ɾ,5,-20.188385139391087,NA,-16.322503633728758,NA,-16.394241238881506,NA,1.250175714529859,NA,1.249996348711549,NA,1.0147786024753525,NA,1.0141465127170373,NA
9872792,65,g u h a n,5,-16.986187982608918,NA,-14.003209503389854,NA,-14.037361297492396,NA,1.393585672209114,NA,1.3931455531370758,NA,1.041008945259303,NA,1.0387823974648764,NA
9872792,58,l i g a v,5,-18.317025751495315,NA,-24.901990127973495,NA,-24.64460050717379,NA,1.3020095605246391,NA,1.3017497711993005,NA,1.0094632673533137,NA,1.0091216418905589,NA
9872792,39,l e ʒ i z,5,-20.353317059019144,NA,-23.404909965851168,NA,-23.138865417442208,NA,1.3100161638106471,NA,1.3097474876247677,NA,1.005750594004306,NA,1.005617778175364,NA
9872792,65,m y ɟ y z,5,-22.469309252839896,NA,-20.420586661988004,NA,-19.572854959613927,NA,1.207846762933068,NA,1.2077630593896518,NA,1.027561468749568,NA,1.0263250935198331,NA
9872792,49,d͡ʒ o c i c,5,-23.871817361041813,NA,-Inf,NA,-30.898696726610687,NA,1.1985751556303774,NA,1.1985054370150776,NA,1.000922153764827,NA,1.0010883145531615,NA
9872792,71,b o ʒ a n,5,-18.87907738678704,NA,-15.653898437212243,NA,-15.751763646111796,NA,1.3952268910920227,NA,1.3947842803728532,NA,1.034064398232142,NA,1.0322259545780297,NA
9872792,76,k ɯ k o n,5,-15.853117021089924,NA,-12.795133988211877,NA,-12.823178946592495,NA,1.321191395011316,NA,1.3208914663733455,NA,1.0259375020257335,NA,1.0247328374892803,NA
9872792,63,b o z y z,5,-19.26283358646827,NA,-16.006298136958325,NA,-16.038972563588715,NA,1.2096753412240209,NA,1.2095880258287266,NA,1.011931948070003,NA,1.0115128583515274,NA
9872792,24,v ɯ c ø c,5,-25.87442309272073,NA,-Inf,NA,-32.19927328021738,NA,1.0761529069919815,NA,1.076304970573472,NA,1.0002707972270364,NA,1.000474478028374,NA
9872792,74,v ø l i c,5,-23.521629066683385,NA,-Inf,NA,-33.25997944794797,NA,1.1642026037351003,NA,1.1641922265701674,NA,1.0003260515161396,NA,1.0005235520380404,NA
9872792,78,v ø ɟ y m,5,-24.02986774956105,NA,-Inf,NA,-25.69225069164061,NA,1.09995900556369,NA,1.10005431962118,NA,1.002654692924395,NA,1.0027073865105098,NA
9872792,53,n e m ø h,5,-17.63893282018263,NA,-23.558108707134007,NA,-23.245886540663424,NA,1.2573677552147065,NA,1.2572013402029647,NA,1.0157239137890697,NA,1.015111998046541,NA
9872792,9,ɟ i ʒ u ʒ,5,-26.631966384151276,NA,-29.991575100561576,NA,-29.47052707287037,NA,1.1312986116566484,NA,1.1313513771126087,NA,1.0003270467676877,NA,1.0005276672406118,NA
9872792,43,n ɯ c i v,5,-19.93088069637855,NA,-Inf,NA,-29.55229981701376,NA,1.201667544130325,NA,1.201588410921533,NA,1.0018247936466855,NA,1.0019317455664367,NA
9872792,49,ɟ i ɟ i c,5,-27.327803810976384,NA,-34.544864796093734,NA,-33.39335316750246,NA,1.200631107369301,NA,1.2005578354972886,NA,1.0004350671053688,NA,1.0006268044902862,NA
9872792,62,ɟ e ɟ i c,5,-27.129968484650533,NA,-Inf,NA,-33.995918426500694,NA,1.286798785012282,NA,1.286576434113205,NA,1.0004350671053688,NA,1.0006268044902862,NA
9872792,66,h a h a ʒ,5,-18.279717885936645,NA,-15.5480561905522,NA,-15.694802669418907,NA,1.5324850375176986,NA,1.5318300917569716,NA,1.049136449025569,NA,1.046733780370724,NA
9872792,46,d͡ʒ y b a ʒ,5,-20.242830063624115,NA,-19.67879062473088,NA,-19.79752495934659,NA,1.3058041354405645,NA,1.3055414123656015,NA,1.0127232269111113,NA,1.01223747830455,NA
9872792,52,b o p o ʒ,5,-21.602409734503315,NA,-17.33475181640033,NA,-17.45672173398626,NA,1.180862690747296,NA,1.1808313744606571,NA,1.012965315438448,NA,1.01249501576141,NA
9872792,25,z a ʒ ɯ ʒ,5,-21.998094155474003,NA,-Inf,NA,-26.305727027014363,NA,1.3354719613518329,NA,1.3351706136026844,NA,1.0043869150779896,NA,1.0043743138247614,NA
9872792,56,n u v ø h,5,-19.914181691206203,NA,-Inf,NA,-27.03470635875693,NA,1.1319802610032077,NA,1.1320309822151344,NA,1.0023941627725557,NA,1.0024857126666045,NA
9872792,15,b ɯ d a ʒ,5,-19.12602055601626,NA,-20.08567575275351,NA,-20.179115494716157,NA,1.3411283852127902,NA,1.3408045259119057,NA,1.0103448182681387,NA,1.0099894506104767,NA
9872792,7,b ø t͡ʃ u ʒ,5,-23.04040938456597,NA,-22.79008801093924,NA,-22.657649428790645,NA,1.141361768943645,NA,1.1413970478706803,NA,1.0020862604454976,NA,1.0021930802819217,NA
9872792,49,s ø ɾ ɯ ɾ,5,-17.20500131187094,NA,-15.07133366695696,NA,-15.108072623586152,NA,1.3616515088653494,NA,1.3612768593282027,NA,1.0224207245664567,NA,1.021344720223736,NA
9872792,56,ɫ o m ø s,5,-18.19297547659577,NA,-23.7185910215694,NA,-23.576018053983702,NA,1.1580890131919466,NA,1.1580884043189272,NA,1.006369125718587,NA,1.0062507303895665,NA
9872792,61,ɫ o h u v,5,-18.593599295416848,NA,-24.062385001701756,NA,-23.99927255278523,NA,1.1612070751754773,NA,1.1612039662326097,NA,1.0043702249837334,NA,1.004350345813558,NA
9872792,46,t͡ʃ i d͡ʒ ɯ t͡ʃ,5,-18.934215266206888,NA,-18.007434786889252,NA,-18.031020698229675,NA,1.1892406476791797,NA,1.1891896194854592,NA,1.007346548615294,NA,1.007170341171165,NA
9872792,83,g ɯ d͡ʒ u ɾ,5,-18.401954124401353,NA,-15.514694512570816,NA,-15.553988277275629,NA,1.2206968713441448,NA,1.2205683468578952,NA,1.0114276001889089,NA,1.0109684044339573,NA
9872792,67,n y m ø s,5,-18.304860118330534,NA,-23.800973686763864,NA,-23.65109261672794,NA,1.1731956986207523,NA,1.1731689601736792,NA,1.0049036855497242,NA,1.0048624490342637,NA
9872792,0,h y ʒ o ʒ,5,-24.26036702153048,NA,-23.09409359618359,NA,-22.955847081614372,NA,1.1385613608532974,NA,1.1386035176599465,NA,1.0022002270881678,NA,1.0023005246401142,NA
9872792,100,ɫ a t a j,5,-13.539207723328191,NA,-16.70963205807083,NA,-16.722833062461532,NA,1.5581158667217818,NA,1.5574094336214954,NA,1.0364821239096451,NA,1.0346702629498348,NA
9872792,23,v ɯ ʒ a ʒ,5,-22.349954898140567,NA,-Inf,NA,-25.81550837135159,NA,1.2641123593074002,NA,1.2639220306428625,NA,1.0015585492929229,NA,1.0016824729794085,NA
9872792,52,n y n i v,5,-16.875155560146357,NA,-21.870278494630696,NA,-21.860137136995288,NA,1.2901878365226052,NA,1.2899547596023124,NA,1.015590305177985,NA,1.014953753172737,NA
9872792,14,g ɯ ʒ u ʒ,5,-24.04112686624343,NA,-Inf,NA,-24.742720107269367,NA,1.1331254198362304,NA,1.1331750499516993,NA,1.0024913344887347,NA,1.002578336813267,NA
9872792,75,ɫ a c e c,5,-20.652231711132256,NA,-Inf,NA,-27.899065041129965,NA,1.386819495813845,NA,1.3864247108936807,NA,1.0035239470356945,NA,1.00355006691279,NA
9872792,57,n ø t a j,5,-16.60787778582062,NA,-20.729930991692015,NA,-20.69776307610008,NA,1.3204062609894092,NA,1.3201110967426837,NA,1.0202544768288162,NA,1.019299714440256,NA
9872792,44,n u d͡ʒ o h,5,-18.585597379729464,NA,-24.726458930397825,NA,-24.61717125138857,NA,1.1330251122802943,NA,1.1330725118708005,NA,1.001474956791939,NA,1.001614712938203,NA
9872792,61,t i s ø ɾ,5,-16.6433666420812,NA,-15.288823083741889,NA,-15.32336104232457,NA,1.2934630318516254,NA,1.2932118263382686,NA,1.009196713442622,NA,1.0089195099707884,NA
9872792,27,n ɯ c y j,5,-20.443678587627296,NA,-Inf,NA,-28.54826058980769,NA,1.1194433120611658,NA,1.119511701447071,NA,1.0005205875821277,NA,1.0007091769497731,NA
9872662,33,v ɯ ʒ a ʒ,5,-22.349954898140567,NA,-Inf,NA,-25.81550837135159,NA,1.2641123593074002,NA,1.2639220306428625,NA,1.0015585492929229,NA,1.0016824729794085,NA
9872662,62,b i ɟ i ʒ,5,-23.15230334260776,NA,-24.915909991588407,NA,-24.35353692250794,NA,1.266203336252664,NA,1.2660164134332708,NA,1.012035144436651,NA,1.0116199754960176,NA
9872662,35,g ɯ ɟ e ʒ,5,-24.30578124525424,NA,-Inf,NA,-24.815598505272497,NA,1.196280249113463,NA,1.1962148980539262,NA,1.002806683496261,NA,1.0028744767627225,NA
9872662,53,h ø ʃ a ʒ,5,-21.446707936005243,NA,-21.13827944442946,NA,-21.18485938345635,NA,1.2838250896845864,NA,1.2836003756660834,NA,1.0078943784157934,NA,1.007671292277256,NA
9872662,62,v ø l ø h,5,-23.290063091036213,NA,-Inf,NA,-32.28412824653789,NA,1.0659556661882257,NA,1.066120812453014,NA,1,1,1.0002179098838746,1
9872662,29,b ɯ d a ʒ,5,-19.12602055601626,NA,-20.08567575275351,NA,-20.179115494716157,NA,1.3411283852127902,NA,1.3408045259119057,NA,1.0103448182681387,NA,1.0099894506104767,NA
9872662,49,m y d͡ʒ u z,5,-18.768087972695568,NA,-15.447888818271592,NA,-15.47911401039972,NA,1.2404912354404627,NA,1.2403491166587477,NA,1.0319024111948645,NA,1.0304219098064595,NA
9872662,14,n ɯ v ø c,5,-22.316148913561925,NA,-Inf,NA,-30.445293983702243,NA,1.1084544645079504,NA,1.1085503214476562,NA,1.001905682716268,NA,1.0020229522148367,NA
9872662,24,g ɯ d͡ʒ i n,5,-17.765150906217194,NA,-14.572887378272108,NA,-14.613885458742647,NA,1.288193771309351,NA,1.2879431620866866,NA,1.019118781821044,NA,1.0181985618821732,NA
9872662,46,ɫ a t a j,5,-13.539207723328191,NA,-16.70963205807083,NA,-16.722833062461532,NA,1.5581158667217818,NA,1.5574094336214954,NA,1.0364821239096451,NA,1.0346702629498348,NA
9872662,27,h y ʒ a ʒ,5,-22.512279354827413,NA,-22.102878518280345,NA,-22.166868313437227,NA,1.3079157400202015,NA,1.3076496470041246,NA,1.0032923482443703,NA,1.0033251342986491,NA
9872662,24,t͡ʃ e ʒ ø z,5,-22.14933769066073,NA,-19.18578744927172,NA,-19.077176117348685,NA,1.222407977281713,NA,1.2223008694112456,NA,1.00686107453606,NA,1.0067163101005072,NA
9872662,26,n e m ø h,5,-17.63893282018263,NA,-23.558108707134007,NA,-23.245886540663424,NA,1.2573677552147065,NA,1.2572013402029647,NA,1.0157239137890697,NA,1.015111998046541,NA
9872662,20,n u d͡ʒ o h,5,-18.585597379729464,NA,-24.726458930397825,NA,-24.61717125138857,NA,1.1330251122802943,NA,1.1330725118708005,NA,1.001474956791939,NA,1.001614712938203,NA
9872662,36,n u c i v,5,-20.145747666853374,NA,-Inf,NA,-28.879295751792085,NA,1.2126077521025955,NA,1.2125096911983495,NA,1.0022042581137438,NA,1.0022912535659585,NA
9872662,52,j a b u ʒ,5,-19.31027464586884,NA,-18.66177474584945,NA,-18.602207543248568,NA,1.3727688430545328,NA,1.3724036038051812,NA,1.029576112826616,NA,1.02823132533125,NA
9872662,49,ɟ e j o ʒ,5,-23.913791342449223,NA,-Inf,NA,-24.87491275380586,NA,1.2374689664526486,NA,1.2373395107029062,NA,1.0110946677328192,NA,1.010721436984636,NA
9872662,12,z a ʒ ɯ ʒ,5,-21.998094155474003,NA,-Inf,NA,-26.305727027014363,NA,1.3354719613518329,NA,1.3351706136026844,NA,1.0043869150779896,NA,1.0043743138247614,NA
9872662,16,s ø ɾ ɯ ɾ,5,-17.20500131187094,NA,-15.07133366695696,NA,-15.108072623586152,NA,1.3616515088653494,NA,1.3612768593282027,NA,1.0224207245664567,NA,1.021344720223736,NA
9872662,21,ɟ ø t͡ʃ e ʒ,5,-25.895838414443286,NA,-Inf,NA,-26.01302387459999,NA,1.140043237235324,NA,1.1400750278451808,NA,1.0022924360788037,NA,1.0023829981607115,NA
9872662,27,n u g u v,5,-18.88780549394557,NA,-23.829955675252805,NA,-23.77692043460571,NA,1.1475726601589815,NA,1.147593398617559,NA,1.002664785337298,NA,1.0027359066125898,NA
9872662,30,m y ʒ ø z,5,-22.32662891088082,NA,-18.58658519622501,NA,-18.33479718703259,NA,1.187771311398157,NA,1.1877241782403851,NA,1.027167731420923,NA,1.0259561075629384,NA
9872662,53,ɫ a c e c,5,-20.652231711132256,NA,-Inf,NA,-27.899065041129965,NA,1.386819495813845,NA,1.3864247108936807,NA,1.0035239470356945,NA,1.00355006691279,NA
9872662,57,z a ʒ o ʒ,5,-22.39965586755501,NA,-21.87536781165056,NA,-21.900778541508014,NA,1.3043020941229309,NA,1.3040574801062963,NA,1.0045825459876734,NA,1.004557699117261,NA
9872662,23,l y l i c,5,-22.910768313384416,NA,-Inf,NA,-32.397687831098054,NA,1.203960562382335,NA,1.203881391318237,NA,1.0008711294622858,NA,1.0010398142992691,NA
9872662,16,k ɯ k o n,5,-15.853117021089924,NA,-12.795133988211877,NA,-12.823178946592495,NA,1.321191395011316,NA,1.3208914663733455,NA,1.0259375020257335,NA,1.0247328374892803,NA
9872662,28,t͡ʃ e ʒ u ʒ,5,-23.048080491923255,NA,-22.073070829734753,NA,-22.06130764515632,NA,1.2460500918115391,NA,1.2459043466753474,NA,1.0066654436263762,NA,1.0065329248080075,NA
9872662,52,b o ʒ u ɾ,5,-20.188385139391087,NA,-16.322503633728758,NA,-16.394241238881506,NA,1.250175714529859,NA,1.249996348711549,NA,1.0147786024753525,NA,1.0141465127170373,NA
9872662,51,d͡ʒ o c i c,5,-23.871817361041813,NA,-Inf,NA,-30.898696726610687,NA,1.1985751556303774,NA,1.1985054370150776,NA,1.000922153764827,NA,1.0010883145531615,NA
9872662,57,ɫ o h e s,5,-16.45817250086749,NA,-21.317120361286086,NA,-21.272071082039435,NA,1.2426762924026875,NA,1.24252019486607,NA,1.009570595243294,NA,1.0092260466145833,NA
9872662,42,m y ɟ y z,5,-22.469309252839896,NA,-20.420586661988004,NA,-19.572854959613927,NA,1.207846762933068,NA,1.2077630593896518,NA,1.027561468749568,NA,1.0263250935198331,NA
9872662,32,l i g a v,5,-18.317025751495315,NA,-24.901990127973495,NA,-24.64460050717379,NA,1.3020095605246391,NA,1.3017497711993005,NA,1.0094632673533137,NA,1.0091216418905589,NA
9872662,0,t͡ʃ i d͡ʒ ɯ t͡ʃ,5,-18.934215266206888,NA,-18.007434786889252,NA,-18.031020698229675,NA,1.1892406476791797,NA,1.1891896194854592,NA,1.007346548615294,NA,1.007170341171165,NA
9872662,27,t i k u ɾ,5,-14.757321292630818,NA,-13.776182245400546,NA,-13.797827878122703,NA,1.3425309336547508,NA,1.3421911014635628,NA,1.0178435286691223,NA,1.01704029300458,NA
9872662,63,ɟ e ɟ i c,5,-27.129968484650533,NA,-Inf,NA,-33.995918426500694,NA,1.286798785012282,NA,1.286576434113205,NA,1.0004350671053688,NA,1.0006268044902862,NA
9872662,49,b a ɟ ø ʒ,5,-24.86506702537125,NA,-Inf,NA,-23.420803652697536,NA,1.3358300822798563,NA,1.335532677648985,NA,1.0206378838430394,NA,1.0197712158697192,NA
9872662,39,h a ʒ u z,5,-19.829474654606734,NA,-17.11965647191572,NA,-17.218070915836304,NA,1.3720422673264103,NA,1.3716726499377587,NA,1.0259268416966203,NA,1.0247640708076309,NA
9872662,30,n u ʒ ɯ h,5,-20.24619677932734,NA,-27.810791659163197,NA,-27.023579690957725,NA,1.1518762179262898,NA,1.1518883333637062,NA,1.0010090676384151,NA,1.0011719374015406,NA
9872662,31,j o c ø f,5,-23.34087968343175,NA,-Inf,NA,-24.211050554951704,NA,1.1207079699595697,NA,1.1207782546784186,NA,1.0033803356801,NA,1.003419297076754,NA
9872662,16,b o p ɯ z,5,-18.80572539465341,NA,-15.575160863623148,NA,-15.6123249065678,NA,1.2287916059057706,NA,1.228668657107823,NA,1.014936867151038,NA,1.014349109888668,NA
9872662,34,ɟ i ʒ o ʒ,5,-26.818661125757455,NA,-29.39941525084724,NA,-28.902870287169502,NA,1.1099298726971636,NA,1.110021532393878,NA,1.0005226776773717,NA,1.000711052533111,NA
9872662,54,ɫ a c y c,5,-22.026637500586897,NA,-Inf,NA,-27.84286977614221,NA,1.303338955612124,NA,1.3030961175258404,NA,1.0029370543066431,NA,1.0029999110352912,NA
9872662,51,l e ʒ ɯ h,5,-21.03897463564812,NA,-30.18402807989924,NA,-29.205404715536854,NA,1.244495155727509,NA,1.2443470199359166,NA,1.0007952166504448,NA,1.0009691836637256,NA
9872662,49,t͡ʃ ø j o ʒ,5,-23.110844320056284,NA,-18.612897025047648,NA,-18.738353722963613,NA,1.1138647273701043,NA,1.1139491411652993,NA,1.0038353772712676,NA,1.0038463961880495,NA
9872662,51,g u h a n,5,-16.986187982608918,NA,-14.003209503389854,NA,-14.037361297492396,NA,1.393585672209114,NA,1.3931455531370758,NA,1.041008945259303,NA,1.0387823974648764,NA
9872662,31,ʃ u ɟ y ɾ,5,-21.957256044240108,NA,-22.499173241968023,NA,-21.920606300134068,NA,1.1847548415426716,NA,1.1846904267614222,NA,1.0053463860468044,NA,1.0052425528526925,NA
9872662,30,ʃ e z u ʒ,5,-20.413361161166105,NA,-21.30607077641668,NA,-21.23961045572301,NA,1.274892670609532,NA,1.2746965965867414,NA,1.0140542779889286,NA,1.0135267325647053,NA
9872662,44,b o p o ʒ,5,-21.602409734503315,NA,-17.33475181640033,NA,-17.45672173398626,NA,1.180862690747296,NA,1.1808313744606571,NA,1.012965315438448,NA,1.01249501576141,NA
9872662,51,v ø l i c,5,-23.521629066683385,NA,-Inf,NA,-33.25997944794797,NA,1.1642026037351003,NA,1.1641922265701674,NA,1.0003260515161396,NA,1.0005235520380404,NA
9872662,36,h a t͡ʃ ø z,5,-19.291182011224596,NA,-16.038256272556517,NA,-16.08294553334273,NA,1.3428697105576248,NA,1.3425540778269385,NA,1.02767606738203,NA,1.026436686056419,NA
9872662,14,z ø ʒ i l,5,-22.936420602528372,NA,-Inf,NA,-24.4772263559713,NA,1.157513007334928,NA,1.157511308073952,NA,1.001760072495694,NA,1.0018712112846873,NA
9872662,53,g ɯ d͡ʒ u ɾ,5,-18.401954124401353,NA,-15.514694512570816,NA,-15.553988277275629,NA,1.2206968713441448,NA,1.2205683468578952,NA,1.0114276001889089,NA,1.0109684044339573,NA
9872662,35,ɫ o m ø s,5,-18.19297547659577,NA,-23.7185910215694,NA,-23.576018053983702,NA,1.1580890131919466,NA,1.1580884043189272,NA,1.006369125718587,NA,1.0062507303895665,NA
9872662,40,b i m y ʒ,5,-19.745708670599832,NA,-17.144470810093683,NA,-17.12870059621924,NA,1.224775815843954,NA,1.224668160873623,NA,1.017560989647938,NA,1.0168496999823045,NA
9872662,28,v e ɟ y ʒ,5,-24.678551245174873,NA,-25.322342225670877,NA,-24.826847868345496,NA,1.2138685991633609,NA,1.2137803225511092,NA,1.0052790884770466,NA,1.0052181146545902,NA
9872662,38,ɟ i ʒ u ʒ,5,-26.631966384151276,NA,-29.991575100561576,NA,-29.47052707287037,NA,1.1312986116566484,NA,1.1313513771126087,NA,1.0003270467676877,NA,1.0005276672406118,NA
9872662,28,g a ɟ i l,5,-21.711665732611312,NA,-21.848897140452937,NA,-21.63415311259603,NA,1.4234248610169082,NA,1.4229631257047886,NA,1.0082939096649637,NA,1.0080627500036243,NA
9872662,48,h a h a ʒ,5,-18.279717885936645,NA,-15.5480561905522,NA,-15.694802669418907,NA,1.5324850375176986,NA,1.5318300917569716,NA,1.049136449025569,NA,1.046733780370724,NA
9872662,69,b u h a ʒ,5,-19.63382263150912,NA,-16.589829009805186,NA,-16.73205715679298,NA,1.3523956399527486,NA,1.3520522834985491,NA,1.021610727156267,NA,1.0206577518516846,NA
9872662,69,b e ʒ a v,5,-18.887323500746025,NA,-19.56906284531509,NA,-19.661279048791737,NA,1.441131755390738,NA,1.4406313873886738,NA,1.018474361069321,NA,1.01766664871558,NA
9872662,63,b o z y z,5,-19.26283358646827,NA,-16.006298136958325,NA,-16.038972563588715,NA,1.2096753412240209,NA,1.2095880258287266,NA,1.011931948070003,NA,1.0115128583515274,NA
9872662,23,t i s ø ɾ,5,-16.6433666420812,NA,-15.288823083741889,NA,-15.32336104232457,NA,1.2934630318516254,NA,1.2932118263382686,NA,1.009196713442622,NA,1.0089195099707884,NA
9872662,76,m y ɾ e ɾ,5,-14.984624734814105,NA,-12.552940803573671,NA,-12.57913149636152,NA,1.489033852575989,NA,1.4884339967257736,NA,1.064327496486173,NA,1.060981828884185,NA
9872662,15,v ɯ c ø c,5,-25.87442309272073,NA,-Inf,NA,-32.19927328021738,NA,1.0761529069919815,NA,1.076304970573472,NA,1.0002707972270364,NA,1.000474478028374,NA
9872662,37,g ɯ ʒ u ʒ,5,-24.04112686624343,NA,-Inf,NA,-24.742720107269367,NA,1.1331254198362304,NA,1.1331750499516993,NA,1.0024913344887347,NA,1.002578336813267,NA
9872662,29,n u l e ɾ,5,-16.7353899896315,NA,-21.8754485295826,NA,-21.502576488019884,NA,1.2814781732006866,NA,1.2812387575669788,NA,1.0164999980354623,NA,1.0157043429334207,NA
9872662,68,k u t ø ɾ,5,-17.142589509814194,NA,-15.653402142063069,NA,-15.691176305475931,NA,1.32230203950961,NA,1.3220007996898406,NA,1.018129501377924,NA,1.0173831055756966,NA
9872662,33,n y n i v,5,-16.875155560146357,NA,-21.870278494630696,NA,-21.860137136995288,NA,1.2901878365226052,NA,1.2899547596023124,NA,1.015590305177985,NA,1.014953753172737,NA
9872662,33,s ø ɾ u ɾ,5,-17.419868282345767,NA,-15.476373057880078,NA,-15.513651402105268,NA,1.3518503805959323,NA,1.3514935705505449,NA,1.0191373454814323,NA,1.0182579368786828,NA
9872662,48,ʃ o ʒ a v,5,-20.47724743734481,NA,-22.61856961138616,NA,-22.667019868719475,NA,1.288367615858368,NA,1.2881315117422223,NA,1.0061232207228026,NA,1.005964640548633,NA
9872662,48,v ø ɟ y m,5,-24.02986774956105,NA,-Inf,NA,-25.69225069164061,NA,1.09995900556369,NA,1.10005431962118,NA,1.002654692924395,NA,1.0027073865105098,NA
9872662,52,n y m ø s,5,-18.304860118330534,NA,-23.800973686763864,NA,-23.65109261672794,NA,1.1731956986207523,NA,1.1731689601736792,NA,1.0049036855497242,NA,1.0048624490342637,NA
9872662,37,k u ɾ i n,5,-14.89701971471122,NA,-12.94195303395921,NA,-12.96493491685879,NA,1.5007331881655468,NA,1.5001135144861943,NA,1.0493627462694506,NA,1.0468268577985411,NA
9872662,36,b ø t͡ʃ u ʒ,5,-23.04040938456597,NA,-22.79008801093924,NA,-22.657649428790645,NA,1.141361768943645,NA,1.1413970478706803,NA,1.0020862604454976,NA,1.0021930802819217,NA
9872662,34,n ɯ c y j,5,-20.443678587627296,NA,-Inf,NA,-28.54826058980769,NA,1.1194433120611658,NA,1.119511701447071,NA,1.0005205875821277,NA,1.0007091769497731,NA
9872662,37,ɟ i ɟ i c,5,-27.327803810976384,NA,-34.544864796093734,NA,-33.39335316750246,NA,1.200631107369301,NA,1.2005578354972886,NA,1.0004350671053688,NA,1.0006268044902862,NA
9872662,72,h a c i z,5,-19.17393398541818,NA,-Inf,NA,-21.131318076779458,NA,1.44361829462378,NA,1.4431184887150887,NA,1.029014126217107,NA,1.027660226668782,NA
9872662,37,d͡ʒ y b a ʒ,5,-20.242830063624115,NA,-19.67879062473088,NA,-19.79752495934659,NA,1.3058041354405645,NA,1.3055414123656015,NA,1.0127232269111113,NA,1.01223747830455,NA
9872662,34,n y m ɯ j,5,-16.9785438270158,NA,-22.43669703100411,NA,-22.421232711240805,NA,1.2136164438653825,NA,1.21351869881907,NA,1.006133848620259,NA,1.0060194361555963,NA
9872662,26,l e ʒ i z,5,-20.353317059019144,NA,-23.404909965851168,NA,-23.138865417442208,NA,1.3100161638106471,NA,1.3097474876247677,NA,1.005750594004306,NA,1.005617778175364,NA
9872662,77,t e ɾ a n,5,-13.154797069130572,NA,-11.724338917087254,NA,-11.742921937601642,NA,1.6505512704719087,NA,1.6496653866651498,NA,1.1099233378103026,NA,1.104018173778758,NA
9872662,39,n u v ø h,5,-19.914181691206203,NA,-Inf,NA,-27.03470635875693,NA,1.1319802610032077,NA,1.1320309822151344,NA,1.0023941627725557,NA,1.0024857126666045,NA
9872662,37,n ɯ ʒ ɯ ʒ,5,-22.414816280194614,NA,-Inf,NA,-30.786845680157285,NA,1.1290677347665397,NA,1.129123492209685,NA,1.0003249566724437,NA,1.0005257916572736,NA
9872662,38,n ɯ c i v,5,-19.93088069637855,NA,-Inf,NA,-29.55229981701376,NA,1.201667544130325,NA,1.201588410921533,NA,1.0018247936466855,NA,1.0019317455664367,NA
9872662,31,b o ʒ a n,5,-18.87907738678704,NA,-15.653898437212243,NA,-15.751763646111796,NA,1.3952268910920227,NA,1.3947842803728532,NA,1.034064398232142,NA,1.0322259545780297,NA
9872662,52,b o ʒ i l,5,-21.431083494530565,NA,-17.705568653800018,NA,-17.83640175391364,NA,1.2532448349058904,NA,1.2530775477498026,NA,1.0092351210095205,NA,1.0089534298645335,NA
9872662,39,ɫ o h u v,5,-18.593599295416848,NA,-24.062385001701756,NA,-23.99927255278523,NA,1.1612070751754773,NA,1.1612039662326097,NA,1.0043702249837334,NA,1.004350345813558,NA
9872662,49,l i l e h,5,-18.919528331099233,NA,-28.0860697294688,NA,-27.46035835823068,NA,1.2245450186213964,NA,1.2244264214977632,NA,1.0031029632868411,NA,1.0031441439625928,NA
9872662,38,n ø t a j,5,-16.60787778582062,NA,-20.729930991692015,NA,-20.69776307610008,NA,1.3204062609894092,NA,1.3201110967426837,NA,1.0202544768288162,NA,1.019299714440256,NA
9872662,36,b u ʒ u z,5,-21.183579400179205,NA,-19.10099770791221,NA,-18.99855357037276,NA,1.1919528697614603,NA,1.191894841679337,NA,1.0090301397771717,NA,1.008755156382551,NA
9872662,40,l i ʒ a v,5,-20.23050859359168,NA,-26.93864092108832,NA,-26.6862720433174,NA,1.2954686251708838,NA,1.2952202250027611,NA,1.005853468543388,NA,1.005709010195803,NA
9872662,36,b e v e ʒ,5,-19.361992708840056,NA,-16.706821942985723,NA,-16.834862117610335,NA,1.3761639224927549,NA,1.3757870363920413,NA,1.0278984680883785,NA,1.0266329792683782,NA
9872662,33,s ø ɾ ø ɾ,5,-18.916248108852137,NA,-17.736643428071496,NA,-17.750937164122824,NA,1.311449218136533,NA,1.3111659441356651,NA,1.006315849424642,NA,1.0061905369137407,NA
9872662,43,b i t͡ʃ ø z,5,-19.756398366120063,NA,-16.19975610039546,NA,-16.23976513062291,NA,1.1837400183652915,NA,1.1836997124750908,NA,1.0128196585784826,NA,1.0123617470711583,NA
9872662,56,h y ʒ o ʒ,5,-24.26036702153048,NA,-23.09409359618359,NA,-22.955847081614372,NA,1.1385613608532974,NA,1.1386035176599465,NA,1.0022002270881678,NA,1.0023005246401142,NA
9872662,39,b y ʒ u ʒ,5,-23.866384100399888,NA,-23.067365963329937,NA,-22.908307977729834,NA,1.1812596797175028,NA,1.1812260558503582,NA,1.0029253067504076,NA,1.0029894710389118,NA
9872571,38,b o p o ʒ,5,-21.602409734503315,NA,-17.33475181640033,NA,-17.45672173398626,NA,1.180862690747296,NA,1.1808313744606571,NA,1.012965315438448,NA,1.01249501576141,NA
9872571,16,n u g u v,5,-18.88780549394557,NA,-23.829955675252805,NA,-23.77692043460571,NA,1.1475726601589815,NA,1.147593398617559,NA,1.002664785337298,NA,1.0027359066125898,NA
9872571,64,h y ʒ o ʒ,5,-24.26036702153048,NA,-23.09409359618359,NA,-22.955847081614372,NA,1.1385613608532974,NA,1.1386035176599465,NA,1.0022002270881678,NA,1.0023005246401142,NA
9872571,88,b o ʒ a n,5,-18.87907738678704,NA,-15.653898437212243,NA,-15.751763646111796,NA,1.3952268910920227,NA,1.3947842803728532,NA,1.034064398232142,NA,1.0322259545780297,NA
9872571,73,b o p ɯ z,5,-18.80572539465341,NA,-15.575160863623148,NA,-15.6123249065678,NA,1.2287916059057706,NA,1.228668657107823,NA,1.014936867151038,NA,1.014349109888668,NA
9872571,15,v ø l i c,5,-23.521629066683385,NA,-Inf,NA,-33.25997944794797,NA,1.1642026037351003,NA,1.1641922265701674,NA,1.0003260515161396,NA,1.0005235520380404,NA
9872571,58,t i k u ɾ,5,-14.757321292630818,NA,-13.776182245400546,NA,-13.797827878122703,NA,1.3425309336547508,NA,1.3421911014635628,NA,1.0178435286691223,NA,1.01704029300458,NA
9872571,26,n ɯ c i v,5,-19.93088069637855,NA,-Inf,NA,-29.55229981701376,NA,1.201667544130325,NA,1.201588410921533,NA,1.0018247936466855,NA,1.0019317455664367,NA
9872571,62,h a h a ʒ,5,-18.279717885936645,NA,-15.5480561905522,NA,-15.694802669418907,NA,1.5324850375176986,NA,1.5318300917569716,NA,1.049136449025569,NA,1.046733780370724,NA
9872571,77,s ø ɾ ɯ ɾ,5,-17.20500131187094,NA,-15.07133366695696,NA,-15.108072623586152,NA,1.3616515088653494,NA,1.3612768593282027,NA,1.0224207245664567,NA,1.021344720223736,NA
9872571,26,j a b u ʒ,5,-19.31027464586884,NA,-18.66177474584945,NA,-18.602207543248568,NA,1.3727688430545328,NA,1.3724036038051812,NA,1.029576112826616,NA,1.02823132533125,NA
9872571,64,s ø ɾ ø ɾ,5,-18.916248108852137,NA,-17.736643428071496,NA,-17.750937164122824,NA,1.311449218136533,NA,1.3111659441356651,NA,1.006315849424642,NA,1.0061905369137407,NA
9872571,16,h a c i z,5,-19.17393398541818,NA,-Inf,NA,-21.131318076779458,NA,1.44361829462378,NA,1.4431184887150887,NA,1.029014126217107,NA,1.027660226668782,NA
9872571,74,n ɯ c y j,5,-20.443678587627296,NA,-Inf,NA,-28.54826058980769,NA,1.1194433120611658,NA,1.119511701447071,NA,1.0005205875821277,NA,1.0007091769497731,NA
9872571,21,b o ʒ i l,5,-21.431083494530565,NA,-17.705568653800018,NA,-17.83640175391364,NA,1.2532448349058904,NA,1.2530775477498026,NA,1.0092351210095205,NA,1.0089534298645335,NA
9872571,51,h a t͡ʃ ø z,5,-19.291182011224596,NA,-16.038256272556517,NA,-16.08294553334273,NA,1.3428697105576248,NA,1.3425540778269385,NA,1.02767606738203,NA,1.026436686056419,NA
9872571,68,g ɯ ʒ u ʒ,5,-24.04112686624343,NA,-Inf,NA,-24.742720107269367,NA,1.1331254198362304,NA,1.1331750499516993,NA,1.0024913344887347,NA,1.002578336813267,NA
9872571,64,b ø t͡ʃ u ʒ,5,-23.04040938456597,NA,-22.79008801093924,NA,-22.657649428790645,NA,1.141361768943645,NA,1.1413970478706803,NA,1.0020862604454976,NA,1.0021930802819217,NA
9872571,61,l i l e h,5,-18.919528331099233,NA,-28.0860697294688,NA,-27.46035835823068,NA,1.2245450186213964,NA,1.2244264214977632,NA,1.0031029632868411,NA,1.0031441439625928,NA
9872571,60,t͡ʃ e ʒ ø z,5,-22.14933769066073,NA,-19.18578744927172,NA,-19.077176117348685,NA,1.222407977281713,NA,1.2223008694112456,NA,1.00686107453606,NA,1.0067163101005072,NA
9872571,65,h y ʒ a ʒ,5,-22.512279354827413,NA,-22.102878518280345,NA,-22.166868313437227,NA,1.3079157400202015,NA,1.3076496470041246,NA,1.0032923482443703,NA,1.0033251342986491,NA
9872571,65,v e ɟ y ʒ,5,-24.678551245174873,NA,-25.322342225670877,NA,-24.826847868345496,NA,1.2138685991633609,NA,1.2137803225511092,NA,1.0052790884770466,NA,1.0052181146545902,NA
9872571,78,d͡ʒ o c i c,5,-23.871817361041813,NA,-Inf,NA,-30.898696726610687,NA,1.1985751556303774,NA,1.1985054370150776,NA,1.000922153764827,NA,1.0010883145531615,NA
9872571,61,l y l i c,5,-22.910768313384416,NA,-Inf,NA,-32.397687831098054,NA,1.203960562382335,NA,1.203881391318237,NA,1.0008711294622858,NA,1.0010398142992691,NA
9872571,64,ɟ ø t͡ʃ e ʒ,5,-25.895838414443286,NA,-Inf,NA,-26.01302387459999,NA,1.140043237235324,NA,1.1400750278451808,NA,1.0022924360788037,NA,1.0023829981607115,NA
9872571,65,h a ʒ u z,5,-19.829474654606734,NA,-17.11965647191572,NA,-17.218070915836304,NA,1.3720422673264103,NA,1.3716726499377587,NA,1.0259268416966203,NA,1.0247640708076309,NA
9872571,18,b i ɟ i ʒ,5,-23.15230334260776,NA,-24.915909991588407,NA,-24.35353692250794,NA,1.266203336252664,NA,1.2660164134332708,NA,1.012035144436651,NA,1.0116199754960176,NA
9872571,18,ɟ e j o ʒ,5,-23.913791342449223,NA,-Inf,NA,-24.87491275380586,NA,1.2374689664526486,NA,1.2373395107029062,NA,1.0110946677328192,NA,1.010721436984636,NA
9872571,65,ɫ a c e c,5,-20.652231711132256,NA,-Inf,NA,-27.899065041129965,NA,1.386819495813845,NA,1.3864247108936807,NA,1.0035239470356945,NA,1.00355006691279,NA
9872571,66,z a ʒ o ʒ,5,-22.39965586755501,NA,-21.87536781165056,NA,-21.900778541508014,NA,1.3043020941229309,NA,1.3040574801062963,NA,1.0045825459876734,NA,1.004557699117261,NA
9872571,68,j o c ø f,5,-23.34087968343175,NA,-Inf,NA,-24.211050554951704,NA,1.1207079699595697,NA,1.1207782546784186,NA,1.0033803356801,NA,1.003419297076754,NA
9872571,15,t i s ø ɾ,5,-16.6433666420812,NA,-15.288823083741889,NA,-15.32336104232457,NA,1.2934630318516254,NA,1.2932118263382686,NA,1.009196713442622,NA,1.0089195099707884,NA
9872571,62,b e v e ʒ,5,-19.361992708840056,NA,-16.706821942985723,NA,-16.834862117610335,NA,1.3761639224927549,NA,1.3757870363920413,NA,1.0278984680883785,NA,1.0266329792683782,NA
9872571,60,n ɯ ʒ ɯ ʒ,5,-22.414816280194614,NA,-Inf,NA,-30.786845680157285,NA,1.1290677347665397,NA,1.129123492209685,NA,1.0003249566724437,NA,1.0005257916572736,NA
9872571,92,m y d͡ʒ u z,5,-18.768087972695568,NA,-15.447888818271592,NA,-15.47911401039972,NA,1.2404912354404627,NA,1.2403491166587477,NA,1.0319024111948645,NA,1.0304219098064595,NA
9872571,81,n ø t a j,5,-16.60787778582062,NA,-20.729930991692015,NA,-20.69776307610008,NA,1.3204062609894092,NA,1.3201110967426837,NA,1.0202544768288162,NA,1.019299714440256,NA
9872571,57,b i m y ʒ,5,-19.745708670599832,NA,-17.144470810093683,NA,-17.12870059621924,NA,1.224775815843954,NA,1.224668160873623,NA,1.017560989647938,NA,1.0168496999823045,NA
9872571,21,d͡ʒ y b a ʒ,5,-20.242830063624115,NA,-19.67879062473088,NA,-19.79752495934659,NA,1.3058041354405645,NA,1.3055414123656015,NA,1.0127232269111113,NA,1.01223747830455,NA
9872571,15,g ɯ d͡ʒ i n,5,-17.765150906217194,NA,-14.572887378272108,NA,-14.613885458742647,NA,1.288193771309351,NA,1.2879431620866866,NA,1.019118781821044,NA,1.0181985618821732,NA
9872571,63,t͡ʃ ø j o ʒ,5,-23.110844320056284,NA,-18.612897025047648,NA,-18.738353722963613,NA,1.1138647273701043,NA,1.1139491411652993,NA,1.0038353772712676,NA,1.0038463961880495,NA
9872571,67,n e m ø h,5,-17.63893282018263,NA,-23.558108707134007,NA,-23.245886540663424,NA,1.2573677552147065,NA,1.2572013402029647,NA,1.0157239137890697,NA,1.015111998046541,NA
9872571,61,z a ʒ ɯ ʒ,5,-21.998094155474003,NA,-Inf,NA,-26.305727027014363,NA,1.3354719613518329,NA,1.3351706136026844,NA,1.0043869150779896,NA,1.0043743138247614,NA
9872571,62,ɟ e ɟ i c,5,-27.129968484650533,NA,-Inf,NA,-33.995918426500694,NA,1.286798785012282,NA,1.286576434113205,NA,1.0004350671053688,NA,1.0006268044902862,NA
9872571,67,ɟ i ʒ u ʒ,5,-26.631966384151276,NA,-29.991575100561576,NA,-29.47052707287037,NA,1.1312986116566484,NA,1.1313513771126087,NA,1.0003270467676877,NA,1.0005276672406118,NA
9872571,17,b e ʒ a v,5,-18.887323500746025,NA,-19.56906284531509,NA,-19.661279048791737,NA,1.441131755390738,NA,1.4406313873886738,NA,1.018474361069321,NA,1.01766664871558,NA
9872571,86,n u l e ɾ,5,-16.7353899896315,NA,-21.8754485295826,NA,-21.502576488019884,NA,1.2814781732006866,NA,1.2812387575669788,NA,1.0164999980354623,NA,1.0157043429334207,NA
9872571,15,g a ɟ i l,5,-21.711665732611312,NA,-21.848897140452937,NA,-21.63415311259603,NA,1.4234248610169082,NA,1.4229631257047886,NA,1.0082939096649637,NA,1.0080627500036243,NA
9872571,62,b a ɟ ø ʒ,5,-24.86506702537125,NA,-Inf,NA,-23.420803652697536,NA,1.3358300822798563,NA,1.335532677648985,NA,1.0206378838430394,NA,1.0197712158697192,NA
9872571,65,b u h a ʒ,5,-19.63382263150912,NA,-16.589829009805186,NA,-16.73205715679298,NA,1.3523956399527486,NA,1.3520522834985491,NA,1.021610727156267,NA,1.0206577518516846,NA
9872571,63,l e ʒ ɯ h,5,-21.03897463564812,NA,-30.18402807989924,NA,-29.205404715536854,NA,1.244495155727509,NA,1.2443470199359166,NA,1.0007952166504448,NA,1.0009691836637256,NA
9872571,71,v ɯ ʒ a ʒ,5,-22.349954898140567,NA,-Inf,NA,-25.81550837135159,NA,1.2641123593074002,NA,1.2639220306428625,NA,1.0015585492929229,NA,1.0016824729794085,NA
9872571,68,ɟ i ʒ o ʒ,5,-26.818661125757455,NA,-29.39941525084724,NA,-28.902870287169502,NA,1.1099298726971636,NA,1.110021532393878,NA,1.0005226776773717,NA,1.000711052533111,NA
9872571,90,ʃ u ɟ y ɾ,5,-21.957256044240108,NA,-22.499173241968023,NA,-21.920606300134068,NA,1.1847548415426716,NA,1.1846904267614222,NA,1.0053463860468044,NA,1.0052425528526925,NA
9872571,68,l i ʒ a v,5,-20.23050859359168,NA,-26.93864092108832,NA,-26.6862720433174,NA,1.2954686251708838,NA,1.2952202250027611,NA,1.005853468543388,NA,1.005709010195803,NA
9872571,73,k u t ø ɾ,5,-17.142589509814194,NA,-15.653402142063069,NA,-15.691176305475931,NA,1.32230203950961,NA,1.3220007996898406,NA,1.018129501377924,NA,1.0173831055756966,NA
9872571,78,g u h a n,5,-16.986187982608918,NA,-14.003209503389854,NA,-14.037361297492396,NA,1.393585672209114,NA,1.3931455531370758,NA,1.041008945259303,NA,1.0387823974648764,NA
9872571,77,b u ʒ u z,5,-21.183579400179205,NA,-19.10099770791221,NA,-18.99855357037276,NA,1.1919528697614603,NA,1.191894841679337,NA,1.0090301397771717,NA,1.008755156382551,NA
9872571,66,b ɯ d a ʒ,5,-19.12602055601626,NA,-20.08567575275351,NA,-20.179115494716157,NA,1.3411283852127902,NA,1.3408045259119057,NA,1.0103448182681387,NA,1.0099894506104767,NA
9872571,74,l e ʒ i z,5,-20.353317059019144,NA,-23.404909965851168,NA,-23.138865417442208,NA,1.3100161638106471,NA,1.3097474876247677,NA,1.005750594004306,NA,1.005617778175364,NA
9872571,77,ʃ o ʒ a v,5,-20.47724743734481,NA,-22.61856961138616,NA,-22.667019868719475,NA,1.288367615858368,NA,1.2881315117422223,NA,1.0061232207228026,NA,1.005964640548633,NA
9872571,14,m y ɾ e ɾ,5,-14.984624734814105,NA,-12.552940803573671,NA,-12.57913149636152,NA,1.489033852575989,NA,1.4884339967257736,NA,1.064327496486173,NA,1.060981828884185,NA
9872571,67,b y ʒ u ʒ,5,-23.866384100399888,NA,-23.067365963329937,NA,-22.908307977729834,NA,1.1812596797175028,NA,1.1812260558503582,NA,1.0029253067504076,NA,1.0029894710389118,NA
9872571,65,n y n i v,5,-16.875155560146357,NA,-21.870278494630696,NA,-21.860137136995288,NA,1.2901878365226052,NA,1.2899547596023124,NA,1.015590305177985,NA,1.014953753172737,NA
9872571,68,b o z y z,5,-19.26283358646827,NA,-16.006298136958325,NA,-16.038972563588715,NA,1.2096753412240209,NA,1.2095880258287266,NA,1.011931948070003,NA,1.0115128583515274,NA
9872571,72,v ø ɟ y m,5,-24.02986774956105,NA,-Inf,NA,-25.69225069164061,NA,1.09995900556369,NA,1.10005431962118,NA,1.002654692924395,NA,1.0027073865105098,NA
9872571,65,t͡ʃ i d͡ʒ ɯ t͡ʃ,5,-18.934215266206888,NA,-18.007434786889252,NA,-18.031020698229675,NA,1.1892406476791797,NA,1.1891896194854592,NA,1.007346548615294,NA,1.007170341171165,NA
9872571,63,n y m ɯ j,5,-16.9785438270158,NA,-22.43669703100411,NA,-22.421232711240805,NA,1.2136164438653825,NA,1.21351869881907,NA,1.006133848620259,NA,1.0060194361555963,NA
9872571,64,b i t͡ʃ ø z,5,-19.756398366120063,NA,-16.19975610039546,NA,-16.23976513062291,NA,1.1837400183652915,NA,1.1836997124750908,NA,1.0128196585784826,NA,1.0123617470711583,NA
9872571,62,n u d͡ʒ o h,5,-18.585597379729464,NA,-24.726458930397825,NA,-24.61717125138857,NA,1.1330251122802943,NA,1.1330725118708005,NA,1.001474956791939,NA,1.001614712938203,NA
9872571,65,t͡ʃ e ʒ u ʒ,5,-23.048080491923255,NA,-22.073070829734753,NA,-22.06130764515632,NA,1.2460500918115391,NA,1.2459043466753474,NA,1.0066654436263762,NA,1.0065329248080075,NA
9872571,65,n ɯ v ø c,5,-22.316148913561925,NA,-Inf,NA,-30.445293983702243,NA,1.1084544645079504,NA,1.1085503214476562,NA,1.001905682716268,NA,1.0020229522148367,NA
9872571,63,n u ʒ ɯ h,5,-20.24619677932734,NA,-27.810791659163197,NA,-27.023579690957725,NA,1.1518762179262898,NA,1.1518883333637062,NA,1.0010090676384151,NA,1.0011719374015406,NA
9872571,65,v ø l ø h,5,-23.290063091036213,NA,-Inf,NA,-32.28412824653789,NA,1.0659556661882257,NA,1.066120812453014,NA,1,1,1.0002179098838746,1
9872571,68,ʃ e z u ʒ,5,-20.413361161166105,NA,-21.30607077641668,NA,-21.23961045572301,NA,1.274892670609532,NA,1.2746965965867414,NA,1.0140542779889286,NA,1.0135267325647053,NA
9872571,66,ɫ o h u v,5,-18.593599295416848,NA,-24.062385001701756,NA,-23.99927255278523,NA,1.1612070751754773,NA,1.1612039662326097,NA,1.0043702249837334,NA,1.004350345813558,NA
9872571,65,k u ɾ i n,5,-14.89701971471122,NA,-12.94195303395921,NA,-12.96493491685879,NA,1.5007331881655468,NA,1.5001135144861943,NA,1.0493627462694506,NA,1.0468268577985411,NA
9872571,69,m y ɟ y z,5,-22.469309252839896,NA,-20.420586661988004,NA,-19.572854959613927,NA,1.207846762933068,NA,1.2077630593896518,NA,1.027561468749568,NA,1.0263250935198331,NA
9872571,71,ɟ i ɟ i c,5,-27.327803810976384,NA,-34.544864796093734,NA,-33.39335316750246,NA,1.200631107369301,NA,1.2005578354972886,NA,1.0004350671053688,NA,1.0006268044902862,NA
9872571,59,g ɯ ɟ e ʒ,5,-24.30578124525424,NA,-Inf,NA,-24.815598505272497,NA,1.196280249113463,NA,1.1962148980539262,NA,1.002806683496261,NA,1.0028744767627225,NA
9872571,65,h ø ʃ a ʒ,5,-21.446707936005243,NA,-21.13827944442946,NA,-21.18485938345635,NA,1.2838250896845864,NA,1.2836003756660834,NA,1.0078943784157934,NA,1.007671292277256,NA
9872571,65,g ɯ d͡ʒ u ɾ,5,-18.401954124401353,NA,-15.514694512570816,NA,-15.553988277275629,NA,1.2206968713441448,NA,1.2205683468578952,NA,1.0114276001889089,NA,1.0109684044339573,NA
9872571,25,b o ʒ u ɾ,5,-20.188385139391087,NA,-16.322503633728758,NA,-16.394241238881506,NA,1.250175714529859,NA,1.249996348711549,NA,1.0147786024753525,NA,1.0141465127170373,NA
9872571,19,n u c i v,5,-20.145747666853374,NA,-Inf,NA,-28.879295751792085,NA,1.2126077521025955,NA,1.2125096911983495,NA,1.0022042581137438,NA,1.0022912535659585,NA
9872571,63,z ø ʒ i l,5,-22.936420602528372,NA,-Inf,NA,-24.4772263559713,NA,1.157513007334928,NA,1.157511308073952,NA,1.001760072495694,NA,1.0018712112846873,NA
9872571,79,m y ʒ ø z,5,-22.32662891088082,NA,-18.58658519622501,NA,-18.33479718703259,NA,1.187771311398157,NA,1.1877241782403851,NA,1.027167731420923,NA,1.0259561075629384,NA
9872571,71,n y m ø s,5,-18.304860118330534,NA,-23.800973686763864,NA,-23.65109261672794,NA,1.1731956986207523,NA,1.1731689601736792,NA,1.0049036855497242,NA,1.0048624490342637,NA
9872571,23,v ɯ c ø c,5,-25.87442309272073,NA,-Inf,NA,-32.19927328021738,NA,1.0761529069919815,NA,1.076304970573472,NA,1.0002707972270364,NA,1.000474478028374,NA
9872571,63,s ø ɾ u ɾ,5,-17.419868282345767,NA,-15.476373057880078,NA,-15.513651402105268,NA,1.3518503805959323,NA,1.3514935705505449,NA,1.0191373454814323,NA,1.0182579368786828,NA
9872571,25,ɫ o h e s,5,-16.45817250086749,NA,-21.317120361286086,NA,-21.272071082039435,NA,1.2426762924026875,NA,1.24252019486607,NA,1.009570595243294,NA,1.0092260466145833,NA
9872571,72,l i g a v,5,-18.317025751495315,NA,-24.901990127973495,NA,-24.64460050717379,NA,1.3020095605246391,NA,1.3017497711993005,NA,1.0094632673533137,NA,1.0091216418905589,NA
9872571,67,t e ɾ a n,5,-13.154797069130572,NA,-11.724338917087254,NA,-11.742921937601642,NA,1.6505512704719087,NA,1.6496653866651498,NA,1.1099233378103026,NA,1.104018173778758,NA
9872571,69,n u v ø h,5,-19.914181691206203,NA,-Inf,NA,-27.03470635875693,NA,1.1319802610032077,NA,1.1320309822151344,NA,1.0023941627725557,NA,1.0024857126666045,NA
9872571,71,ɫ o m ø s,5,-18.19297547659577,NA,-23.7185910215694,NA,-23.576018053983702,NA,1.1580890131919466,NA,1.1580884043189272,NA,1.006369125718587,NA,1.0062507303895665,NA
9872571,67,ɫ a c y c,5,-22.026637500586897,NA,-Inf,NA,-27.84286977614221,NA,1.303338955612124,NA,1.3030961175258404,NA,1.0029370543066431,NA,1.0029999110352912,NA
9872571,70,ɫ a t a j,5,-13.539207723328191,NA,-16.70963205807083,NA,-16.722833062461532,NA,1.5581158667217818,NA,1.5574094336214954,NA,1.0364821239096451,NA,1.0346702629498348,NA
9872571,75,k ɯ k o n,5,-15.853117021089924,NA,-12.795133988211877,NA,-12.823178946592495,NA,1.321191395011316,NA,1.3208914663733455,NA,1.0259375020257335,NA,1.0247328374892803,NA
9872467,37,b i t͡ʃ ø z,5,-19.756398366120063,NA,-16.19975610039546,NA,-16.23976513062291,NA,1.1837400183652915,NA,1.1836997124750908,NA,1.0128196585784826,NA,1.0123617470711583,NA
9872467,22,n ɯ c y j,5,-20.443678587627296,NA,-Inf,NA,-28.54826058980769,NA,1.1194433120611658,NA,1.119511701447071,NA,1.0005205875821277,NA,1.0007091769497731,NA
9872467,62,n ø t a j,5,-16.60787778582062,NA,-20.729930991692015,NA,-20.69776307610008,NA,1.3204062609894092,NA,1.3201110967426837,NA,1.0202544768288162,NA,1.019299714440256,NA
9872467,19,l e ʒ i z,5,-20.353317059019144,NA,-23.404909965851168,NA,-23.138865417442208,NA,1.3100161638106471,NA,1.3097474876247677,NA,1.005750594004306,NA,1.005617778175364,NA
9872467,28,b e ʒ a v,5,-18.887323500746025,NA,-19.56906284531509,NA,-19.661279048791737,NA,1.441131755390738,NA,1.4406313873886738,NA,1.018474361069321,NA,1.01766664871558,NA
9872467,64,ɟ e j o ʒ,5,-23.913791342449223,NA,-Inf,NA,-24.87491275380586,NA,1.2374689664526486,NA,1.2373395107029062,NA,1.0110946677328192,NA,1.010721436984636,NA
9872467,74,ɟ i ʒ u ʒ,5,-26.631966384151276,NA,-29.991575100561576,NA,-29.47052707287037,NA,1.1312986116566484,NA,1.1313513771126087,NA,1.0003270467676877,NA,1.0005276672406118,NA
9872467,29,n u c i v,5,-20.145747666853374,NA,-Inf,NA,-28.879295751792085,NA,1.2126077521025955,NA,1.2125096911983495,NA,1.0022042581137438,NA,1.0022912535659585,NA
9872467,31,n ɯ c i v,5,-19.93088069637855,NA,-Inf,NA,-29.55229981701376,NA,1.201667544130325,NA,1.201588410921533,NA,1.0018247936466855,NA,1.0019317455664367,NA
9872467,20,h a ʒ u z,5,-19.829474654606734,NA,-17.11965647191572,NA,-17.218070915836304,NA,1.3720422673264103,NA,1.3716726499377587,NA,1.0259268416966203,NA,1.0247640708076309,NA
9872467,71,j o c ø f,5,-23.34087968343175,NA,-Inf,NA,-24.211050554951704,NA,1.1207079699595697,NA,1.1207782546784186,NA,1.0033803356801,NA,1.003419297076754,NA
9872467,31,b i m y ʒ,5,-19.745708670599832,NA,-17.144470810093683,NA,-17.12870059621924,NA,1.224775815843954,NA,1.224668160873623,NA,1.017560989647938,NA,1.0168496999823045,NA
9872467,63,n u l e ɾ,5,-16.7353899896315,NA,-21.8754485295826,NA,-21.502576488019884,NA,1.2814781732006866,NA,1.2812387575669788,NA,1.0164999980354623,NA,1.0157043429334207,NA
9872467,62,t͡ʃ e ʒ u ʒ,5,-23.048080491923255,NA,-22.073070829734753,NA,-22.06130764515632,NA,1.2460500918115391,NA,1.2459043466753474,NA,1.0066654436263762,NA,1.0065329248080075,NA
9872467,76,k u t ø ɾ,5,-17.142589509814194,NA,-15.653402142063069,NA,-15.691176305475931,NA,1.32230203950961,NA,1.3220007996898406,NA,1.018129501377924,NA,1.0173831055756966,NA
9872467,77,z a ʒ o ʒ,5,-22.39965586755501,NA,-21.87536781165056,NA,-21.900778541508014,NA,1.3043020941229309,NA,1.3040574801062963,NA,1.0045825459876734,NA,1.004557699117261,NA
9872467,62,b o ʒ i l,5,-21.431083494530565,NA,-17.705568653800018,NA,-17.83640175391364,NA,1.2532448349058904,NA,1.2530775477498026,NA,1.0092351210095205,NA,1.0089534298645335,NA
9872467,63,b i ɟ i ʒ,5,-23.15230334260776,NA,-24.915909991588407,NA,-24.35353692250794,NA,1.266203336252664,NA,1.2660164134332708,NA,1.012035144436651,NA,1.0116199754960176,NA
9872467,56,ɟ ø t͡ʃ e ʒ,5,-25.895838414443286,NA,-Inf,NA,-26.01302387459999,NA,1.140043237235324,NA,1.1400750278451808,NA,1.0022924360788037,NA,1.0023829981607115,NA
9872467,79,ɫ a t a j,5,-13.539207723328191,NA,-16.70963205807083,NA,-16.722833062461532,NA,1.5581158667217818,NA,1.5574094336214954,NA,1.0364821239096451,NA,1.0346702629498348,NA
9872467,73,n u g u v,5,-18.88780549394557,NA,-23.829955675252805,NA,-23.77692043460571,NA,1.1475726601589815,NA,1.147593398617559,NA,1.002664785337298,NA,1.0027359066125898,NA
9872467,24,v ɯ c ø c,5,-25.87442309272073,NA,-Inf,NA,-32.19927328021738,NA,1.0761529069919815,NA,1.076304970573472,NA,1.0002707972270364,NA,1.000474478028374,NA
9872467,61,t͡ʃ i d͡ʒ ɯ t͡ʃ,5,-18.934215266206888,NA,-18.007434786889252,NA,-18.031020698229675,NA,1.1892406476791797,NA,1.1891896194854592,NA,1.007346548615294,NA,1.007170341171165,NA
9872467,61,v ø l i c,5,-23.521629066683385,NA,-Inf,NA,-33.25997944794797,NA,1.1642026037351003,NA,1.1641922265701674,NA,1.0003260515161396,NA,1.0005235520380404,NA
9872467,58,n ɯ v ø c,5,-22.316148913561925,NA,-Inf,NA,-30.445293983702243,NA,1.1084544645079504,NA,1.1085503214476562,NA,1.001905682716268,NA,1.0020229522148367,NA
9872467,75,b o p o ʒ,5,-21.602409734503315,NA,-17.33475181640033,NA,-17.45672173398626,NA,1.180862690747296,NA,1.1808313744606571,NA,1.012965315438448,NA,1.01249501576141,NA
9872467,77,n y m ɯ j,5,-16.9785438270158,NA,-22.43669703100411,NA,-22.421232711240805,NA,1.2136164438653825,NA,1.21351869881907,NA,1.006133848620259,NA,1.0060194361555963,NA
9872467,31,b ɯ d a ʒ,5,-19.12602055601626,NA,-20.08567575275351,NA,-20.179115494716157,NA,1.3411283852127902,NA,1.3408045259119057,NA,1.0103448182681387,NA,1.0099894506104767,NA
9872467,65,s ø ɾ u ɾ,5,-17.419868282345767,NA,-15.476373057880078,NA,-15.513651402105268,NA,1.3518503805959323,NA,1.3514935705505449,NA,1.0191373454814323,NA,1.0182579368786828,NA
9872467,81,m y ɟ y z,5,-22.469309252839896,NA,-20.420586661988004,NA,-19.572854959613927,NA,1.207846762933068,NA,1.2077630593896518,NA,1.027561468749568,NA,1.0263250935198331,NA
9872467,36,g a ɟ i l,5,-21.711665732611312,NA,-21.848897140452937,NA,-21.63415311259603,NA,1.4234248610169082,NA,1.4229631257047886,NA,1.0082939096649637,NA,1.0080627500036243,NA
9872467,71,z ø ʒ i l,5,-22.936420602528372,NA,-Inf,NA,-24.4772263559713,NA,1.157513007334928,NA,1.157511308073952,NA,1.001760072495694,NA,1.0018712112846873,NA
9872467,69,v e ɟ y ʒ,5,-24.678551245174873,NA,-25.322342225670877,NA,-24.826847868345496,NA,1.2138685991633609,NA,1.2137803225511092,NA,1.0052790884770466,NA,1.0052181146545902,NA
9872467,81,n ɯ ʒ ɯ ʒ,5,-22.414816280194614,NA,-Inf,NA,-30.786845680157285,NA,1.1290677347665397,NA,1.129123492209685,NA,1.0003249566724437,NA,1.0005257916572736,NA
9872467,68,l y l i c,5,-22.910768313384416,NA,-Inf,NA,-32.397687831098054,NA,1.203960562382335,NA,1.203881391318237,NA,1.0008711294622858,NA,1.0010398142992691,NA
9872467,29,g u h a n,5,-16.986187982608918,NA,-14.003209503389854,NA,-14.037361297492396,NA,1.393585672209114,NA,1.3931455531370758,NA,1.041008945259303,NA,1.0387823974648764,NA
9872467,24,ɫ a c e c,5,-20.652231711132256,NA,-Inf,NA,-27.899065041129965,NA,1.386819495813845,NA,1.3864247108936807,NA,1.0035239470356945,NA,1.00355006691279,NA
9872467,80,ʃ o ʒ a v,5,-20.47724743734481,NA,-22.61856961138616,NA,-22.667019868719475,NA,1.288367615858368,NA,1.2881315117422223,NA,1.0061232207228026,NA,1.005964640548633,NA
9872467,30,b ø t͡ʃ u ʒ,5,-23.04040938456597,NA,-22.79008801093924,NA,-22.657649428790645,NA,1.141361768943645,NA,1.1413970478706803,NA,1.0020862604454976,NA,1.0021930802819217,NA
9872467,46,b a ɟ ø ʒ,5,-24.86506702537125,NA,-Inf,NA,-23.420803652697536,NA,1.3358300822798563,NA,1.335532677648985,NA,1.0206378838430394,NA,1.0197712158697192,NA
9872467,68,n e m ø h,5,-17.63893282018263,NA,-23.558108707134007,NA,-23.245886540663424,NA,1.2573677552147065,NA,1.2572013402029647,NA,1.0157239137890697,NA,1.015111998046541,NA
9872467,65,s ø ɾ ø ɾ,5,-18.916248108852137,NA,-17.736643428071496,NA,-17.750937164122824,NA,1.311449218136533,NA,1.3111659441356651,NA,1.006315849424642,NA,1.0061905369137407,NA
9872467,33,h a c i z,5,-19.17393398541818,NA,-Inf,NA,-21.131318076779458,NA,1.44361829462378,NA,1.4431184887150887,NA,1.029014126217107,NA,1.027660226668782,NA
9872467,21,l i l e h,5,-18.919528331099233,NA,-28.0860697294688,NA,-27.46035835823068,NA,1.2245450186213964,NA,1.2244264214977632,NA,1.0031029632868411,NA,1.0031441439625928,NA
9872467,38,b o p ɯ z,5,-18.80572539465341,NA,-15.575160863623148,NA,-15.6123249065678,NA,1.2287916059057706,NA,1.228668657107823,NA,1.014936867151038,NA,1.014349109888668,NA
9872467,76,v ø ɟ y m,5,-24.02986774956105,NA,-Inf,NA,-25.69225069164061,NA,1.09995900556369,NA,1.10005431962118,NA,1.002654692924395,NA,1.0027073865105098,NA
9872467,33,b e v e ʒ,5,-19.361992708840056,NA,-16.706821942985723,NA,-16.834862117610335,NA,1.3761639224927549,NA,1.3757870363920413,NA,1.0278984680883785,NA,1.0266329792683782,NA
9872467,66,t i s ø ɾ,5,-16.6433666420812,NA,-15.288823083741889,NA,-15.32336104232457,NA,1.2934630318516254,NA,1.2932118263382686,NA,1.009196713442622,NA,1.0089195099707884,NA
9872467,25,g ɯ ɟ e ʒ,5,-24.30578124525424,NA,-Inf,NA,-24.815598505272497,NA,1.196280249113463,NA,1.1962148980539262,NA,1.002806683496261,NA,1.0028744767627225,NA
9872467,32,g ɯ ʒ u ʒ,5,-24.04112686624343,NA,-Inf,NA,-24.742720107269367,NA,1.1331254198362304,NA,1.1331750499516993,NA,1.0024913344887347,NA,1.002578336813267,NA
9872467,33,z a ʒ ɯ ʒ,5,-21.998094155474003,NA,-Inf,NA,-26.305727027014363,NA,1.3354719613518329,NA,1.3351706136026844,NA,1.0043869150779896,NA,1.0043743138247614,NA
9872467,10,b u h a ʒ,5,-19.63382263150912,NA,-16.589829009805186,NA,-16.73205715679298,NA,1.3523956399527486,NA,1.3520522834985491,NA,1.021610727156267,NA,1.0206577518516846,NA
9872467,67,ɫ o m ø s,5,-18.19297547659577,NA,-23.7185910215694,NA,-23.576018053983702,NA,1.1580890131919466,NA,1.1580884043189272,NA,1.006369125718587,NA,1.0062507303895665,NA
9872467,69,v ɯ ʒ a ʒ,5,-22.349954898140567,NA,-Inf,NA,-25.81550837135159,NA,1.2641123593074002,NA,1.2639220306428625,NA,1.0015585492929229,NA,1.0016824729794085,NA
9872467,33,s ø ɾ ɯ ɾ,5,-17.20500131187094,NA,-15.07133366695696,NA,-15.108072623586152,NA,1.3616515088653494,NA,1.3612768593282027,NA,1.0224207245664567,NA,1.021344720223736,NA
9872467,28,b u ʒ u z,5,-21.183579400179205,NA,-19.10099770791221,NA,-18.99855357037276,NA,1.1919528697614603,NA,1.191894841679337,NA,1.0090301397771717,NA,1.008755156382551,NA
9872467,70,ʃ u ɟ y ɾ,5,-21.957256044240108,NA,-22.499173241968023,NA,-21.920606300134068,NA,1.1847548415426716,NA,1.1846904267614222,NA,1.0053463860468044,NA,1.0052425528526925,NA
9872467,21,ɫ o h u v,5,-18.593599295416848,NA,-24.062385001701756,NA,-23.99927255278523,NA,1.1612070751754773,NA,1.1612039662326097,NA,1.0043702249837334,NA,1.004350345813558,NA
9872467,23,ɟ e ɟ i c,5,-27.129968484650533,NA,-Inf,NA,-33.995918426500694,NA,1.286798785012282,NA,1.286576434113205,NA,1.0004350671053688,NA,1.0006268044902862,NA
9872467,57,h ø ʃ a ʒ,5,-21.446707936005243,NA,-21.13827944442946,NA,-21.18485938345635,NA,1.2838250896845864,NA,1.2836003756660834,NA,1.0078943784157934,NA,1.007671292277256,NA
9872467,30,g ɯ d͡ʒ i n,5,-17.765150906217194,NA,-14.572887378272108,NA,-14.613885458742647,NA,1.288193771309351,NA,1.2879431620866866,NA,1.019118781821044,NA,1.0181985618821732,NA
9872467,69,t i k u ɾ,5,-14.757321292630818,NA,-13.776182245400546,NA,-13.797827878122703,NA,1.3425309336547508,NA,1.3421911014635628,NA,1.0178435286691223,NA,1.01704029300458,NA
9872467,76,ʃ e z u ʒ,5,-20.413361161166105,NA,-21.30607077641668,NA,-21.23961045572301,NA,1.274892670609532,NA,1.2746965965867414,NA,1.0140542779889286,NA,1.0135267325647053,NA
9872467,58,h a t͡ʃ ø z,5,-19.291182011224596,NA,-16.038256272556517,NA,-16.08294553334273,NA,1.3428697105576248,NA,1.3425540778269385,NA,1.02767606738203,NA,1.026436686056419,NA
9872467,25,ɫ a c y c,5,-22.026637500586897,NA,-Inf,NA,-27.84286977614221,NA,1.303338955612124,NA,1.3030961175258404,NA,1.0029370543066431,NA,1.0029999110352912,NA
9872467,22,l e ʒ ɯ h,5,-21.03897463564812,NA,-30.18402807989924,NA,-29.205404715536854,NA,1.244495155727509,NA,1.2443470199359166,NA,1.0007952166504448,NA,1.0009691836637256,NA
9872467,70,h a h a ʒ,5,-18.279717885936645,NA,-15.5480561905522,NA,-15.694802669418907,NA,1.5324850375176986,NA,1.5318300917569716,NA,1.049136449025569,NA,1.046733780370724,NA
9872467,72,n u v ø h,5,-19.914181691206203,NA,-Inf,NA,-27.03470635875693,NA,1.1319802610032077,NA,1.1320309822151344,NA,1.0023941627725557,NA,1.0024857126666045,NA
9872467,37,ɟ i ɟ i c,5,-27.327803810976384,NA,-34.544864796093734,NA,-33.39335316750246,NA,1.200631107369301,NA,1.2005578354972886,NA,1.0004350671053688,NA,1.0006268044902862,NA
9872467,29,b y ʒ u ʒ,5,-23.866384100399888,NA,-23.067365963329937,NA,-22.908307977729834,NA,1.1812596797175028,NA,1.1812260558503582,NA,1.0029253067504076,NA,1.0029894710389118,NA
9872467,59,d͡ʒ y b a ʒ,5,-20.242830063624115,NA,-19.67879062473088,NA,-19.79752495934659,NA,1.3058041354405645,NA,1.3055414123656015,NA,1.0127232269111113,NA,1.01223747830455,NA
9872467,64,v ø l ø h,5,-23.290063091036213,NA,-Inf,NA,-32.28412824653789,NA,1.0659556661882257,NA,1.066120812453014,NA,1,1,1.0002179098838746,1
9872467,71,n u ʒ ɯ h,5,-20.24619677932734,NA,-27.810791659163197,NA,-27.023579690957725,NA,1.1518762179262898,NA,1.1518883333637062,NA,1.0010090676384151,NA,1.0011719374015406,NA
9872467,71,k u ɾ i n,5,-14.89701971471122,NA,-12.94195303395921,NA,-12.96493491685879,NA,1.5007331881655468,NA,1.5001135144861943,NA,1.0493627462694506,NA,1.0468268577985411,NA
9872467,85,m y ʒ ø z,5,-22.32662891088082,NA,-18.58658519622501,NA,-18.33479718703259,NA,1.187771311398157,NA,1.1877241782403851,NA,1.027167731420923,NA,1.0259561075629384,NA
9872467,74,m y ɾ e ɾ,5,-14.984624734814105,NA,-12.552940803573671,NA,-12.57913149636152,NA,1.489033852575989,NA,1.4884339967257736,NA,1.064327496486173,NA,1.060981828884185,NA
9872467,25,b o ʒ a n,5,-18.87907738678704,NA,-15.653898437212243,NA,-15.751763646111796,NA,1.3952268910920227,NA,1.3947842803728532,NA,1.034064398232142,NA,1.0322259545780297,NA
9872467,78,m y d͡ʒ u z,5,-18.768087972695568,NA,-15.447888818271592,NA,-15.47911401039972,NA,1.2404912354404627,NA,1.2403491166587477,NA,1.0319024111948645,NA,1.0304219098064595,NA
9872467,64,l i ʒ a v,5,-20.23050859359168,NA,-26.93864092108832,NA,-26.6862720433174,NA,1.2954686251708838,NA,1.2952202250027611,NA,1.005853468543388,NA,1.005709010195803,NA
9872467,80,l i g a v,5,-18.317025751495315,NA,-24.901990127973495,NA,-24.64460050717379,NA,1.3020095605246391,NA,1.3017497711993005,NA,1.0094632673533137,NA,1.0091216418905589,NA
9872467,41,g ɯ d͡ʒ u ɾ,5,-18.401954124401353,NA,-15.514694512570816,NA,-15.553988277275629,NA,1.2206968713441448,NA,1.2205683468578952,NA,1.0114276001889089,NA,1.0109684044339573,NA
9872467,67,t͡ʃ ø j o ʒ,5,-23.110844320056284,NA,-18.612897025047648,NA,-18.738353722963613,NA,1.1138647273701043,NA,1.1139491411652993,NA,1.0038353772712676,NA,1.0038463961880495,NA
9872467,28,k ɯ k o n,5,-15.853117021089924,NA,-12.795133988211877,NA,-12.823178946592495,NA,1.321191395011316,NA,1.3208914663733455,NA,1.0259375020257335,NA,1.0247328374892803,NA
9872467,74,j a b u ʒ,5,-19.31027464586884,NA,-18.66177474584945,NA,-18.602207543248568,NA,1.3727688430545328,NA,1.3724036038051812,NA,1.029576112826616,NA,1.02823132533125,NA
9872467,26,ɫ o h e s,5,-16.45817250086749,NA,-21.317120361286086,NA,-21.272071082039435,NA,1.2426762924026875,NA,1.24252019486607,NA,1.009570595243294,NA,1.0092260466145833,NA
9872467,64,ɟ i ʒ o ʒ,5,-26.818661125757455,NA,-29.39941525084724,NA,-28.902870287169502,NA,1.1099298726971636,NA,1.110021532393878,NA,1.0005226776773717,NA,1.000711052533111,NA
9872467,74,h y ʒ a ʒ,5,-22.512279354827413,NA,-22.102878518280345,NA,-22.166868313437227,NA,1.3079157400202015,NA,1.3076496470041246,NA,1.0032923482443703,NA,1.0033251342986491,NA
9872467,77,n y m ø s,5,-18.304860118330534,NA,-23.800973686763864,NA,-23.65109261672794,NA,1.1731956986207523,NA,1.1731689601736792,NA,1.0049036855497242,NA,1.0048624490342637,NA
9872467,61,t͡ʃ e ʒ ø z,5,-22.14933769066073,NA,-19.18578744927172,NA,-19.077176117348685,NA,1.222407977281713,NA,1.2223008694112456,NA,1.00686107453606,NA,1.0067163101005072,NA
9872467,35,b o z y z,5,-19.26283358646827,NA,-16.006298136958325,NA,-16.038972563588715,NA,1.2096753412240209,NA,1.2095880258287266,NA,1.011931948070003,NA,1.0115128583515274,NA
9872467,31,b o ʒ u ɾ,5,-20.188385139391087,NA,-16.322503633728758,NA,-16.394241238881506,NA,1.250175714529859,NA,1.249996348711549,NA,1.0147786024753525,NA,1.0141465127170373,NA
9872467,77,n u d͡ʒ o h,5,-18.585597379729464,NA,-24.726458930397825,NA,-24.61717125138857,NA,1.1330251122802943,NA,1.1330725118708005,NA,1.001474956791939,NA,1.001614712938203,NA
9872467,69,h y ʒ o ʒ,5,-24.26036702153048,NA,-23.09409359618359,NA,-22.955847081614372,NA,1.1385613608532974,NA,1.1386035176599465,NA,1.0022002270881678,NA,1.0023005246401142,NA
9872467,31,t e ɾ a n,5,-13.154797069130572,NA,-11.724338917087254,NA,-11.742921937601642,NA,1.6505512704719087,NA,1.6496653866651498,NA,1.1099233378103026,NA,1.104018173778758,NA
9872467,71,d͡ʒ o c i c,5,-23.871817361041813,NA,-Inf,NA,-30.898696726610687,NA,1.1985751556303774,NA,1.1985054370150776,NA,1.000922153764827,NA,1.0010883145531615,NA
9872467,72,n y n i v,5,-16.875155560146357,NA,-21.870278494630696,NA,-21.860137136995288,NA,1.2901878365226052,NA,1.2899547596023124,NA,1.015590305177985,NA,1.014953753172737,NA
9872265,0,h ø ʃ a ʒ,5,-21.446707936005243,NA,-21.13827944442946,NA,-21.18485938345635,NA,1.2838250896845864,NA,1.2836003756660834,NA,1.0078943784157934,NA,1.007671292277256,NA
9872265,0,b o ʒ i l,5,-21.431083494530565,NA,-17.705568653800018,NA,-17.83640175391364,NA,1.2532448349058904,NA,1.2530775477498026,NA,1.0092351210095205,NA,1.0089534298645335,NA
9872265,32,l i l e h,5,-18.919528331099233,NA,-28.0860697294688,NA,-27.46035835823068,NA,1.2245450186213964,NA,1.2244264214977632,NA,1.0031029632868411,NA,1.0031441439625928,NA
9872265,0,l e ʒ ɯ h,5,-21.03897463564812,NA,-30.18402807989924,NA,-29.205404715536854,NA,1.244495155727509,NA,1.2443470199359166,NA,1.0007952166504448,NA,1.0009691836637256,NA
9872265,76,z a ʒ o ʒ,5,-22.39965586755501,NA,-21.87536781165056,NA,-21.900778541508014,NA,1.3043020941229309,NA,1.3040574801062963,NA,1.0045825459876734,NA,1.004557699117261,NA
9872265,0,h y ʒ o ʒ,5,-24.26036702153048,NA,-23.09409359618359,NA,-22.955847081614372,NA,1.1385613608532974,NA,1.1386035176599465,NA,1.0022002270881678,NA,1.0023005246401142,NA
9872265,28,b i ɟ i ʒ,5,-23.15230334260776,NA,-24.915909991588407,NA,-24.35353692250794,NA,1.266203336252664,NA,1.2660164134332708,NA,1.012035144436651,NA,1.0116199754960176,NA
9872265,100,k u ɾ i n,5,-14.89701971471122,NA,-12.94195303395921,NA,-12.96493491685879,NA,1.5007331881655468,NA,1.5001135144861943,NA,1.0493627462694506,NA,1.0468268577985411,NA
9872265,34,ɟ i ʒ o ʒ,5,-26.818661125757455,NA,-29.39941525084724,NA,-28.902870287169502,NA,1.1099298726971636,NA,1.110021532393878,NA,1.0005226776773717,NA,1.000711052533111,NA
9872265,30,ɫ o h e s,5,-16.45817250086749,NA,-21.317120361286086,NA,-21.272071082039435,NA,1.2426762924026875,NA,1.24252019486607,NA,1.009570595243294,NA,1.0092260466145833,NA
9872265,0,b e ʒ a v,5,-18.887323500746025,NA,-19.56906284531509,NA,-19.661279048791737,NA,1.441131755390738,NA,1.4406313873886738,NA,1.018474361069321,NA,1.01766664871558,NA
9872265,0,l i ʒ a v,5,-20.23050859359168,NA,-26.93864092108832,NA,-26.6862720433174,NA,1.2954686251708838,NA,1.2952202250027611,NA,1.005853468543388,NA,1.005709010195803,NA
9872265,0,ɟ e j o ʒ,5,-23.913791342449223,NA,-Inf,NA,-24.87491275380586,NA,1.2374689664526486,NA,1.2373395107029062,NA,1.0110946677328192,NA,1.010721436984636,NA
9872265,79,ɟ i ɟ i c,5,-27.327803810976384,NA,-34.544864796093734,NA,-33.39335316750246,NA,1.200631107369301,NA,1.2005578354972886,NA,1.0004350671053688,NA,1.0006268044902862,NA
9872265,0,v ø l ø h,5,-23.290063091036213,NA,-Inf,NA,-32.28412824653789,NA,1.0659556661882257,NA,1.066120812453014,NA,1,1,1.0002179098838746,1
9872265,0,ɫ o h u v,5,-18.593599295416848,NA,-24.062385001701756,NA,-23.99927255278523,NA,1.1612070751754773,NA,1.1612039662326097,NA,1.0043702249837334,NA,1.004350345813558,NA
9872265,100,k u t ø ɾ,5,-17.142589509814194,NA,-15.653402142063069,NA,-15.691176305475931,NA,1.32230203950961,NA,1.3220007996898406,NA,1.018129501377924,NA,1.0173831055756966,NA
9872265,100,h a c i z,5,-19.17393398541818,NA,-Inf,NA,-21.131318076779458,NA,1.44361829462378,NA,1.4431184887150887,NA,1.029014126217107,NA,1.027660226668782,NA
9872265,0,b o ʒ a n,5,-18.87907738678704,NA,-15.653898437212243,NA,-15.751763646111796,NA,1.3952268910920227,NA,1.3947842803728532,NA,1.034064398232142,NA,1.0322259545780297,NA
9872265,0,ʃ o ʒ a v,5,-20.47724743734481,NA,-22.61856961138616,NA,-22.667019868719475,NA,1.288367615858368,NA,1.2881315117422223,NA,1.0061232207228026,NA,1.005964640548633,NA
9872265,0,b a ɟ ø ʒ,5,-24.86506702537125,NA,-Inf,NA,-23.420803652697536,NA,1.3358300822798563,NA,1.335532677648985,NA,1.0206378838430394,NA,1.0197712158697192,NA
9872265,0,g ɯ d͡ʒ i n,5,-17.765150906217194,NA,-14.572887378272108,NA,-14.613885458742647,NA,1.288193771309351,NA,1.2879431620866866,NA,1.019118781821044,NA,1.0181985618821732,NA
9872265,29,v ø ɟ y m,5,-24.02986774956105,NA,-Inf,NA,-25.69225069164061,NA,1.09995900556369,NA,1.10005431962118,NA,1.002654692924395,NA,1.0027073865105098,NA
9872265,77,ɟ ø t͡ʃ e ʒ,5,-25.895838414443286,NA,-Inf,NA,-26.01302387459999,NA,1.140043237235324,NA,1.1400750278451808,NA,1.0022924360788037,NA,1.0023829981607115,NA
9872265,55,n y m ø s,5,-18.304860118330534,NA,-23.800973686763864,NA,-23.65109261672794,NA,1.1731956986207523,NA,1.1731689601736792,NA,1.0049036855497242,NA,1.0048624490342637,NA
9872265,26,n e m ø h,5,-17.63893282018263,NA,-23.558108707134007,NA,-23.245886540663424,NA,1.2573677552147065,NA,1.2572013402029647,NA,1.0157239137890697,NA,1.015111998046541,NA
9872265,0,n u ʒ ɯ h,5,-20.24619677932734,NA,-27.810791659163197,NA,-27.023579690957725,NA,1.1518762179262898,NA,1.1518883333637062,NA,1.0010090676384151,NA,1.0011719374015406,NA
9872265,62,s ø ɾ ø ɾ,5,-18.916248108852137,NA,-17.736643428071496,NA,-17.750937164122824,NA,1.311449218136533,NA,1.3111659441356651,NA,1.006315849424642,NA,1.0061905369137407,NA
9872265,0,n u g u v,5,-18.88780549394557,NA,-23.829955675252805,NA,-23.77692043460571,NA,1.1475726601589815,NA,1.147593398617559,NA,1.002664785337298,NA,1.0027359066125898,NA
9872265,75,ɫ a c y c,5,-22.026637500586897,NA,-Inf,NA,-27.84286977614221,NA,1.303338955612124,NA,1.3030961175258404,NA,1.0029370543066431,NA,1.0029999110352912,NA
9872265,79,ɫ o m ø s,5,-18.19297547659577,NA,-23.7185910215694,NA,-23.576018053983702,NA,1.1580890131919466,NA,1.1580884043189272,NA,1.006369125718587,NA,1.0062507303895665,NA
9872265,0,b ø t͡ʃ u ʒ,5,-23.04040938456597,NA,-22.79008801093924,NA,-22.657649428790645,NA,1.141361768943645,NA,1.1413970478706803,NA,1.0020862604454976,NA,1.0021930802819217,NA
9872265,0,k ɯ k o n,5,-15.853117021089924,NA,-12.795133988211877,NA,-12.823178946592495,NA,1.321191395011316,NA,1.3208914663733455,NA,1.0259375020257335,NA,1.0247328374892803,NA
9872265,73,g a ɟ i l,5,-21.711665732611312,NA,-21.848897140452937,NA,-21.63415311259603,NA,1.4234248610169082,NA,1.4229631257047886,NA,1.0082939096649637,NA,1.0080627500036243,NA
9872265,64,l y l i c,5,-22.910768313384416,NA,-Inf,NA,-32.397687831098054,NA,1.203960562382335,NA,1.203881391318237,NA,1.0008711294622858,NA,1.0010398142992691,NA
9872265,0,n u d͡ʒ o h,5,-18.585597379729464,NA,-24.726458930397825,NA,-24.61717125138857,NA,1.1330251122802943,NA,1.1330725118708005,NA,1.001474956791939,NA,1.001614712938203,NA
9872265,0,t͡ʃ e ʒ ø z,5,-22.14933769066073,NA,-19.18578744927172,NA,-19.077176117348685,NA,1.222407977281713,NA,1.2223008694112456,NA,1.00686107453606,NA,1.0067163101005072,NA
9872265,14,t͡ʃ ø j o ʒ,5,-23.110844320056284,NA,-18.612897025047648,NA,-18.738353722963613,NA,1.1138647273701043,NA,1.1139491411652993,NA,1.0038353772712676,NA,1.0038463961880495,NA
9872265,16,z a ʒ ɯ ʒ,5,-21.998094155474003,NA,-Inf,NA,-26.305727027014363,NA,1.3354719613518329,NA,1.3351706136026844,NA,1.0043869150779896,NA,1.0043743138247614,NA
9872265,0,v e ɟ y ʒ,5,-24.678551245174873,NA,-25.322342225670877,NA,-24.826847868345496,NA,1.2138685991633609,NA,1.2137803225511092,NA,1.0052790884770466,NA,1.0052181146545902,NA
9872265,18,j a b u ʒ,5,-19.31027464586884,NA,-18.66177474584945,NA,-18.602207543248568,NA,1.3727688430545328,NA,1.3724036038051812,NA,1.029576112826616,NA,1.02823132533125,NA
9872265,100,t e ɾ a n,5,-13.154797069130572,NA,-11.724338917087254,NA,-11.742921937601642,NA,1.6505512704719087,NA,1.6496653866651498,NA,1.1099233378103026,NA,1.104018173778758,NA
9872265,0,d͡ʒ y b a ʒ,5,-20.242830063624115,NA,-19.67879062473088,NA,-19.79752495934659,NA,1.3058041354405645,NA,1.3055414123656015,NA,1.0127232269111113,NA,1.01223747830455,NA
9872265,9,s ø ɾ u ɾ,5,-17.419868282345767,NA,-15.476373057880078,NA,-15.513651402105268,NA,1.3518503805959323,NA,1.3514935705505449,NA,1.0191373454814323,NA,1.0182579368786828,NA
9872265,12,j o c ø f,5,-23.34087968343175,NA,-Inf,NA,-24.211050554951704,NA,1.1207079699595697,NA,1.1207782546784186,NA,1.0033803356801,NA,1.003419297076754,NA
9872265,0,h a h a ʒ,5,-18.279717885936645,NA,-15.5480561905522,NA,-15.694802669418907,NA,1.5324850375176986,NA,1.5318300917569716,NA,1.049136449025569,NA,1.046733780370724,NA
9872265,100,b i t͡ʃ ø z,5,-19.756398366120063,NA,-16.19975610039546,NA,-16.23976513062291,NA,1.1837400183652915,NA,1.1836997124750908,NA,1.0128196585784826,NA,1.0123617470711583,NA
9872265,100,b u h a ʒ,5,-19.63382263150912,NA,-16.589829009805186,NA,-16.73205715679298,NA,1.3523956399527486,NA,1.3520522834985491,NA,1.021610727156267,NA,1.0206577518516846,NA
9872265,87,ɫ a c e c,5,-20.652231711132256,NA,-Inf,NA,-27.899065041129965,NA,1.386819495813845,NA,1.3864247108936807,NA,1.0035239470356945,NA,1.00355006691279,NA
9872265,0,m y ʒ ø z,5,-22.32662891088082,NA,-18.58658519622501,NA,-18.33479718703259,NA,1.187771311398157,NA,1.1877241782403851,NA,1.027167731420923,NA,1.0259561075629384,NA
9872265,0,b o p o ʒ,5,-21.602409734503315,NA,-17.33475181640033,NA,-17.45672173398626,NA,1.180862690747296,NA,1.1808313744606571,NA,1.012965315438448,NA,1.01249501576141,NA
9872265,76,h a t͡ʃ ø z,5,-19.291182011224596,NA,-16.038256272556517,NA,-16.08294553334273,NA,1.3428697105576248,NA,1.3425540778269385,NA,1.02767606738203,NA,1.026436686056419,NA
9872265,78,m y ɟ y z,5,-22.469309252839896,NA,-20.420586661988004,NA,-19.572854959613927,NA,1.207846762933068,NA,1.2077630593896518,NA,1.027561468749568,NA,1.0263250935198331,NA
9872265,0,n u c i v,5,-20.145747666853374,NA,-Inf,NA,-28.879295751792085,NA,1.2126077521025955,NA,1.2125096911983495,NA,1.0022042581137438,NA,1.0022912535659585,NA
9872265,0,b ɯ d a ʒ,5,-19.12602055601626,NA,-20.08567575275351,NA,-20.179115494716157,NA,1.3411283852127902,NA,1.3408045259119057,NA,1.0103448182681387,NA,1.0099894506104767,NA
9872265,9,v ɯ ʒ a ʒ,5,-22.349954898140567,NA,-Inf,NA,-25.81550837135159,NA,1.2641123593074002,NA,1.2639220306428625,NA,1.0015585492929229,NA,1.0016824729794085,NA
9872265,0,n y m ɯ j,5,-16.9785438270158,NA,-22.43669703100411,NA,-22.421232711240805,NA,1.2136164438653825,NA,1.21351869881907,NA,1.006133848620259,NA,1.0060194361555963,NA
9872265,71,b u ʒ u z,5,-21.183579400179205,NA,-19.10099770791221,NA,-18.99855357037276,NA,1.1919528697614603,NA,1.191894841679337,NA,1.0090301397771717,NA,1.008755156382551,NA
9872265,0,ʃ u ɟ y ɾ,5,-21.957256044240108,NA,-22.499173241968023,NA,-21.920606300134068,NA,1.1847548415426716,NA,1.1846904267614222,NA,1.0053463860468044,NA,1.0052425528526925,NA
9872265,74,ɫ a t a j,5,-13.539207723328191,NA,-16.70963205807083,NA,-16.722833062461532,NA,1.5581158667217818,NA,1.5574094336214954,NA,1.0364821239096451,NA,1.0346702629498348,NA
9872265,0,b o z y z,5,-19.26283358646827,NA,-16.006298136958325,NA,-16.038972563588715,NA,1.2096753412240209,NA,1.2095880258287266,NA,1.011931948070003,NA,1.0115128583515274,NA
9872265,69,l i g a v,5,-18.317025751495315,NA,-24.901990127973495,NA,-24.64460050717379,NA,1.3020095605246391,NA,1.3017497711993005,NA,1.0094632673533137,NA,1.0091216418905589,NA
9872265,0,n ɯ c y j,5,-20.443678587627296,NA,-Inf,NA,-28.54826058980769,NA,1.1194433120611658,NA,1.119511701447071,NA,1.0005205875821277,NA,1.0007091769497731,NA
9872265,0,z ø ʒ i l,5,-22.936420602528372,NA,-Inf,NA,-24.4772263559713,NA,1.157513007334928,NA,1.157511308073952,NA,1.001760072495694,NA,1.0018712112846873,NA
9872265,0,t͡ʃ i d͡ʒ ɯ t͡ʃ,5,-18.934215266206888,NA,-18.007434786889252,NA,-18.031020698229675,NA,1.1892406476791797,NA,1.1891896194854592,NA,1.007346548615294,NA,1.007170341171165,NA
9872265,0,g ɯ ɟ e ʒ,5,-24.30578124525424,NA,-Inf,NA,-24.815598505272497,NA,1.196280249113463,NA,1.1962148980539262,NA,1.002806683496261,NA,1.0028744767627225,NA
9872265,66,m y d͡ʒ u z,5,-18.768087972695568,NA,-15.447888818271592,NA,-15.47911401039972,NA,1.2404912354404627,NA,1.2403491166587477,NA,1.0319024111948645,NA,1.0304219098064595,NA
9872265,100,g ɯ d͡ʒ u ɾ,5,-18.401954124401353,NA,-15.514694512570816,NA,-15.553988277275629,NA,1.2206968713441448,NA,1.2205683468578952,NA,1.0114276001889089,NA,1.0109684044339573,NA
9872265,100,t i k u ɾ,5,-14.757321292630818,NA,-13.776182245400546,NA,-13.797827878122703,NA,1.3425309336547508,NA,1.3421911014635628,NA,1.0178435286691223,NA,1.01704029300458,NA
9872265,0,n y n i v,5,-16.875155560146357,NA,-21.870278494630696,NA,-21.860137136995288,NA,1.2901878365226052,NA,1.2899547596023124,NA,1.015590305177985,NA,1.014953753172737,NA
9872265,8,v ɯ c ø c,5,-25.87442309272073,NA,-Inf,NA,-32.19927328021738,NA,1.0761529069919815,NA,1.076304970573472,NA,1.0002707972270364,NA,1.000474478028374,NA
9872265,0,t͡ʃ e ʒ u ʒ,5,-23.048080491923255,NA,-22.073070829734753,NA,-22.06130764515632,NA,1.2460500918115391,NA,1.2459043466753474,NA,1.0066654436263762,NA,1.0065329248080075,NA
9872265,69,ɟ e ɟ i c,5,-27.129968484650533,NA,-Inf,NA,-33.995918426500694,NA,1.286798785012282,NA,1.286576434113205,NA,1.0004350671053688,NA,1.0006268044902862,NA
9872265,69,b e v e ʒ,5,-19.361992708840056,NA,-16.706821942985723,NA,-16.834862117610335,NA,1.3761639224927549,NA,1.3757870363920413,NA,1.0278984680883785,NA,1.0266329792683782,NA
9872265,0,n ɯ c i v,5,-19.93088069637855,NA,-Inf,NA,-29.55229981701376,NA,1.201667544130325,NA,1.201588410921533,NA,1.0018247936466855,NA,1.0019317455664367,NA
9872265,82,t i s ø ɾ,5,-16.6433666420812,NA,-15.288823083741889,NA,-15.32336104232457,NA,1.2934630318516254,NA,1.2932118263382686,NA,1.009196713442622,NA,1.0089195099707884,NA
9872265,0,s ø ɾ ɯ ɾ,5,-17.20500131187094,NA,-15.07133366695696,NA,-15.108072623586152,NA,1.3616515088653494,NA,1.3612768593282027,NA,1.0224207245664567,NA,1.021344720223736,NA
9872265,8,n ø t a j,5,-16.60787778582062,NA,-20.729930991692015,NA,-20.69776307610008,NA,1.3204062609894092,NA,1.3201110967426837,NA,1.0202544768288162,NA,1.019299714440256,NA
9872265,30,h a ʒ u z,5,-19.829474654606734,NA,-17.11965647191572,NA,-17.218070915836304,NA,1.3720422673264103,NA,1.3716726499377587,NA,1.0259268416966203,NA,1.0247640708076309,NA
9872265,0,b o ʒ u ɾ,5,-20.188385139391087,NA,-16.322503633728758,NA,-16.394241238881506,NA,1.250175714529859,NA,1.249996348711549,NA,1.0147786024753525,NA,1.0141465127170373,NA
9872265,0,n u v ø h,5,-19.914181691206203,NA,-Inf,NA,-27.03470635875693,NA,1.1319802610032077,NA,1.1320309822151344,NA,1.0023941627725557,NA,1.0024857126666045,NA
9872265,0,ɟ i ʒ u ʒ,5,-26.631966384151276,NA,-29.991575100561576,NA,-29.47052707287037,NA,1.1312986116566484,NA,1.1313513771126087,NA,1.0003270467676877,NA,1.0005276672406118,NA
9872265,11,d͡ʒ o c i c,5,-23.871817361041813,NA,-Inf,NA,-30.898696726610687,NA,1.1985751556303774,NA,1.1985054370150776,NA,1.000922153764827,NA,1.0010883145531615,NA
9872265,30,l e ʒ i z,5,-20.353317059019144,NA,-23.404909965851168,NA,-23.138865417442208,NA,1.3100161638106471,NA,1.3097474876247677,NA,1.005750594004306,NA,1.005617778175364,NA
9872265,0,n ɯ v ø c,5,-22.316148913561925,NA,-Inf,NA,-30.445293983702243,NA,1.1084544645079504,NA,1.1085503214476562,NA,1.001905682716268,NA,1.0020229522148367,NA
9872265,0,ʃ e z u ʒ,5,-20.413361161166105,NA,-21.30607077641668,NA,-21.23961045572301,NA,1.274892670609532,NA,1.2746965965867414,NA,1.0140542779889286,NA,1.0135267325647053,NA
9872265,0,v ø l i c,5,-23.521629066683385,NA,-Inf,NA,-33.25997944794797,NA,1.1642026037351003,NA,1.1641922265701674,NA,1.0003260515161396,NA,1.0005235520380404,NA
9872265,0,b o p ɯ z,5,-18.80572539465341,NA,-15.575160863623148,NA,-15.6123249065678,NA,1.2287916059057706,NA,1.228668657107823,NA,1.014936867151038,NA,1.014349109888668,NA
9872265,65,g u h a n,5,-16.986187982608918,NA,-14.003209503389854,NA,-14.037361297492396,NA,1.393585672209114,NA,1.3931455531370758,NA,1.041008945259303,NA,1.0387823974648764,NA
9872265,0,b y ʒ u ʒ,5,-23.866384100399888,NA,-23.067365963329937,NA,-22.908307977729834,NA,1.1812596797175028,NA,1.1812260558503582,NA,1.0029253067504076,NA,1.0029894710389118,NA
9872265,66,h y ʒ a ʒ,5,-22.512279354827413,NA,-22.102878518280345,NA,-22.166868313437227,NA,1.3079157400202015,NA,1.3076496470041246,NA,1.0032923482443703,NA,1.0033251342986491,NA
9872265,0,g ɯ ʒ u ʒ,5,-24.04112686624343,NA,-Inf,NA,-24.742720107269367,NA,1.1331254198362304,NA,1.1331750499516993,NA,1.0024913344887347,NA,1.002578336813267,NA
9872265,28,b i m y ʒ,5,-19.745708670599832,NA,-17.144470810093683,NA,-17.12870059621924,NA,1.224775815843954,NA,1.224668160873623,NA,1.017560989647938,NA,1.0168496999823045,NA
9872265,0,n ɯ ʒ ɯ ʒ,5,-22.414816280194614,NA,-Inf,NA,-30.786845680157285,NA,1.1290677347665397,NA,1.129123492209685,NA,1.0003249566724437,NA,1.0005257916572736,NA
9872265,100,n u l e ɾ,5,-16.7353899896315,NA,-21.8754485295826,NA,-21.502576488019884,NA,1.2814781732006866,NA,1.2812387575669788,NA,1.0164999980354623,NA,1.0157043429334207,NA
9872265,100,m y ɾ e ɾ,5,-14.984624734814105,NA,-12.552940803573671,NA,-12.57913149636152,NA,1.489033852575989,NA,1.4884339967257736,NA,1.064327496486173,NA,1.060981828884185,NA
9872101,65,ʃ e z u ʒ,5,-20.413361161166105,NA,-21.30607077641668,NA,-21.23961045572301,NA,1.274892670609532,NA,1.2746965965867414,NA,1.0140542779889286,NA,1.0135267325647053,NA
9872101,65,b o ʒ u ɾ,5,-20.188385139391087,NA,-16.322503633728758,NA,-16.394241238881506,NA,1.250175714529859,NA,1.249996348711549,NA,1.0147786024753525,NA,1.0141465127170373,NA
9872101,49,ɫ a t a j,5,-13.539207723328191,NA,-16.70963205807083,NA,-16.722833062461532,NA,1.5581158667217818,NA,1.5574094336214954,NA,1.0364821239096451,NA,1.0346702629498348,NA
9872101,80,n ø t a j,5,-16.60787778582062,NA,-20.729930991692015,NA,-20.69776307610008,NA,1.3204062609894092,NA,1.3201110967426837,NA,1.0202544768288162,NA,1.019299714440256,NA
9872101,20,n ɯ c y j,5,-20.443678587627296,NA,-Inf,NA,-28.54826058980769,NA,1.1194433120611658,NA,1.119511701447071,NA,1.0005205875821277,NA,1.0007091769497731,NA
9872101,20,s ø ɾ ɯ ɾ,5,-17.20500131187094,NA,-15.07133366695696,NA,-15.108072623586152,NA,1.3616515088653494,NA,1.3612768593282027,NA,1.0224207245664567,NA,1.021344720223736,NA
9872101,61,l y l i c,5,-22.910768313384416,NA,-Inf,NA,-32.397687831098054,NA,1.203960562382335,NA,1.203881391318237,NA,1.0008711294622858,NA,1.0010398142992691,NA
9872101,91,h a t͡ʃ ø z,5,-19.291182011224596,NA,-16.038256272556517,NA,-16.08294553334273,NA,1.3428697105576248,NA,1.3425540778269385,NA,1.02767606738203,NA,1.026436686056419,NA
9872101,41,j a b u ʒ,5,-19.31027464586884,NA,-18.66177474584945,NA,-18.602207543248568,NA,1.3727688430545328,NA,1.3724036038051812,NA,1.029576112826616,NA,1.02823132533125,NA
9872101,13,b e ʒ a v,5,-18.887323500746025,NA,-19.56906284531509,NA,-19.661279048791737,NA,1.441131755390738,NA,1.4406313873886738,NA,1.018474361069321,NA,1.01766664871558,NA
9872101,12,n ɯ c i v,5,-19.93088069637855,NA,-Inf,NA,-29.55229981701376,NA,1.201667544130325,NA,1.201588410921533,NA,1.0018247936466855,NA,1.0019317455664367,NA
9872101,40,d͡ʒ o c i c,5,-23.871817361041813,NA,-Inf,NA,-30.898696726610687,NA,1.1985751556303774,NA,1.1985054370150776,NA,1.000922153764827,NA,1.0010883145531615,NA
9872101,19,ɟ i ʒ u ʒ,5,-26.631966384151276,NA,-29.991575100561576,NA,-29.47052707287037,NA,1.1312986116566484,NA,1.1313513771126087,NA,1.0003270467676877,NA,1.0005276672406118,NA
9872101,58,v ø l ø h,5,-23.290063091036213,NA,-Inf,NA,-32.28412824653789,NA,1.0659556661882257,NA,1.066120812453014,NA,1,1,1.0002179098838746,1
9872101,77,v ø ɟ y m,5,-24.02986774956105,NA,-Inf,NA,-25.69225069164061,NA,1.09995900556369,NA,1.10005431962118,NA,1.002654692924395,NA,1.0027073865105098,NA
9872101,14,z ø ʒ i l,5,-22.936420602528372,NA,-Inf,NA,-24.4772263559713,NA,1.157513007334928,NA,1.157511308073952,NA,1.001760072495694,NA,1.0018712112846873,NA
9872101,91,b i t͡ʃ ø z,5,-19.756398366120063,NA,-16.19975610039546,NA,-16.23976513062291,NA,1.1837400183652915,NA,1.1836997124750908,NA,1.0128196585784826,NA,1.0123617470711583,NA
9872101,18,l e ʒ ɯ h,5,-21.03897463564812,NA,-30.18402807989924,NA,-29.205404715536854,NA,1.244495155727509,NA,1.2443470199359166,NA,1.0007952166504448,NA,1.0009691836637256,NA
9872101,24,n y m ø s,5,-18.304860118330534,NA,-23.800973686763864,NA,-23.65109261672794,NA,1.1731956986207523,NA,1.1731689601736792,NA,1.0049036855497242,NA,1.0048624490342637,NA
9872101,28,v e ɟ y ʒ,5,-24.678551245174873,NA,-25.322342225670877,NA,-24.826847868345496,NA,1.2138685991633609,NA,1.2137803225511092,NA,1.0052790884770466,NA,1.0052181146545902,NA
9872101,60,h a ʒ u z,5,-19.829474654606734,NA,-17.11965647191572,NA,-17.218070915836304,NA,1.3720422673264103,NA,1.3716726499377587,NA,1.0259268416966203,NA,1.0247640708076309,NA
9872101,20,z a ʒ o ʒ,5,-22.39965586755501,NA,-21.87536781165056,NA,-21.900778541508014,NA,1.3043020941229309,NA,1.3040574801062963,NA,1.0045825459876734,NA,1.004557699117261,NA
9872101,58,v ɯ c ø c,5,-25.87442309272073,NA,-Inf,NA,-32.19927328021738,NA,1.0761529069919815,NA,1.076304970573472,NA,1.0002707972270364,NA,1.000474478028374,NA
9872101,58,ɫ a c y c,5,-22.026637500586897,NA,-Inf,NA,-27.84286977614221,NA,1.303338955612124,NA,1.3030961175258404,NA,1.0029370543066431,NA,1.0029999110352912,NA
9872101,80,h ø ʃ a ʒ,5,-21.446707936005243,NA,-21.13827944442946,NA,-21.18485938345635,NA,1.2838250896845864,NA,1.2836003756660834,NA,1.0078943784157934,NA,1.007671292277256,NA
9872101,14,g a ɟ i l,5,-21.711665732611312,NA,-21.848897140452937,NA,-21.63415311259603,NA,1.4234248610169082,NA,1.4229631257047886,NA,1.0082939096649637,NA,1.0080627500036243,NA
9872101,68,b u ʒ u z,5,-21.183579400179205,NA,-19.10099770791221,NA,-18.99855357037276,NA,1.1919528697614603,NA,1.191894841679337,NA,1.0090301397771717,NA,1.008755156382551,NA
9872101,49,k ɯ k o n,5,-15.853117021089924,NA,-12.795133988211877,NA,-12.823178946592495,NA,1.321191395011316,NA,1.3208914663733455,NA,1.0259375020257335,NA,1.0247328374892803,NA
9872101,71,m y ɾ e ɾ,5,-14.984624734814105,NA,-12.552940803573671,NA,-12.57913149636152,NA,1.489033852575989,NA,1.4884339967257736,NA,1.064327496486173,NA,1.060981828884185,NA
9872101,64,ɟ e ɟ i c,5,-27.129968484650533,NA,-Inf,NA,-33.995918426500694,NA,1.286798785012282,NA,1.286576434113205,NA,1.0004350671053688,NA,1.0006268044902862,NA
9872101,79,g u h a n,5,-16.986187982608918,NA,-14.003209503389854,NA,-14.037361297492396,NA,1.393585672209114,NA,1.3931455531370758,NA,1.041008945259303,NA,1.0387823974648764,NA
9872101,62,ɟ i ɟ i c,5,-27.327803810976384,NA,-34.544864796093734,NA,-33.39335316750246,NA,1.200631107369301,NA,1.2005578354972886,NA,1.0004350671053688,NA,1.0006268044902862,NA
9872101,85,b a ɟ ø ʒ,5,-24.86506702537125,NA,-Inf,NA,-23.420803652697536,NA,1.3358300822798563,NA,1.335532677648985,NA,1.0206378838430394,NA,1.0197712158697192,NA
9872101,55,b y ʒ u ʒ,5,-23.866384100399888,NA,-23.067365963329937,NA,-22.908307977729834,NA,1.1812596797175028,NA,1.1812260558503582,NA,1.0029253067504076,NA,1.0029894710389118,NA
9872101,20,n e m ø h,5,-17.63893282018263,NA,-23.558108707134007,NA,-23.245886540663424,NA,1.2573677552147065,NA,1.2572013402029647,NA,1.0157239137890697,NA,1.015111998046541,NA
9872101,26,n u v ø h,5,-19.914181691206203,NA,-Inf,NA,-27.03470635875693,NA,1.1319802610032077,NA,1.1320309822151344,NA,1.0023941627725557,NA,1.0024857126666045,NA
9872101,89,ɟ ø t͡ʃ e ʒ,5,-25.895838414443286,NA,-Inf,NA,-26.01302387459999,NA,1.140043237235324,NA,1.1400750278451808,NA,1.0022924360788037,NA,1.0023829981607115,NA
9872101,11,g ɯ ʒ u ʒ,5,-24.04112686624343,NA,-Inf,NA,-24.742720107269367,NA,1.1331254198362304,NA,1.1331750499516993,NA,1.0024913344887347,NA,1.002578336813267,NA
9872101,65,t i s ø ɾ,5,-16.6433666420812,NA,-15.288823083741889,NA,-15.32336104232457,NA,1.2934630318516254,NA,1.2932118263382686,NA,1.009196713442622,NA,1.0089195099707884,NA
9872101,90,ɫ a c e c,5,-20.652231711132256,NA,-Inf,NA,-27.899065041129965,NA,1.386819495813845,NA,1.3864247108936807,NA,1.0035239470356945,NA,1.00355006691279,NA
9872101,60,ɟ e j o ʒ,5,-23.913791342449223,NA,-Inf,NA,-24.87491275380586,NA,1.2374689664526486,NA,1.2373395107029062,NA,1.0110946677328192,NA,1.010721436984636,NA
9872101,23,t͡ʃ e ʒ ø z,5,-22.14933769066073,NA,-19.18578744927172,NA,-19.077176117348685,NA,1.222407977281713,NA,1.2223008694112456,NA,1.00686107453606,NA,1.0067163101005072,NA
9872101,95,k u ɾ i n,5,-14.89701971471122,NA,-12.94195303395921,NA,-12.96493491685879,NA,1.5007331881655468,NA,1.5001135144861943,NA,1.0493627462694506,NA,1.0468268577985411,NA
9872101,92,k u t ø ɾ,5,-17.142589509814194,NA,-15.653402142063069,NA,-15.691176305475931,NA,1.32230203950961,NA,1.3220007996898406,NA,1.018129501377924,NA,1.0173831055756966,NA
9872101,25,b i ɟ i ʒ,5,-23.15230334260776,NA,-24.915909991588407,NA,-24.35353692250794,NA,1.266203336252664,NA,1.2660164134332708,NA,1.012035144436651,NA,1.0116199754960176,NA
9872101,24,b i m y ʒ,5,-19.745708670599832,NA,-17.144470810093683,NA,-17.12870059621924,NA,1.224775815843954,NA,1.224668160873623,NA,1.017560989647938,NA,1.0168496999823045,NA
9872101,100,h a c i z,5,-19.17393398541818,NA,-Inf,NA,-21.131318076779458,NA,1.44361829462378,NA,1.4431184887150887,NA,1.029014126217107,NA,1.027660226668782,NA
9872101,28,n y n i v,5,-16.875155560146357,NA,-21.870278494630696,NA,-21.860137136995288,NA,1.2901878365226052,NA,1.2899547596023124,NA,1.015590305177985,NA,1.014953753172737,NA
9872101,31,l i ʒ a v,5,-20.23050859359168,NA,-26.93864092108832,NA,-26.6862720433174,NA,1.2954686251708838,NA,1.2952202250027611,NA,1.005853468543388,NA,1.005709010195803,NA
9872101,75,l i g a v,5,-18.317025751495315,NA,-24.901990127973495,NA,-24.64460050717379,NA,1.3020095605246391,NA,1.3017497711993005,NA,1.0094632673533137,NA,1.0091216418905589,NA
9872101,74,l i l e h,5,-18.919528331099233,NA,-28.0860697294688,NA,-27.46035835823068,NA,1.2245450186213964,NA,1.2244264214977632,NA,1.0031029632868411,NA,1.0031441439625928,NA
9872101,58,m y ʒ ø z,5,-22.32662891088082,NA,-18.58658519622501,NA,-18.33479718703259,NA,1.187771311398157,NA,1.1877241782403851,NA,1.027167731420923,NA,1.0259561075629384,NA
9872101,76,l e ʒ i z,5,-20.353317059019144,NA,-23.404909965851168,NA,-23.138865417442208,NA,1.3100161638106471,NA,1.3097474876247677,NA,1.005750594004306,NA,1.005617778175364,NA
9872101,14,v ɯ ʒ a ʒ,5,-22.349954898140567,NA,-Inf,NA,-25.81550837135159,NA,1.2641123593074002,NA,1.2639220306428625,NA,1.0015585492929229,NA,1.0016824729794085,NA
9872101,82,j o c ø f,5,-23.34087968343175,NA,-Inf,NA,-24.211050554951704,NA,1.1207079699595697,NA,1.1207782546784186,NA,1.0033803356801,NA,1.003419297076754,NA
9872101,80,b o z y z,5,-19.26283358646827,NA,-16.006298136958325,NA,-16.038972563588715,NA,1.2096753412240209,NA,1.2095880258287266,NA,1.011931948070003,NA,1.0115128583515274,NA
9872101,15,n u ʒ ɯ h,5,-20.24619677932734,NA,-27.810791659163197,NA,-27.023579690957725,NA,1.1518762179262898,NA,1.1518883333637062,NA,1.0010090676384151,NA,1.0011719374015406,NA
9872101,18,h y ʒ o ʒ,5,-24.26036702153048,NA,-23.09409359618359,NA,-22.955847081614372,NA,1.1385613608532974,NA,1.1386035176599465,NA,1.0022002270881678,NA,1.0023005246401142,NA
9872101,22,b o ʒ i l,5,-21.431083494530565,NA,-17.705568653800018,NA,-17.83640175391364,NA,1.2532448349058904,NA,1.2530775477498026,NA,1.0092351210095205,NA,1.0089534298645335,NA
9872101,40,n u l e ɾ,5,-16.7353899896315,NA,-21.8754485295826,NA,-21.502576488019884,NA,1.2814781732006866,NA,1.2812387575669788,NA,1.0164999980354623,NA,1.0157043429334207,NA
9872101,93,b o p ɯ z,5,-18.80572539465341,NA,-15.575160863623148,NA,-15.6123249065678,NA,1.2287916059057706,NA,1.228668657107823,NA,1.014936867151038,NA,1.014349109888668,NA
9872101,28,b ɯ d a ʒ,5,-19.12602055601626,NA,-20.08567575275351,NA,-20.179115494716157,NA,1.3411283852127902,NA,1.3408045259119057,NA,1.0103448182681387,NA,1.0099894506104767,NA
9872101,58,g ɯ d͡ʒ u ɾ,5,-18.401954124401353,NA,-15.514694512570816,NA,-15.553988277275629,NA,1.2206968713441448,NA,1.2205683468578952,NA,1.0114276001889089,NA,1.0109684044339573,NA
9872101,65,n u g u v,5,-18.88780549394557,NA,-23.829955675252805,NA,-23.77692043460571,NA,1.1475726601589815,NA,1.147593398617559,NA,1.002664785337298,NA,1.0027359066125898,NA
9872101,16,n ɯ v ø c,5,-22.316148913561925,NA,-Inf,NA,-30.445293983702243,NA,1.1084544645079504,NA,1.1085503214476562,NA,1.001905682716268,NA,1.0020229522148367,NA
9872101,26,s ø ɾ ø ɾ,5,-18.916248108852137,NA,-17.736643428071496,NA,-17.750937164122824,NA,1.311449218136533,NA,1.3111659441356651,NA,1.006315849424642,NA,1.0061905369137407,NA
9872101,63,b u h a ʒ,5,-19.63382263150912,NA,-16.589829009805186,NA,-16.73205715679298,NA,1.3523956399527486,NA,1.3520522834985491,NA,1.021610727156267,NA,1.0206577518516846,NA
9872101,33,g ɯ d͡ʒ i n,5,-17.765150906217194,NA,-14.572887378272108,NA,-14.613885458742647,NA,1.288193771309351,NA,1.2879431620866866,NA,1.019118781821044,NA,1.0181985618821732,NA
9872101,34,z a ʒ ɯ ʒ,5,-21.998094155474003,NA,-Inf,NA,-26.305727027014363,NA,1.3354719613518329,NA,1.3351706136026844,NA,1.0043869150779896,NA,1.0043743138247614,NA
9872101,36,n u c i v,5,-20.145747666853374,NA,-Inf,NA,-28.879295751792085,NA,1.2126077521025955,NA,1.2125096911983495,NA,1.0022042581137438,NA,1.0022912535659585,NA
9872101,55,m y ɟ y z,5,-22.469309252839896,NA,-20.420586661988004,NA,-19.572854959613927,NA,1.207846762933068,NA,1.2077630593896518,NA,1.027561468749568,NA,1.0263250935198331,NA
9872101,48,ɫ o h u v,5,-18.593599295416848,NA,-24.062385001701756,NA,-23.99927255278523,NA,1.1612070751754773,NA,1.1612039662326097,NA,1.0043702249837334,NA,1.004350345813558,NA
9872101,82,ʃ u ɟ y ɾ,5,-21.957256044240108,NA,-22.499173241968023,NA,-21.920606300134068,NA,1.1847548415426716,NA,1.1846904267614222,NA,1.0053463860468044,NA,1.0052425528526925,NA
9872101,30,b o ʒ a n,5,-18.87907738678704,NA,-15.653898437212243,NA,-15.751763646111796,NA,1.3952268910920227,NA,1.3947842803728532,NA,1.034064398232142,NA,1.0322259545780297,NA
9872101,26,t͡ʃ e ʒ u ʒ,5,-23.048080491923255,NA,-22.073070829734753,NA,-22.06130764515632,NA,1.2460500918115391,NA,1.2459043466753474,NA,1.0066654436263762,NA,1.0065329248080075,NA
9872101,25,b o p o ʒ,5,-21.602409734503315,NA,-17.33475181640033,NA,-17.45672173398626,NA,1.180862690747296,NA,1.1808313744606571,NA,1.012965315438448,NA,1.01249501576141,NA
9872101,45,t͡ʃ ø j o ʒ,5,-23.110844320056284,NA,-18.612897025047648,NA,-18.738353722963613,NA,1.1138647273701043,NA,1.1139491411652993,NA,1.0038353772712676,NA,1.0038463961880495,NA
9872101,31,n u d͡ʒ o h,5,-18.585597379729464,NA,-24.726458930397825,NA,-24.61717125138857,NA,1.1330251122802943,NA,1.1330725118708005,NA,1.001474956791939,NA,1.001614712938203,NA
9872101,22,b ø t͡ʃ u ʒ,5,-23.04040938456597,NA,-22.79008801093924,NA,-22.657649428790645,NA,1.141361768943645,NA,1.1413970478706803,NA,1.0020862604454976,NA,1.0021930802819217,NA
9872101,24,ɫ o h e s,5,-16.45817250086749,NA,-21.317120361286086,NA,-21.272071082039435,NA,1.2426762924026875,NA,1.24252019486607,NA,1.009570595243294,NA,1.0092260466145833,NA
9872101,26,ʃ o ʒ a v,5,-20.47724743734481,NA,-22.61856961138616,NA,-22.667019868719475,NA,1.288367615858368,NA,1.2881315117422223,NA,1.0061232207228026,NA,1.005964640548633,NA
9872101,21,g ɯ ɟ e ʒ,5,-24.30578124525424,NA,-Inf,NA,-24.815598505272497,NA,1.196280249113463,NA,1.1962148980539262,NA,1.002806683496261,NA,1.0028744767627225,NA
9872101,27,d͡ʒ y b a ʒ,5,-20.242830063624115,NA,-19.67879062473088,NA,-19.79752495934659,NA,1.3058041354405645,NA,1.3055414123656015,NA,1.0127232269111113,NA,1.01223747830455,NA
9872101,24,h y ʒ a ʒ,5,-22.512279354827413,NA,-22.102878518280345,NA,-22.166868313437227,NA,1.3079157400202015,NA,1.3076496470041246,NA,1.0032923482443703,NA,1.0033251342986491,NA
9872101,58,t e ɾ a n,5,-13.154797069130572,NA,-11.724338917087254,NA,-11.742921937601642,NA,1.6505512704719087,NA,1.6496653866651498,NA,1.1099233378103026,NA,1.104018173778758,NA
9872101,53,t i k u ɾ,5,-14.757321292630818,NA,-13.776182245400546,NA,-13.797827878122703,NA,1.3425309336547508,NA,1.3421911014635628,NA,1.0178435286691223,NA,1.01704029300458,NA
9872101,39,n y m ɯ j,5,-16.9785438270158,NA,-22.43669703100411,NA,-22.421232711240805,NA,1.2136164438653825,NA,1.21351869881907,NA,1.006133848620259,NA,1.0060194361555963,NA
9872101,21,h a h a ʒ,5,-18.279717885936645,NA,-15.5480561905522,NA,-15.694802669418907,NA,1.5324850375176986,NA,1.5318300917569716,NA,1.049136449025569,NA,1.046733780370724,NA
9872101,24,n ɯ ʒ ɯ ʒ,5,-22.414816280194614,NA,-Inf,NA,-30.786845680157285,NA,1.1290677347665397,NA,1.129123492209685,NA,1.0003249566724437,NA,1.0005257916572736,NA
9872101,28,ɟ i ʒ o ʒ,5,-26.818661125757455,NA,-29.39941525084724,NA,-28.902870287169502,NA,1.1099298726971636,NA,1.110021532393878,NA,1.0005226776773717,NA,1.000711052533111,NA
9872101,54,s ø ɾ u ɾ,5,-17.419868282345767,NA,-15.476373057880078,NA,-15.513651402105268,NA,1.3518503805959323,NA,1.3514935705505449,NA,1.0191373454814323,NA,1.0182579368786828,NA
9872101,20,ɫ o m ø s,5,-18.19297547659577,NA,-23.7185910215694,NA,-23.576018053983702,NA,1.1580890131919466,NA,1.1580884043189272,NA,1.006369125718587,NA,1.0062507303895665,NA
9872101,59,v ø l i c,5,-23.521629066683385,NA,-Inf,NA,-33.25997944794797,NA,1.1642026037351003,NA,1.1641922265701674,NA,1.0003260515161396,NA,1.0005235520380404,NA
9872101,16,b e v e ʒ,5,-19.361992708840056,NA,-16.706821942985723,NA,-16.834862117610335,NA,1.3761639224927549,NA,1.3757870363920413,NA,1.0278984680883785,NA,1.0266329792683782,NA
9872101,66,m y d͡ʒ u z,5,-18.768087972695568,NA,-15.447888818271592,NA,-15.47911401039972,NA,1.2404912354404627,NA,1.2403491166587477,NA,1.0319024111948645,NA,1.0304219098064595,NA
9872101,61,t͡ʃ i d͡ʒ ɯ t͡ʃ,5,-18.934215266206888,NA,-18.007434786889252,NA,-18.031020698229675,NA,1.1892406476791797,NA,1.1891896194854592,NA,1.007346548615294,NA,1.007170341171165,NA
9871913,34,d͡ʒ y b a ʒ,5,-20.242830063624115,NA,-19.67879062473088,NA,-19.79752495934659,NA,1.3058041354405645,NA,1.3055414123656015,NA,1.0127232269111113,NA,1.01223747830455,NA
9871913,71,k u ɾ i n,5,-14.89701971471122,NA,-12.94195303395921,NA,-12.96493491685879,NA,1.5007331881655468,NA,1.5001135144861943,NA,1.0493627462694506,NA,1.0468268577985411,NA
9871913,31,ɫ o m ø s,5,-18.19297547659577,NA,-23.7185910215694,NA,-23.576018053983702,NA,1.1580890131919466,NA,1.1580884043189272,NA,1.006369125718587,NA,1.0062507303895665,NA
9871913,28,t͡ʃ ø j o ʒ,5,-23.110844320056284,NA,-18.612897025047648,NA,-18.738353722963613,NA,1.1138647273701043,NA,1.1139491411652993,NA,1.0038353772712676,NA,1.0038463961880495,NA
9871913,25,d͡ʒ o c i c,5,-23.871817361041813,NA,-Inf,NA,-30.898696726610687,NA,1.1985751556303774,NA,1.1985054370150776,NA,1.000922153764827,NA,1.0010883145531615,NA
9871913,6,m y ɾ e ɾ,5,-14.984624734814105,NA,-12.552940803573671,NA,-12.57913149636152,NA,1.489033852575989,NA,1.4884339967257736,NA,1.064327496486173,NA,1.060981828884185,NA
9871913,50,v e ɟ y ʒ,5,-24.678551245174873,NA,-25.322342225670877,NA,-24.826847868345496,NA,1.2138685991633609,NA,1.2137803225511092,NA,1.0052790884770466,NA,1.0052181146545902,NA
9871913,0,ɟ i ʒ o ʒ,5,-26.818661125757455,NA,-29.39941525084724,NA,-28.902870287169502,NA,1.1099298726971636,NA,1.110021532393878,NA,1.0005226776773717,NA,1.000711052533111,NA
9871913,0,b o p o ʒ,5,-21.602409734503315,NA,-17.33475181640033,NA,-17.45672173398626,NA,1.180862690747296,NA,1.1808313744606571,NA,1.012965315438448,NA,1.01249501576141,NA
9871913,12,b i ɟ i ʒ,5,-23.15230334260776,NA,-24.915909991588407,NA,-24.35353692250794,NA,1.266203336252664,NA,1.2660164134332708,NA,1.012035144436651,NA,1.0116199754960176,NA
9871913,25,ɟ ø t͡ʃ e ʒ,5,-25.895838414443286,NA,-Inf,NA,-26.01302387459999,NA,1.140043237235324,NA,1.1400750278451808,NA,1.0022924360788037,NA,1.0023829981607115,NA
9871913,26,t i s ø ɾ,5,-16.6433666420812,NA,-15.288823083741889,NA,-15.32336104232457,NA,1.2934630318516254,NA,1.2932118263382686,NA,1.009196713442622,NA,1.0089195099707884,NA
9871913,24,n u ʒ ɯ h,5,-20.24619677932734,NA,-27.810791659163197,NA,-27.023579690957725,NA,1.1518762179262898,NA,1.1518883333637062,NA,1.0010090676384151,NA,1.0011719374015406,NA
9871913,36,z a ʒ ɯ ʒ,5,-21.998094155474003,NA,-Inf,NA,-26.305727027014363,NA,1.3354719613518329,NA,1.3351706136026844,NA,1.0043869150779896,NA,1.0043743138247614,NA
9871913,0,g ɯ ʒ u ʒ,5,-24.04112686624343,NA,-Inf,NA,-24.742720107269367,NA,1.1331254198362304,NA,1.1331750499516993,NA,1.0024913344887347,NA,1.002578336813267,NA
9871913,81,s ø ɾ ɯ ɾ,5,-17.20500131187094,NA,-15.07133366695696,NA,-15.108072623586152,NA,1.3616515088653494,NA,1.3612768593282027,NA,1.0224207245664567,NA,1.021344720223736,NA
9871913,26,g ɯ d͡ʒ i n,5,-17.765150906217194,NA,-14.572887378272108,NA,-14.613885458742647,NA,1.288193771309351,NA,1.2879431620866866,NA,1.019118781821044,NA,1.0181985618821732,NA
9871913,16,k u t ø ɾ,5,-17.142589509814194,NA,-15.653402142063069,NA,-15.691176305475931,NA,1.32230203950961,NA,1.3220007996898406,NA,1.018129501377924,NA,1.0173831055756966,NA
9871913,18,ɟ i ʒ u ʒ,5,-26.631966384151276,NA,-29.991575100561576,NA,-29.47052707287037,NA,1.1312986116566484,NA,1.1313513771126087,NA,1.0003270467676877,NA,1.0005276672406118,NA
9871913,49,v ø l i c,5,-23.521629066683385,NA,-Inf,NA,-33.25997944794797,NA,1.1642026037351003,NA,1.1641922265701674,NA,1.0003260515161396,NA,1.0005235520380404,NA
9871913,49,t͡ʃ e ʒ u ʒ,5,-23.048080491923255,NA,-22.073070829734753,NA,-22.06130764515632,NA,1.2460500918115391,NA,1.2459043466753474,NA,1.0066654436263762,NA,1.0065329248080075,NA
9871913,22,g a ɟ i l,5,-21.711665732611312,NA,-21.848897140452937,NA,-21.63415311259603,NA,1.4234248610169082,NA,1.4229631257047886,NA,1.0082939096649637,NA,1.0080627500036243,NA
9871913,0,j a b u ʒ,5,-19.31027464586884,NA,-18.66177474584945,NA,-18.602207543248568,NA,1.3727688430545328,NA,1.3724036038051812,NA,1.029576112826616,NA,1.02823132533125,NA
9871913,35,h y ʒ o ʒ,5,-24.26036702153048,NA,-23.09409359618359,NA,-22.955847081614372,NA,1.1385613608532974,NA,1.1386035176599465,NA,1.0022002270881678,NA,1.0023005246401142,NA
9871913,30,n y m ɯ j,5,-16.9785438270158,NA,-22.43669703100411,NA,-22.421232711240805,NA,1.2136164438653825,NA,1.21351869881907,NA,1.006133848620259,NA,1.0060194361555963,NA
9871913,74,s ø ɾ ø ɾ,5,-18.916248108852137,NA,-17.736643428071496,NA,-17.750937164122824,NA,1.311449218136533,NA,1.3111659441356651,NA,1.006315849424642,NA,1.0061905369137407,NA
9871913,16,b o ʒ a n,5,-18.87907738678704,NA,-15.653898437212243,NA,-15.751763646111796,NA,1.3952268910920227,NA,1.3947842803728532,NA,1.034064398232142,NA,1.0322259545780297,NA
9871913,52,h a ʒ u z,5,-19.829474654606734,NA,-17.11965647191572,NA,-17.218070915836304,NA,1.3720422673264103,NA,1.3716726499377587,NA,1.0259268416966203,NA,1.0247640708076309,NA
9871913,17,ʃ o ʒ a v,5,-20.47724743734481,NA,-22.61856961138616,NA,-22.667019868719475,NA,1.288367615858368,NA,1.2881315117422223,NA,1.0061232207228026,NA,1.005964640548633,NA
9871913,9,ɫ o h e s,5,-16.45817250086749,NA,-21.317120361286086,NA,-21.272071082039435,NA,1.2426762924026875,NA,1.24252019486607,NA,1.009570595243294,NA,1.0092260466145833,NA
9871913,17,n ɯ ʒ ɯ ʒ,5,-22.414816280194614,NA,-Inf,NA,-30.786845680157285,NA,1.1290677347665397,NA,1.129123492209685,NA,1.0003249566724437,NA,1.0005257916572736,NA
9871913,74,l y l i c,5,-22.910768313384416,NA,-Inf,NA,-32.397687831098054,NA,1.203960562382335,NA,1.203881391318237,NA,1.0008711294622858,NA,1.0010398142992691,NA
9871913,10,ɟ i ɟ i c,5,-27.327803810976384,NA,-34.544864796093734,NA,-33.39335316750246,NA,1.200631107369301,NA,1.2005578354972886,NA,1.0004350671053688,NA,1.0006268044902862,NA
9871913,3,l e ʒ i z,5,-20.353317059019144,NA,-23.404909965851168,NA,-23.138865417442208,NA,1.3100161638106471,NA,1.3097474876247677,NA,1.005750594004306,NA,1.005617778175364,NA
9871913,2,h y ʒ a ʒ,5,-22.512279354827413,NA,-22.102878518280345,NA,-22.166868313437227,NA,1.3079157400202015,NA,1.3076496470041246,NA,1.0032923482443703,NA,1.0033251342986491,NA
9871913,66,m y d͡ʒ u z,5,-18.768087972695568,NA,-15.447888818271592,NA,-15.47911401039972,NA,1.2404912354404627,NA,1.2403491166587477,NA,1.0319024111948645,NA,1.0304219098064595,NA
9871913,9,ɫ a c e c,5,-20.652231711132256,NA,-Inf,NA,-27.899065041129965,NA,1.386819495813845,NA,1.3864247108936807,NA,1.0035239470356945,NA,1.00355006691279,NA
9871913,49,z a ʒ o ʒ,5,-22.39965586755501,NA,-21.87536781165056,NA,-21.900778541508014,NA,1.3043020941229309,NA,1.3040574801062963,NA,1.0045825459876734,NA,1.004557699117261,NA
9871913,9,n ɯ v ø c,5,-22.316148913561925,NA,-Inf,NA,-30.445293983702243,NA,1.1084544645079504,NA,1.1085503214476562,NA,1.001905682716268,NA,1.0020229522148367,NA
9871913,90,g u h a n,5,-16.986187982608918,NA,-14.003209503389854,NA,-14.037361297492396,NA,1.393585672209114,NA,1.3931455531370758,NA,1.041008945259303,NA,1.0387823974648764,NA
9871913,2,n u v ø h,5,-19.914181691206203,NA,-Inf,NA,-27.03470635875693,NA,1.1319802610032077,NA,1.1320309822151344,NA,1.0023941627725557,NA,1.0024857126666045,NA
9871913,77,n ɯ c y j,5,-20.443678587627296,NA,-Inf,NA,-28.54826058980769,NA,1.1194433120611658,NA,1.119511701447071,NA,1.0005205875821277,NA,1.0007091769497731,NA
9871913,14,ɫ a t a j,5,-13.539207723328191,NA,-16.70963205807083,NA,-16.722833062461532,NA,1.5581158667217818,NA,1.5574094336214954,NA,1.0364821239096451,NA,1.0346702629498348,NA
9871913,14,n ø t a j,5,-16.60787778582062,NA,-20.729930991692015,NA,-20.69776307610008,NA,1.3204062609894092,NA,1.3201110967426837,NA,1.0202544768288162,NA,1.019299714440256,NA
9871913,100,g ɯ d͡ʒ u ɾ,5,-18.401954124401353,NA,-15.514694512570816,NA,-15.553988277275629,NA,1.2206968713441448,NA,1.2205683468578952,NA,1.0114276001889089,NA,1.0109684044339573,NA
9871913,100,h a c i z,5,-19.17393398541818,NA,-Inf,NA,-21.131318076779458,NA,1.44361829462378,NA,1.4431184887150887,NA,1.029014126217107,NA,1.027660226668782,NA
9871913,7,l i l e h,5,-18.919528331099233,NA,-28.0860697294688,NA,-27.46035835823068,NA,1.2245450186213964,NA,1.2244264214977632,NA,1.0031029632868411,NA,1.0031441439625928,NA
9871913,23,b o p ɯ z,5,-18.80572539465341,NA,-15.575160863623148,NA,-15.6123249065678,NA,1.2287916059057706,NA,1.228668657107823,NA,1.014936867151038,NA,1.014349109888668,NA
9871913,32,v ø l ø h,5,-23.290063091036213,NA,-Inf,NA,-32.28412824653789,NA,1.0659556661882257,NA,1.066120812453014,NA,1,1,1.0002179098838746,1
9871913,13,b i t͡ʃ ø z,5,-19.756398366120063,NA,-16.19975610039546,NA,-16.23976513062291,NA,1.1837400183652915,NA,1.1836997124750908,NA,1.0128196585784826,NA,1.0123617470711583,NA
9871913,27,b o z y z,5,-19.26283358646827,NA,-16.006298136958325,NA,-16.038972563588715,NA,1.2096753412240209,NA,1.2095880258287266,NA,1.011931948070003,NA,1.0115128583515274,NA
9871913,20,j o c ø f,5,-23.34087968343175,NA,-Inf,NA,-24.211050554951704,NA,1.1207079699595697,NA,1.1207782546784186,NA,1.0033803356801,NA,1.003419297076754,NA
9871913,85,z ø ʒ i l,5,-22.936420602528372,NA,-Inf,NA,-24.4772263559713,NA,1.157513007334928,NA,1.157511308073952,NA,1.001760072495694,NA,1.0018712112846873,NA
9871913,0,b y ʒ u ʒ,5,-23.866384100399888,NA,-23.067365963329937,NA,-22.908307977729834,NA,1.1812596797175028,NA,1.1812260558503582,NA,1.0029253067504076,NA,1.0029894710389118,NA
9871913,28,ɟ e ɟ i c,5,-27.129968484650533,NA,-Inf,NA,-33.995918426500694,NA,1.286798785012282,NA,1.286576434113205,NA,1.0004350671053688,NA,1.0006268044902862,NA
9871913,14,ʃ u ɟ y ɾ,5,-21.957256044240108,NA,-22.499173241968023,NA,-21.920606300134068,NA,1.1847548415426716,NA,1.1846904267614222,NA,1.0053463860468044,NA,1.0052425528526925,NA
9871913,49,ɟ e j o ʒ,5,-23.913791342449223,NA,-Inf,NA,-24.87491275380586,NA,1.2374689664526486,NA,1.2373395107029062,NA,1.0110946677328192,NA,1.010721436984636,NA
9871913,0,b o ʒ u ɾ,5,-20.188385139391087,NA,-16.322503633728758,NA,-16.394241238881506,NA,1.250175714529859,NA,1.249996348711549,NA,1.0147786024753525,NA,1.0141465127170373,NA
9871913,27,ɫ o h u v,5,-18.593599295416848,NA,-24.062385001701756,NA,-23.99927255278523,NA,1.1612070751754773,NA,1.1612039662326097,NA,1.0043702249837334,NA,1.004350345813558,NA
9871913,68,b e v e ʒ,5,-19.361992708840056,NA,-16.706821942985723,NA,-16.834862117610335,NA,1.3761639224927549,NA,1.3757870363920413,NA,1.0278984680883785,NA,1.0266329792683782,NA
9871913,24,h a h a ʒ,5,-18.279717885936645,NA,-15.5480561905522,NA,-15.694802669418907,NA,1.5324850375176986,NA,1.5318300917569716,NA,1.049136449025569,NA,1.046733780370724,NA
9871913,10,b ɯ d a ʒ,5,-19.12602055601626,NA,-20.08567575275351,NA,-20.179115494716157,NA,1.3411283852127902,NA,1.3408045259119057,NA,1.0103448182681387,NA,1.0099894506104767,NA
9871913,15,n u d͡ʒ o h,5,-18.585597379729464,NA,-24.726458930397825,NA,-24.61717125138857,NA,1.1330251122802943,NA,1.1330725118708005,NA,1.001474956791939,NA,1.001614712938203,NA
9871913,59,n y n i v,5,-16.875155560146357,NA,-21.870278494630696,NA,-21.860137136995288,NA,1.2901878365226052,NA,1.2899547596023124,NA,1.015590305177985,NA,1.014953753172737,NA
9871913,15,b u h a ʒ,5,-19.63382263150912,NA,-16.589829009805186,NA,-16.73205715679298,NA,1.3523956399527486,NA,1.3520522834985491,NA,1.021610727156267,NA,1.0206577518516846,NA
9871913,18,t e ɾ a n,5,-13.154797069130572,NA,-11.724338917087254,NA,-11.742921937601642,NA,1.6505512704719087,NA,1.6496653866651498,NA,1.1099233378103026,NA,1.104018173778758,NA
9871913,82,ɫ a c y c,5,-22.026637500586897,NA,-Inf,NA,-27.84286977614221,NA,1.303338955612124,NA,1.3030961175258404,NA,1.0029370543066431,NA,1.0029999110352912,NA
9871913,26,h ø ʃ a ʒ,5,-21.446707936005243,NA,-21.13827944442946,NA,-21.18485938345635,NA,1.2838250896845864,NA,1.2836003756660834,NA,1.0078943784157934,NA,1.007671292277256,NA
9871913,27,m y ɟ y z,5,-22.469309252839896,NA,-20.420586661988004,NA,-19.572854959613927,NA,1.207846762933068,NA,1.2077630593896518,NA,1.027561468749568,NA,1.0263250935198331,NA
9871913,73,n u g u v,5,-18.88780549394557,NA,-23.829955675252805,NA,-23.77692043460571,NA,1.1475726601589815,NA,1.147593398617559,NA,1.002664785337298,NA,1.0027359066125898,NA
9871913,75,t͡ʃ e ʒ ø z,5,-22.14933769066073,NA,-19.18578744927172,NA,-19.077176117348685,NA,1.222407977281713,NA,1.2223008694112456,NA,1.00686107453606,NA,1.0067163101005072,NA
9871913,94,n y m ø s,5,-18.304860118330534,NA,-23.800973686763864,NA,-23.65109261672794,NA,1.1731956986207523,NA,1.1731689601736792,NA,1.0049036855497242,NA,1.0048624490342637,NA
9871913,13,b e ʒ a v,5,-18.887323500746025,NA,-19.56906284531509,NA,-19.661279048791737,NA,1.441131755390738,NA,1.4406313873886738,NA,1.018474361069321,NA,1.01766664871558,NA
9871913,79,t i k u ɾ,5,-14.757321292630818,NA,-13.776182245400546,NA,-13.797827878122703,NA,1.3425309336547508,NA,1.3421911014635628,NA,1.0178435286691223,NA,1.01704029300458,NA
9871913,82,l i ʒ a v,5,-20.23050859359168,NA,-26.93864092108832,NA,-26.6862720433174,NA,1.2954686251708838,NA,1.2952202250027611,NA,1.005853468543388,NA,1.005709010195803,NA
9871913,93,b o ʒ i l,5,-21.431083494530565,NA,-17.705568653800018,NA,-17.83640175391364,NA,1.2532448349058904,NA,1.2530775477498026,NA,1.0092351210095205,NA,1.0089534298645335,NA
9871913,20,m y ʒ ø z,5,-22.32662891088082,NA,-18.58658519622501,NA,-18.33479718703259,NA,1.187771311398157,NA,1.1877241782403851,NA,1.027167731420923,NA,1.0259561075629384,NA
9871913,15,n e m ø h,5,-17.63893282018263,NA,-23.558108707134007,NA,-23.245886540663424,NA,1.2573677552147065,NA,1.2572013402029647,NA,1.0157239137890697,NA,1.015111998046541,NA
9871913,81,l i g a v,5,-18.317025751495315,NA,-24.901990127973495,NA,-24.64460050717379,NA,1.3020095605246391,NA,1.3017497711993005,NA,1.0094632673533137,NA,1.0091216418905589,NA
9871913,15,k ɯ k o n,5,-15.853117021089924,NA,-12.795133988211877,NA,-12.823178946592495,NA,1.321191395011316,NA,1.3208914663733455,NA,1.0259375020257335,NA,1.0247328374892803,NA
9871913,15,v ɯ c ø c,5,-25.87442309272073,NA,-Inf,NA,-32.19927328021738,NA,1.0761529069919815,NA,1.076304970573472,NA,1.0002707972270364,NA,1.000474478028374,NA
9871913,19,t͡ʃ i d͡ʒ ɯ t͡ʃ,5,-18.934215266206888,NA,-18.007434786889252,NA,-18.031020698229675,NA,1.1892406476791797,NA,1.1891896194854592,NA,1.007346548615294,NA,1.007170341171165,NA
9871913,33,l e ʒ ɯ h,5,-21.03897463564812,NA,-30.18402807989924,NA,-29.205404715536854,NA,1.244495155727509,NA,1.2443470199359166,NA,1.0007952166504448,NA,1.0009691836637256,NA
9871913,27,v ø ɟ y m,5,-24.02986774956105,NA,-Inf,NA,-25.69225069164061,NA,1.09995900556369,NA,1.10005431962118,NA,1.002654692924395,NA,1.0027073865105098,NA
9871913,76,n u c i v,5,-20.145747666853374,NA,-Inf,NA,-28.879295751792085,NA,1.2126077521025955,NA,1.2125096911983495,NA,1.0022042581137438,NA,1.0022912535659585,NA
9871913,98,n ɯ c i v,5,-19.93088069637855,NA,-Inf,NA,-29.55229981701376,NA,1.201667544130325,NA,1.201588410921533,NA,1.0018247936466855,NA,1.0019317455664367,NA
9871913,71,ʃ e z u ʒ,5,-20.413361161166105,NA,-21.30607077641668,NA,-21.23961045572301,NA,1.274892670609532,NA,1.2746965965867414,NA,1.0140542779889286,NA,1.0135267325647053,NA
9871913,11,n u l e ɾ,5,-16.7353899896315,NA,-21.8754485295826,NA,-21.502576488019884,NA,1.2814781732006866,NA,1.2812387575669788,NA,1.0164999980354623,NA,1.0157043429334207,NA
9871913,82,v ɯ ʒ a ʒ,5,-22.349954898140567,NA,-Inf,NA,-25.81550837135159,NA,1.2641123593074002,NA,1.2639220306428625,NA,1.0015585492929229,NA,1.0016824729794085,NA
9871913,71,g ɯ ɟ e ʒ,5,-24.30578124525424,NA,-Inf,NA,-24.815598505272497,NA,1.196280249113463,NA,1.1962148980539262,NA,1.002806683496261,NA,1.0028744767627225,NA
9871913,90,b i m y ʒ,5,-19.745708670599832,NA,-17.144470810093683,NA,-17.12870059621924,NA,1.224775815843954,NA,1.224668160873623,NA,1.017560989647938,NA,1.0168496999823045,NA
9871913,7,s ø ɾ u ɾ,5,-17.419868282345767,NA,-15.476373057880078,NA,-15.513651402105268,NA,1.3518503805959323,NA,1.3514935705505449,NA,1.0191373454814323,NA,1.0182579368786828,NA
9871913,7,b ø t͡ʃ u ʒ,5,-23.04040938456597,NA,-22.79008801093924,NA,-22.657649428790645,NA,1.141361768943645,NA,1.1413970478706803,NA,1.0020862604454976,NA,1.0021930802819217,NA
9871913,89,h a t͡ʃ ø z,5,-19.291182011224596,NA,-16.038256272556517,NA,-16.08294553334273,NA,1.3428697105576248,NA,1.3425540778269385,NA,1.02767606738203,NA,1.026436686056419,NA
9871913,22,b a ɟ ø ʒ,5,-24.86506702537125,NA,-Inf,NA,-23.420803652697536,NA,1.3358300822798563,NA,1.335532677648985,NA,1.0206378838430394,NA,1.0197712158697192,NA
9871913,30,b u ʒ u z,5,-21.183579400179205,NA,-19.10099770791221,NA,-18.99855357037276,NA,1.1919528697614603,NA,1.191894841679337,NA,1.0090301397771717,NA,1.008755156382551,NA
9874559,27,n u c i v,5,-20.145747666853374,NA,-Inf,NA,-28.879295751792085,NA,1.2126077521025955,NA,1.2125096911983495,NA,1.0022042581137438,NA,1.0022912535659585,NA
9874559,42,b i t͡ʃ ø z,5,-19.756398366120063,NA,-16.19975610039546,NA,-16.23976513062291,NA,1.1837400183652915,NA,1.1836997124750908,NA,1.0128196585784826,NA,1.0123617470711583,NA
9874559,15,ɟ e j o ʒ,5,-23.913791342449223,NA,-Inf,NA,-24.87491275380586,NA,1.2374689664526486,NA,1.2373395107029062,NA,1.0110946677328192,NA,1.010721436984636,NA
9874559,19,b o ʒ a n,5,-18.87907738678704,NA,-15.653898437212243,NA,-15.751763646111796,NA,1.3952268910920227,NA,1.3947842803728532,NA,1.034064398232142,NA,1.0322259545780297,NA
9874559,36,h a ʒ u z,5,-19.829474654606734,NA,-17.11965647191572,NA,-17.218070915836304,NA,1.3720422673264103,NA,1.3716726499377587,NA,1.0259268416966203,NA,1.0247640708076309,NA
9874559,65,n u g u v,5,-18.88780549394557,NA,-23.829955675252805,NA,-23.77692043460571,NA,1.1475726601589815,NA,1.147593398617559,NA,1.002664785337298,NA,1.0027359066125898,NA
9874559,61,l i g a v,5,-18.317025751495315,NA,-24.901990127973495,NA,-24.64460050717379,NA,1.3020095605246391,NA,1.3017497711993005,NA,1.0094632673533137,NA,1.0091216418905589,NA
9874559,64,s ø ɾ ø ɾ,5,-18.916248108852137,NA,-17.736643428071496,NA,-17.750937164122824,NA,1.311449218136533,NA,1.3111659441356651,NA,1.006315849424642,NA,1.0061905369137407,NA
9874559,12,h ø ʃ a ʒ,5,-21.446707936005243,NA,-21.13827944442946,NA,-21.18485938345635,NA,1.2838250896845864,NA,1.2836003756660834,NA,1.0078943784157934,NA,1.007671292277256,NA
9874559,60,ɫ a c e c,5,-20.652231711132256,NA,-Inf,NA,-27.899065041129965,NA,1.386819495813845,NA,1.3864247108936807,NA,1.0035239470356945,NA,1.00355006691279,NA
9874559,78,ɟ e ɟ i c,5,-27.129968484650533,NA,-Inf,NA,-33.995918426500694,NA,1.286798785012282,NA,1.286576434113205,NA,1.0004350671053688,NA,1.0006268044902862,NA
9874559,26,d͡ʒ y b a ʒ,5,-20.242830063624115,NA,-19.67879062473088,NA,-19.79752495934659,NA,1.3058041354405645,NA,1.3055414123656015,NA,1.0127232269111113,NA,1.01223747830455,NA
9874559,72,s ø ɾ u ɾ,5,-17.419868282345767,NA,-15.476373057880078,NA,-15.513651402105268,NA,1.3518503805959323,NA,1.3514935705505449,NA,1.0191373454814323,NA,1.0182579368786828,NA
9874559,20,n u d͡ʒ o h,5,-18.585597379729464,NA,-24.726458930397825,NA,-24.61717125138857,NA,1.1330251122802943,NA,1.1330725118708005,NA,1.001474956791939,NA,1.001614712938203,NA
9874559,19,b e ʒ a v,5,-18.887323500746025,NA,-19.56906284531509,NA,-19.661279048791737,NA,1.441131755390738,NA,1.4406313873886738,NA,1.018474361069321,NA,1.01766664871558,NA
9874559,33,n e m ø h,5,-17.63893282018263,NA,-23.558108707134007,NA,-23.245886540663424,NA,1.2573677552147065,NA,1.2572013402029647,NA,1.0157239137890697,NA,1.015111998046541,NA
9874559,1,z a ʒ ɯ ʒ,5,-21.998094155474003,NA,-Inf,NA,-26.305727027014363,NA,1.3354719613518329,NA,1.3351706136026844,NA,1.0043869150779896,NA,1.0043743138247614,NA
9874559,29,n y m ø s,5,-18.304860118330534,NA,-23.800973686763864,NA,-23.65109261672794,NA,1.1731956986207523,NA,1.1731689601736792,NA,1.0049036855497242,NA,1.0048624490342637,NA
9874559,19,ɫ o h e s,5,-16.45817250086749,NA,-21.317120361286086,NA,-21.272071082039435,NA,1.2426762924026875,NA,1.24252019486607,NA,1.009570595243294,NA,1.0092260466145833,NA
9874559,62,v ɯ c ø c,5,-25.87442309272073,NA,-Inf,NA,-32.19927328021738,NA,1.0761529069919815,NA,1.076304970573472,NA,1.0002707972270364,NA,1.000474478028374,NA
9874559,41,t͡ʃ i d͡ʒ ɯ t͡ʃ,5,-18.934215266206888,NA,-18.007434786889252,NA,-18.031020698229675,NA,1.1892406476791797,NA,1.1891896194854592,NA,1.007346548615294,NA,1.007170341171165,NA
9874559,79,b u h a ʒ,5,-19.63382263150912,NA,-16.589829009805186,NA,-16.73205715679298,NA,1.3523956399527486,NA,1.3520522834985491,NA,1.021610727156267,NA,1.0206577518516846,NA
9874559,16,ɫ o m ø s,5,-18.19297547659577,NA,-23.7185910215694,NA,-23.576018053983702,NA,1.1580890131919466,NA,1.1580884043189272,NA,1.006369125718587,NA,1.0062507303895665,NA
9874559,4,ɟ i ʒ u ʒ,5,-26.631966384151276,NA,-29.991575100561576,NA,-29.47052707287037,NA,1.1312986116566484,NA,1.1313513771126087,NA,1.0003270467676877,NA,1.0005276672406118,NA
9874559,53,k u t ø ɾ,5,-17.142589509814194,NA,-15.653402142063069,NA,-15.691176305475931,NA,1.32230203950961,NA,1.3220007996898406,NA,1.018129501377924,NA,1.0173831055756966,NA
9874559,67,ʃ u ɟ y ɾ,5,-21.957256044240108,NA,-22.499173241968023,NA,-21.920606300134068,NA,1.1847548415426716,NA,1.1846904267614222,NA,1.0053463860468044,NA,1.0052425528526925,NA
9874559,88,t e ɾ a n,5,-13.154797069130572,NA,-11.724338917087254,NA,-11.742921937601642,NA,1.6505512704719087,NA,1.6496653866651498,NA,1.1099233378103026,NA,1.104018173778758,NA
9874559,39,h a c i z,5,-19.17393398541818,NA,-Inf,NA,-21.131318076779458,NA,1.44361829462378,NA,1.4431184887150887,NA,1.029014126217107,NA,1.027660226668782,NA
9874559,23,b e v e ʒ,5,-19.361992708840056,NA,-16.706821942985723,NA,-16.834862117610335,NA,1.3761639224927549,NA,1.3757870363920413,NA,1.0278984680883785,NA,1.0266329792683782,NA
9874559,19,n y m ɯ j,5,-16.9785438270158,NA,-22.43669703100411,NA,-22.421232711240805,NA,1.2136164438653825,NA,1.21351869881907,NA,1.006133848620259,NA,1.0060194361555963,NA
9874559,40,h a h a ʒ,5,-18.279717885936645,NA,-15.5480561905522,NA,-15.694802669418907,NA,1.5324850375176986,NA,1.5318300917569716,NA,1.049136449025569,NA,1.046733780370724,NA
9874559,14,l e ʒ ɯ h,5,-21.03897463564812,NA,-30.18402807989924,NA,-29.205404715536854,NA,1.244495155727509,NA,1.2443470199359166,NA,1.0007952166504448,NA,1.0009691836637256,NA
9874559,7,z ø ʒ i l,5,-22.936420602528372,NA,-Inf,NA,-24.4772263559713,NA,1.157513007334928,NA,1.157511308073952,NA,1.001760072495694,NA,1.0018712112846873,NA
9874559,14,m y ʒ ø z,5,-22.32662891088082,NA,-18.58658519622501,NA,-18.33479718703259,NA,1.187771311398157,NA,1.1877241782403851,NA,1.027167731420923,NA,1.0259561075629384,NA
9874559,63,m y ɾ e ɾ,5,-14.984624734814105,NA,-12.552940803573671,NA,-12.57913149636152,NA,1.489033852575989,NA,1.4884339967257736,NA,1.064327496486173,NA,1.060981828884185,NA
9874559,11,z a ʒ o ʒ,5,-22.39965586755501,NA,-21.87536781165056,NA,-21.900778541508014,NA,1.3043020941229309,NA,1.3040574801062963,NA,1.0045825459876734,NA,1.004557699117261,NA
9874559,5,b i ɟ i ʒ,5,-23.15230334260776,NA,-24.915909991588407,NA,-24.35353692250794,NA,1.266203336252664,NA,1.2660164134332708,NA,1.012035144436651,NA,1.0116199754960176,NA
9874559,15,t͡ʃ e ʒ ø z,5,-22.14933769066073,NA,-19.18578744927172,NA,-19.077176117348685,NA,1.222407977281713,NA,1.2223008694112456,NA,1.00686107453606,NA,1.0067163101005072,NA
9874559,33,n ø t a j,5,-16.60787778582062,NA,-20.729930991692015,NA,-20.69776307610008,NA,1.3204062609894092,NA,1.3201110967426837,NA,1.0202544768288162,NA,1.019299714440256,NA
9874559,40,b o ʒ u ɾ,5,-20.188385139391087,NA,-16.322503633728758,NA,-16.394241238881506,NA,1.250175714529859,NA,1.249996348711549,NA,1.0147786024753525,NA,1.0141465127170373,NA
9874559,10,g ɯ ʒ u ʒ,5,-24.04112686624343,NA,-Inf,NA,-24.742720107269367,NA,1.1331254198362304,NA,1.1331750499516993,NA,1.0024913344887347,NA,1.002578336813267,NA
9874559,21,ʃ e z u ʒ,5,-20.413361161166105,NA,-21.30607077641668,NA,-21.23961045572301,NA,1.274892670609532,NA,1.2746965965867414,NA,1.0140542779889286,NA,1.0135267325647053,NA
9874559,61,d͡ʒ o c i c,5,-23.871817361041813,NA,-Inf,NA,-30.898696726610687,NA,1.1985751556303774,NA,1.1985054370150776,NA,1.000922153764827,NA,1.0010883145531615,NA
9874559,38,b a ɟ ø ʒ,5,-24.86506702537125,NA,-Inf,NA,-23.420803652697536,NA,1.3358300822798563,NA,1.335532677648985,NA,1.0206378838430394,NA,1.0197712158697192,NA
9874559,80,g ɯ d͡ʒ u ɾ,5,-18.401954124401353,NA,-15.514694512570816,NA,-15.553988277275629,NA,1.2206968713441448,NA,1.2205683468578952,NA,1.0114276001889089,NA,1.0109684044339573,NA
9874559,15,b ɯ d a ʒ,5,-19.12602055601626,NA,-20.08567575275351,NA,-20.179115494716157,NA,1.3411283852127902,NA,1.3408045259119057,NA,1.0103448182681387,NA,1.0099894506104767,NA
9874559,10,v ɯ ʒ a ʒ,5,-22.349954898140567,NA,-Inf,NA,-25.81550837135159,NA,1.2641123593074002,NA,1.2639220306428625,NA,1.0015585492929229,NA,1.0016824729794085,NA
9874559,36,ɟ ø t͡ʃ e ʒ,5,-25.895838414443286,NA,-Inf,NA,-26.01302387459999,NA,1.140043237235324,NA,1.1400750278451808,NA,1.0022924360788037,NA,1.0023829981607115,NA
9874559,60,ɫ a c y c,5,-22.026637500586897,NA,-Inf,NA,-27.84286977614221,NA,1.303338955612124,NA,1.3030961175258404,NA,1.0029370543066431,NA,1.0029999110352912,NA
9874559,67,m y ɟ y z,5,-22.469309252839896,NA,-20.420586661988004,NA,-19.572854959613927,NA,1.207846762933068,NA,1.2077630593896518,NA,1.027561468749568,NA,1.0263250935198331,NA
9874559,69,l y l i c,5,-22.910768313384416,NA,-Inf,NA,-32.397687831098054,NA,1.203960562382335,NA,1.203881391318237,NA,1.0008711294622858,NA,1.0010398142992691,NA
9874559,33,t͡ʃ e ʒ u ʒ,5,-23.048080491923255,NA,-22.073070829734753,NA,-22.06130764515632,NA,1.2460500918115391,NA,1.2459043466753474,NA,1.0066654436263762,NA,1.0065329248080075,NA
9874559,18,h y ʒ a ʒ,5,-22.512279354827413,NA,-22.102878518280345,NA,-22.166868313437227,NA,1.3079157400202015,NA,1.3076496470041246,NA,1.0032923482443703,NA,1.0033251342986491,NA
9874559,34,j a b u ʒ,5,-19.31027464586884,NA,-18.66177474584945,NA,-18.602207543248568,NA,1.3727688430545328,NA,1.3724036038051812,NA,1.029576112826616,NA,1.02823132533125,NA
9874559,59,ɫ o h u v,5,-18.593599295416848,NA,-24.062385001701756,NA,-23.99927255278523,NA,1.1612070751754773,NA,1.1612039662326097,NA,1.0043702249837334,NA,1.004350345813558,NA
9874559,44,t i k u ɾ,5,-14.757321292630818,NA,-13.776182245400546,NA,-13.797827878122703,NA,1.3425309336547508,NA,1.3421911014635628,NA,1.0178435286691223,NA,1.01704029300458,NA
9874559,16,h y ʒ o ʒ,5,-24.26036702153048,NA,-23.09409359618359,NA,-22.955847081614372,NA,1.1385613608532974,NA,1.1386035176599465,NA,1.0022002270881678,NA,1.0023005246401142,NA
9874559,63,b o z y z,5,-19.26283358646827,NA,-16.006298136958325,NA,-16.038972563588715,NA,1.2096753412240209,NA,1.2095880258287266,NA,1.011931948070003,NA,1.0115128583515274,NA
9874559,12,ʃ o ʒ a v,5,-20.47724743734481,NA,-22.61856961138616,NA,-22.667019868719475,NA,1.288367615858368,NA,1.2881315117422223,NA,1.0061232207228026,NA,1.005964640548633,NA
9874559,80,ɟ i ɟ i c,5,-27.327803810976384,NA,-34.544864796093734,NA,-33.39335316750246,NA,1.200631107369301,NA,1.2005578354972886,NA,1.0004350671053688,NA,1.0006268044902862,NA
9874559,83,n y n i v,5,-16.875155560146357,NA,-21.870278494630696,NA,-21.860137136995288,NA,1.2901878365226052,NA,1.2899547596023124,NA,1.015590305177985,NA,1.014953753172737,NA
9874559,91,n u l e ɾ,5,-16.7353899896315,NA,-21.8754485295826,NA,-21.502576488019884,NA,1.2814781732006866,NA,1.2812387575669788,NA,1.0164999980354623,NA,1.0157043429334207,NA
9874559,18,b u ʒ u z,5,-21.183579400179205,NA,-19.10099770791221,NA,-18.99855357037276,NA,1.1919528697614603,NA,1.191894841679337,NA,1.0090301397771717,NA,1.008755156382551,NA
9874559,10,ɟ i ʒ o ʒ,5,-26.818661125757455,NA,-29.39941525084724,NA,-28.902870287169502,NA,1.1099298726971636,NA,1.110021532393878,NA,1.0005226776773717,NA,1.000711052533111,NA
9874559,59,s ø ɾ ɯ ɾ,5,-17.20500131187094,NA,-15.07133366695696,NA,-15.108072623586152,NA,1.3616515088653494,NA,1.3612768593282027,NA,1.0224207245664567,NA,1.021344720223736,NA
9874559,9,l i ʒ a v,5,-20.23050859359168,NA,-26.93864092108832,NA,-26.6862720433174,NA,1.2954686251708838,NA,1.2952202250027611,NA,1.005853468543388,NA,1.005709010195803,NA
9874559,7,b o ʒ i l,5,-21.431083494530565,NA,-17.705568653800018,NA,-17.83640175391364,NA,1.2532448349058904,NA,1.2530775477498026,NA,1.0092351210095205,NA,1.0089534298645335,NA
9874559,10,n u ʒ ɯ h,5,-20.24619677932734,NA,-27.810791659163197,NA,-27.023579690957725,NA,1.1518762179262898,NA,1.1518883333637062,NA,1.0010090676384151,NA,1.0011719374015406,NA
9874559,64,m y d͡ʒ u z,5,-18.768087972695568,NA,-15.447888818271592,NA,-15.47911401039972,NA,1.2404912354404627,NA,1.2403491166587477,NA,1.0319024111948645,NA,1.0304219098064595,NA
9874559,62,l i l e h,5,-18.919528331099233,NA,-28.0860697294688,NA,-27.46035835823068,NA,1.2245450186213964,NA,1.2244264214977632,NA,1.0031029632868411,NA,1.0031441439625928,NA
9874559,11,b y ʒ u ʒ,5,-23.866384100399888,NA,-23.067365963329937,NA,-22.908307977729834,NA,1.1812596797175028,NA,1.1812260558503582,NA,1.0029253067504076,NA,1.0029894710389118,NA
9874559,36,n ɯ c i v,5,-19.93088069637855,NA,-Inf,NA,-29.55229981701376,NA,1.201667544130325,NA,1.201588410921533,NA,1.0018247936466855,NA,1.0019317455664367,NA
9874559,9,n ɯ ʒ ɯ ʒ,5,-22.414816280194614,NA,-Inf,NA,-30.786845680157285,NA,1.1290677347665397,NA,1.129123492209685,NA,1.0003249566724437,NA,1.0005257916572736,NA
9874559,66,n ɯ v ø c,5,-22.316148913561925,NA,-Inf,NA,-30.445293983702243,NA,1.1084544645079504,NA,1.1085503214476562,NA,1.001905682716268,NA,1.0020229522148367,NA
9874559,88,v ø ɟ y m,5,-24.02986774956105,NA,-Inf,NA,-25.69225069164061,NA,1.09995900556369,NA,1.10005431962118,NA,1.002654692924395,NA,1.0027073865105098,NA
9874559,58,n u v ø h,5,-19.914181691206203,NA,-Inf,NA,-27.03470635875693,NA,1.1319802610032077,NA,1.1320309822151344,NA,1.0023941627725557,NA,1.0024857126666045,NA
9874559,83,ɫ a t a j,5,-13.539207723328191,NA,-16.70963205807083,NA,-16.722833062461532,NA,1.5581158667217818,NA,1.5574094336214954,NA,1.0364821239096451,NA,1.0346702629498348,NA
9874559,67,n ɯ c y j,5,-20.443678587627296,NA,-Inf,NA,-28.54826058980769,NA,1.1194433120611658,NA,1.119511701447071,NA,1.0005205875821277,NA,1.0007091769497731,NA
9874559,25,b ø t͡ʃ u ʒ,5,-23.04040938456597,NA,-22.79008801093924,NA,-22.657649428790645,NA,1.141361768943645,NA,1.1413970478706803,NA,1.0020862604454976,NA,1.0021930802819217,NA
9874559,75,g a ɟ i l,5,-21.711665732611312,NA,-21.848897140452937,NA,-21.63415311259603,NA,1.4234248610169082,NA,1.4229631257047886,NA,1.0082939096649637,NA,1.0080627500036243,NA
9874559,86,h a t͡ʃ ø z,5,-19.291182011224596,NA,-16.038256272556517,NA,-16.08294553334273,NA,1.3428697105576248,NA,1.3425540778269385,NA,1.02767606738203,NA,1.026436686056419,NA
9874559,15,b o p o ʒ,5,-21.602409734503315,NA,-17.33475181640033,NA,-17.45672173398626,NA,1.180862690747296,NA,1.1808313744606571,NA,1.012965315438448,NA,1.01249501576141,NA
9874559,40,v ø l ø h,5,-23.290063091036213,NA,-Inf,NA,-32.28412824653789,NA,1.0659556661882257,NA,1.066120812453014,NA,1,1,1.0002179098838746,1
9874559,19,v e ɟ y ʒ,5,-24.678551245174873,NA,-25.322342225670877,NA,-24.826847868345496,NA,1.2138685991633609,NA,1.2137803225511092,NA,1.0052790884770466,NA,1.0052181146545902,NA
9874559,66,j o c ø f,5,-23.34087968343175,NA,-Inf,NA,-24.211050554951704,NA,1.1207079699595697,NA,1.1207782546784186,NA,1.0033803356801,NA,1.003419297076754,NA
9874559,78,k ɯ k o n,5,-15.853117021089924,NA,-12.795133988211877,NA,-12.823178946592495,NA,1.321191395011316,NA,1.3208914663733455,NA,1.0259375020257335,NA,1.0247328374892803,NA
9874559,71,g u h a n,5,-16.986187982608918,NA,-14.003209503389854,NA,-14.037361297492396,NA,1.393585672209114,NA,1.3931455531370758,NA,1.041008945259303,NA,1.0387823974648764,NA
9874559,80,t i s ø ɾ,5,-16.6433666420812,NA,-15.288823083741889,NA,-15.32336104232457,NA,1.2934630318516254,NA,1.2932118263382686,NA,1.009196713442622,NA,1.0089195099707884,NA
9874559,80,v ø l i c,5,-23.521629066683385,NA,-Inf,NA,-33.25997944794797,NA,1.1642026037351003,NA,1.1641922265701674,NA,1.0003260515161396,NA,1.0005235520380404,NA
9874559,19,t͡ʃ ø j o ʒ,5,-23.110844320056284,NA,-18.612897025047648,NA,-18.738353722963613,NA,1.1138647273701043,NA,1.1139491411652993,NA,1.0038353772712676,NA,1.0038463961880495,NA
9874559,43,l e ʒ i z,5,-20.353317059019144,NA,-23.404909965851168,NA,-23.138865417442208,NA,1.3100161638106471,NA,1.3097474876247677,NA,1.005750594004306,NA,1.005617778175364,NA
9874559,61,b o p ɯ z,5,-18.80572539465341,NA,-15.575160863623148,NA,-15.6123249065678,NA,1.2287916059057706,NA,1.228668657107823,NA,1.014936867151038,NA,1.014349109888668,NA
9874559,66,g ɯ d͡ʒ i n,5,-17.765150906217194,NA,-14.572887378272108,NA,-14.613885458742647,NA,1.288193771309351,NA,1.2879431620866866,NA,1.019118781821044,NA,1.0181985618821732,NA
9874559,67,k u ɾ i n,5,-14.89701971471122,NA,-12.94195303395921,NA,-12.96493491685879,NA,1.5007331881655468,NA,1.5001135144861943,NA,1.0493627462694506,NA,1.0468268577985411,NA
9874559,15,b i m y ʒ,5,-19.745708670599832,NA,-17.144470810093683,NA,-17.12870059621924,NA,1.224775815843954,NA,1.224668160873623,NA,1.017560989647938,NA,1.0168496999823045,NA
9874559,13,g ɯ ɟ e ʒ,5,-24.30578124525424,NA,-Inf,NA,-24.815598505272497,NA,1.196280249113463,NA,1.1962148980539262,NA,1.002806683496261,NA,1.0028744767627225,NA
9875096,55,t i k u ɾ,5,-14.757321292630818,NA,-13.776182245400546,NA,-13.797827878122703,NA,1.3425309336547508,NA,1.3421911014635628,NA,1.0178435286691223,NA,1.01704029300458,NA
9875096,40,n u c i v,5,-20.145747666853374,NA,-Inf,NA,-28.879295751792085,NA,1.2126077521025955,NA,1.2125096911983495,NA,1.0022042581137438,NA,1.0022912535659585,NA
9875096,19,l i g a v,5,-18.317025751495315,NA,-24.901990127973495,NA,-24.64460050717379,NA,1.3020095605246391,NA,1.3017497711993005,NA,1.0094632673533137,NA,1.0091216418905589,NA
9875096,69,m y ɾ e ɾ,5,-14.984624734814105,NA,-12.552940803573671,NA,-12.57913149636152,NA,1.489033852575989,NA,1.4884339967257736,NA,1.064327496486173,NA,1.060981828884185,NA
9875096,47,ɟ i ɟ i c,5,-27.327803810976384,NA,-34.544864796093734,NA,-33.39335316750246,NA,1.200631107369301,NA,1.2005578354972886,NA,1.0004350671053688,NA,1.0006268044902862,NA
9875096,72,t e ɾ a n,5,-13.154797069130572,NA,-11.724338917087254,NA,-11.742921937601642,NA,1.6505512704719087,NA,1.6496653866651498,NA,1.1099233378103026,NA,1.104018173778758,NA
9875096,73,h a c i z,5,-19.17393398541818,NA,-Inf,NA,-21.131318076779458,NA,1.44361829462378,NA,1.4431184887150887,NA,1.029014126217107,NA,1.027660226668782,NA
9875096,40,ɫ a c e c,5,-20.652231711132256,NA,-Inf,NA,-27.899065041129965,NA,1.386819495813845,NA,1.3864247108936807,NA,1.0035239470356945,NA,1.00355006691279,NA
9875096,11,v ɯ c ø c,5,-25.87442309272073,NA,-Inf,NA,-32.19927328021738,NA,1.0761529069919815,NA,1.076304970573472,NA,1.0002707972270364,NA,1.000474478028374,NA
9875096,2,m y ʒ ø z,5,-22.32662891088082,NA,-18.58658519622501,NA,-18.33479718703259,NA,1.187771311398157,NA,1.1877241782403851,NA,1.027167731420923,NA,1.0259561075629384,NA
9875096,5,ʃ o ʒ a v,5,-20.47724743734481,NA,-22.61856961138616,NA,-22.667019868719475,NA,1.288367615858368,NA,1.2881315117422223,NA,1.0061232207228026,NA,1.005964640548633,NA
9875096,0,n ɯ ʒ ɯ ʒ,5,-22.414816280194614,NA,-Inf,NA,-30.786845680157285,NA,1.1290677347665397,NA,1.129123492209685,NA,1.0003249566724437,NA,1.0005257916572736,NA
9875096,0,z a ʒ ɯ ʒ,5,-21.998094155474003,NA,-Inf,NA,-26.305727027014363,NA,1.3354719613518329,NA,1.3351706136026844,NA,1.0043869150779896,NA,1.0043743138247614,NA
9875096,42,ɫ o h u v,5,-18.593599295416848,NA,-24.062385001701756,NA,-23.99927255278523,NA,1.1612070751754773,NA,1.1612039662326097,NA,1.0043702249837334,NA,1.004350345813558,NA
9875096,55,b o ʒ a n,5,-18.87907738678704,NA,-15.653898437212243,NA,-15.751763646111796,NA,1.3952268910920227,NA,1.3947842803728532,NA,1.034064398232142,NA,1.0322259545780297,NA
9875096,40,ɫ o h e s,5,-16.45817250086749,NA,-21.317120361286086,NA,-21.272071082039435,NA,1.2426762924026875,NA,1.24252019486607,NA,1.009570595243294,NA,1.0092260466145833,NA
9875096,0,v ø l ø h,5,-23.290063091036213,NA,-Inf,NA,-32.28412824653789,NA,1.0659556661882257,NA,1.066120812453014,NA,1,1,1.0002179098838746,1
9875096,0,t͡ʃ ø j o ʒ,5,-23.110844320056284,NA,-18.612897025047648,NA,-18.738353722963613,NA,1.1138647273701043,NA,1.1139491411652993,NA,1.0038353772712676,NA,1.0038463961880495,NA
9875096,0,n ɯ v ø c,5,-22.316148913561925,NA,-Inf,NA,-30.445293983702243,NA,1.1084544645079504,NA,1.1085503214476562,NA,1.001905682716268,NA,1.0020229522148367,NA
9875096,56,d͡ʒ o c i c,5,-23.871817361041813,NA,-Inf,NA,-30.898696726610687,NA,1.1985751556303774,NA,1.1985054370150776,NA,1.000922153764827,NA,1.0010883145531615,NA
9875096,57,n u g u v,5,-18.88780549394557,NA,-23.829955675252805,NA,-23.77692043460571,NA,1.1475726601589815,NA,1.147593398617559,NA,1.002664785337298,NA,1.0027359066125898,NA
9875096,16,n y m ø s,5,-18.304860118330534,NA,-23.800973686763864,NA,-23.65109261672794,NA,1.1731956986207523,NA,1.1731689601736792,NA,1.0049036855497242,NA,1.0048624490342637,NA
9875096,25,g ɯ ɟ e ʒ,5,-24.30578124525424,NA,-Inf,NA,-24.815598505272497,NA,1.196280249113463,NA,1.1962148980539262,NA,1.002806683496261,NA,1.0028744767627225,NA
9875096,39,b o p ɯ z,5,-18.80572539465341,NA,-15.575160863623148,NA,-15.6123249065678,NA,1.2287916059057706,NA,1.228668657107823,NA,1.014936867151038,NA,1.014349109888668,NA
9875096,18,n u d͡ʒ o h,5,-18.585597379729464,NA,-24.726458930397825,NA,-24.61717125138857,NA,1.1330251122802943,NA,1.1330725118708005,NA,1.001474956791939,NA,1.001614712938203,NA
9875096,67,k u ɾ i n,5,-14.89701971471122,NA,-12.94195303395921,NA,-12.96493491685879,NA,1.5007331881655468,NA,1.5001135144861943,NA,1.0493627462694506,NA,1.0468268577985411,NA
9875096,0,n y m ɯ j,5,-16.9785438270158,NA,-22.43669703100411,NA,-22.421232711240805,NA,1.2136164438653825,NA,1.21351869881907,NA,1.006133848620259,NA,1.0060194361555963,NA
9875096,6,t͡ʃ e ʒ u ʒ,5,-23.048080491923255,NA,-22.073070829734753,NA,-22.06130764515632,NA,1.2460500918115391,NA,1.2459043466753474,NA,1.0066654436263762,NA,1.0065329248080075,NA
9875096,19,s ø ɾ u ɾ,5,-17.419868282345767,NA,-15.476373057880078,NA,-15.513651402105268,NA,1.3518503805959323,NA,1.3514935705505449,NA,1.0191373454814323,NA,1.0182579368786828,NA
9875096,0,t͡ʃ i d͡ʒ ɯ t͡ʃ,5,-18.934215266206888,NA,-18.007434786889252,NA,-18.031020698229675,NA,1.1892406476791797,NA,1.1891896194854592,NA,1.007346548615294,NA,1.007170341171165,NA
9875096,56,k ɯ k o n,5,-15.853117021089924,NA,-12.795133988211877,NA,-12.823178946592495,NA,1.321191395011316,NA,1.3208914663733455,NA,1.0259375020257335,NA,1.0247328374892803,NA
9875096,12,v ø ɟ y m,5,-24.02986774956105,NA,-Inf,NA,-25.69225069164061,NA,1.09995900556369,NA,1.10005431962118,NA,1.002654692924395,NA,1.0027073865105098,NA
9875096,6,b u ʒ u z,5,-21.183579400179205,NA,-19.10099770791221,NA,-18.99855357037276,NA,1.1919528697614603,NA,1.191894841679337,NA,1.0090301397771717,NA,1.008755156382551,NA
9875096,2,ɟ i ʒ u ʒ,5,-26.631966384151276,NA,-29.991575100561576,NA,-29.47052707287037,NA,1.1312986116566484,NA,1.1313513771126087,NA,1.0003270467676877,NA,1.0005276672406118,NA
9875096,28,s ø ɾ ø ɾ,5,-18.916248108852137,NA,-17.736643428071496,NA,-17.750937164122824,NA,1.311449218136533,NA,1.3111659441356651,NA,1.006315849424642,NA,1.0061905369137407,NA
9875096,15,l i l e h,5,-18.919528331099233,NA,-28.0860697294688,NA,-27.46035835823068,NA,1.2245450186213964,NA,1.2244264214977632,NA,1.0031029632868411,NA,1.0031441439625928,NA
9875096,20,l y l i c,5,-22.910768313384416,NA,-Inf,NA,-32.397687831098054,NA,1.203960562382335,NA,1.203881391318237,NA,1.0008711294622858,NA,1.0010398142992691,NA
9875096,3,g ɯ ʒ u ʒ,5,-24.04112686624343,NA,-Inf,NA,-24.742720107269367,NA,1.1331254198362304,NA,1.1331750499516993,NA,1.0024913344887347,NA,1.002578336813267,NA
9875096,67,k u t ø ɾ,5,-17.142589509814194,NA,-15.653402142063069,NA,-15.691176305475931,NA,1.32230203950961,NA,1.3220007996898406,NA,1.018129501377924,NA,1.0173831055756966,NA
9875096,58,n ɯ c i v,5,-19.93088069637855,NA,-Inf,NA,-29.55229981701376,NA,1.201667544130325,NA,1.201588410921533,NA,1.0018247936466855,NA,1.0019317455664367,NA
9875096,35,n u v ø h,5,-19.914181691206203,NA,-Inf,NA,-27.03470635875693,NA,1.1319802610032077,NA,1.1320309822151344,NA,1.0023941627725557,NA,1.0024857126666045,NA
9875096,58,h a t͡ʃ ø z,5,-19.291182011224596,NA,-16.038256272556517,NA,-16.08294553334273,NA,1.3428697105576248,NA,1.3425540778269385,NA,1.02767606738203,NA,1.026436686056419,NA
9875096,47,ɟ e j o ʒ,5,-23.913791342449223,NA,-Inf,NA,-24.87491275380586,NA,1.2374689664526486,NA,1.2373395107029062,NA,1.0110946677328192,NA,1.010721436984636,NA
9875096,36,s ø ɾ ɯ ɾ,5,-17.20500131187094,NA,-15.07133366695696,NA,-15.108072623586152,NA,1.3616515088653494,NA,1.3612768593282027,NA,1.0224207245664567,NA,1.021344720223736,NA
9875096,91,ɫ a t a j,5,-13.539207723328191,NA,-16.70963205807083,NA,-16.722833062461532,NA,1.5581158667217818,NA,1.5574094336214954,NA,1.0364821239096451,NA,1.0346702629498348,NA
9875096,26,j a b u ʒ,5,-19.31027464586884,NA,-18.66177474584945,NA,-18.602207543248568,NA,1.3727688430545328,NA,1.3724036038051812,NA,1.029576112826616,NA,1.02823132533125,NA
9875096,28,h y ʒ o ʒ,5,-24.26036702153048,NA,-23.09409359618359,NA,-22.955847081614372,NA,1.1385613608532974,NA,1.1386035176599465,NA,1.0022002270881678,NA,1.0023005246401142,NA
9875096,30,ɟ i ʒ o ʒ,5,-26.818661125757455,NA,-29.39941525084724,NA,-28.902870287169502,NA,1.1099298726971636,NA,1.110021532393878,NA,1.0005226776773717,NA,1.000711052533111,NA
9875096,61,ɟ e ɟ i c,5,-27.129968484650533,NA,-Inf,NA,-33.995918426500694,NA,1.286798785012282,NA,1.286576434113205,NA,1.0004350671053688,NA,1.0006268044902862,NA
9875096,53,ɫ a c y c,5,-22.026637500586897,NA,-Inf,NA,-27.84286977614221,NA,1.303338955612124,NA,1.3030961175258404,NA,1.0029370543066431,NA,1.0029999110352912,NA
9875096,32,h ø ʃ a ʒ,5,-21.446707936005243,NA,-21.13827944442946,NA,-21.18485938345635,NA,1.2838250896845864,NA,1.2836003756660834,NA,1.0078943784157934,NA,1.007671292277256,NA
9875096,28,j o c ø f,5,-23.34087968343175,NA,-Inf,NA,-24.211050554951704,NA,1.1207079699595697,NA,1.1207782546784186,NA,1.0033803356801,NA,1.003419297076754,NA
9875096,58,m y d͡ʒ u z,5,-18.768087972695568,NA,-15.447888818271592,NA,-15.47911401039972,NA,1.2404912354404627,NA,1.2403491166587477,NA,1.0319024111948645,NA,1.0304219098064595,NA
9875096,33,t i s ø ɾ,5,-16.6433666420812,NA,-15.288823083741889,NA,-15.32336104232457,NA,1.2934630318516254,NA,1.2932118263382686,NA,1.009196713442622,NA,1.0089195099707884,NA
9875096,16,v ɯ ʒ a ʒ,5,-22.349954898140567,NA,-Inf,NA,-25.81550837135159,NA,1.2641123593074002,NA,1.2639220306428625,NA,1.0015585492929229,NA,1.0016824729794085,NA
9875096,0,ʃ e z u ʒ,5,-20.413361161166105,NA,-21.30607077641668,NA,-21.23961045572301,NA,1.274892670609532,NA,1.2746965965867414,NA,1.0140542779889286,NA,1.0135267325647053,NA
9875096,0,l e ʒ ɯ h,5,-21.03897463564812,NA,-30.18402807989924,NA,-29.205404715536854,NA,1.244495155727509,NA,1.2443470199359166,NA,1.0007952166504448,NA,1.0009691836637256,NA
9875096,36,ʃ u ɟ y ɾ,5,-21.957256044240108,NA,-22.499173241968023,NA,-21.920606300134068,NA,1.1847548415426716,NA,1.1846904267614222,NA,1.0053463860468044,NA,1.0052425528526925,NA
9875096,53,b o p o ʒ,5,-21.602409734503315,NA,-17.33475181640033,NA,-17.45672173398626,NA,1.180862690747296,NA,1.1808313744606571,NA,1.012965315438448,NA,1.01249501576141,NA
9875096,52,b u h a ʒ,5,-19.63382263150912,NA,-16.589829009805186,NA,-16.73205715679298,NA,1.3523956399527486,NA,1.3520522834985491,NA,1.021610727156267,NA,1.0206577518516846,NA
9875096,59,g ɯ d͡ʒ u ɾ,5,-18.401954124401353,NA,-15.514694512570816,NA,-15.553988277275629,NA,1.2206968713441448,NA,1.2205683468578952,NA,1.0114276001889089,NA,1.0109684044339573,NA
9875096,52,b i t͡ʃ ø z,5,-19.756398366120063,NA,-16.19975610039546,NA,-16.23976513062291,NA,1.1837400183652915,NA,1.1836997124750908,NA,1.0128196585784826,NA,1.0123617470711583,NA
9875096,54,h a ʒ u z,5,-19.829474654606734,NA,-17.11965647191572,NA,-17.218070915836304,NA,1.3720422673264103,NA,1.3716726499377587,NA,1.0259268416966203,NA,1.0247640708076309,NA
9875096,42,l i ʒ a v,5,-20.23050859359168,NA,-26.93864092108832,NA,-26.6862720433174,NA,1.2954686251708838,NA,1.2952202250027611,NA,1.005853468543388,NA,1.005709010195803,NA
9875096,26,b ø t͡ʃ u ʒ,5,-23.04040938456597,NA,-22.79008801093924,NA,-22.657649428790645,NA,1.141361768943645,NA,1.1413970478706803,NA,1.0020862604454976,NA,1.0021930802819217,NA
9875096,45,n y n i v,5,-16.875155560146357,NA,-21.870278494630696,NA,-21.860137136995288,NA,1.2901878365226052,NA,1.2899547596023124,NA,1.015590305177985,NA,1.014953753172737,NA
9875096,46,h a h a ʒ,5,-18.279717885936645,NA,-15.5480561905522,NA,-15.694802669418907,NA,1.5324850375176986,NA,1.5318300917569716,NA,1.049136449025569,NA,1.046733780370724,NA
9875096,54,n u l e ɾ,5,-16.7353899896315,NA,-21.8754485295826,NA,-21.502576488019884,NA,1.2814781732006866,NA,1.2812387575669788,NA,1.0164999980354623,NA,1.0157043429334207,NA
9875096,58,n ø t a j,5,-16.60787778582062,NA,-20.729930991692015,NA,-20.69776307610008,NA,1.3204062609894092,NA,1.3201110967426837,NA,1.0202544768288162,NA,1.019299714440256,NA
9875096,43,n u ʒ ɯ h,5,-20.24619677932734,NA,-27.810791659163197,NA,-27.023579690957725,NA,1.1518762179262898,NA,1.1518883333637062,NA,1.0010090676384151,NA,1.0011719374015406,NA
9875096,9,b ɯ d a ʒ,5,-19.12602055601626,NA,-20.08567575275351,NA,-20.179115494716157,NA,1.3411283852127902,NA,1.3408045259119057,NA,1.0103448182681387,NA,1.0099894506104767,NA
9875096,20,g ɯ d͡ʒ i n,5,-17.765150906217194,NA,-14.572887378272108,NA,-14.613885458742647,NA,1.288193771309351,NA,1.2879431620866866,NA,1.019118781821044,NA,1.0181985618821732,NA
9875096,0,z a ʒ o ʒ,5,-22.39965586755501,NA,-21.87536781165056,NA,-21.900778541508014,NA,1.3043020941229309,NA,1.3040574801062963,NA,1.0045825459876734,NA,1.004557699117261,NA
9875096,1,b a ɟ ø ʒ,5,-24.86506702537125,NA,-Inf,NA,-23.420803652697536,NA,1.3358300822798563,NA,1.335532677648985,NA,1.0206378838430394,NA,1.0197712158697192,NA
9875096,0,l e ʒ i z,5,-20.353317059019144,NA,-23.404909965851168,NA,-23.138865417442208,NA,1.3100161638106471,NA,1.3097474876247677,NA,1.005750594004306,NA,1.005617778175364,NA
9875096,0,b y ʒ u ʒ,5,-23.866384100399888,NA,-23.067365963329937,NA,-22.908307977729834,NA,1.1812596797175028,NA,1.1812260558503582,NA,1.0029253067504076,NA,1.0029894710389118,NA
9875096,12,n ɯ c y j,5,-20.443678587627296,NA,-Inf,NA,-28.54826058980769,NA,1.1194433120611658,NA,1.119511701447071,NA,1.0005205875821277,NA,1.0007091769497731,NA
9875096,20,ɟ ø t͡ʃ e ʒ,5,-25.895838414443286,NA,-Inf,NA,-26.01302387459999,NA,1.140043237235324,NA,1.1400750278451808,NA,1.0022924360788037,NA,1.0023829981607115,NA
9875096,5,b i m y ʒ,5,-19.745708670599832,NA,-17.144470810093683,NA,-17.12870059621924,NA,1.224775815843954,NA,1.224668160873623,NA,1.017560989647938,NA,1.0168496999823045,NA
9875096,33,v ø l i c,5,-23.521629066683385,NA,-Inf,NA,-33.25997944794797,NA,1.1642026037351003,NA,1.1641922265701674,NA,1.0003260515161396,NA,1.0005235520380404,NA
9875096,12,v e ɟ y ʒ,5,-24.678551245174873,NA,-25.322342225670877,NA,-24.826847868345496,NA,1.2138685991633609,NA,1.2137803225511092,NA,1.0052790884770466,NA,1.0052181146545902,NA
9875096,17,t͡ʃ e ʒ ø z,5,-22.14933769066073,NA,-19.18578744927172,NA,-19.077176117348685,NA,1.222407977281713,NA,1.2223008694112456,NA,1.00686107453606,NA,1.0067163101005072,NA
9875096,72,g u h a n,5,-16.986187982608918,NA,-14.003209503389854,NA,-14.037361297492396,NA,1.393585672209114,NA,1.3931455531370758,NA,1.041008945259303,NA,1.0387823974648764,NA
9875096,12,d͡ʒ y b a ʒ,5,-20.242830063624115,NA,-19.67879062473088,NA,-19.79752495934659,NA,1.3058041354405645,NA,1.3055414123656015,NA,1.0127232269111113,NA,1.01223747830455,NA
9875096,40,b o z y z,5,-19.26283358646827,NA,-16.006298136958325,NA,-16.038972563588715,NA,1.2096753412240209,NA,1.2095880258287266,NA,1.011931948070003,NA,1.0115128583515274,NA
9875096,59,b o ʒ u ɾ,5,-20.188385139391087,NA,-16.322503633728758,NA,-16.394241238881506,NA,1.250175714529859,NA,1.249996348711549,NA,1.0147786024753525,NA,1.0141465127170373,NA
9875096,53,b e v e ʒ,5,-19.361992708840056,NA,-16.706821942985723,NA,-16.834862117610335,NA,1.3761639224927549,NA,1.3757870363920413,NA,1.0278984680883785,NA,1.0266329792683782,NA
9875096,61,b o ʒ i l,5,-21.431083494530565,NA,-17.705568653800018,NA,-17.83640175391364,NA,1.2532448349058904,NA,1.2530775477498026,NA,1.0092351210095205,NA,1.0089534298645335,NA
9875096,58,m y ɟ y z,5,-22.469309252839896,NA,-20.420586661988004,NA,-19.572854959613927,NA,1.207846762933068,NA,1.2077630593896518,NA,1.027561468749568,NA,1.0263250935198331,NA
9875096,19,b e ʒ a v,5,-18.887323500746025,NA,-19.56906284531509,NA,-19.661279048791737,NA,1.441131755390738,NA,1.4406313873886738,NA,1.018474361069321,NA,1.01766664871558,NA
9875096,24,h y ʒ a ʒ,5,-22.512279354827413,NA,-22.102878518280345,NA,-22.166868313437227,NA,1.3079157400202015,NA,1.3076496470041246,NA,1.0032923482443703,NA,1.0033251342986491,NA
9875096,0,b i ɟ i ʒ,5,-23.15230334260776,NA,-24.915909991588407,NA,-24.35353692250794,NA,1.266203336252664,NA,1.2660164134332708,NA,1.012035144436651,NA,1.0116199754960176,NA
9875096,27,g a ɟ i l,5,-21.711665732611312,NA,-21.848897140452937,NA,-21.63415311259603,NA,1.4234248610169082,NA,1.4229631257047886,NA,1.0082939096649637,NA,1.0080627500036243,NA
9875096,20,ɫ o m ø s,5,-18.19297547659577,NA,-23.7185910215694,NA,-23.576018053983702,NA,1.1580890131919466,NA,1.1580884043189272,NA,1.006369125718587,NA,1.0062507303895665,NA
9875096,11,z ø ʒ i l,5,-22.936420602528372,NA,-Inf,NA,-24.4772263559713,NA,1.157513007334928,NA,1.157511308073952,NA,1.001760072495694,NA,1.0018712112846873,NA
9875096,28,n e m ø h,5,-17.63893282018263,NA,-23.558108707134007,NA,-23.245886540663424,NA,1.2573677552147065,NA,1.2572013402029647,NA,1.0157239137890697,NA,1.015111998046541,NA
9934114,0,s ø ɾ ɯ ɾ,5,-17.20500131187094,NA,-15.07133366695696,NA,-15.108072623586152,NA,1.3616515088653494,NA,1.3612768593282027,NA,1.0224207245664567,NA,1.021344720223736,NA
9934114,5,n u ʒ ɯ h,5,-20.24619677932734,NA,-27.810791659163197,NA,-27.023579690957725,NA,1.1518762179262898,NA,1.1518883333637062,NA,1.0010090676384151,NA,1.0011719374015406,NA
9934114,17,n u v ø h,5,-19.914181691206203,NA,-Inf,NA,-27.03470635875693,NA,1.1319802610032077,NA,1.1320309822151344,NA,1.0023941627725557,NA,1.0024857126666045,NA
9934114,9,b y ʒ u ʒ,5,-23.866384100399888,NA,-23.067365963329937,NA,-22.908307977729834,NA,1.1812596797175028,NA,1.1812260558503582,NA,1.0029253067504076,NA,1.0029894710389118,NA
9934114,12,m y ɾ e ɾ,5,-14.984624734814105,NA,-12.552940803573671,NA,-12.57913149636152,NA,1.489033852575989,NA,1.4884339967257736,NA,1.064327496486173,NA,1.060981828884185,NA
9934114,30,ɟ e ɟ i c,5,-27.129968484650533,NA,-Inf,NA,-33.995918426500694,NA,1.286798785012282,NA,1.286576434113205,NA,1.0004350671053688,NA,1.0006268044902862,NA
9934114,0,n u g u v,5,-18.88780549394557,NA,-23.829955675252805,NA,-23.77692043460571,NA,1.1475726601589815,NA,1.147593398617559,NA,1.002664785337298,NA,1.0027359066125898,NA
9934114,0,t͡ʃ e ʒ u ʒ,5,-23.048080491923255,NA,-22.073070829734753,NA,-22.06130764515632,NA,1.2460500918115391,NA,1.2459043466753474,NA,1.0066654436263762,NA,1.0065329248080075,NA
9934114,67,b ø t͡ʃ u ʒ,5,-23.04040938456597,NA,-22.79008801093924,NA,-22.657649428790645,NA,1.141361768943645,NA,1.1413970478706803,NA,1.0020862604454976,NA,1.0021930802819217,NA
9934114,3,v ɯ ʒ a ʒ,5,-22.349954898140567,NA,-Inf,NA,-25.81550837135159,NA,1.2641123593074002,NA,1.2639220306428625,NA,1.0015585492929229,NA,1.0016824729794085,NA
9934114,6,n ɯ c y j,5,-20.443678587627296,NA,-Inf,NA,-28.54826058980769,NA,1.1194433120611658,NA,1.119511701447071,NA,1.0005205875821277,NA,1.0007091769497731,NA
9934114,26,l e ʒ ɯ h,5,-21.03897463564812,NA,-30.18402807989924,NA,-29.205404715536854,NA,1.244495155727509,NA,1.2443470199359166,NA,1.0007952166504448,NA,1.0009691836637256,NA
9934114,66,n u l e ɾ,5,-16.7353899896315,NA,-21.8754485295826,NA,-21.502576488019884,NA,1.2814781732006866,NA,1.2812387575669788,NA,1.0164999980354623,NA,1.0157043429334207,NA
9934114,84,ʃ u ɟ y ɾ,5,-21.957256044240108,NA,-22.499173241968023,NA,-21.920606300134068,NA,1.1847548415426716,NA,1.1846904267614222,NA,1.0053463860468044,NA,1.0052425528526925,NA
9934114,13,b ɯ d a ʒ,5,-19.12602055601626,NA,-20.08567575275351,NA,-20.179115494716157,NA,1.3411283852127902,NA,1.3408045259119057,NA,1.0103448182681387,NA,1.0099894506104767,NA
9934114,10,h ø ʃ a ʒ,5,-21.446707936005243,NA,-21.13827944442946,NA,-21.18485938345635,NA,1.2838250896845864,NA,1.2836003756660834,NA,1.0078943784157934,NA,1.007671292277256,NA
9934114,4,n y m ɯ j,5,-16.9785438270158,NA,-22.43669703100411,NA,-22.421232711240805,NA,1.2136164438653825,NA,1.21351869881907,NA,1.006133848620259,NA,1.0060194361555963,NA
9934114,5,n e m ø h,5,-17.63893282018263,NA,-23.558108707134007,NA,-23.245886540663424,NA,1.2573677552147065,NA,1.2572013402029647,NA,1.0157239137890697,NA,1.015111998046541,NA
9934114,71,b i t͡ʃ ø z,5,-19.756398366120063,NA,-16.19975610039546,NA,-16.23976513062291,NA,1.1837400183652915,NA,1.1836997124750908,NA,1.0128196585784826,NA,1.0123617470711583,NA
9934114,0,ɫ o h u v,5,-18.593599295416848,NA,-24.062385001701756,NA,-23.99927255278523,NA,1.1612070751754773,NA,1.1612039662326097,NA,1.0043702249837334,NA,1.004350345813558,NA
9934114,0,v ø l i c,5,-23.521629066683385,NA,-Inf,NA,-33.25997944794797,NA,1.1642026037351003,NA,1.1641922265701674,NA,1.0003260515161396,NA,1.0005235520380404,NA
9934114,0,ɫ o m ø s,5,-18.19297547659577,NA,-23.7185910215694,NA,-23.576018053983702,NA,1.1580890131919466,NA,1.1580884043189272,NA,1.006369125718587,NA,1.0062507303895665,NA
9934114,0,n ɯ c i v,5,-19.93088069637855,NA,-Inf,NA,-29.55229981701376,NA,1.201667544130325,NA,1.201588410921533,NA,1.0018247936466855,NA,1.0019317455664367,NA
9934114,0,b i m y ʒ,5,-19.745708670599832,NA,-17.144470810093683,NA,-17.12870059621924,NA,1.224775815843954,NA,1.224668160873623,NA,1.017560989647938,NA,1.0168496999823045,NA
9934114,0,g ɯ ɟ e ʒ,5,-24.30578124525424,NA,-Inf,NA,-24.815598505272497,NA,1.196280249113463,NA,1.1962148980539262,NA,1.002806683496261,NA,1.0028744767627225,NA
9934114,0,v ɯ c ø c,5,-25.87442309272073,NA,-Inf,NA,-32.19927328021738,NA,1.0761529069919815,NA,1.076304970573472,NA,1.0002707972270364,NA,1.000474478028374,NA
9934114,72,k u t ø ɾ,5,-17.142589509814194,NA,-15.653402142063069,NA,-15.691176305475931,NA,1.32230203950961,NA,1.3220007996898406,NA,1.018129501377924,NA,1.0173831055756966,NA
9934114,83,ɟ ø t͡ʃ e ʒ,5,-25.895838414443286,NA,-Inf,NA,-26.01302387459999,NA,1.140043237235324,NA,1.1400750278451808,NA,1.0022924360788037,NA,1.0023829981607115,NA
9934114,0,z ø ʒ i l,5,-22.936420602528372,NA,-Inf,NA,-24.4772263559713,NA,1.157513007334928,NA,1.157511308073952,NA,1.001760072495694,NA,1.0018712112846873,NA
9934114,70,m y ʒ ø z,5,-22.32662891088082,NA,-18.58658519622501,NA,-18.33479718703259,NA,1.187771311398157,NA,1.1877241782403851,NA,1.027167731420923,NA,1.0259561075629384,NA
9934114,68,t i k u ɾ,5,-14.757321292630818,NA,-13.776182245400546,NA,-13.797827878122703,NA,1.3425309336547508,NA,1.3421911014635628,NA,1.0178435286691223,NA,1.01704029300458,NA
9934114,32,t i s ø ɾ,5,-16.6433666420812,NA,-15.288823083741889,NA,-15.32336104232457,NA,1.2934630318516254,NA,1.2932118263382686,NA,1.009196713442622,NA,1.0089195099707884,NA
9934114,19,k u ɾ i n,5,-14.89701971471122,NA,-12.94195303395921,NA,-12.96493491685879,NA,1.5007331881655468,NA,1.5001135144861943,NA,1.0493627462694506,NA,1.0468268577985411,NA
9934114,3,z a ʒ ɯ ʒ,5,-21.998094155474003,NA,-Inf,NA,-26.305727027014363,NA,1.3354719613518329,NA,1.3351706136026844,NA,1.0043869150779896,NA,1.0043743138247614,NA
9934114,19,ɟ i ʒ o ʒ,5,-26.818661125757455,NA,-29.39941525084724,NA,-28.902870287169502,NA,1.1099298726971636,NA,1.110021532393878,NA,1.0005226776773717,NA,1.000711052533111,NA
9934114,61,ʃ e z u ʒ,5,-20.413361161166105,NA,-21.30607077641668,NA,-21.23961045572301,NA,1.274892670609532,NA,1.2746965965867414,NA,1.0140542779889286,NA,1.0135267325647053,NA
9934114,9,d͡ʒ y b a ʒ,5,-20.242830063624115,NA,-19.67879062473088,NA,-19.79752495934659,NA,1.3058041354405645,NA,1.3055414123656015,NA,1.0127232269111113,NA,1.01223747830455,NA
9934114,0,n y m ø s,5,-18.304860118330534,NA,-23.800973686763864,NA,-23.65109261672794,NA,1.1731956986207523,NA,1.1731689601736792,NA,1.0049036855497242,NA,1.0048624490342637,NA
9934114,72,ɟ i ɟ i c,5,-27.327803810976384,NA,-34.544864796093734,NA,-33.39335316750246,NA,1.200631107369301,NA,1.2005578354972886,NA,1.0004350671053688,NA,1.0006268044902862,NA
9934114,9,ɫ a c e c,5,-20.652231711132256,NA,-Inf,NA,-27.899065041129965,NA,1.386819495813845,NA,1.3864247108936807,NA,1.0035239470356945,NA,1.00355006691279,NA
9934114,23,t͡ʃ e ʒ ø z,5,-22.14933769066073,NA,-19.18578744927172,NA,-19.077176117348685,NA,1.222407977281713,NA,1.2223008694112456,NA,1.00686107453606,NA,1.0067163101005072,NA
9934114,81,b o z y z,5,-19.26283358646827,NA,-16.006298136958325,NA,-16.038972563588715,NA,1.2096753412240209,NA,1.2095880258287266,NA,1.011931948070003,NA,1.0115128583515274,NA
9934114,25,b o p o ʒ,5,-21.602409734503315,NA,-17.33475181640033,NA,-17.45672173398626,NA,1.180862690747296,NA,1.1808313744606571,NA,1.012965315438448,NA,1.01249501576141,NA
9934114,77,ɟ e j o ʒ,5,-23.913791342449223,NA,-Inf,NA,-24.87491275380586,NA,1.2374689664526486,NA,1.2373395107029062,NA,1.0110946677328192,NA,1.010721436984636,NA
9934114,18,s ø ɾ u ɾ,5,-17.419868282345767,NA,-15.476373057880078,NA,-15.513651402105268,NA,1.3518503805959323,NA,1.3514935705505449,NA,1.0191373454814323,NA,1.0182579368786828,NA
9934114,78,t e ɾ a n,5,-13.154797069130572,NA,-11.724338917087254,NA,-11.742921937601642,NA,1.6505512704719087,NA,1.6496653866651498,NA,1.1099233378103026,NA,1.104018173778758,NA
9934114,29,l i ʒ a v,5,-20.23050859359168,NA,-26.93864092108832,NA,-26.6862720433174,NA,1.2954686251708838,NA,1.2952202250027611,NA,1.005853468543388,NA,1.005709010195803,NA
9934114,12,b e v e ʒ,5,-19.361992708840056,NA,-16.706821942985723,NA,-16.834862117610335,NA,1.3761639224927549,NA,1.3757870363920413,NA,1.0278984680883785,NA,1.0266329792683782,NA
9934114,74,ɫ a t a j,5,-13.539207723328191,NA,-16.70963205807083,NA,-16.722833062461532,NA,1.5581158667217818,NA,1.5574094336214954,NA,1.0364821239096451,NA,1.0346702629498348,NA
9934114,72,b u ʒ u z,5,-21.183579400179205,NA,-19.10099770791221,NA,-18.99855357037276,NA,1.1919528697614603,NA,1.191894841679337,NA,1.0090301397771717,NA,1.008755156382551,NA
9934114,18,b i ɟ i ʒ,5,-23.15230334260776,NA,-24.915909991588407,NA,-24.35353692250794,NA,1.266203336252664,NA,1.2660164134332708,NA,1.012035144436651,NA,1.0116199754960176,NA
9934114,0,v ø l ø h,5,-23.290063091036213,NA,-Inf,NA,-32.28412824653789,NA,1.0659556661882257,NA,1.066120812453014,NA,1,1,1.0002179098838746,1
9934114,81,h a t͡ʃ ø z,5,-19.291182011224596,NA,-16.038256272556517,NA,-16.08294553334273,NA,1.3428697105576248,NA,1.3425540778269385,NA,1.02767606738203,NA,1.026436686056419,NA
9934114,5,g ɯ d͡ʒ u ɾ,5,-18.401954124401353,NA,-15.514694512570816,NA,-15.553988277275629,NA,1.2206968713441448,NA,1.2205683468578952,NA,1.0114276001889089,NA,1.0109684044339573,NA
9934114,12,h y ʒ a ʒ,5,-22.512279354827413,NA,-22.102878518280345,NA,-22.166868313437227,NA,1.3079157400202015,NA,1.3076496470041246,NA,1.0032923482443703,NA,1.0033251342986491,NA
9934114,2,n y n i v,5,-16.875155560146357,NA,-21.870278494630696,NA,-21.860137136995288,NA,1.2901878365226052,NA,1.2899547596023124,NA,1.015590305177985,NA,1.014953753172737,NA
9934114,0,j a b u ʒ,5,-19.31027464586884,NA,-18.66177474584945,NA,-18.602207543248568,NA,1.3727688430545328,NA,1.3724036038051812,NA,1.029576112826616,NA,1.02823132533125,NA
9934114,77,g ɯ d͡ʒ i n,5,-17.765150906217194,NA,-14.572887378272108,NA,-14.613885458742647,NA,1.288193771309351,NA,1.2879431620866866,NA,1.019118781821044,NA,1.0181985618821732,NA
9934114,79,b a ɟ ø ʒ,5,-24.86506702537125,NA,-Inf,NA,-23.420803652697536,NA,1.3358300822798563,NA,1.335532677648985,NA,1.0206378838430394,NA,1.0197712158697192,NA
9934114,0,k ɯ k o n,5,-15.853117021089924,NA,-12.795133988211877,NA,-12.823178946592495,NA,1.321191395011316,NA,1.3208914663733455,NA,1.0259375020257335,NA,1.0247328374892803,NA
9934114,0,h a h a ʒ,5,-18.279717885936645,NA,-15.5480561905522,NA,-15.694802669418907,NA,1.5324850375176986,NA,1.5318300917569716,NA,1.049136449025569,NA,1.046733780370724,NA
9934114,13,j o c ø f,5,-23.34087968343175,NA,-Inf,NA,-24.211050554951704,NA,1.1207079699595697,NA,1.1207782546784186,NA,1.0033803356801,NA,1.003419297076754,NA
9934114,2,t͡ʃ ø j o ʒ,5,-23.110844320056284,NA,-18.612897025047648,NA,-18.738353722963613,NA,1.1138647273701043,NA,1.1139491411652993,NA,1.0038353772712676,NA,1.0038463961880495,NA
9934114,77,s ø ɾ ø ɾ,5,-18.916248108852137,NA,-17.736643428071496,NA,-17.750937164122824,NA,1.311449218136533,NA,1.3111659441356651,NA,1.006315849424642,NA,1.0061905369137407,NA
9934114,77,d͡ʒ o c i c,5,-23.871817361041813,NA,-Inf,NA,-30.898696726610687,NA,1.1985751556303774,NA,1.1985054370150776,NA,1.000922153764827,NA,1.0010883145531615,NA
9934114,0,ɫ o h e s,5,-16.45817250086749,NA,-21.317120361286086,NA,-21.272071082039435,NA,1.2426762924026875,NA,1.24252019486607,NA,1.009570595243294,NA,1.0092260466145833,NA
9934114,0,n ɯ v ø c,5,-22.316148913561925,NA,-Inf,NA,-30.445293983702243,NA,1.1084544645079504,NA,1.1085503214476562,NA,1.001905682716268,NA,1.0020229522148367,NA
9934114,0,n u d͡ʒ o h,5,-18.585597379729464,NA,-24.726458930397825,NA,-24.61717125138857,NA,1.1330251122802943,NA,1.1330725118708005,NA,1.001474956791939,NA,1.001614712938203,NA
9934114,0,b o ʒ a n,5,-18.87907738678704,NA,-15.653898437212243,NA,-15.751763646111796,NA,1.3952268910920227,NA,1.3947842803728532,NA,1.034064398232142,NA,1.0322259545780297,NA
9934114,0,b o ʒ i l,5,-21.431083494530565,NA,-17.705568653800018,NA,-17.83640175391364,NA,1.2532448349058904,NA,1.2530775477498026,NA,1.0092351210095205,NA,1.0089534298645335,NA
9934114,0,n ɯ ʒ ɯ ʒ,5,-22.414816280194614,NA,-Inf,NA,-30.786845680157285,NA,1.1290677347665397,NA,1.129123492209685,NA,1.0003249566724437,NA,1.0005257916572736,NA
9934114,0,g u h a n,5,-16.986187982608918,NA,-14.003209503389854,NA,-14.037361297492396,NA,1.393585672209114,NA,1.3931455531370758,NA,1.041008945259303,NA,1.0387823974648764,NA
9934114,72,b e ʒ a v,5,-18.887323500746025,NA,-19.56906284531509,NA,-19.661279048791737,NA,1.441131755390738,NA,1.4406313873886738,NA,1.018474361069321,NA,1.01766664871558,NA
9934114,0,t͡ʃ i d͡ʒ ɯ t͡ʃ,5,-18.934215266206888,NA,-18.007434786889252,NA,-18.031020698229675,NA,1.1892406476791797,NA,1.1891896194854592,NA,1.007346548615294,NA,1.007170341171165,NA
9934114,0,n ø t a j,5,-16.60787778582062,NA,-20.729930991692015,NA,-20.69776307610008,NA,1.3204062609894092,NA,1.3201110967426837,NA,1.0202544768288162,NA,1.019299714440256,NA
9934114,0,ʃ o ʒ a v,5,-20.47724743734481,NA,-22.61856961138616,NA,-22.667019868719475,NA,1.288367615858368,NA,1.2881315117422223,NA,1.0061232207228026,NA,1.005964640548633,NA
9934114,81,b u h a ʒ,5,-19.63382263150912,NA,-16.589829009805186,NA,-16.73205715679298,NA,1.3523956399527486,NA,1.3520522834985491,NA,1.021610727156267,NA,1.0206577518516846,NA
9934114,19,b o ʒ u ɾ,5,-20.188385139391087,NA,-16.322503633728758,NA,-16.394241238881506,NA,1.250175714529859,NA,1.249996348711549,NA,1.0147786024753525,NA,1.0141465127170373,NA
9934114,87,h a ʒ u z,5,-19.829474654606734,NA,-17.11965647191572,NA,-17.218070915836304,NA,1.3720422673264103,NA,1.3716726499377587,NA,1.0259268416966203,NA,1.0247640708076309,NA
9934114,92,m y d͡ʒ u z,5,-18.768087972695568,NA,-15.447888818271592,NA,-15.47911401039972,NA,1.2404912354404627,NA,1.2403491166587477,NA,1.0319024111948645,NA,1.0304219098064595,NA
9934114,0,h y ʒ o ʒ,5,-24.26036702153048,NA,-23.09409359618359,NA,-22.955847081614372,NA,1.1385613608532974,NA,1.1386035176599465,NA,1.0022002270881678,NA,1.0023005246401142,NA
9934114,0,b o p ɯ z,5,-18.80572539465341,NA,-15.575160863623148,NA,-15.6123249065678,NA,1.2287916059057706,NA,1.228668657107823,NA,1.014936867151038,NA,1.014349109888668,NA
9934114,0,v ø ɟ y m,5,-24.02986774956105,NA,-Inf,NA,-25.69225069164061,NA,1.09995900556369,NA,1.10005431962118,NA,1.002654692924395,NA,1.0027073865105098,NA
9934114,0,n u c i v,5,-20.145747666853374,NA,-Inf,NA,-28.879295751792085,NA,1.2126077521025955,NA,1.2125096911983495,NA,1.0022042581137438,NA,1.0022912535659585,NA
9934114,0,m y ɟ y z,5,-22.469309252839896,NA,-20.420586661988004,NA,-19.572854959613927,NA,1.207846762933068,NA,1.2077630593896518,NA,1.027561468749568,NA,1.0263250935198331,NA
9934114,0,g a ɟ i l,5,-21.711665732611312,NA,-21.848897140452937,NA,-21.63415311259603,NA,1.4234248610169082,NA,1.4229631257047886,NA,1.0082939096649637,NA,1.0080627500036243,NA
9934114,0,l y l i c,5,-22.910768313384416,NA,-Inf,NA,-32.397687831098054,NA,1.203960562382335,NA,1.203881391318237,NA,1.0008711294622858,NA,1.0010398142992691,NA
9934114,84,h a c i z,5,-19.17393398541818,NA,-Inf,NA,-21.131318076779458,NA,1.44361829462378,NA,1.4431184887150887,NA,1.029014126217107,NA,1.027660226668782,NA
9934114,12,ɟ i ʒ u ʒ,5,-26.631966384151276,NA,-29.991575100561576,NA,-29.47052707287037,NA,1.1312986116566484,NA,1.1313513771126087,NA,1.0003270467676877,NA,1.0005276672406118,NA
9934114,0,ɫ a c y c,5,-22.026637500586897,NA,-Inf,NA,-27.84286977614221,NA,1.303338955612124,NA,1.3030961175258404,NA,1.0029370543066431,NA,1.0029999110352912,NA
9934114,2,z a ʒ o ʒ,5,-22.39965586755501,NA,-21.87536781165056,NA,-21.900778541508014,NA,1.3043020941229309,NA,1.3040574801062963,NA,1.0045825459876734,NA,1.004557699117261,NA
9934114,1,g ɯ ʒ u ʒ,5,-24.04112686624343,NA,-Inf,NA,-24.742720107269367,NA,1.1331254198362304,NA,1.1331750499516993,NA,1.0024913344887347,NA,1.002578336813267,NA
9934114,1,v e ɟ y ʒ,5,-24.678551245174873,NA,-25.322342225670877,NA,-24.826847868345496,NA,1.2138685991633609,NA,1.2137803225511092,NA,1.0052790884770466,NA,1.0052181146545902,NA
9934114,7,l e ʒ i z,5,-20.353317059019144,NA,-23.404909965851168,NA,-23.138865417442208,NA,1.3100161638106471,NA,1.3097474876247677,NA,1.005750594004306,NA,1.005617778175364,NA
9934114,10,l i l e h,5,-18.919528331099233,NA,-28.0860697294688,NA,-27.46035835823068,NA,1.2245450186213964,NA,1.2244264214977632,NA,1.0031029632868411,NA,1.0031441439625928,NA
9934114,17,l i g a v,5,-18.317025751495315,NA,-24.901990127973495,NA,-24.64460050717379,NA,1.3020095605246391,NA,1.3017497711993005,NA,1.0094632673533137,NA,1.0091216418905589,NA
9877561,31,n y m ø s,5,-18.304860118330534,NA,-23.800973686763864,NA,-23.65109261672794,NA,1.1731956986207523,NA,1.1731689601736792,NA,1.0049036855497242,NA,1.0048624490342637,NA
9877561,100,z ø ʒ i l,5,-22.936420602528372,NA,-Inf,NA,-24.4772263559713,NA,1.157513007334928,NA,1.157511308073952,NA,1.001760072495694,NA,1.0018712112846873,NA
9877561,59,l e ʒ i z,5,-20.353317059019144,NA,-23.404909965851168,NA,-23.138865417442208,NA,1.3100161638106471,NA,1.3097474876247677,NA,1.005750594004306,NA,1.005617778175364,NA
9877561,18,g ɯ ɟ e ʒ,5,-24.30578124525424,NA,-Inf,NA,-24.815598505272497,NA,1.196280249113463,NA,1.1962148980539262,NA,1.002806683496261,NA,1.0028744767627225,NA
9877561,19,b o p o ʒ,5,-21.602409734503315,NA,-17.33475181640033,NA,-17.45672173398626,NA,1.180862690747296,NA,1.1808313744606571,NA,1.012965315438448,NA,1.01249501576141,NA
9877561,88,k ɯ k o n,5,-15.853117021089924,NA,-12.795133988211877,NA,-12.823178946592495,NA,1.321191395011316,NA,1.3208914663733455,NA,1.0259375020257335,NA,1.0247328374892803,NA
9877561,23,n u d͡ʒ o h,5,-18.585597379729464,NA,-24.726458930397825,NA,-24.61717125138857,NA,1.1330251122802943,NA,1.1330725118708005,NA,1.001474956791939,NA,1.001614712938203,NA
9877561,56,h a h a ʒ,5,-18.279717885936645,NA,-15.5480561905522,NA,-15.694802669418907,NA,1.5324850375176986,NA,1.5318300917569716,NA,1.049136449025569,NA,1.046733780370724,NA
9877561,54,m y d͡ʒ u z,5,-18.768087972695568,NA,-15.447888818271592,NA,-15.47911401039972,NA,1.2404912354404627,NA,1.2403491166587477,NA,1.0319024111948645,NA,1.0304219098064595,NA
9877561,57,h a ʒ u z,5,-19.829474654606734,NA,-17.11965647191572,NA,-17.218070915836304,NA,1.3720422673264103,NA,1.3716726499377587,NA,1.0259268416966203,NA,1.0247640708076309,NA
9877561,89,n u l e ɾ,5,-16.7353899896315,NA,-21.8754485295826,NA,-21.502576488019884,NA,1.2814781732006866,NA,1.2812387575669788,NA,1.0164999980354623,NA,1.0157043429334207,NA
9877561,20,n u ʒ ɯ h,5,-20.24619677932734,NA,-27.810791659163197,NA,-27.023579690957725,NA,1.1518762179262898,NA,1.1518883333637062,NA,1.0010090676384151,NA,1.0011719374015406,NA
9877561,90,n ø t a j,5,-16.60787778582062,NA,-20.729930991692015,NA,-20.69776307610008,NA,1.3204062609894092,NA,1.3201110967426837,NA,1.0202544768288162,NA,1.019299714440256,NA
9877561,59,k u ɾ i n,5,-14.89701971471122,NA,-12.94195303395921,NA,-12.96493491685879,NA,1.5007331881655468,NA,1.5001135144861943,NA,1.0493627462694506,NA,1.0468268577985411,NA
9877561,18,t͡ʃ i d͡ʒ ɯ t͡ʃ,5,-18.934215266206888,NA,-18.007434786889252,NA,-18.031020698229675,NA,1.1892406476791797,NA,1.1891896194854592,NA,1.007346548615294,NA,1.007170341171165,NA
9877561,57,v ø ɟ y m,5,-24.02986774956105,NA,-Inf,NA,-25.69225069164061,NA,1.09995900556369,NA,1.10005431962118,NA,1.002654692924395,NA,1.0027073865105098,NA
9877561,55,v ø l ø h,5,-23.290063091036213,NA,-Inf,NA,-32.28412824653789,NA,1.0659556661882257,NA,1.066120812453014,NA,1,1,1.0002179098838746,1
9877561,89,s ø ɾ ɯ ɾ,5,-17.20500131187094,NA,-15.07133366695696,NA,-15.108072623586152,NA,1.3616515088653494,NA,1.3612768593282027,NA,1.0224207245664567,NA,1.021344720223736,NA
9877561,86,n ɯ ʒ ɯ ʒ,5,-22.414816280194614,NA,-Inf,NA,-30.786845680157285,NA,1.1290677347665397,NA,1.129123492209685,NA,1.0003249566724437,NA,1.0005257916572736,NA
9877561,54,n ɯ c i v,5,-19.93088069637855,NA,-Inf,NA,-29.55229981701376,NA,1.201667544130325,NA,1.201588410921533,NA,1.0018247936466855,NA,1.0019317455664367,NA
9877561,57,m y ɾ e ɾ,5,-14.984624734814105,NA,-12.552940803573671,NA,-12.57913149636152,NA,1.489033852575989,NA,1.4884339967257736,NA,1.064327496486173,NA,1.060981828884185,NA
9877561,62,ɟ i ʒ o ʒ,5,-26.818661125757455,NA,-29.39941525084724,NA,-28.902870287169502,NA,1.1099298726971636,NA,1.110021532393878,NA,1.0005226776773717,NA,1.000711052533111,NA
9877561,27,v ɯ ʒ a ʒ,5,-22.349954898140567,NA,-Inf,NA,-25.81550837135159,NA,1.2641123593074002,NA,1.2639220306428625,NA,1.0015585492929229,NA,1.0016824729794085,NA
9877561,54,ɟ ø t͡ʃ e ʒ,5,-25.895838414443286,NA,-Inf,NA,-26.01302387459999,NA,1.140043237235324,NA,1.1400750278451808,NA,1.0022924360788037,NA,1.0023829981607115,NA
9877561,54,ɫ a t a j,5,-13.539207723328191,NA,-16.70963205807083,NA,-16.722833062461532,NA,1.5581158667217818,NA,1.5574094336214954,NA,1.0364821239096451,NA,1.0346702629498348,NA
9877561,55,j o c ø f,5,-23.34087968343175,NA,-Inf,NA,-24.211050554951704,NA,1.1207079699595697,NA,1.1207782546784186,NA,1.0033803356801,NA,1.003419297076754,NA
9877561,56,j a b u ʒ,5,-19.31027464586884,NA,-18.66177474584945,NA,-18.602207543248568,NA,1.3727688430545328,NA,1.3724036038051812,NA,1.029576112826616,NA,1.02823132533125,NA
9877561,56,t e ɾ a n,5,-13.154797069130572,NA,-11.724338917087254,NA,-11.742921937601642,NA,1.6505512704719087,NA,1.6496653866651498,NA,1.1099233378103026,NA,1.104018173778758,NA
9877561,28,ɫ a c y c,5,-22.026637500586897,NA,-Inf,NA,-27.84286977614221,NA,1.303338955612124,NA,1.3030961175258404,NA,1.0029370543066431,NA,1.0029999110352912,NA
9877561,56,g ɯ d͡ʒ i n,5,-17.765150906217194,NA,-14.572887378272108,NA,-14.613885458742647,NA,1.288193771309351,NA,1.2879431620866866,NA,1.019118781821044,NA,1.0181985618821732,NA
9877561,58,k u t ø ɾ,5,-17.142589509814194,NA,-15.653402142063069,NA,-15.691176305475931,NA,1.32230203950961,NA,1.3220007996898406,NA,1.018129501377924,NA,1.0173831055756966,NA
9877561,56,ʃ e z u ʒ,5,-20.413361161166105,NA,-21.30607077641668,NA,-21.23961045572301,NA,1.274892670609532,NA,1.2746965965867414,NA,1.0140542779889286,NA,1.0135267325647053,NA
9877561,57,m y ɟ y z,5,-22.469309252839896,NA,-20.420586661988004,NA,-19.572854959613927,NA,1.207846762933068,NA,1.2077630593896518,NA,1.027561468749568,NA,1.0263250935198331,NA
9877561,42,t͡ʃ e ʒ u ʒ,5,-23.048080491923255,NA,-22.073070829734753,NA,-22.06130764515632,NA,1.2460500918115391,NA,1.2459043466753474,NA,1.0066654436263762,NA,1.0065329248080075,NA
9877561,54,ʃ o ʒ a v,5,-20.47724743734481,NA,-22.61856961138616,NA,-22.667019868719475,NA,1.288367615858368,NA,1.2881315117422223,NA,1.0061232207228026,NA,1.005964640548633,NA
9877561,60,b u h a ʒ,5,-19.63382263150912,NA,-16.589829009805186,NA,-16.73205715679298,NA,1.3523956399527486,NA,1.3520522834985491,NA,1.021610727156267,NA,1.0206577518516846,NA
9877561,57,v e ɟ y ʒ,5,-24.678551245174873,NA,-25.322342225670877,NA,-24.826847868345496,NA,1.2138685991633609,NA,1.2137803225511092,NA,1.0052790884770466,NA,1.0052181146545902,NA
9877561,59,b i t͡ʃ ø z,5,-19.756398366120063,NA,-16.19975610039546,NA,-16.23976513062291,NA,1.1837400183652915,NA,1.1836997124750908,NA,1.0128196585784826,NA,1.0123617470711583,NA
9877561,88,z a ʒ o ʒ,5,-22.39965586755501,NA,-21.87536781165056,NA,-21.900778541508014,NA,1.3043020941229309,NA,1.3040574801062963,NA,1.0045825459876734,NA,1.004557699117261,NA
9877561,58,ɟ e ɟ i c,5,-27.129968484650533,NA,-Inf,NA,-33.995918426500694,NA,1.286798785012282,NA,1.286576434113205,NA,1.0004350671053688,NA,1.0006268044902862,NA
9877561,59,g u h a n,5,-16.986187982608918,NA,-14.003209503389854,NA,-14.037361297492396,NA,1.393585672209114,NA,1.3931455531370758,NA,1.041008945259303,NA,1.0387823974648764,NA
9877561,20,b e ʒ a v,5,-18.887323500746025,NA,-19.56906284531509,NA,-19.661279048791737,NA,1.441131755390738,NA,1.4406313873886738,NA,1.018474361069321,NA,1.01766664871558,NA
9877561,60,m y ʒ ø z,5,-22.32662891088082,NA,-18.58658519622501,NA,-18.33479718703259,NA,1.187771311398157,NA,1.1877241782403851,NA,1.027167731420923,NA,1.0259561075629384,NA
9877561,94,b o z y z,5,-19.26283358646827,NA,-16.006298136958325,NA,-16.038972563588715,NA,1.2096753412240209,NA,1.2095880258287266,NA,1.011931948070003,NA,1.0115128583515274,NA
9877561,26,n e m ø h,5,-17.63893282018263,NA,-23.558108707134007,NA,-23.245886540663424,NA,1.2573677552147065,NA,1.2572013402029647,NA,1.0157239137890697,NA,1.015111998046541,NA
9877561,89,b o ʒ i l,5,-21.431083494530565,NA,-17.705568653800018,NA,-17.83640175391364,NA,1.2532448349058904,NA,1.2530775477498026,NA,1.0092351210095205,NA,1.0089534298645335,NA
9877561,61,ɟ i ʒ u ʒ,5,-26.631966384151276,NA,-29.991575100561576,NA,-29.47052707287037,NA,1.1312986116566484,NA,1.1313513771126087,NA,1.0003270467676877,NA,1.0005276672406118,NA
9877561,25,t i s ø ɾ,5,-16.6433666420812,NA,-15.288823083741889,NA,-15.32336104232457,NA,1.2934630318516254,NA,1.2932118263382686,NA,1.009196713442622,NA,1.0089195099707884,NA
9877561,25,b ø t͡ʃ u ʒ,5,-23.04040938456597,NA,-22.79008801093924,NA,-22.657649428790645,NA,1.141361768943645,NA,1.1413970478706803,NA,1.0020862604454976,NA,1.0021930802819217,NA
9877561,26,n u v ø h,5,-19.914181691206203,NA,-Inf,NA,-27.03470635875693,NA,1.1319802610032077,NA,1.1320309822151344,NA,1.0023941627725557,NA,1.0024857126666045,NA
9877561,61,ʃ u ɟ y ɾ,5,-21.957256044240108,NA,-22.499173241968023,NA,-21.920606300134068,NA,1.1847548415426716,NA,1.1846904267614222,NA,1.0053463860468044,NA,1.0052425528526925,NA
9877561,60,v ɯ c ø c,5,-25.87442309272073,NA,-Inf,NA,-32.19927328021738,NA,1.0761529069919815,NA,1.076304970573472,NA,1.0002707972270364,NA,1.000474478028374,NA
9877561,60,s ø ɾ u ɾ,5,-17.419868282345767,NA,-15.476373057880078,NA,-15.513651402105268,NA,1.3518503805959323,NA,1.3514935705505449,NA,1.0191373454814323,NA,1.0182579368786828,NA
9877561,63,b u ʒ u z,5,-21.183579400179205,NA,-19.10099770791221,NA,-18.99855357037276,NA,1.1919528697614603,NA,1.191894841679337,NA,1.0090301397771717,NA,1.008755156382551,NA
9877561,95,n ɯ c y j,5,-20.443678587627296,NA,-Inf,NA,-28.54826058980769,NA,1.1194433120611658,NA,1.119511701447071,NA,1.0005205875821277,NA,1.0007091769497731,NA
9877561,65,h a c i z,5,-19.17393398541818,NA,-Inf,NA,-21.131318076779458,NA,1.44361829462378,NA,1.4431184887150887,NA,1.029014126217107,NA,1.027660226668782,NA
9877561,61,g ɯ d͡ʒ u ɾ,5,-18.401954124401353,NA,-15.514694512570816,NA,-15.553988277275629,NA,1.2206968713441448,NA,1.2205683468578952,NA,1.0114276001889089,NA,1.0109684044339573,NA
9877561,26,g a ɟ i l,5,-21.711665732611312,NA,-21.848897140452937,NA,-21.63415311259603,NA,1.4234248610169082,NA,1.4229631257047886,NA,1.0082939096649637,NA,1.0080627500036243,NA
9877561,57,d͡ʒ o c i c,5,-23.871817361041813,NA,-Inf,NA,-30.898696726610687,NA,1.1985751556303774,NA,1.1985054370150776,NA,1.000922153764827,NA,1.0010883145531615,NA
9877561,90,b i ɟ i ʒ,5,-23.15230334260776,NA,-24.915909991588407,NA,-24.35353692250794,NA,1.266203336252664,NA,1.2660164134332708,NA,1.012035144436651,NA,1.0116199754960176,NA
9877561,61,h y ʒ o ʒ,5,-24.26036702153048,NA,-23.09409359618359,NA,-22.955847081614372,NA,1.1385613608532974,NA,1.1386035176599465,NA,1.0022002270881678,NA,1.0023005246401142,NA
9877561,62,t͡ʃ e ʒ ø z,5,-22.14933769066073,NA,-19.18578744927172,NA,-19.077176117348685,NA,1.222407977281713,NA,1.2223008694112456,NA,1.00686107453606,NA,1.0067163101005072,NA
9877561,59,l y l i c,5,-22.910768313384416,NA,-Inf,NA,-32.397687831098054,NA,1.203960562382335,NA,1.203881391318237,NA,1.0008711294622858,NA,1.0010398142992691,NA
9877561,90,l e ʒ ɯ h,5,-21.03897463564812,NA,-30.18402807989924,NA,-29.205404715536854,NA,1.244495155727509,NA,1.2443470199359166,NA,1.0007952166504448,NA,1.0009691836637256,NA
9877561,22,n ɯ v ø c,5,-22.316148913561925,NA,-Inf,NA,-30.445293983702243,NA,1.1084544645079504,NA,1.1085503214476562,NA,1.001905682716268,NA,1.0020229522148367,NA
9877561,59,s ø ɾ ø ɾ,5,-18.916248108852137,NA,-17.736643428071496,NA,-17.750937164122824,NA,1.311449218136533,NA,1.3111659441356651,NA,1.006315849424642,NA,1.0061905369137407,NA
9877561,25,n u g u v,5,-18.88780549394557,NA,-23.829955675252805,NA,-23.77692043460571,NA,1.1475726601589815,NA,1.147593398617559,NA,1.002664785337298,NA,1.0027359066125898,NA
9877561,62,ɫ a c e c,5,-20.652231711132256,NA,-Inf,NA,-27.899065041129965,NA,1.386819495813845,NA,1.3864247108936807,NA,1.0035239470356945,NA,1.00355006691279,NA
9877561,90,ɫ o h e s,5,-16.45817250086749,NA,-21.317120361286086,NA,-21.272071082039435,NA,1.2426762924026875,NA,1.24252019486607,NA,1.009570595243294,NA,1.0092260466145833,NA
9877561,18,ɟ i ɟ i c,5,-27.327803810976384,NA,-34.544864796093734,NA,-33.39335316750246,NA,1.200631107369301,NA,1.2005578354972886,NA,1.0004350671053688,NA,1.0006268044902862,NA
9877561,63,h ø ʃ a ʒ,5,-21.446707936005243,NA,-21.13827944442946,NA,-21.18485938345635,NA,1.2838250896845864,NA,1.2836003756660834,NA,1.0078943784157934,NA,1.007671292277256,NA
9877561,23,n u c i v,5,-20.145747666853374,NA,-Inf,NA,-28.879295751792085,NA,1.2126077521025955,NA,1.2125096911983495,NA,1.0022042581137438,NA,1.0022912535659585,NA
9877561,19,b e v e ʒ,5,-19.361992708840056,NA,-16.706821942985723,NA,-16.834862117610335,NA,1.3761639224927549,NA,1.3757870363920413,NA,1.0278984680883785,NA,1.0266329792683782,NA
9877561,21,b o p ɯ z,5,-18.80572539465341,NA,-15.575160863623148,NA,-15.6123249065678,NA,1.2287916059057706,NA,1.228668657107823,NA,1.014936867151038,NA,1.014349109888668,NA
9877561,59,b o ʒ a n,5,-18.87907738678704,NA,-15.653898437212243,NA,-15.751763646111796,NA,1.3952268910920227,NA,1.3947842803728532,NA,1.034064398232142,NA,1.0322259545780297,NA
9877561,64,b o ʒ u ɾ,5,-20.188385139391087,NA,-16.322503633728758,NA,-16.394241238881506,NA,1.250175714529859,NA,1.249996348711549,NA,1.0147786024753525,NA,1.0141465127170373,NA
9877561,19,ɫ o m ø s,5,-18.19297547659577,NA,-23.7185910215694,NA,-23.576018053983702,NA,1.1580890131919466,NA,1.1580884043189272,NA,1.006369125718587,NA,1.0062507303895665,NA
9877561,87,b y ʒ u ʒ,5,-23.866384100399888,NA,-23.067365963329937,NA,-22.908307977729834,NA,1.1812596797175028,NA,1.1812260558503582,NA,1.0029253067504076,NA,1.0029894710389118,NA
9877561,64,t͡ʃ ø j o ʒ,5,-23.110844320056284,NA,-18.612897025047648,NA,-18.738353722963613,NA,1.1138647273701043,NA,1.1139491411652993,NA,1.0038353772712676,NA,1.0038463961880495,NA
9877561,83,b i m y ʒ,5,-19.745708670599832,NA,-17.144470810093683,NA,-17.12870059621924,NA,1.224775815843954,NA,1.224668160873623,NA,1.017560989647938,NA,1.0168496999823045,NA
9877561,59,ɟ e j o ʒ,5,-23.913791342449223,NA,-Inf,NA,-24.87491275380586,NA,1.2374689664526486,NA,1.2373395107029062,NA,1.0110946677328192,NA,1.010721436984636,NA
9877561,23,l i g a v,5,-18.317025751495315,NA,-24.901990127973495,NA,-24.64460050717379,NA,1.3020095605246391,NA,1.3017497711993005,NA,1.0094632673533137,NA,1.0091216418905589,NA
9877561,63,z a ʒ ɯ ʒ,5,-21.998094155474003,NA,-Inf,NA,-26.305727027014363,NA,1.3354719613518329,NA,1.3351706136026844,NA,1.0043869150779896,NA,1.0043743138247614,NA
9877561,18,n y n i v,5,-16.875155560146357,NA,-21.870278494630696,NA,-21.860137136995288,NA,1.2901878365226052,NA,1.2899547596023124,NA,1.015590305177985,NA,1.014953753172737,NA
9877561,23,l i l e h,5,-18.919528331099233,NA,-28.0860697294688,NA,-27.46035835823068,NA,1.2245450186213964,NA,1.2244264214977632,NA,1.0031029632868411,NA,1.0031441439625928,NA
9877561,75,ɫ o h u v,5,-18.593599295416848,NA,-24.062385001701756,NA,-23.99927255278523,NA,1.1612070751754773,NA,1.1612039662326097,NA,1.0043702249837334,NA,1.004350345813558,NA
9877561,19,n y m ɯ j,5,-16.9785438270158,NA,-22.43669703100411,NA,-22.421232711240805,NA,1.2136164438653825,NA,1.21351869881907,NA,1.006133848620259,NA,1.0060194361555963,NA
9877561,40,d͡ʒ y b a ʒ,5,-20.242830063624115,NA,-19.67879062473088,NA,-19.79752495934659,NA,1.3058041354405645,NA,1.3055414123656015,NA,1.0127232269111113,NA,1.01223747830455,NA
9877561,71,b a ɟ ø ʒ,5,-24.86506702537125,NA,-Inf,NA,-23.420803652697536,NA,1.3358300822798563,NA,1.335532677648985,NA,1.0206378838430394,NA,1.0197712158697192,NA
9877561,62,h a t͡ʃ ø z,5,-19.291182011224596,NA,-16.038256272556517,NA,-16.08294553334273,NA,1.3428697105576248,NA,1.3425540778269385,NA,1.02767606738203,NA,1.026436686056419,NA
9877561,65,g ɯ ʒ u ʒ,5,-24.04112686624343,NA,-Inf,NA,-24.742720107269367,NA,1.1331254198362304,NA,1.1331750499516993,NA,1.0024913344887347,NA,1.002578336813267,NA
9877561,19,t i k u ɾ,5,-14.757321292630818,NA,-13.776182245400546,NA,-13.797827878122703,NA,1.3425309336547508,NA,1.3421911014635628,NA,1.0178435286691223,NA,1.01704029300458,NA
9877561,72,h y ʒ a ʒ,5,-22.512279354827413,NA,-22.102878518280345,NA,-22.166868313437227,NA,1.3079157400202015,NA,1.3076496470041246,NA,1.0032923482443703,NA,1.0033251342986491,NA
9877561,23,v ø l i c,5,-23.521629066683385,NA,-Inf,NA,-33.25997944794797,NA,1.1642026037351003,NA,1.1641922265701674,NA,1.0003260515161396,NA,1.0005235520380404,NA
9877561,22,l i ʒ a v,5,-20.23050859359168,NA,-26.93864092108832,NA,-26.6862720433174,NA,1.2954686251708838,NA,1.2952202250027611,NA,1.005853468543388,NA,1.005709010195803,NA
9877561,76,b ɯ d a ʒ,5,-19.12602055601626,NA,-20.08567575275351,NA,-20.179115494716157,NA,1.3411283852127902,NA,1.3408045259119057,NA,1.0103448182681387,NA,1.0099894506104767,NA
9871884,62,g a m y z,5,-17.355373317181197,NA,-14.240338449458276,NA,-14.287440891901769,NA,1.3908659418471938,NA,1.390465006547887,NA,1.0224670797058462,NA,1.02149027043917,NA
9871884,24,b u m y ʒ,5,-20.634597061276835,NA,-17.453026450842174,NA,-17.43947379466699,NA,1.203816110471337,NA,1.2037447179670484,NA,1.013503908131295,NA,1.0130055541759393,NA
9871884,14,l i ʒ o h,5,-21.63837167405498,NA,-29.2969489690406,NA,-28.811359959835062,NA,1.1271576108556265,NA,1.1272152878236117,NA,1.0003270467676877,NA,1.0005276672406118,NA
9871884,52,b e j o p,5,-17.621956818911904,NA,-14.710265369997016,NA,-14.747288468151918,NA,1.318235195988115,NA,1.3179604495421229,NA,1.023964703711502,NA,1.0229099718204642,NA
9871884,32,n u ʒ o h,5,-20.647758491408347,NA,-26.42840069407047,NA,-26.092665911065804,NA,1.120706350697388,NA,1.120775199867318,NA,1.0008134367287314,NA,1.0009885521090411,NA
9871884,21,l ø ʒ ɯ v,5,-23.962302765397112,NA,-Inf,NA,-31.445776025167124,NA,1.0912637492814083,NA,1.0913810872864589,NA,1.000065210303228,NA,1.0002790383147078,NA
9871884,60,n u g a v,5,-17.32641256884868,NA,-22.17862386284786,NA,-22.142492609172585,NA,1.295558300366401,NA,1.2953096832430069,NA,1.0097861339305134,NA,1.0094276480806197,NA
9871884,29,ɫ o h ɯ v,5,-18.378732324942018,NA,-24.946669907437375,NA,-24.8696524175722,NA,1.1710082034448943,NA,1.1709872550102671,NA,1.002896280390419,NA,1.0029605848662049,NA
9871884,40,n ø m ø h,5,-20.22203636369186,NA,-27.127441990238378,NA,-26.772419935381528,NA,1.1051797136202524,NA,1.1052765997185356,NA,1.001638791460164,NA,1.00176987702246,NA
9871884,19,v ɯ ʒ o ʒ,5,-24.09804256484363,NA,-Inf,NA,-26.60448713952874,NA,1.094757980140496,NA,1.0948759012986842,NA,1.0004664281367202,NA,1.0006578633208734,NA
9871884,48,n ɯ g u v,5,-18.672938523470744,NA,-24.97225112201225,NA,-24.798231194095607,NA,1.1366324521867113,NA,1.1366721183407424,NA,1.0015222117456346,NA,1.001653631447348,NA
9871884,83,ɟ ø ɟ y ʃ,5,-28.382025596923334,NA,-Inf,NA,-27.273964274617327,NA,1.06451562774906,NA,1.064678843072776,NA,1.0016113280727483,NA,1.001729331617179,NA
9871884,76,ɫ o c e j,5,-19.459937199364497,NA,-Inf,NA,-26.8066540964721,NA,1.2048232326919666,NA,1.2047363825587754,NA,1.0060903952169935,NA,1.0059482882890152,NA
9871884,76,t ø ɾ i n,5,-16.410405147059684,NA,-14.831918462189485,NA,-14.86886634674382,NA,1.4208089522804974,NA,1.420327529748208,NA,1.0291017054180784,NA,1.0276334200937636,NA
9871884,50,v ø l y j,5,-21.757817351341345,NA,-Inf,NA,-31.916689215783485,NA,1.0935205953372813,NA,1.0936337054213383,NA,1.0001956309096838,NA,1.000401295176374,NA
9871884,20,ɟ i f e ʒ,5,-23.50725783914693,NA,-25.179036508558365,NA,-24.87841662264246,NA,1.2121684741836356,NA,1.2120754128304632,NA,1.0053026957384814,NA,1.0052306294125322,NA
9871884,32,f u ʒ u ʒ,5,-24.131491850813127,NA,-24.668253654298645,NA,-24.46144519601823,NA,1.1352955974923469,NA,1.135341466415286,NA,1.000975915064953,NA,1.0011424929957409,NA
9871884,15,d͡ʒ o ʒ o ʒ,5,-24.480705050348092,NA,-23.65144193577017,NA,-23.604853465371203,NA,1.1063477027090305,NA,1.1064455731324747,NA,1.0009007487476005,NA,1.0010693101437411,NA
9871884,54,n y n o s,5,-16.90203561488304,NA,-20.70390771506508,NA,-20.701328454444155,NA,1.2163205673403334,NA,1.2162172370270818,NA,1.00936206536363,NA,1.0090732790913943,NA
9871884,49,ɟ ø ʒ a ʒ,5,-27.45584167623776,NA,-Inf,NA,-28.658578991412625,NA,1.2132638879125943,NA,1.2131615198695442,NA,1.0012877520658865,NA,1.001425904834909,NA
9871884,56,m y ʒ i l,5,-20.891058437119632,NA,-18.275024894086325,NA,-18.26894174408407,NA,1.2897352362290226,NA,1.2895048394454542,NA,1.0287321730069334,NA,1.0274260236712516,NA
9871884,51,n i l e s,5,-16.331548266468857,NA,-22.702137034627185,NA,-22.335041029784072,NA,1.2559429323718037,NA,1.2557640746194505,NA,1.0105370402756846,NA,1.01014499607184,NA
9871884,40,j a c ø t͡ʃ,5,-21.596104374841666,NA,-Inf,NA,-22.599644393527782,NA,1.31698528948836,NA,1.316717900772158,NA,1.0178198509358245,NA,1.0171013441808128,NA
9871884,52,b a ʒ i n,5,-17.80349425450386,NA,-14.791020439297638,NA,-14.925564091251209,NA,1.5193623891917725,NA,1.518711994390168,NA,1.0328627171294904,NA,1.0312294576154004,NA
9871884,23,l ø ʒ u v,5,-24.17716973587194,NA,-Inf,NA,-28.848175212289668,NA,1.0814626210119913,NA,1.0815977985088008,NA,1.0004564721225957,NA,1.0006458088997068,NA
9871884,76,g u m y z,5,-18.91676624227809,NA,-15.093972479028997,NA,-15.137149639038482,NA,1.1894469643775232,NA,1.189394504817783,NA,1.0080570007044969,NA,1.0078402676416895,NA
9871884,54,n u m ø s,5,-18.01717804587876,NA,-23.274555968238037,NA,-23.130003427749006,NA,1.1671298407351371,NA,1.1671135968518798,NA,1.005615073673373,NA,1.005536090751645,NA
9871884,18,b e ʒ y z,5,-20.38453775562813,NA,-17.968651889022336,NA,-17.963773735189676,NA,1.2791360964148726,NA,1.278929028131013,NA,1.0135348320226718,NA,1.0130354616378874,NA
9871884,83,m y z e l,5,-18.29810048302488,NA,-15.36637665199515,NA,-15.417853706543786,NA,1.320777681509878,NA,1.3204937774894725,NA,1.0382974481087792,NA,1.0364788587481613,NA
9871884,17,f u ʒ ɯ ʒ,5,-23.9166248803383,NA,-Inf,NA,-28.2987368958237,NA,1.1450967257617637,NA,1.1451247551929438,NA,1.000975915064953,NA,1.0011424929957409,NA
9871884,81,m y d͡ʒ y z,5,-19.055770045147348,NA,-15.489145500909974,NA,-15.51914804312365,NA,1.2205470790782769,NA,1.2204412615879323,NA,1.0297516825712627,NA,1.028399004052331,NA
9871884,76,ɟ y ɟ ø z,5,-28.261172142031192,NA,-Inf,NA,-27.202076859131157,NA,1.0923810950775177,NA,1.0924989300689334,NA,1.0002501387042984,NA,1.0004529214024969,NA
9871884,50,c e d͡ʒ e t͡ʃ,5,-20.132543384729967,NA,-Inf,NA,-23.078955930544776,NA,1.3025086740061806,NA,1.30225682196575,NA,1.007703124650714,NA,1.0074974497629463,NA
9871884,44,ɫ a m ɯ j,5,-15.11857151857796,NA,-20.33622952955124,NA,-20.330363342345912,NA,1.4001995331332835,NA,1.3997789734141448,NA,1.017897430130006,NA,1.0171616356786684,NA
9871884,65,b e t͡ʃ ø z,5,-19.558563039794212,NA,-16.45022001700887,NA,-16.488509727521837,NA,1.2699076960082727,NA,1.2697183110910075,NA,1.015705436550192,NA,1.0150951236806631,NA
9871884,49,t͡ʃ ø j o p,5,-20.761162543399134,NA,-16.85312947192674,NA,-16.895892356598512,NA,1.1297760413577145,NA,1.129827321681991,NA,1.0043570596970908,NA,1.004335423634715,NA
9871884,38,n ɯ c e c,5,-22.009654976643485,NA,-Inf,NA,-30.90854985906133,NA,1.183230340688058,NA,1.18318779269999,NA,1.0009770597047227,NA,1.0011370759656055,NA
9871884,22,ɟ i ʒ a ʒ,5,-25.070573459054387,NA,-28.408200172943992,NA,-28.11389151899236,NA,1.2792842518640677,NA,1.2790676617380563,NA,1.001614798833574,NA,1.0017356621916462,NA
9871884,54,ɫ o t i v,5,-16.623572496331185,NA,-21.45944618243926,NA,-21.45667533842388,NA,1.270720527524629,NA,1.2705211729498675,NA,1.0235566532375455,NA,1.0224757433127067,NA
9871884,52,ɟ i ɟ y c,5,-28.50437427410517,NA,-34.16680202918272,NA,-32.967862578483974,NA,1.110255587396653,NA,1.110346812233538,NA,1.000231209196349,NA,1.000436132364972,NA
9871884,19,g ɯ ɟ ø ʒ,5,-26.888884788763463,NA,-Inf,NA,-25.491689893774726,NA,1.0923427028145285,NA,1.0924665333420214,NA,1.0025458422833493,NA,1.0026299630393898,NA
9871884,25,b i f i z,5,-17.367817790823707,NA,-14.539143873848408,NA,-14.5814801904761,NA,1.3006774174319915,NA,1.300424750199676,NA,1.0215979149021732,NA,1.0206250474382526,NA
9871884,69,l y l e j,5,-19.772550808587734,NA,-Inf,NA,-29.111148377195256,NA,1.2167590941862367,NA,1.2166514635372478,NA,1.0045229064430488,NA,1.0044630064259272,NA
9871884,18,ɟ ø ʒ ɯ ʒ,5,-28.802367630859823,NA,-Inf,NA,-33.852506245096116,NA,1.0750793759745922,NA,1.075228524021754,NA,1,1,1.0002179098838746,1
9871884,71,ɫ a g u v,5,-17.315515257959518,NA,-22.20438998670757,NA,-22.1942114842724,NA,1.3402216073124982,NA,1.3399090365344333,NA,1.0047777004065963,NA,1.0047377633341297,NA
9871884,42,l i v o h,5,-19.595109788952644,NA,-27.49272636985236,NA,-27.15263118582112,NA,1.1574639446613604,NA,1.1574688518675773,NA,1.0022967539016463,NA,1.0023928574967222,NA
9871884,30,b u ʒ i z,5,-20.2946910095022,NA,-18.014965986359083,NA,-17.95706711599841,NA,1.2623842333719226,NA,1.262198009872272,NA,1.0123552595503351,NA,1.01187554012336,NA
9871884,74,t ø l e ɾ,5,-18.092071394057463,NA,-Inf,NA,-23.47218345961383,NA,1.2904993682381145,NA,1.29024438545329,NA,1.015354289300933,NA,1.0146192543931714,NA
9871884,57,n e m ɯ v,5,-16.2679106094412,NA,-21.623136884117503,NA,-21.602958834317167,NA,1.3065266810918763,NA,1.3062710632304733,NA,1.0163019738273251,NA,1.015657700859542,NA
9871884,62,v ø l e c,5,-23.323793740357537,NA,-Inf,NA,-33.17836619636902,NA,1.1573076239641735,NA,1.1573097966742572,NA,1.000652103032279,NA,1.0008291941922065,NA
9871884,35,b e ʒ i l,5,-20.157665035921532,NA,-17.87290940676915,NA,-18.003973266743422,NA,1.3606430151485247,NA,1.3602899179920174,NA,1.0147080117893146,NA,1.0141386071612013,NA
9871884,24,b o ʒ y z,5,-21.657956214237167,NA,-17.8013111360532,NA,-17.796202222359895,NA,1.1717379161722383,NA,1.1717166578887983,NA,1.0080619412428775,NA,1.0078502843412198,NA
9871884,26,b e ʒ ɯ z,5,-19.881988712701524,NA,-20.15074841057007,NA,-19.602322161163336,NA,1.3088813810464754,NA,1.308620171979486,NA,1.014317355661407,NA,1.0137690028078854,NA
9871884,43,n u c e c,5,-22.224521947118312,NA,-Inf,NA,-30.235545793839655,NA,1.1941705486603285,NA,1.1941090729768065,NA,1.001356524171781,NA,1.0014965839651273,NA
9871884,45,l i ʒ u v,5,-21.791901518688565,NA,-27.90170599209823,NA,-27.610340559309456,NA,1.1474829849634645,NA,1.1475039403773133,NA,1.0007835188902832,NA,1.000955566256444,NA
9871884,63,k ɯ ɟ e h,5,-20.35414713041565,NA,-Inf,NA,-22.976968237654425,NA,1.283235141884312,NA,1.2830152250357565,NA,1.015169372438029,NA,1.0145770800961191,NA
9871884,46,d͡ʒ a m a ʒ,5,-17.752742677818908,NA,-17.085266867347194,NA,-17.226367434005237,NA,1.5259583015742766,NA,1.5253144134357843,NA,1.0324208128726595,NA,1.0308841077133883,NA
9871884,78,k a m y ɾ,5,-14.60533667129042,NA,-12.566891947703592,NA,-12.592572980919178,NA,1.5244462014259983,NA,1.5237936084044486,NA,1.062697489208468,NA,1.0595720312963168,NA
9871884,58,f ɯ d y c,5,-21.761233097918407,NA,-23.891747181935735,NA,-23.686632689099905,NA,1.1325830509681372,NA,1.1326353404889125,NA,1.0056072670834837,NA,1.0055261372591189,NA
9871884,47,ɫ o v ø c,5,-22.706813314753763,NA,-Inf,NA,-29.908765850171065,NA,1.1103538449370305,NA,1.1104464091915205,NA,1.0030937070231545,NA,1.0031487260784029,NA
9871884,50,d͡ʒ o c y c,5,-25.0483878241706,NA,-Inf,NA,-30.473206137592207,NA,1.1081996356577295,NA,1.108294413751327,NA,1.0006613125519153,NA,1.000843800829829,NA
9871884,42,f u c e c,5,-23.511463576787175,NA,-Inf,NA,-29.336731806601904,NA,1.199259331683282,NA,1.1991890556832483,NA,1.0015190025080027,NA,1.0016505248518268,NA
9871884,77,g a v e n,5,-16.239688851845823,NA,-13.908186943802582,NA,-13.954428963263789,NA,1.5116455492031928,NA,1.51100876623818,NA,1.0347739691193514,NA,1.033012423159234,NA
9871884,59,n i m ɯ h,5,-16.125521349527286,NA,-21.514654728099533,NA,-21.48267679386988,NA,1.221402368300542,NA,1.2212936567795851,NA,1.008105939127622,NA,1.0078930238188846,NA
9871884,59,b a j o p,5,-17.147287610817873,NA,-14.064023784516072,NA,-14.101916418410518,NA,1.4125267904421874,NA,1.4120889097497351,NA,1.0381955836146763,NA,1.0363910290645393,NA
9871884,52,m y ɾ ɯ ɾ,5,-15.856481481342133,NA,-12.944319591547218,NA,-12.972778988107237,NA,1.435298597005871,NA,1.434796547206406,NA,1.053819451965324,NA,1.0510915726346128,NA
9871884,18,ɫ a ʒ ɯ ʒ,5,-21.057393014683385,NA,-Inf,NA,-26.41048458696313,NA,1.3326568898923266,NA,1.3323604104033762,NA,1.0026538128249567,NA,1.0027322776999663,NA
9871884,33,b i d͡ʒ ɯ z,5,-18.017662927348493,NA,-14.765156156833983,NA,-14.806093842831208,NA,1.2350324649864008,NA,1.2348988853670513,NA,1.0156682860234614,NA,1.0150462915601737,NA
9871884,41,g ɯ ʃ a n,5,-16.88053831059943,NA,-13.952848512019289,NA,-13.993863814055455,NA,1.3804651524522582,NA,1.3800477574614127,NA,1.0360723486113332,NA,1.0341140599250127,NA
9871884,26,v ɯ ʒ o h,5,-21.714556093501535,NA,-Inf,NA,-27.904550653039433,NA,1.1066262553279758,NA,1.1067194621758885,NA,1.0002707972270364,NA,1.000474478028374,NA
9871884,28,n ɯ c y c,5,-23.384060766098123,NA,-Inf,NA,-30.852354594073574,NA,1.099749800486337,NA,1.0998591993321496,NA,1.0003901669756716,NA,1.0005869200881068,NA
9871884,35,g ɯ d͡ʒ ɯ ʃ,5,-19.48982961121296,NA,-15.852311354959165,NA,-15.901866630957937,NA,1.1748084006569268,NA,1.1747780038271325,NA,1.0097080569984351,NA,1.0093543709655342,NA
9871884,43,b e d͡ʒ y z,5,-18.322376643949248,NA,-15.50382960677507,NA,-15.540572147404909,NA,1.291454857997779,NA,1.2912263401344954,NA,1.017144724013624,NA,1.0164538694214755,NA
9871884,34,v ɯ c i c,5,-23.489154875537356,NA,-Inf,NA,-31.50043512796986,NA,1.1869854330618432,NA,1.186935765181287,NA,1.000596848743176,NA,1.0007801201825397,NA
9871884,38,l e ʒ a v,5,-20.032673267265825,NA,-26.44332906685423,NA,-26.14940301912727,NA,1.3816363028138647,NA,1.381238823618678,NA,1.0061260075164613,NA,1.0059671413264173,NA
9871884,74,ɫ a l e ɾ,5,-15.163099753645444,NA,-19.935814013412394,NA,-19.576163843490317,NA,1.474127120354203,NA,1.473554395483853,NA,1.0201936391485853,NA,1.0192033602125234,NA
9871884,74,k o ɾ o n,5,-16.15929758860058,NA,-13.868409821172923,NA,-13.895071028995217,NA,1.4086622883685636,NA,1.408210172854805,NA,1.0325528233779742,NA,1.030997388207983,NA
9871884,46,v i ɟ y ʒ,5,-24.876386571500724,NA,-25.881186525811604,NA,-25.267184291001364,NA,1.12770092152038,NA,1.1277617239351925,NA,1.0024086378704609,NA,1.0024984923228988,NA
9871884,59,l y l y c,5,-24.087338776513203,NA,-Inf,NA,-33.35849160319946,NA,1.1135850424096871,NA,1.1136703680544862,NA,1.000610288249374,NA,1.0007953005759365,NA
9871884,30,h a j o ʒ,5,-19.70425756699943,NA,-16.051747969710995,NA,-16.174734890728512,NA,1.375285896549857,NA,1.374918035761362,NA,1.0416275407035844,NA,1.0396478965275615,NA
9871884,24,g ɯ ʒ ɯ f,5,-21.788275067767113,NA,-Inf,NA,-25.430059507970466,NA,1.155577346931862,NA,1.155582793730333,NA,1.0034694890371534,NA,1.0034952632757648,NA
9871884,28,m y p o ʒ,5,-21.062384677092385,NA,-17.12481314942236,NA,-17.238674158015545,NA,1.217353092070428,NA,1.2172586661563085,NA,1.030554594624349,NA,1.0291606916538274,NA
9871884,37,g o ɟ e ʒ,5,-24.70734295733524,NA,-Inf,NA,-24.892441184593736,NA,1.206949659858697,NA,1.2068658496110196,NA,1.0013992346140868,NA,1.0015409476057728,NA
9871884,73,t e k o n,5,-14.998265880403986,NA,-12.987925813400334,NA,-13.012766174055423,NA,1.404395408692991,NA,1.4039515023966052,NA,1.0462338914653162,NA,1.043960708572914,NA
9871884,40,d͡ʒ o t͡ʃ u ʒ,5,-22.25933783885341,NA,-25.407920618685885,NA,-25.226670777169343,NA,1.1389450473591287,NA,1.1389844721552644,NA,1.001545014340632,NA,1.0016802565901464,NA
9871884,68,ɫ o t͡ʃ a v,5,-17.38102037177355,NA,-22.221171339417307,NA,-22.17471603733289,NA,1.2912051431600686,NA,1.2909639988175745,NA,1.0104683496161708,NA,1.010075153889148,NA
9871884,31,b u j o ʒ,5,-21.05836231257191,NA,-17.548890057056813,NA,-17.6640692648367,NA,1.1951964989849069,NA,1.19514022750294,NA,1.009795703059727,NA,1.0094933961448156,NA
9871884,86,m e t e ɾ,5,-13.722605695771906,NA,-12.003654907782868,NA,-12.023346713937531,NA,1.5195622914746405,NA,1.518910401773783,NA,1.0525880770319855,NA,1.0498613480187184,NA
9871884,65,g o d͡ʒ ɯ z,5,-19.770537868401828,NA,-17.17904521923025,NA,-17.19916861874007,NA,1.1826737683633608,NA,1.1826307514407104,NA,1.0041826517558374,NA,1.004164363663955,NA
9871884,29,ɟ y ʒ ɯ ʒ,5,-27.593669876805233,NA,-Inf,NA,-32.54585594703615,NA,1.1262058924390637,NA,1.1262665863054913,NA,1.0001090155892292,NA,1.0003211623361203,NA
9871884,79,m y z a z,5,-16.873733531508663,NA,-13.8813816786833,NA,-13.92028821240666,NA,1.414095539116758,NA,1.4136394572206412,NA,1.046379285868822,NA,1.044078620549693,NA
9871884,88,m y k u ɾ,5,-16.16672959638731,NA,-13.647288442981042,NA,-13.67480354663754,NA,1.3486959861244403,NA,1.348345503504382,NA,1.040908137079269,NA,1.0388933343742264,NA
9871884,22,b ø d͡ʒ o ʒ,5,-23.199615484381773,NA,-22.946734860541916,NA,-22.872071478740505,NA,1.121083185876453,NA,1.121155460851373,NA,1.0015584369695272,NA,1.0016920324034493,NA
9871884,19,n i m ø h,5,-17.836768146508483,NA,-23.90398304309107,NA,-23.591272132676064,NA,1.1712000775717255,NA,1.171182741587048,NA,1.0073974584829106,NA,1.0072250641442173,NA
9871884,56,ɟ e g u j,5,-21.813613758746683,NA,-Inf,NA,-27.77270366778515,NA,1.2429834228927066,NA,1.2428362044265289,NA,1.0016771227161092,NA,1.0018008835043444,NA
9871884,26,b u j ɯ ʒ,5,-20.656800600490904,NA,-Inf,NA,-21.416780472527225,NA,1.226366366213809,NA,1.226253360999328,NA,1.012563203952425,NA,1.0121097739492848,NA
9871900,0,ɟ e g u j,5,-21.813613758746683,NA,-Inf,NA,-27.77270366778515,NA,1.2429834228927066,NA,1.2428362044265289,NA,1.0016771227161092,NA,1.0018008835043444,NA
9871900,25,k ɯ ɟ e h,5,-20.35414713041565,NA,-Inf,NA,-22.976968237654425,NA,1.283235141884312,NA,1.2830152250357565,NA,1.015169372438029,NA,1.0145770800961191,NA
9871900,0,ɟ ø ʒ a ʒ,5,-27.45584167623776,NA,-Inf,NA,-28.658578991412625,NA,1.2132638879125943,NA,1.2131615198695442,NA,1.0012877520658865,NA,1.001425904834909,NA
9871900,55,g ɯ d͡ʒ ɯ ʃ,5,-19.48982961121296,NA,-15.852311354959165,NA,-15.901866630957937,NA,1.1748084006569268,NA,1.1747780038271325,NA,1.0097080569984351,NA,1.0093543709655342,NA
9871900,24,t͡ʃ ø j o p,5,-20.761162543399134,NA,-16.85312947192674,NA,-16.895892356598512,NA,1.1297760413577145,NA,1.129827321681991,NA,1.0043570596970908,NA,1.004335423634715,NA
9871900,0,f u ʒ ɯ ʒ,5,-23.9166248803383,NA,-Inf,NA,-28.2987368958237,NA,1.1450967257617637,NA,1.1451247551929438,NA,1.000975915064953,NA,1.0011424929957409,NA
9871900,38,m y ɾ ɯ ɾ,5,-15.856481481342133,NA,-12.944319591547218,NA,-12.972778988107237,NA,1.435298597005871,NA,1.434796547206406,NA,1.053819451965324,NA,1.0510915726346128,NA
9871900,61,b e j o p,5,-17.621956818911904,NA,-14.710265369997016,NA,-14.747288468151918,NA,1.318235195988115,NA,1.3179604495421229,NA,1.023964703711502,NA,1.0229099718204642,NA
9871900,58,b e ʒ y z,5,-20.38453775562813,NA,-17.968651889022336,NA,-17.963773735189676,NA,1.2791360964148726,NA,1.278929028131013,NA,1.0135348320226718,NA,1.0130354616378874,NA
9871900,43,ɫ o v ø c,5,-22.706813314753763,NA,-Inf,NA,-29.908765850171065,NA,1.1103538449370305,NA,1.1104464091915205,NA,1.0030937070231545,NA,1.0031487260784029,NA
9871900,0,n ø m ø h,5,-20.22203636369186,NA,-27.127441990238378,NA,-26.772419935381528,NA,1.1051797136202524,NA,1.1052765997185356,NA,1.001638791460164,NA,1.00176987702246,NA
9871900,0,n u ʒ o h,5,-20.647758491408347,NA,-26.42840069407047,NA,-26.092665911065804,NA,1.120706350697388,NA,1.120775199867318,NA,1.0008134367287314,NA,1.0009885521090411,NA
9871900,24,f u c e c,5,-23.511463576787175,NA,-Inf,NA,-29.336731806601904,NA,1.199259331683282,NA,1.1991890556832483,NA,1.0015190025080027,NA,1.0016505248518268,NA
9871900,72,n i l e s,5,-16.331548266468857,NA,-22.702137034627185,NA,-22.335041029784072,NA,1.2559429323718037,NA,1.2557640746194505,NA,1.0105370402756846,NA,1.01014499607184,NA
9871900,14,l i ʒ u v,5,-21.791901518688565,NA,-27.90170599209823,NA,-27.610340559309456,NA,1.1474829849634645,NA,1.1475039403773133,NA,1.0007835188902832,NA,1.000955566256444,NA
9871900,0,ɟ y ʒ ɯ ʒ,5,-27.593669876805233,NA,-Inf,NA,-32.54585594703615,NA,1.1262058924390637,NA,1.1262665863054913,NA,1.0001090155892292,NA,1.0003211623361203,NA
9871900,0,v ɯ ʒ o h,5,-21.714556093501535,NA,-Inf,NA,-27.904550653039433,NA,1.1066262553279758,NA,1.1067194621758885,NA,1.0002707972270364,NA,1.000474478028374,NA
9871900,63,f ɯ d y c,5,-21.761233097918407,NA,-23.891747181935735,NA,-23.686632689099905,NA,1.1325830509681372,NA,1.1326353404889125,NA,1.0056072670834837,NA,1.0055261372591189,NA
9871900,69,t ø l e ɾ,5,-18.092071394057463,NA,-Inf,NA,-23.47218345961383,NA,1.2904993682381145,NA,1.29024438545329,NA,1.015354289300933,NA,1.0146192543931714,NA
9871900,42,v ø l e c,5,-23.323793740357537,NA,-Inf,NA,-33.17836619636902,NA,1.1573076239641735,NA,1.1573097966742572,NA,1.000652103032279,NA,1.0008291941922065,NA
9871900,23,b e ʒ i l,5,-20.157665035921532,NA,-17.87290940676915,NA,-18.003973266743422,NA,1.3606430151485247,NA,1.3602899179920174,NA,1.0147080117893146,NA,1.0141386071612013,NA
9871900,42,v i ɟ y ʒ,5,-24.876386571500724,NA,-25.881186525811604,NA,-25.267184291001364,NA,1.12770092152038,NA,1.1277617239351925,NA,1.0024086378704609,NA,1.0024984923228988,NA
9871900,4,v ɯ c i c,5,-23.489154875537356,NA,-Inf,NA,-31.50043512796986,NA,1.1869854330618432,NA,1.186935765181287,NA,1.000596848743176,NA,1.0007801201825397,NA
9871900,6,n ɯ c y c,5,-23.384060766098123,NA,-Inf,NA,-30.852354594073574,NA,1.099749800486337,NA,1.0998591993321496,NA,1.0003901669756716,NA,1.0005869200881068,NA
9871900,100,ɫ o t i v,5,-16.623572496331185,NA,-21.45944618243926,NA,-21.45667533842388,NA,1.270720527524629,NA,1.2705211729498675,NA,1.0235566532375455,NA,1.0224757433127067,NA
9871900,0,v ɯ ʒ o ʒ,5,-24.09804256484363,NA,-Inf,NA,-26.60448713952874,NA,1.094757980140496,NA,1.0948759012986842,NA,1.0004664281367202,NA,1.0006578633208734,NA
9871900,62,m y ʒ i l,5,-20.891058437119632,NA,-18.275024894086325,NA,-18.26894174408407,NA,1.2897352362290226,NA,1.2895048394454542,NA,1.0287321730069334,NA,1.0274260236712516,NA
9871900,100,m y z a z,5,-16.873733531508663,NA,-13.8813816786833,NA,-13.92028821240666,NA,1.414095539116758,NA,1.4136394572206412,NA,1.046379285868822,NA,1.044078620549693,NA
9871900,68,ɫ a l e ɾ,5,-15.163099753645444,NA,-19.935814013412394,NA,-19.576163843490317,NA,1.474127120354203,NA,1.473554395483853,NA,1.0201936391485853,NA,1.0192033602125234,NA
9871900,60,n u c e c,5,-22.224521947118312,NA,-Inf,NA,-30.235545793839655,NA,1.1941705486603285,NA,1.1941090729768065,NA,1.001356524171781,NA,1.0014965839651273,NA
9871900,0,h a j o ʒ,5,-19.70425756699943,NA,-16.051747969710995,NA,-16.174734890728512,NA,1.375285896549857,NA,1.374918035761362,NA,1.0416275407035844,NA,1.0396478965275615,NA
9871900,0,l i ʒ o h,5,-21.63837167405498,NA,-29.2969489690406,NA,-28.811359959835062,NA,1.1271576108556265,NA,1.1272152878236117,NA,1.0003270467676877,NA,1.0005276672406118,NA
9871900,7,v ø l y j,5,-21.757817351341345,NA,-Inf,NA,-31.916689215783485,NA,1.0935205953372813,NA,1.0936337054213383,NA,1.0001956309096838,NA,1.000401295176374,NA
9871900,0,l ø ʒ u v,5,-24.17716973587194,NA,-Inf,NA,-28.848175212289668,NA,1.0814626210119913,NA,1.0815977985088008,NA,1.0004564721225957,NA,1.0006458088997068,NA
9871900,21,l y l e j,5,-19.772550808587734,NA,-Inf,NA,-29.111148377195256,NA,1.2167590941862367,NA,1.2166514635372478,NA,1.0045229064430488,NA,1.0044630064259272,NA
9871900,0,g ɯ ɟ ø ʒ,5,-26.888884788763463,NA,-Inf,NA,-25.491689893774726,NA,1.0923427028145285,NA,1.0924665333420214,NA,1.0025458422833493,NA,1.0026299630393898,NA
9871900,34,ɫ o t͡ʃ a v,5,-17.38102037177355,NA,-22.221171339417307,NA,-22.17471603733289,NA,1.2912051431600686,NA,1.2909639988175745,NA,1.0104683496161708,NA,1.010075153889148,NA
9871900,70,g a v e n,5,-16.239688851845823,NA,-13.908186943802582,NA,-13.954428963263789,NA,1.5116455492031928,NA,1.51100876623818,NA,1.0347739691193514,NA,1.033012423159234,NA
9871900,0,ɫ a ʒ ɯ ʒ,5,-21.057393014683385,NA,-Inf,NA,-26.41048458696313,NA,1.3326568898923266,NA,1.3323604104033762,NA,1.0026538128249567,NA,1.0027322776999663,NA
9871900,88,m e t e ɾ,5,-13.722605695771906,NA,-12.003654907782868,NA,-12.023346713937531,NA,1.5195622914746405,NA,1.518910401773783,NA,1.0525880770319855,NA,1.0498613480187184,NA
9871900,0,ɟ i ɟ y c,5,-28.50437427410517,NA,-34.16680202918272,NA,-32.967862578483974,NA,1.110255587396653,NA,1.110346812233538,NA,1.000231209196349,NA,1.000436132364972,NA
9871900,63,b a j o p,5,-17.147287610817873,NA,-14.064023784516072,NA,-14.101916418410518,NA,1.4125267904421874,NA,1.4120889097497351,NA,1.0381955836146763,NA,1.0363910290645393,NA
9871900,19,b e ʒ ɯ z,5,-19.881988712701524,NA,-20.15074841057007,NA,-19.602322161163336,NA,1.3088813810464754,NA,1.308620171979486,NA,1.014317355661407,NA,1.0137690028078854,NA
9871900,0,ɟ i ʒ a ʒ,5,-25.070573459054387,NA,-28.408200172943992,NA,-28.11389151899236,NA,1.2792842518640677,NA,1.2790676617380563,NA,1.001614798833574,NA,1.0017356621916462,NA
9871900,100,ɫ o c e j,5,-19.459937199364497,NA,-Inf,NA,-26.8066540964721,NA,1.2048232326919666,NA,1.2047363825587754,NA,1.0060903952169935,NA,1.0059482882890152,NA
9871900,38,j a c ø t͡ʃ,5,-21.596104374841666,NA,-Inf,NA,-22.599644393527782,NA,1.31698528948836,NA,1.316717900772158,NA,1.0178198509358245,NA,1.0171013441808128,NA
9871900,40,n y n o s,5,-16.90203561488304,NA,-20.70390771506508,NA,-20.701328454444155,NA,1.2163205673403334,NA,1.2162172370270818,NA,1.00936206536363,NA,1.0090732790913943,NA
9871900,0,b u j ɯ ʒ,5,-20.656800600490904,NA,-Inf,NA,-21.416780472527225,NA,1.226366366213809,NA,1.226253360999328,NA,1.012563203952425,NA,1.0121097739492848,NA
9871900,3,ɫ a m ɯ j,5,-15.11857151857796,NA,-20.33622952955124,NA,-20.330363342345912,NA,1.4001995331332835,NA,1.3997789734141448,NA,1.017897430130006,NA,1.0171616356786684,NA
9871900,0,b u j o ʒ,5,-21.05836231257191,NA,-17.548890057056813,NA,-17.6640692648367,NA,1.1951964989849069,NA,1.19514022750294,NA,1.009795703059727,NA,1.0094933961448156,NA
9871900,6,n u m ø s,5,-18.01717804587876,NA,-23.274555968238037,NA,-23.130003427749006,NA,1.1671298407351371,NA,1.1671135968518798,NA,1.005615073673373,NA,1.005536090751645,NA
9871900,0,d͡ʒ o ʒ o ʒ,5,-24.480705050348092,NA,-23.65144193577017,NA,-23.604853465371203,NA,1.1063477027090305,NA,1.1064455731324747,NA,1.0009007487476005,NA,1.0010693101437411,NA
9871900,39,n ɯ g u v,5,-18.672938523470744,NA,-24.97225112201225,NA,-24.798231194095607,NA,1.1366324521867113,NA,1.1366721183407424,NA,1.0015222117456346,NA,1.001653631447348,NA
9871900,3,l i v o h,5,-19.595109788952644,NA,-27.49272636985236,NA,-27.15263118582112,NA,1.1574639446613604,NA,1.1574688518675773,NA,1.0022967539016463,NA,1.0023928574967222,NA
9871900,71,ɟ ø ɟ y ʃ,5,-28.382025596923334,NA,-Inf,NA,-27.273964274617327,NA,1.06451562774906,NA,1.064678843072776,NA,1.0016113280727483,NA,1.001729331617179,NA
9871900,92,n i m ɯ h,5,-16.125521349527286,NA,-21.514654728099533,NA,-21.48267679386988,NA,1.221402368300542,NA,1.2212936567795851,NA,1.008105939127622,NA,1.0078930238188846,NA
9871900,100,m y k u ɾ,5,-16.16672959638731,NA,-13.647288442981042,NA,-13.67480354663754,NA,1.3486959861244403,NA,1.348345503504382,NA,1.040908137079269,NA,1.0388933343742264,NA
9871900,0,ɟ ø ʒ ɯ ʒ,5,-28.802367630859823,NA,-Inf,NA,-33.852506245096116,NA,1.0750793759745922,NA,1.075228524021754,NA,1,1,1.0002179098838746,1
9871900,13,g ɯ ʒ ɯ f,5,-21.788275067767113,NA,-Inf,NA,-25.430059507970466,NA,1.155577346931862,NA,1.155582793730333,NA,1.0034694890371534,NA,1.0034952632757648,NA
9871900,63,d͡ʒ o c y c,5,-25.0483878241706,NA,-Inf,NA,-30.473206137592207,NA,1.1081996356577295,NA,1.108294413751327,NA,1.0006613125519153,NA,1.000843800829829,NA
9871900,13,ɟ i f e ʒ,5,-23.50725783914693,NA,-25.179036508558365,NA,-24.87841662264246,NA,1.2121684741836356,NA,1.2120754128304632,NA,1.0053026957384814,NA,1.0052306294125322,NA
9871900,79,g ɯ ʃ a n,5,-16.88053831059943,NA,-13.952848512019289,NA,-13.993863814055455,NA,1.3804651524522582,NA,1.3800477574614127,NA,1.0360723486113332,NA,1.0341140599250127,NA
9871900,100,g u m y z,5,-18.91676624227809,NA,-15.093972479028997,NA,-15.137149639038482,NA,1.1894469643775232,NA,1.189394504817783,NA,1.0080570007044969,NA,1.0078402676416895,NA
9871900,5,m y p o ʒ,5,-21.062384677092385,NA,-17.12481314942236,NA,-17.238674158015545,NA,1.217353092070428,NA,1.2172586661563085,NA,1.030554594624349,NA,1.0291606916538274,NA
9871900,80,k a m y ɾ,5,-14.60533667129042,NA,-12.566891947703592,NA,-12.592572980919178,NA,1.5244462014259983,NA,1.5237936084044486,NA,1.062697489208468,NA,1.0595720312963168,NA
9871900,91,n u g a v,5,-17.32641256884868,NA,-22.17862386284786,NA,-22.142492609172585,NA,1.295558300366401,NA,1.2953096832430069,NA,1.0097861339305134,NA,1.0094276480806197,NA
9871900,81,t ø ɾ i n,5,-16.410405147059684,NA,-14.831918462189485,NA,-14.86886634674382,NA,1.4208089522804974,NA,1.420327529748208,NA,1.0291017054180784,NA,1.0276334200937636,NA
9871900,100,b e t͡ʃ ø z,5,-19.558563039794212,NA,-16.45022001700887,NA,-16.488509727521837,NA,1.2699076960082727,NA,1.2697183110910075,NA,1.015705436550192,NA,1.0150951236806631,NA
9871900,0,b u ʒ i z,5,-20.2946910095022,NA,-18.014965986359083,NA,-17.95706711599841,NA,1.2623842333719226,NA,1.262198009872272,NA,1.0123552595503351,NA,1.01187554012336,NA
9871900,7,b u m y ʒ,5,-20.634597061276835,NA,-17.453026450842174,NA,-17.43947379466699,NA,1.203816110471337,NA,1.2037447179670484,NA,1.013503908131295,NA,1.0130055541759393,NA
9871900,100,m y z e l,5,-18.29810048302488,NA,-15.36637665199515,NA,-15.417853706543786,NA,1.320777681509878,NA,1.3204937774894725,NA,1.0382974481087792,NA,1.0364788587481613,NA
9871900,93,l y l y c,5,-24.087338776513203,NA,-Inf,NA,-33.35849160319946,NA,1.1135850424096871,NA,1.1136703680544862,NA,1.000610288249374,NA,1.0007953005759365,NA
9871900,0,d͡ʒ o t͡ʃ u ʒ,5,-22.25933783885341,NA,-25.407920618685885,NA,-25.226670777169343,NA,1.1389450473591287,NA,1.1389844721552644,NA,1.001545014340632,NA,1.0016802565901464,NA
9871900,19,n i m ø h,5,-17.836768146508483,NA,-23.90398304309107,NA,-23.591272132676064,NA,1.1712000775717255,NA,1.171182741587048,NA,1.0073974584829106,NA,1.0072250641442173,NA
9871900,14,l ø ʒ ɯ v,5,-23.962302765397112,NA,-Inf,NA,-31.445776025167124,NA,1.0912637492814083,NA,1.0913810872864589,NA,1.000065210303228,NA,1.0002790383147078,NA
9871900,4,b i d͡ʒ ɯ z,5,-18.017662927348493,NA,-14.765156156833983,NA,-14.806093842831208,NA,1.2350324649864008,NA,1.2348988853670513,NA,1.0156682860234614,NA,1.0150462915601737,NA
9871900,26,b a ʒ i n,5,-17.80349425450386,NA,-14.791020439297638,NA,-14.925564091251209,NA,1.5193623891917725,NA,1.518711994390168,NA,1.0328627171294904,NA,1.0312294576154004,NA
9871900,1,ɫ o h ɯ v,5,-18.378732324942018,NA,-24.946669907437375,NA,-24.8696524175722,NA,1.1710082034448943,NA,1.1709872550102671,NA,1.002896280390419,NA,1.0029605848662049,NA
9871900,100,m y d͡ʒ y z,5,-19.055770045147348,NA,-15.489145500909974,NA,-15.51914804312365,NA,1.2205470790782769,NA,1.2204412615879323,NA,1.0297516825712627,NA,1.028399004052331,NA
9871900,0,g o ɟ e ʒ,5,-24.70734295733524,NA,-Inf,NA,-24.892441184593736,NA,1.206949659858697,NA,1.2068658496110196,NA,1.0013992346140868,NA,1.0015409476057728,NA
9871900,16,c e d͡ʒ e t͡ʃ,5,-20.132543384729967,NA,-Inf,NA,-23.078955930544776,NA,1.3025086740061806,NA,1.30225682196575,NA,1.007703124650714,NA,1.0074974497629463,NA
9871900,69,ɟ y ɟ ø z,5,-28.261172142031192,NA,-Inf,NA,-27.202076859131157,NA,1.0923810950775177,NA,1.0924989300689334,NA,1.0002501387042984,NA,1.0004529214024969,NA
9871900,0,f u ʒ u ʒ,5,-24.131491850813127,NA,-24.668253654298645,NA,-24.46144519601823,NA,1.1352955974923469,NA,1.135341466415286,NA,1.000975915064953,NA,1.0011424929957409,NA
9871900,22,g o d͡ʒ ɯ z,5,-19.770537868401828,NA,-17.17904521923025,NA,-17.19916861874007,NA,1.1826737683633608,NA,1.1826307514407104,NA,1.0041826517558374,NA,1.004164363663955,NA
9871900,34,ɫ a g u v,5,-17.315515257959518,NA,-22.20438998670757,NA,-22.1942114842724,NA,1.3402216073124982,NA,1.3399090365344333,NA,1.0047777004065963,NA,1.0047377633341297,NA
9871900,0,b ø d͡ʒ o ʒ,5,-23.199615484381773,NA,-22.946734860541916,NA,-22.872071478740505,NA,1.121083185876453,NA,1.121155460851373,NA,1.0015584369695272,NA,1.0016920324034493,NA
9871900,88,g a m y z,5,-17.355373317181197,NA,-14.240338449458276,NA,-14.287440891901769,NA,1.3908659418471938,NA,1.390465006547887,NA,1.0224670797058462,NA,1.02149027043917,NA
9871900,21,b e d͡ʒ y z,5,-18.322376643949248,NA,-15.50382960677507,NA,-15.540572147404909,NA,1.291454857997779,NA,1.2912263401344954,NA,1.017144724013624,NA,1.0164538694214755,NA
9871900,15,d͡ʒ a m a ʒ,5,-17.752742677818908,NA,-17.085266867347194,NA,-17.226367434005237,NA,1.5259583015742766,NA,1.5253144134357843,NA,1.0324208128726595,NA,1.0308841077133883,NA
9871900,70,t e k o n,5,-14.998265880403986,NA,-12.987925813400334,NA,-13.012766174055423,NA,1.404395408692991,NA,1.4039515023966052,NA,1.0462338914653162,NA,1.043960708572914,NA
9871900,22,b o ʒ y z,5,-21.657956214237167,NA,-17.8013111360532,NA,-17.796202222359895,NA,1.1717379161722383,NA,1.1717166578887983,NA,1.0080619412428775,NA,1.0078502843412198,NA
9871900,100,k o ɾ o n,5,-16.15929758860058,NA,-13.868409821172923,NA,-13.895071028995217,NA,1.4086622883685636,NA,1.408210172854805,NA,1.0325528233779742,NA,1.030997388207983,NA
9871900,17,n ɯ c e c,5,-22.009654976643485,NA,-Inf,NA,-30.90854985906133,NA,1.183230340688058,NA,1.18318779269999,NA,1.0009770597047227,NA,1.0011370759656055,NA
9871900,25,n e m ɯ v,5,-16.2679106094412,NA,-21.623136884117503,NA,-21.602958834317167,NA,1.3065266810918763,NA,1.3062710632304733,NA,1.0163019738273251,NA,1.015657700859542,NA
9871900,54,b i f i z,5,-17.367817790823707,NA,-14.539143873848408,NA,-14.5814801904761,NA,1.3006774174319915,NA,1.300424750199676,NA,1.0215979149021732,NA,1.0206250474382526,NA
9871900,64,l e ʒ a v,5,-20.032673267265825,NA,-26.44332906685423,NA,-26.14940301912727,NA,1.3816363028138647,NA,1.381238823618678,NA,1.0061260075164613,NA,1.0059671413264173,NA
9872253,0,ɟ e g u j,5,-21.813613758746683,NA,-Inf,NA,-27.77270366778515,NA,1.2429834228927066,NA,1.2428362044265289,NA,1.0016771227161092,NA,1.0018008835043444,NA
9872253,59,v ɯ c i c,5,-23.489154875537356,NA,-Inf,NA,-31.50043512796986,NA,1.1869854330618432,NA,1.186935765181287,NA,1.000596848743176,NA,1.0007801201825397,NA
9872253,74,h a j o ʒ,5,-19.70425756699943,NA,-16.051747969710995,NA,-16.174734890728512,NA,1.375285896549857,NA,1.374918035761362,NA,1.0416275407035844,NA,1.0396478965275615,NA
9872253,88,k o ɾ o n,5,-16.15929758860058,NA,-13.868409821172923,NA,-13.895071028995217,NA,1.4086622883685636,NA,1.408210172854805,NA,1.0325528233779742,NA,1.030997388207983,NA
9872253,82,t e k o n,5,-14.998265880403986,NA,-12.987925813400334,NA,-13.012766174055423,NA,1.404395408692991,NA,1.4039515023966052,NA,1.0462338914653162,NA,1.043960708572914,NA
9872253,26,d͡ʒ a m a ʒ,5,-17.752742677818908,NA,-17.085266867347194,NA,-17.226367434005237,NA,1.5259583015742766,NA,1.5253144134357843,NA,1.0324208128726595,NA,1.0308841077133883,NA
9872253,87,t͡ʃ ø j o p,5,-20.761162543399134,NA,-16.85312947192674,NA,-16.895892356598512,NA,1.1297760413577145,NA,1.129827321681991,NA,1.0043570596970908,NA,1.004335423634715,NA
9872253,31,g ɯ ʒ ɯ f,5,-21.788275067767113,NA,-Inf,NA,-25.430059507970466,NA,1.155577346931862,NA,1.155582793730333,NA,1.0034694890371534,NA,1.0034952632757648,NA
9872253,77,b ø d͡ʒ o ʒ,5,-23.199615484381773,NA,-22.946734860541916,NA,-22.872071478740505,NA,1.121083185876453,NA,1.121155460851373,NA,1.0015584369695272,NA,1.0016920324034493,NA
9872253,75,b a j o p,5,-17.147287610817873,NA,-14.064023784516072,NA,-14.101916418410518,NA,1.4125267904421874,NA,1.4120889097497351,NA,1.0381955836146763,NA,1.0363910290645393,NA
9872253,0,g ɯ ɟ ø ʒ,5,-26.888884788763463,NA,-Inf,NA,-25.491689893774726,NA,1.0923427028145285,NA,1.0924665333420214,NA,1.0025458422833493,NA,1.0026299630393898,NA
9872253,79,g o d͡ʒ ɯ z,5,-19.770537868401828,NA,-17.17904521923025,NA,-17.19916861874007,NA,1.1826737683633608,NA,1.1826307514407104,NA,1.0041826517558374,NA,1.004164363663955,NA
9872253,61,b e j o p,5,-17.621956818911904,NA,-14.710265369997016,NA,-14.747288468151918,NA,1.318235195988115,NA,1.3179604495421229,NA,1.023964703711502,NA,1.0229099718204642,NA
9872253,28,b a ʒ i n,5,-17.80349425450386,NA,-14.791020439297638,NA,-14.925564091251209,NA,1.5193623891917725,NA,1.518711994390168,NA,1.0328627171294904,NA,1.0312294576154004,NA
9872253,4,ɟ ø ʒ a ʒ,5,-27.45584167623776,NA,-Inf,NA,-28.658578991412625,NA,1.2132638879125943,NA,1.2131615198695442,NA,1.0012877520658865,NA,1.001425904834909,NA
9872253,79,ɟ y ɟ ø z,5,-28.261172142031192,NA,-Inf,NA,-27.202076859131157,NA,1.0923810950775177,NA,1.0924989300689334,NA,1.0002501387042984,NA,1.0004529214024969,NA
9872253,82,b i d͡ʒ ɯ z,5,-18.017662927348493,NA,-14.765156156833983,NA,-14.806093842831208,NA,1.2350324649864008,NA,1.2348988853670513,NA,1.0156682860234614,NA,1.0150462915601737,NA
9872253,0,ɫ a ʒ ɯ ʒ,5,-21.057393014683385,NA,-Inf,NA,-26.41048458696313,NA,1.3326568898923266,NA,1.3323604104033762,NA,1.0026538128249567,NA,1.0027322776999663,NA
9872253,22,b e ʒ y z,5,-20.38453775562813,NA,-17.968651889022336,NA,-17.963773735189676,NA,1.2791360964148726,NA,1.278929028131013,NA,1.0135348320226718,NA,1.0130354616378874,NA
9872253,23,v ø l y j,5,-21.757817351341345,NA,-Inf,NA,-31.916689215783485,NA,1.0935205953372813,NA,1.0936337054213383,NA,1.0001956309096838,NA,1.000401295176374,NA
9872253,2,v ɯ ʒ o h,5,-21.714556093501535,NA,-Inf,NA,-27.904550653039433,NA,1.1066262553279758,NA,1.1067194621758885,NA,1.0002707972270364,NA,1.000474478028374,NA
9872253,81,k ɯ ɟ e h,5,-20.35414713041565,NA,-Inf,NA,-22.976968237654425,NA,1.283235141884312,NA,1.2830152250357565,NA,1.015169372438029,NA,1.0145770800961191,NA
9872253,81,b i f i z,5,-17.367817790823707,NA,-14.539143873848408,NA,-14.5814801904761,NA,1.3006774174319915,NA,1.300424750199676,NA,1.0215979149021732,NA,1.0206250474382526,NA
9872253,37,b u j ɯ ʒ,5,-20.656800600490904,NA,-Inf,NA,-21.416780472527225,NA,1.226366366213809,NA,1.226253360999328,NA,1.012563203952425,NA,1.0121097739492848,NA
9872253,14,f u ʒ ɯ ʒ,5,-23.9166248803383,NA,-Inf,NA,-28.2987368958237,NA,1.1450967257617637,NA,1.1451247551929438,NA,1.000975915064953,NA,1.0011424929957409,NA
9872253,0,f u ʒ u ʒ,5,-24.131491850813127,NA,-24.668253654298645,NA,-24.46144519601823,NA,1.1352955974923469,NA,1.135341466415286,NA,1.000975915064953,NA,1.0011424929957409,NA
9872253,83,n u g a v,5,-17.32641256884868,NA,-22.17862386284786,NA,-22.142492609172585,NA,1.295558300366401,NA,1.2953096832430069,NA,1.0097861339305134,NA,1.0094276480806197,NA
9872253,84,m y d͡ʒ y z,5,-19.055770045147348,NA,-15.489145500909974,NA,-15.51914804312365,NA,1.2205470790782769,NA,1.2204412615879323,NA,1.0297516825712627,NA,1.028399004052331,NA
9872253,75,b u ʒ i z,5,-20.2946910095022,NA,-18.014965986359083,NA,-17.95706711599841,NA,1.2623842333719226,NA,1.262198009872272,NA,1.0123552595503351,NA,1.01187554012336,NA
9872253,33,n i m ɯ h,5,-16.125521349527286,NA,-21.514654728099533,NA,-21.48267679386988,NA,1.221402368300542,NA,1.2212936567795851,NA,1.008105939127622,NA,1.0078930238188846,NA
9872253,20,v i ɟ y ʒ,5,-24.876386571500724,NA,-25.881186525811604,NA,-25.267184291001364,NA,1.12770092152038,NA,1.1277617239351925,NA,1.0024086378704609,NA,1.0024984923228988,NA
9872253,83,ɟ i ɟ y c,5,-28.50437427410517,NA,-34.16680202918272,NA,-32.967862578483974,NA,1.110255587396653,NA,1.110346812233538,NA,1.000231209196349,NA,1.000436132364972,NA
9872253,83,n e m ɯ v,5,-16.2679106094412,NA,-21.623136884117503,NA,-21.602958834317167,NA,1.3065266810918763,NA,1.3062710632304733,NA,1.0163019738273251,NA,1.015657700859542,NA
9872253,88,n i l e s,5,-16.331548266468857,NA,-22.702137034627185,NA,-22.335041029784072,NA,1.2559429323718037,NA,1.2557640746194505,NA,1.0105370402756846,NA,1.01014499607184,NA
9872253,16,ɟ i ʒ a ʒ,5,-25.070573459054387,NA,-28.408200172943992,NA,-28.11389151899236,NA,1.2792842518640677,NA,1.2790676617380563,NA,1.001614798833574,NA,1.0017356621916462,NA
9872253,85,ɫ o t͡ʃ a v,5,-17.38102037177355,NA,-22.221171339417307,NA,-22.17471603733289,NA,1.2912051431600686,NA,1.2909639988175745,NA,1.0104683496161708,NA,1.010075153889148,NA
9872253,80,b o ʒ y z,5,-21.657956214237167,NA,-17.8013111360532,NA,-17.796202222359895,NA,1.1717379161722383,NA,1.1717166578887983,NA,1.0080619412428775,NA,1.0078502843412198,NA
9872253,78,j a c ø t͡ʃ,5,-21.596104374841666,NA,-Inf,NA,-22.599644393527782,NA,1.31698528948836,NA,1.316717900772158,NA,1.0178198509358245,NA,1.0171013441808128,NA
9872253,87,f ɯ d y c,5,-21.761233097918407,NA,-23.891747181935735,NA,-23.686632689099905,NA,1.1325830509681372,NA,1.1326353404889125,NA,1.0056072670834837,NA,1.0055261372591189,NA
9872253,86,k a m y ɾ,5,-14.60533667129042,NA,-12.566891947703592,NA,-12.592572980919178,NA,1.5244462014259983,NA,1.5237936084044486,NA,1.062697489208468,NA,1.0595720312963168,NA
9872253,17,n u ʒ o h,5,-20.647758491408347,NA,-26.42840069407047,NA,-26.092665911065804,NA,1.120706350697388,NA,1.120775199867318,NA,1.0008134367287314,NA,1.0009885521090411,NA
9872253,12,m y p o ʒ,5,-21.062384677092385,NA,-17.12481314942236,NA,-17.238674158015545,NA,1.217353092070428,NA,1.2172586661563085,NA,1.030554594624349,NA,1.0291606916538274,NA
9872253,100,ɫ o t i v,5,-16.623572496331185,NA,-21.45944618243926,NA,-21.45667533842388,NA,1.270720527524629,NA,1.2705211729498675,NA,1.0235566532375455,NA,1.0224757433127067,NA
9872253,15,ɟ y ʒ ɯ ʒ,5,-27.593669876805233,NA,-Inf,NA,-32.54585594703615,NA,1.1262058924390637,NA,1.1262665863054913,NA,1.0001090155892292,NA,1.0003211623361203,NA
9872253,25,n ɯ c e c,5,-22.009654976643485,NA,-Inf,NA,-30.90854985906133,NA,1.183230340688058,NA,1.18318779269999,NA,1.0009770597047227,NA,1.0011370759656055,NA
9872253,27,l ø ʒ u v,5,-24.17716973587194,NA,-Inf,NA,-28.848175212289668,NA,1.0814626210119913,NA,1.0815977985088008,NA,1.0004564721225957,NA,1.0006458088997068,NA
9872253,9,ɟ ø ʒ ɯ ʒ,5,-28.802367630859823,NA,-Inf,NA,-33.852506245096116,NA,1.0750793759745922,NA,1.075228524021754,NA,1,1,1.0002179098838746,1
9872253,17,n i m ø h,5,-17.836768146508483,NA,-23.90398304309107,NA,-23.591272132676064,NA,1.1712000775717255,NA,1.171182741587048,NA,1.0073974584829106,NA,1.0072250641442173,NA
9872253,20,n ɯ g u v,5,-18.672938523470744,NA,-24.97225112201225,NA,-24.798231194095607,NA,1.1366324521867113,NA,1.1366721183407424,NA,1.0015222117456346,NA,1.001653631447348,NA
9872253,61,l ø ʒ ɯ v,5,-23.962302765397112,NA,-Inf,NA,-31.445776025167124,NA,1.0912637492814083,NA,1.0913810872864589,NA,1.000065210303228,NA,1.0002790383147078,NA
9872253,74,n u m ø s,5,-18.01717804587876,NA,-23.274555968238037,NA,-23.130003427749006,NA,1.1671298407351371,NA,1.1671135968518798,NA,1.005615073673373,NA,1.005536090751645,NA
9872253,22,d͡ʒ o ʒ o ʒ,5,-24.480705050348092,NA,-23.65144193577017,NA,-23.604853465371203,NA,1.1063477027090305,NA,1.1064455731324747,NA,1.0009007487476005,NA,1.0010693101437411,NA
9872253,18,v ɯ ʒ o ʒ,5,-24.09804256484363,NA,-Inf,NA,-26.60448713952874,NA,1.094757980140496,NA,1.0948759012986842,NA,1.0004664281367202,NA,1.0006578633208734,NA
9872253,92,n u c e c,5,-22.224521947118312,NA,-Inf,NA,-30.235545793839655,NA,1.1941705486603285,NA,1.1941090729768065,NA,1.001356524171781,NA,1.0014965839651273,NA
9872253,79,d͡ʒ o t͡ʃ u ʒ,5,-22.25933783885341,NA,-25.407920618685885,NA,-25.226670777169343,NA,1.1389450473591287,NA,1.1389844721552644,NA,1.001545014340632,NA,1.0016802565901464,NA
9872253,82,f u c e c,5,-23.511463576787175,NA,-Inf,NA,-29.336731806601904,NA,1.199259331683282,NA,1.1991890556832483,NA,1.0015190025080027,NA,1.0016505248518268,NA
9872253,91,t ø l e ɾ,5,-18.092071394057463,NA,-Inf,NA,-23.47218345961383,NA,1.2904993682381145,NA,1.29024438545329,NA,1.015354289300933,NA,1.0146192543931714,NA
9872253,8,b u m y ʒ,5,-20.634597061276835,NA,-17.453026450842174,NA,-17.43947379466699,NA,1.203816110471337,NA,1.2037447179670484,NA,1.013503908131295,NA,1.0130055541759393,NA
9872253,1,l i ʒ o h,5,-21.63837167405498,NA,-29.2969489690406,NA,-28.811359959835062,NA,1.1271576108556265,NA,1.1272152878236117,NA,1.0003270467676877,NA,1.0005276672406118,NA
9872253,100,g u m y z,5,-18.91676624227809,NA,-15.093972479028997,NA,-15.137149639038482,NA,1.1894469643775232,NA,1.189394504817783,NA,1.0080570007044969,NA,1.0078402676416895,NA
9872253,100,ɫ a g u v,5,-17.315515257959518,NA,-22.20438998670757,NA,-22.1942114842724,NA,1.3402216073124982,NA,1.3399090365344333,NA,1.0047777004065963,NA,1.0047377633341297,NA
9872253,100,l y l e j,5,-19.772550808587734,NA,-Inf,NA,-29.111148377195256,NA,1.2167590941862367,NA,1.2166514635372478,NA,1.0045229064430488,NA,1.0044630064259272,NA
9872253,100,m y z e l,5,-18.29810048302488,NA,-15.36637665199515,NA,-15.417853706543786,NA,1.320777681509878,NA,1.3204937774894725,NA,1.0382974481087792,NA,1.0364788587481613,NA
9872253,74,g ɯ d͡ʒ ɯ ʃ,5,-19.48982961121296,NA,-15.852311354959165,NA,-15.901866630957937,NA,1.1748084006569268,NA,1.1747780038271325,NA,1.0097080569984351,NA,1.0093543709655342,NA
9872253,90,c e d͡ʒ e t͡ʃ,5,-20.132543384729967,NA,-Inf,NA,-23.078955930544776,NA,1.3025086740061806,NA,1.30225682196575,NA,1.007703124650714,NA,1.0074974497629463,NA
9872253,87,b u j o ʒ,5,-21.05836231257191,NA,-17.548890057056813,NA,-17.6640692648367,NA,1.1951964989849069,NA,1.19514022750294,NA,1.009795703059727,NA,1.0094933961448156,NA
9872253,9,n ø m ø h,5,-20.22203636369186,NA,-27.127441990238378,NA,-26.772419935381528,NA,1.1051797136202524,NA,1.1052765997185356,NA,1.001638791460164,NA,1.00176987702246,NA
9872253,11,b e ʒ i l,5,-20.157665035921532,NA,-17.87290940676915,NA,-18.003973266743422,NA,1.3606430151485247,NA,1.3602899179920174,NA,1.0147080117893146,NA,1.0141386071612013,NA
9872253,87,l y l y c,5,-24.087338776513203,NA,-Inf,NA,-33.35849160319946,NA,1.1135850424096871,NA,1.1136703680544862,NA,1.000610288249374,NA,1.0007953005759365,NA
9872253,71,g a m y z,5,-17.355373317181197,NA,-14.240338449458276,NA,-14.287440891901769,NA,1.3908659418471938,NA,1.390465006547887,NA,1.0224670797058462,NA,1.02149027043917,NA
9872253,27,b e d͡ʒ y z,5,-18.322376643949248,NA,-15.50382960677507,NA,-15.540572147404909,NA,1.291454857997779,NA,1.2912263401344954,NA,1.017144724013624,NA,1.0164538694214755,NA
9872253,22,n ɯ c y c,5,-23.384060766098123,NA,-Inf,NA,-30.852354594073574,NA,1.099749800486337,NA,1.0998591993321496,NA,1.0003901669756716,NA,1.0005869200881068,NA
9872253,24,ɫ o c e j,5,-19.459937199364497,NA,-Inf,NA,-26.8066540964721,NA,1.2048232326919666,NA,1.2047363825587754,NA,1.0060903952169935,NA,1.0059482882890152,NA
9872253,22,ɫ a m ɯ j,5,-15.11857151857796,NA,-20.33622952955124,NA,-20.330363342345912,NA,1.4001995331332835,NA,1.3997789734141448,NA,1.017897430130006,NA,1.0171616356786684,NA
9872253,75,g a v e n,5,-16.239688851845823,NA,-13.908186943802582,NA,-13.954428963263789,NA,1.5116455492031928,NA,1.51100876623818,NA,1.0347739691193514,NA,1.033012423159234,NA
9872253,12,l i ʒ u v,5,-21.791901518688565,NA,-27.90170599209823,NA,-27.610340559309456,NA,1.1474829849634645,NA,1.1475039403773133,NA,1.0007835188902832,NA,1.000955566256444,NA
9872253,94,g ɯ ʃ a n,5,-16.88053831059943,NA,-13.952848512019289,NA,-13.993863814055455,NA,1.3804651524522582,NA,1.3800477574614127,NA,1.0360723486113332,NA,1.0341140599250127,NA
9872253,95,m y z a z,5,-16.873733531508663,NA,-13.8813816786833,NA,-13.92028821240666,NA,1.414095539116758,NA,1.4136394572206412,NA,1.046379285868822,NA,1.044078620549693,NA
9872253,100,m y k u ɾ,5,-16.16672959638731,NA,-13.647288442981042,NA,-13.67480354663754,NA,1.3486959861244403,NA,1.348345503504382,NA,1.040908137079269,NA,1.0388933343742264,NA
9872253,0,ɟ i f e ʒ,5,-23.50725783914693,NA,-25.179036508558365,NA,-24.87841662264246,NA,1.2121684741836356,NA,1.2120754128304632,NA,1.0053026957384814,NA,1.0052306294125322,NA
9872253,0,b e ʒ ɯ z,5,-19.881988712701524,NA,-20.15074841057007,NA,-19.602322161163336,NA,1.3088813810464754,NA,1.308620171979486,NA,1.014317355661407,NA,1.0137690028078854,NA
9872253,0,g o ɟ e ʒ,5,-24.70734295733524,NA,-Inf,NA,-24.892441184593736,NA,1.206949659858697,NA,1.2068658496110196,NA,1.0013992346140868,NA,1.0015409476057728,NA
9872253,74,b e t͡ʃ ø z,5,-19.558563039794212,NA,-16.45022001700887,NA,-16.488509727521837,NA,1.2699076960082727,NA,1.2697183110910075,NA,1.015705436550192,NA,1.0150951236806631,NA
9872253,62,ɫ o v ø c,5,-22.706813314753763,NA,-Inf,NA,-29.908765850171065,NA,1.1103538449370305,NA,1.1104464091915205,NA,1.0030937070231545,NA,1.0031487260784029,NA
9872253,88,t ø ɾ i n,5,-16.410405147059684,NA,-14.831918462189485,NA,-14.86886634674382,NA,1.4208089522804974,NA,1.420327529748208,NA,1.0291017054180784,NA,1.0276334200937636,NA
9872253,81,n y n o s,5,-16.90203561488304,NA,-20.70390771506508,NA,-20.701328454444155,NA,1.2163205673403334,NA,1.2162172370270818,NA,1.00936206536363,NA,1.0090732790913943,NA
9872253,10,l i v o h,5,-19.595109788952644,NA,-27.49272636985236,NA,-27.15263118582112,NA,1.1574639446613604,NA,1.1574688518675773,NA,1.0022967539016463,NA,1.0023928574967222,NA
9872253,100,ɟ ø ɟ y ʃ,5,-28.382025596923334,NA,-Inf,NA,-27.273964274617327,NA,1.06451562774906,NA,1.064678843072776,NA,1.0016113280727483,NA,1.001729331617179,NA
9872253,100,m e t e ɾ,5,-13.722605695771906,NA,-12.003654907782868,NA,-12.023346713937531,NA,1.5195622914746405,NA,1.518910401773783,NA,1.0525880770319855,NA,1.0498613480187184,NA
9872253,18,l e ʒ a v,5,-20.032673267265825,NA,-26.44332906685423,NA,-26.14940301912727,NA,1.3816363028138647,NA,1.381238823618678,NA,1.0061260075164613,NA,1.0059671413264173,NA
9872253,42,m y ɾ ɯ ɾ,5,-15.856481481342133,NA,-12.944319591547218,NA,-12.972778988107237,NA,1.435298597005871,NA,1.434796547206406,NA,1.053819451965324,NA,1.0510915726346128,NA
9872253,77,ɫ a l e ɾ,5,-15.163099753645444,NA,-19.935814013412394,NA,-19.576163843490317,NA,1.474127120354203,NA,1.473554395483853,NA,1.0201936391485853,NA,1.0192033602125234,NA
9872253,85,d͡ʒ o c y c,5,-25.0483878241706,NA,-Inf,NA,-30.473206137592207,NA,1.1081996356577295,NA,1.108294413751327,NA,1.0006613125519153,NA,1.000843800829829,NA
9872253,0,m y ʒ i l,5,-20.891058437119632,NA,-18.275024894086325,NA,-18.26894174408407,NA,1.2897352362290226,NA,1.2895048394454542,NA,1.0287321730069334,NA,1.0274260236712516,NA
9872253,28,ɫ o h ɯ v,5,-18.378732324942018,NA,-24.946669907437375,NA,-24.8696524175722,NA,1.1710082034448943,NA,1.1709872550102671,NA,1.002896280390419,NA,1.0029605848662049,NA
9872253,23,v ø l e c,5,-23.323793740357537,NA,-Inf,NA,-33.17836619636902,NA,1.1573076239641735,NA,1.1573097966742572,NA,1.000652103032279,NA,1.0008291941922065,NA
9872265,0,ɟ y ʒ ɯ ʒ,5,-27.593669876805233,NA,-Inf,NA,-32.54585594703615,NA,1.1262058924390637,NA,1.1262665863054913,NA,1.0001090155892292,NA,1.0003211623361203,NA
9872265,28,l i ʒ u v,5,-21.791901518688565,NA,-27.90170599209823,NA,-27.610340559309456,NA,1.1474829849634645,NA,1.1475039403773133,NA,1.0007835188902832,NA,1.000955566256444,NA
9872265,30,g ɯ ʃ a n,5,-16.88053831059943,NA,-13.952848512019289,NA,-13.993863814055455,NA,1.3804651524522582,NA,1.3800477574614127,NA,1.0360723486113332,NA,1.0341140599250127,NA
9872265,63,c e d͡ʒ e t͡ʃ,5,-20.132543384729967,NA,-Inf,NA,-23.078955930544776,NA,1.3025086740061806,NA,1.30225682196575,NA,1.007703124650714,NA,1.0074974497629463,NA
9872265,100,m e t e ɾ,5,-13.722605695771906,NA,-12.003654907782868,NA,-12.023346713937531,NA,1.5195622914746405,NA,1.518910401773783,NA,1.0525880770319855,NA,1.0498613480187184,NA
9872265,0,g ɯ ɟ ø ʒ,5,-26.888884788763463,NA,-Inf,NA,-25.491689893774726,NA,1.0923427028145285,NA,1.0924665333420214,NA,1.0025458422833493,NA,1.0026299630393898,NA
9872265,100,k o ɾ o n,5,-16.15929758860058,NA,-13.868409821172923,NA,-13.895071028995217,NA,1.4086622883685636,NA,1.408210172854805,NA,1.0325528233779742,NA,1.030997388207983,NA
9872265,23,t͡ʃ ø j o p,5,-20.761162543399134,NA,-16.85312947192674,NA,-16.895892356598512,NA,1.1297760413577145,NA,1.129827321681991,NA,1.0043570596970908,NA,1.004335423634715,NA
9872265,5,f ɯ d y c,5,-21.761233097918407,NA,-23.891747181935735,NA,-23.686632689099905,NA,1.1325830509681372,NA,1.1326353404889125,NA,1.0056072670834837,NA,1.0055261372591189,NA
9872265,70,f u c e c,5,-23.511463576787175,NA,-Inf,NA,-29.336731806601904,NA,1.199259331683282,NA,1.1991890556832483,NA,1.0015190025080027,NA,1.0016505248518268,NA
9872265,81,b e j o p,5,-17.621956818911904,NA,-14.710265369997016,NA,-14.747288468151918,NA,1.318235195988115,NA,1.3179604495421229,NA,1.023964703711502,NA,1.0229099718204642,NA
9872265,0,l i ʒ o h,5,-21.63837167405498,NA,-29.2969489690406,NA,-28.811359959835062,NA,1.1271576108556265,NA,1.1272152878236117,NA,1.0003270467676877,NA,1.0005276672406118,NA
9872265,0,l ø ʒ u v,5,-24.17716973587194,NA,-Inf,NA,-28.848175212289668,NA,1.0814626210119913,NA,1.0815977985088008,NA,1.0004564721225957,NA,1.0006458088997068,NA
9872265,36,b e d͡ʒ y z,5,-18.322376643949248,NA,-15.50382960677507,NA,-15.540572147404909,NA,1.291454857997779,NA,1.2912263401344954,NA,1.017144724013624,NA,1.0164538694214755,NA
9872265,7,g o d͡ʒ ɯ z,5,-19.770537868401828,NA,-17.17904521923025,NA,-17.19916861874007,NA,1.1826737683633608,NA,1.1826307514407104,NA,1.0041826517558374,NA,1.004164363663955,NA
9872265,0,v ɯ ʒ o ʒ,5,-24.09804256484363,NA,-Inf,NA,-26.60448713952874,NA,1.094757980140496,NA,1.0948759012986842,NA,1.0004664281367202,NA,1.0006578633208734,NA
9872265,0,m y ɾ ɯ ɾ,5,-15.856481481342133,NA,-12.944319591547218,NA,-12.972778988107237,NA,1.435298597005871,NA,1.434796547206406,NA,1.053819451965324,NA,1.0510915726346128,NA
9872265,19,ɟ ø ʒ a ʒ,5,-27.45584167623776,NA,-Inf,NA,-28.658578991412625,NA,1.2132638879125943,NA,1.2131615198695442,NA,1.0012877520658865,NA,1.001425904834909,NA
9872265,85,t e k o n,5,-14.998265880403986,NA,-12.987925813400334,NA,-13.012766174055423,NA,1.404395408692991,NA,1.4039515023966052,NA,1.0462338914653162,NA,1.043960708572914,NA
9872265,4,l ø ʒ ɯ v,5,-23.962302765397112,NA,-Inf,NA,-31.445776025167124,NA,1.0912637492814083,NA,1.0913810872864589,NA,1.000065210303228,NA,1.0002790383147078,NA
9872265,77,k a m y ɾ,5,-14.60533667129042,NA,-12.566891947703592,NA,-12.592572980919178,NA,1.5244462014259983,NA,1.5237936084044486,NA,1.062697489208468,NA,1.0595720312963168,NA
9872265,19,n u ʒ o h,5,-20.647758491408347,NA,-26.42840069407047,NA,-26.092665911065804,NA,1.120706350697388,NA,1.120775199867318,NA,1.0008134367287314,NA,1.0009885521090411,NA
9872265,0,b ø d͡ʒ o ʒ,5,-23.199615484381773,NA,-22.946734860541916,NA,-22.872071478740505,NA,1.121083185876453,NA,1.121155460851373,NA,1.0015584369695272,NA,1.0016920324034493,NA
9872265,61,m y p o ʒ,5,-21.062384677092385,NA,-17.12481314942236,NA,-17.238674158015545,NA,1.217353092070428,NA,1.2172586661563085,NA,1.030554594624349,NA,1.0291606916538274,NA
9872265,100,m y d͡ʒ y z,5,-19.055770045147348,NA,-15.489145500909974,NA,-15.51914804312365,NA,1.2205470790782769,NA,1.2204412615879323,NA,1.0297516825712627,NA,1.028399004052331,NA
9872265,0,ɟ i ʒ a ʒ,5,-25.070573459054387,NA,-28.408200172943992,NA,-28.11389151899236,NA,1.2792842518640677,NA,1.2790676617380563,NA,1.001614798833574,NA,1.0017356621916462,NA
9872265,0,ɟ ø ʒ ɯ ʒ,5,-28.802367630859823,NA,-Inf,NA,-33.852506245096116,NA,1.0750793759745922,NA,1.075228524021754,NA,1,1,1.0002179098838746,1
9872265,0,k ɯ ɟ e h,5,-20.35414713041565,NA,-Inf,NA,-22.976968237654425,NA,1.283235141884312,NA,1.2830152250357565,NA,1.015169372438029,NA,1.0145770800961191,NA
9872265,0,n e m ɯ v,5,-16.2679106094412,NA,-21.623136884117503,NA,-21.602958834317167,NA,1.3065266810918763,NA,1.3062710632304733,NA,1.0163019738273251,NA,1.015657700859542,NA
9872265,0,f u ʒ ɯ ʒ,5,-23.9166248803383,NA,-Inf,NA,-28.2987368958237,NA,1.1450967257617637,NA,1.1451247551929438,NA,1.000975915064953,NA,1.0011424929957409,NA
9872265,75,b a j o p,5,-17.147287610817873,NA,-14.064023784516072,NA,-14.101916418410518,NA,1.4125267904421874,NA,1.4120889097497351,NA,1.0381955836146763,NA,1.0363910290645393,NA
9872265,18,b e ʒ i l,5,-20.157665035921532,NA,-17.87290940676915,NA,-18.003973266743422,NA,1.3606430151485247,NA,1.3602899179920174,NA,1.0147080117893146,NA,1.0141386071612013,NA
9872265,65,ɫ o t͡ʃ a v,5,-17.38102037177355,NA,-22.221171339417307,NA,-22.17471603733289,NA,1.2912051431600686,NA,1.2909639988175745,NA,1.0104683496161708,NA,1.010075153889148,NA
9872265,71,t ø ɾ i n,5,-16.410405147059684,NA,-14.831918462189485,NA,-14.86886634674382,NA,1.4208089522804974,NA,1.420327529748208,NA,1.0291017054180784,NA,1.0276334200937636,NA
9872265,100,n i l e s,5,-16.331548266468857,NA,-22.702137034627185,NA,-22.335041029784072,NA,1.2559429323718037,NA,1.2557640746194505,NA,1.0105370402756846,NA,1.01014499607184,NA
9872265,0,v i ɟ y ʒ,5,-24.876386571500724,NA,-25.881186525811604,NA,-25.267184291001364,NA,1.12770092152038,NA,1.1277617239351925,NA,1.0024086378704609,NA,1.0024984923228988,NA
9872265,0,l i v o h,5,-19.595109788952644,NA,-27.49272636985236,NA,-27.15263118582112,NA,1.1574639446613604,NA,1.1574688518675773,NA,1.0022967539016463,NA,1.0023928574967222,NA
9872265,0,b u j o ʒ,5,-21.05836231257191,NA,-17.548890057056813,NA,-17.6640692648367,NA,1.1951964989849069,NA,1.19514022750294,NA,1.009795703059727,NA,1.0094933961448156,NA
9872265,0,h a j o ʒ,5,-19.70425756699943,NA,-16.051747969710995,NA,-16.174734890728512,NA,1.375285896549857,NA,1.374918035761362,NA,1.0416275407035844,NA,1.0396478965275615,NA
9872265,15,l e ʒ a v,5,-20.032673267265825,NA,-26.44332906685423,NA,-26.14940301912727,NA,1.3816363028138647,NA,1.381238823618678,NA,1.0061260075164613,NA,1.0059671413264173,NA
9872265,0,ɫ a m ɯ j,5,-15.11857151857796,NA,-20.33622952955124,NA,-20.330363342345912,NA,1.4001995331332835,NA,1.3997789734141448,NA,1.017897430130006,NA,1.0171616356786684,NA
9872265,1,b u m y ʒ,5,-20.634597061276835,NA,-17.453026450842174,NA,-17.43947379466699,NA,1.203816110471337,NA,1.2037447179670484,NA,1.013503908131295,NA,1.0130055541759393,NA
9872265,35,g a m y z,5,-17.355373317181197,NA,-14.240338449458276,NA,-14.287440891901769,NA,1.3908659418471938,NA,1.390465006547887,NA,1.0224670797058462,NA,1.02149027043917,NA
9872265,0,ɫ o h ɯ v,5,-18.378732324942018,NA,-24.946669907437375,NA,-24.8696524175722,NA,1.1710082034448943,NA,1.1709872550102671,NA,1.002896280390419,NA,1.0029605848662049,NA
9872265,86,ɫ a l e ɾ,5,-15.163099753645444,NA,-19.935814013412394,NA,-19.576163843490317,NA,1.474127120354203,NA,1.473554395483853,NA,1.0201936391485853,NA,1.0192033602125234,NA
9872265,0,b i d͡ʒ ɯ z,5,-18.017662927348493,NA,-14.765156156833983,NA,-14.806093842831208,NA,1.2350324649864008,NA,1.2348988853670513,NA,1.0156682860234614,NA,1.0150462915601737,NA
9872265,2,v ɯ ʒ o h,5,-21.714556093501535,NA,-Inf,NA,-27.904550653039433,NA,1.1066262553279758,NA,1.1067194621758885,NA,1.0002707972270364,NA,1.000474478028374,NA
9872265,0,d͡ʒ o t͡ʃ u ʒ,5,-22.25933783885341,NA,-25.407920618685885,NA,-25.226670777169343,NA,1.1389450473591287,NA,1.1389844721552644,NA,1.001545014340632,NA,1.0016802565901464,NA
9872265,35,g u m y z,5,-18.91676624227809,NA,-15.093972479028997,NA,-15.137149639038482,NA,1.1894469643775232,NA,1.189394504817783,NA,1.0080570007044969,NA,1.0078402676416895,NA
9872265,75,g a v e n,5,-16.239688851845823,NA,-13.908186943802582,NA,-13.954428963263789,NA,1.5116455492031928,NA,1.51100876623818,NA,1.0347739691193514,NA,1.033012423159234,NA
9872265,0,d͡ʒ o c y c,5,-25.0483878241706,NA,-Inf,NA,-30.473206137592207,NA,1.1081996356577295,NA,1.108294413751327,NA,1.0006613125519153,NA,1.000843800829829,NA
9872265,70,b i f i z,5,-17.367817790823707,NA,-14.539143873848408,NA,-14.5814801904761,NA,1.3006774174319915,NA,1.300424750199676,NA,1.0215979149021732,NA,1.0206250474382526,NA
9872265,0,v ø l y j,5,-21.757817351341345,NA,-Inf,NA,-31.916689215783485,NA,1.0935205953372813,NA,1.0936337054213383,NA,1.0001956309096838,NA,1.000401295176374,NA
9872265,1,n ø m ø h,5,-20.22203636369186,NA,-27.127441990238378,NA,-26.772419935381528,NA,1.1051797136202524,NA,1.1052765997185356,NA,1.001638791460164,NA,1.00176987702246,NA
9872265,100,l y l y c,5,-24.087338776513203,NA,-Inf,NA,-33.35849160319946,NA,1.1135850424096871,NA,1.1136703680544862,NA,1.000610288249374,NA,1.0007953005759365,NA
9872265,1,ɫ a ʒ ɯ ʒ,5,-21.057393014683385,NA,-Inf,NA,-26.41048458696313,NA,1.3326568898923266,NA,1.3323604104033762,NA,1.0026538128249567,NA,1.0027322776999663,NA
9872265,21,ɟ i f e ʒ,5,-23.50725783914693,NA,-25.179036508558365,NA,-24.87841662264246,NA,1.2121684741836356,NA,1.2120754128304632,NA,1.0053026957384814,NA,1.0052306294125322,NA
9872265,0,b o ʒ y z,5,-21.657956214237167,NA,-17.8013111360532,NA,-17.796202222359895,NA,1.1717379161722383,NA,1.1717166578887983,NA,1.0080619412428775,NA,1.0078502843412198,NA
9872265,86,ɫ o t i v,5,-16.623572496331185,NA,-21.45944618243926,NA,-21.45667533842388,NA,1.270720527524629,NA,1.2705211729498675,NA,1.0235566532375455,NA,1.0224757433127067,NA
9872265,0,v ɯ c i c,5,-23.489154875537356,NA,-Inf,NA,-31.50043512796986,NA,1.1869854330618432,NA,1.186935765181287,NA,1.000596848743176,NA,1.0007801201825397,NA
9872265,0,b e ʒ ɯ z,5,-19.881988712701524,NA,-20.15074841057007,NA,-19.602322161163336,NA,1.3088813810464754,NA,1.308620171979486,NA,1.014317355661407,NA,1.0137690028078854,NA
9872265,100,t ø l e ɾ,5,-18.092071394057463,NA,-Inf,NA,-23.47218345961383,NA,1.2904993682381145,NA,1.29024438545329,NA,1.015354289300933,NA,1.0146192543931714,NA
9872265,0,b u j ɯ ʒ,5,-20.656800600490904,NA,-Inf,NA,-21.416780472527225,NA,1.226366366213809,NA,1.226253360999328,NA,1.012563203952425,NA,1.0121097739492848,NA
9872265,0,ɫ o v ø c,5,-22.706813314753763,NA,-Inf,NA,-29.908765850171065,NA,1.1103538449370305,NA,1.1104464091915205,NA,1.0030937070231545,NA,1.0031487260784029,NA
9872265,22,m y k u ɾ,5,-16.16672959638731,NA,-13.647288442981042,NA,-13.67480354663754,NA,1.3486959861244403,NA,1.348345503504382,NA,1.040908137079269,NA,1.0388933343742264,NA
9872265,0,g ɯ ʒ ɯ f,5,-21.788275067767113,NA,-Inf,NA,-25.430059507970466,NA,1.155577346931862,NA,1.155582793730333,NA,1.0034694890371534,NA,1.0034952632757648,NA
9872265,71,n u g a v,5,-17.32641256884868,NA,-22.17862386284786,NA,-22.142492609172585,NA,1.295558300366401,NA,1.2953096832430069,NA,1.0097861339305134,NA,1.0094276480806197,NA
9872265,37,f u ʒ u ʒ,5,-24.131491850813127,NA,-24.668253654298645,NA,-24.46144519601823,NA,1.1352955974923469,NA,1.135341466415286,NA,1.000975915064953,NA,1.0011424929957409,NA
9872265,100,n y n o s,5,-16.90203561488304,NA,-20.70390771506508,NA,-20.701328454444155,NA,1.2163205673403334,NA,1.2162172370270818,NA,1.00936206536363,NA,1.0090732790913943,NA
9872265,75,d͡ʒ a m a ʒ,5,-17.752742677818908,NA,-17.085266867347194,NA,-17.226367434005237,NA,1.5259583015742766,NA,1.5253144134357843,NA,1.0324208128726595,NA,1.0308841077133883,NA
9872265,0,n i m ø h,5,-17.836768146508483,NA,-23.90398304309107,NA,-23.591272132676064,NA,1.1712000775717255,NA,1.171182741587048,NA,1.0073974584829106,NA,1.0072250641442173,NA
9872265,4,n ɯ c e c,5,-22.009654976643485,NA,-Inf,NA,-30.90854985906133,NA,1.183230340688058,NA,1.18318779269999,NA,1.0009770597047227,NA,1.0011370759656055,NA
9872265,76,ɟ y ɟ ø z,5,-28.261172142031192,NA,-Inf,NA,-27.202076859131157,NA,1.0923810950775177,NA,1.0924989300689334,NA,1.0002501387042984,NA,1.0004529214024969,NA
9872265,85,m y z a z,5,-16.873733531508663,NA,-13.8813816786833,NA,-13.92028821240666,NA,1.414095539116758,NA,1.4136394572206412,NA,1.046379285868822,NA,1.044078620549693,NA
9872265,82,ɟ i ɟ y c,5,-28.50437427410517,NA,-34.16680202918272,NA,-32.967862578483974,NA,1.110255587396653,NA,1.110346812233538,NA,1.000231209196349,NA,1.000436132364972,NA
9872265,3,n i m ɯ h,5,-16.125521349527286,NA,-21.514654728099533,NA,-21.48267679386988,NA,1.221402368300542,NA,1.2212936567795851,NA,1.008105939127622,NA,1.0078930238188846,NA
9872265,68,n u c e c,5,-22.224521947118312,NA,-Inf,NA,-30.235545793839655,NA,1.1941705486603285,NA,1.1941090729768065,NA,1.001356524171781,NA,1.0014965839651273,NA
9872265,69,m y ʒ i l,5,-20.891058437119632,NA,-18.275024894086325,NA,-18.26894174408407,NA,1.2897352362290226,NA,1.2895048394454542,NA,1.0287321730069334,NA,1.0274260236712516,NA
9872265,0,n ɯ g u v,5,-18.672938523470744,NA,-24.97225112201225,NA,-24.798231194095607,NA,1.1366324521867113,NA,1.1366721183407424,NA,1.0015222117456346,NA,1.001653631447348,NA
9872265,38,ɟ ø ɟ y ʃ,5,-28.382025596923334,NA,-Inf,NA,-27.273964274617327,NA,1.06451562774906,NA,1.064678843072776,NA,1.0016113280727483,NA,1.001729331617179,NA
9872265,71,ɫ a g u v,5,-17.315515257959518,NA,-22.20438998670757,NA,-22.1942114842724,NA,1.3402216073124982,NA,1.3399090365344333,NA,1.0047777004065963,NA,1.0047377633341297,NA
9872265,34,b a ʒ i n,5,-17.80349425450386,NA,-14.791020439297638,NA,-14.925564091251209,NA,1.5193623891917725,NA,1.518711994390168,NA,1.0328627171294904,NA,1.0312294576154004,NA
9872265,20,v ø l e c,5,-23.323793740357537,NA,-Inf,NA,-33.17836619636902,NA,1.1573076239641735,NA,1.1573097966742572,NA,1.000652103032279,NA,1.0008291941922065,NA
9872265,0,n u m ø s,5,-18.01717804587876,NA,-23.274555968238037,NA,-23.130003427749006,NA,1.1671298407351371,NA,1.1671135968518798,NA,1.005615073673373,NA,1.005536090751645,NA
9872265,100,m y z e l,5,-18.29810048302488,NA,-15.36637665199515,NA,-15.417853706543786,NA,1.320777681509878,NA,1.3204937774894725,NA,1.0382974481087792,NA,1.0364788587481613,NA
9872265,0,g o ɟ e ʒ,5,-24.70734295733524,NA,-Inf,NA,-24.892441184593736,NA,1.206949659858697,NA,1.2068658496110196,NA,1.0013992346140868,NA,1.0015409476057728,NA
9872265,17,b u ʒ i z,5,-20.2946910095022,NA,-18.014965986359083,NA,-17.95706711599841,NA,1.2623842333719226,NA,1.262198009872272,NA,1.0123552595503351,NA,1.01187554012336,NA
9872265,75,b e t͡ʃ ø z,5,-19.558563039794212,NA,-16.45022001700887,NA,-16.488509727521837,NA,1.2699076960082727,NA,1.2697183110910075,NA,1.015705436550192,NA,1.0150951236806631,NA
9872265,35,j a c ø t͡ʃ,5,-21.596104374841666,NA,-Inf,NA,-22.599644393527782,NA,1.31698528948836,NA,1.316717900772158,NA,1.0178198509358245,NA,1.0171013441808128,NA
9872265,66,b e ʒ y z,5,-20.38453775562813,NA,-17.968651889022336,NA,-17.963773735189676,NA,1.2791360964148726,NA,1.278929028131013,NA,1.0135348320226718,NA,1.0130354616378874,NA
9872265,0,n ɯ c y c,5,-23.384060766098123,NA,-Inf,NA,-30.852354594073574,NA,1.099749800486337,NA,1.0998591993321496,NA,1.0003901669756716,NA,1.0005869200881068,NA
9872265,0,ɟ e g u j,5,-21.813613758746683,NA,-Inf,NA,-27.77270366778515,NA,1.2429834228927066,NA,1.2428362044265289,NA,1.0016771227161092,NA,1.0018008835043444,NA
9872265,0,d͡ʒ o ʒ o ʒ,5,-24.480705050348092,NA,-23.65144193577017,NA,-23.604853465371203,NA,1.1063477027090305,NA,1.1064455731324747,NA,1.0009007487476005,NA,1.0010693101437411,NA
9872265,100,g ɯ d͡ʒ ɯ ʃ,5,-19.48982961121296,NA,-15.852311354959165,NA,-15.901866630957937,NA,1.1748084006569268,NA,1.1747780038271325,NA,1.0097080569984351,NA,1.0093543709655342,NA
9872265,100,ɫ o c e j,5,-19.459937199364497,NA,-Inf,NA,-26.8066540964721,NA,1.2048232326919666,NA,1.2047363825587754,NA,1.0060903952169935,NA,1.0059482882890152,NA
9872265,100,l y l e j,5,-19.772550808587734,NA,-Inf,NA,-29.111148377195256,NA,1.2167590941862367,NA,1.2166514635372478,NA,1.0045229064430488,NA,1.0044630064259272,NA
9872297,67,m y ɾ ɯ ɾ,5,-15.856481481342133,NA,-12.944319591547218,NA,-12.972778988107237,NA,1.435298597005871,NA,1.434796547206406,NA,1.053819451965324,NA,1.0510915726346128,NA
9872297,28,n ɯ c e c,5,-22.009654976643485,NA,-Inf,NA,-30.90854985906133,NA,1.183230340688058,NA,1.18318779269999,NA,1.0009770597047227,NA,1.0011370759656055,NA
9872297,17,v i ɟ y ʒ,5,-24.876386571500724,NA,-25.881186525811604,NA,-25.267184291001364,NA,1.12770092152038,NA,1.1277617239351925,NA,1.0024086378704609,NA,1.0024984923228988,NA
9872297,27,h a j o ʒ,5,-19.70425756699943,NA,-16.051747969710995,NA,-16.174734890728512,NA,1.375285896549857,NA,1.374918035761362,NA,1.0416275407035844,NA,1.0396478965275615,NA
9872297,83,g o d͡ʒ ɯ z,5,-19.770537868401828,NA,-17.17904521923025,NA,-17.19916861874007,NA,1.1826737683633608,NA,1.1826307514407104,NA,1.0041826517558374,NA,1.004164363663955,NA
9872297,80,ɫ o v ø c,5,-22.706813314753763,NA,-Inf,NA,-29.908765850171065,NA,1.1103538449370305,NA,1.1104464091915205,NA,1.0030937070231545,NA,1.0031487260784029,NA
9872297,25,ɟ ø ʒ ɯ ʒ,5,-28.802367630859823,NA,-Inf,NA,-33.852506245096116,NA,1.0750793759745922,NA,1.075228524021754,NA,1,1,1.0002179098838746,1
9872297,28,ɟ y ʒ ɯ ʒ,5,-27.593669876805233,NA,-Inf,NA,-32.54585594703615,NA,1.1262058924390637,NA,1.1262665863054913,NA,1.0001090155892292,NA,1.0003211623361203,NA
9872297,76,ɫ a m ɯ j,5,-15.11857151857796,NA,-20.33622952955124,NA,-20.330363342345912,NA,1.4001995331332835,NA,1.3997789734141448,NA,1.017897430130006,NA,1.0171616356786684,NA
9872297,100,g a v e n,5,-16.239688851845823,NA,-13.908186943802582,NA,-13.954428963263789,NA,1.5116455492031928,NA,1.51100876623818,NA,1.0347739691193514,NA,1.033012423159234,NA
9872297,100,v ø l e c,5,-23.323793740357537,NA,-Inf,NA,-33.17836619636902,NA,1.1573076239641735,NA,1.1573097966742572,NA,1.000652103032279,NA,1.0008291941922065,NA
9872297,15,b o ʒ y z,5,-21.657956214237167,NA,-17.8013111360532,NA,-17.796202222359895,NA,1.1717379161722383,NA,1.1717166578887983,NA,1.0080619412428775,NA,1.0078502843412198,NA
9872297,35,ɫ o t i v,5,-16.623572496331185,NA,-21.45944618243926,NA,-21.45667533842388,NA,1.270720527524629,NA,1.2705211729498675,NA,1.0235566532375455,NA,1.0224757433127067,NA
9872297,33,m y k u ɾ,5,-16.16672959638731,NA,-13.647288442981042,NA,-13.67480354663754,NA,1.3486959861244403,NA,1.348345503504382,NA,1.040908137079269,NA,1.0388933343742264,NA
9872297,8,k ɯ ɟ e h,5,-20.35414713041565,NA,-Inf,NA,-22.976968237654425,NA,1.283235141884312,NA,1.2830152250357565,NA,1.015169372438029,NA,1.0145770800961191,NA
9872297,61,t͡ʃ ø j o p,5,-20.761162543399134,NA,-16.85312947192674,NA,-16.895892356598512,NA,1.1297760413577145,NA,1.129827321681991,NA,1.0043570596970908,NA,1.004335423634715,NA
9872297,34,n ɯ g u v,5,-18.672938523470744,NA,-24.97225112201225,NA,-24.798231194095607,NA,1.1366324521867113,NA,1.1366721183407424,NA,1.0015222117456346,NA,1.001653631447348,NA
9872297,1,v ɯ ʒ o h,5,-21.714556093501535,NA,-Inf,NA,-27.904550653039433,NA,1.1066262553279758,NA,1.1067194621758885,NA,1.0002707972270364,NA,1.000474478028374,NA
9872297,73,n ɯ c y c,5,-23.384060766098123,NA,-Inf,NA,-30.852354594073574,NA,1.099749800486337,NA,1.0998591993321496,NA,1.0003901669756716,NA,1.0005869200881068,NA
9872297,69,g ɯ ʃ a n,5,-16.88053831059943,NA,-13.952848512019289,NA,-13.993863814055455,NA,1.3804651524522582,NA,1.3800477574614127,NA,1.0360723486113332,NA,1.0341140599250127,NA
9872297,22,b e ʒ ɯ z,5,-19.881988712701524,NA,-20.15074841057007,NA,-19.602322161163336,NA,1.3088813810464754,NA,1.308620171979486,NA,1.014317355661407,NA,1.0137690028078854,NA
9872297,73,ɫ a l e ɾ,5,-15.163099753645444,NA,-19.935814013412394,NA,-19.576163843490317,NA,1.474127120354203,NA,1.473554395483853,NA,1.0201936391485853,NA,1.0192033602125234,NA
9872297,37,b i f i z,5,-17.367817790823707,NA,-14.539143873848408,NA,-14.5814801904761,NA,1.3006774174319915,NA,1.300424750199676,NA,1.0215979149021732,NA,1.0206250474382526,NA
9872297,81,g a m y z,5,-17.355373317181197,NA,-14.240338449458276,NA,-14.287440891901769,NA,1.3908659418471938,NA,1.390465006547887,NA,1.0224670797058462,NA,1.02149027043917,NA
9872297,22,l ø ʒ u v,5,-24.17716973587194,NA,-Inf,NA,-28.848175212289668,NA,1.0814626210119913,NA,1.0815977985088008,NA,1.0004564721225957,NA,1.0006458088997068,NA
9872297,100,ɟ y ɟ ø z,5,-28.261172142031192,NA,-Inf,NA,-27.202076859131157,NA,1.0923810950775177,NA,1.0924989300689334,NA,1.0002501387042984,NA,1.0004529214024969,NA
9872297,84,n u g a v,5,-17.32641256884868,NA,-22.17862386284786,NA,-22.142492609172585,NA,1.295558300366401,NA,1.2953096832430069,NA,1.0097861339305134,NA,1.0094276480806197,NA
9872297,35,m y p o ʒ,5,-21.062384677092385,NA,-17.12481314942236,NA,-17.238674158015545,NA,1.217353092070428,NA,1.2172586661563085,NA,1.030554594624349,NA,1.0291606916538274,NA
9872297,73,ɟ i ɟ y c,5,-28.50437427410517,NA,-34.16680202918272,NA,-32.967862578483974,NA,1.110255587396653,NA,1.110346812233538,NA,1.000231209196349,NA,1.000436132364972,NA
9872297,24,n e m ɯ v,5,-16.2679106094412,NA,-21.623136884117503,NA,-21.602958834317167,NA,1.3065266810918763,NA,1.3062710632304733,NA,1.0163019738273251,NA,1.015657700859542,NA
9872297,71,n y n o s,5,-16.90203561488304,NA,-20.70390771506508,NA,-20.701328454444155,NA,1.2163205673403334,NA,1.2162172370270818,NA,1.00936206536363,NA,1.0090732790913943,NA
9872297,21,ɫ o c e j,5,-19.459937199364497,NA,-Inf,NA,-26.8066540964721,NA,1.2048232326919666,NA,1.2047363825587754,NA,1.0060903952169935,NA,1.0059482882890152,NA
9872297,26,l i v o h,5,-19.595109788952644,NA,-27.49272636985236,NA,-27.15263118582112,NA,1.1574639446613604,NA,1.1574688518675773,NA,1.0022967539016463,NA,1.0023928574967222,NA
9872297,100,m y z e l,5,-18.29810048302488,NA,-15.36637665199515,NA,-15.417853706543786,NA,1.320777681509878,NA,1.3204937774894725,NA,1.0382974481087792,NA,1.0364788587481613,NA
9872297,57,b e j o p,5,-17.621956818911904,NA,-14.710265369997016,NA,-14.747288468151918,NA,1.318235195988115,NA,1.3179604495421229,NA,1.023964703711502,NA,1.0229099718204642,NA
9872297,100,k o ɾ o n,5,-16.15929758860058,NA,-13.868409821172923,NA,-13.895071028995217,NA,1.4086622883685636,NA,1.408210172854805,NA,1.0325528233779742,NA,1.030997388207983,NA
9872297,12,l ø ʒ ɯ v,5,-23.962302765397112,NA,-Inf,NA,-31.445776025167124,NA,1.0912637492814083,NA,1.0913810872864589,NA,1.000065210303228,NA,1.0002790383147078,NA
9872297,44,m y ʒ i l,5,-20.891058437119632,NA,-18.275024894086325,NA,-18.26894174408407,NA,1.2897352362290226,NA,1.2895048394454542,NA,1.0287321730069334,NA,1.0274260236712516,NA
9872297,23,n u ʒ o h,5,-20.647758491408347,NA,-26.42840069407047,NA,-26.092665911065804,NA,1.120706350697388,NA,1.120775199867318,NA,1.0008134367287314,NA,1.0009885521090411,NA
9872297,65,v ø l y j,5,-21.757817351341345,NA,-Inf,NA,-31.916689215783485,NA,1.0935205953372813,NA,1.0936337054213383,NA,1.0001956309096838,NA,1.000401295176374,NA
9872297,17,ɫ o h ɯ v,5,-18.378732324942018,NA,-24.946669907437375,NA,-24.8696524175722,NA,1.1710082034448943,NA,1.1709872550102671,NA,1.002896280390419,NA,1.0029605848662049,NA
9872297,31,n u m ø s,5,-18.01717804587876,NA,-23.274555968238037,NA,-23.130003427749006,NA,1.1671298407351371,NA,1.1671135968518798,NA,1.005615073673373,NA,1.005536090751645,NA
9872297,58,b i d͡ʒ ɯ z,5,-18.017662927348493,NA,-14.765156156833983,NA,-14.806093842831208,NA,1.2350324649864008,NA,1.2348988853670513,NA,1.0156682860234614,NA,1.0150462915601737,NA
9872297,19,f u ʒ ɯ ʒ,5,-23.9166248803383,NA,-Inf,NA,-28.2987368958237,NA,1.1450967257617637,NA,1.1451247551929438,NA,1.000975915064953,NA,1.0011424929957409,NA
9872297,100,l y l y c,5,-24.087338776513203,NA,-Inf,NA,-33.35849160319946,NA,1.1135850424096871,NA,1.1136703680544862,NA,1.000610288249374,NA,1.0007953005759365,NA
9872297,100,m y z a z,5,-16.873733531508663,NA,-13.8813816786833,NA,-13.92028821240666,NA,1.414095539116758,NA,1.4136394572206412,NA,1.046379285868822,NA,1.044078620549693,NA
9872297,32,ɫ a g u v,5,-17.315515257959518,NA,-22.20438998670757,NA,-22.1942114842724,NA,1.3402216073124982,NA,1.3399090365344333,NA,1.0047777004065963,NA,1.0047377633341297,NA
9872297,83,d͡ʒ o c y c,5,-25.0483878241706,NA,-Inf,NA,-30.473206137592207,NA,1.1081996356577295,NA,1.108294413751327,NA,1.0006613125519153,NA,1.000843800829829,NA
9872297,13,l e ʒ a v,5,-20.032673267265825,NA,-26.44332906685423,NA,-26.14940301912727,NA,1.3816363028138647,NA,1.381238823618678,NA,1.0061260075164613,NA,1.0059671413264173,NA
9872297,14,b ø d͡ʒ o ʒ,5,-23.199615484381773,NA,-22.946734860541916,NA,-22.872071478740505,NA,1.121083185876453,NA,1.121155460851373,NA,1.0015584369695272,NA,1.0016920324034493,NA
9872297,21,b u j ɯ ʒ,5,-20.656800600490904,NA,-Inf,NA,-21.416780472527225,NA,1.226366366213809,NA,1.226253360999328,NA,1.012563203952425,NA,1.0121097739492848,NA
9872297,80,n i m ø h,5,-17.836768146508483,NA,-23.90398304309107,NA,-23.591272132676064,NA,1.1712000775717255,NA,1.171182741587048,NA,1.0073974584829106,NA,1.0072250641442173,NA
9872297,27,v ɯ ʒ o ʒ,5,-24.09804256484363,NA,-Inf,NA,-26.60448713952874,NA,1.094757980140496,NA,1.0948759012986842,NA,1.0004664281367202,NA,1.0006578633208734,NA
9872297,100,m y d͡ʒ y z,5,-19.055770045147348,NA,-15.489145500909974,NA,-15.51914804312365,NA,1.2205470790782769,NA,1.2204412615879323,NA,1.0297516825712627,NA,1.028399004052331,NA
9872297,31,b u m y ʒ,5,-20.634597061276835,NA,-17.453026450842174,NA,-17.43947379466699,NA,1.203816110471337,NA,1.2037447179670484,NA,1.013503908131295,NA,1.0130055541759393,NA
9872297,20,f u ʒ u ʒ,5,-24.131491850813127,NA,-24.668253654298645,NA,-24.46144519601823,NA,1.1352955974923469,NA,1.135341466415286,NA,1.000975915064953,NA,1.0011424929957409,NA
9872297,32,n u c e c,5,-22.224521947118312,NA,-Inf,NA,-30.235545793839655,NA,1.1941705486603285,NA,1.1941090729768065,NA,1.001356524171781,NA,1.0014965839651273,NA
9872297,24,ɟ ø ʒ a ʒ,5,-27.45584167623776,NA,-Inf,NA,-28.658578991412625,NA,1.2132638879125943,NA,1.2131615198695442,NA,1.0012877520658865,NA,1.001425904834909,NA
9872297,24,b u ʒ i z,5,-20.2946910095022,NA,-18.014965986359083,NA,-17.95706711599841,NA,1.2623842333719226,NA,1.262198009872272,NA,1.0123552595503351,NA,1.01187554012336,NA
9872297,27,ɟ i f e ʒ,5,-23.50725783914693,NA,-25.179036508558365,NA,-24.87841662264246,NA,1.2121684741836356,NA,1.2120754128304632,NA,1.0053026957384814,NA,1.0052306294125322,NA
9872297,89,k a m y ɾ,5,-14.60533667129042,NA,-12.566891947703592,NA,-12.592572980919178,NA,1.5244462014259983,NA,1.5237936084044486,NA,1.062697489208468,NA,1.0595720312963168,NA
9872297,20,g o ɟ e ʒ,5,-24.70734295733524,NA,-Inf,NA,-24.892441184593736,NA,1.206949659858697,NA,1.2068658496110196,NA,1.0013992346140868,NA,1.0015409476057728,NA
9872297,100,t ø l e ɾ,5,-18.092071394057463,NA,-Inf,NA,-23.47218345961383,NA,1.2904993682381145,NA,1.29024438545329,NA,1.015354289300933,NA,1.0146192543931714,NA
9872297,63,d͡ʒ o t͡ʃ u ʒ,5,-22.25933783885341,NA,-25.407920618685885,NA,-25.226670777169343,NA,1.1389450473591287,NA,1.1389844721552644,NA,1.001545014340632,NA,1.0016802565901464,NA
9872297,33,n i l e s,5,-16.331548266468857,NA,-22.702137034627185,NA,-22.335041029784072,NA,1.2559429323718037,NA,1.2557640746194505,NA,1.0105370402756846,NA,1.01014499607184,NA
9872297,44,v ɯ c i c,5,-23.489154875537356,NA,-Inf,NA,-31.50043512796986,NA,1.1869854330618432,NA,1.186935765181287,NA,1.000596848743176,NA,1.0007801201825397,NA
9872297,13,ɫ o t͡ʃ a v,5,-17.38102037177355,NA,-22.221171339417307,NA,-22.17471603733289,NA,1.2912051431600686,NA,1.2909639988175745,NA,1.0104683496161708,NA,1.010075153889148,NA
9872297,20,ɟ i ʒ a ʒ,5,-25.070573459054387,NA,-28.408200172943992,NA,-28.11389151899236,NA,1.2792842518640677,NA,1.2790676617380563,NA,1.001614798833574,NA,1.0017356621916462,NA
9872297,60,n ø m ø h,5,-20.22203636369186,NA,-27.127441990238378,NA,-26.772419935381528,NA,1.1051797136202524,NA,1.1052765997185356,NA,1.001638791460164,NA,1.00176987702246,NA
9872297,31,d͡ʒ a m a ʒ,5,-17.752742677818908,NA,-17.085266867347194,NA,-17.226367434005237,NA,1.5259583015742766,NA,1.5253144134357843,NA,1.0324208128726595,NA,1.0308841077133883,NA
9872297,59,t e k o n,5,-14.998265880403986,NA,-12.987925813400334,NA,-13.012766174055423,NA,1.404395408692991,NA,1.4039515023966052,NA,1.0462338914653162,NA,1.043960708572914,NA
9872297,100,f ɯ d y c,5,-21.761233097918407,NA,-23.891747181935735,NA,-23.686632689099905,NA,1.1325830509681372,NA,1.1326353404889125,NA,1.0056072670834837,NA,1.0055261372591189,NA
9872297,33,d͡ʒ o ʒ o ʒ,5,-24.480705050348092,NA,-23.65144193577017,NA,-23.604853465371203,NA,1.1063477027090305,NA,1.1064455731324747,NA,1.0009007487476005,NA,1.0010693101437411,NA
9872297,9,b a ʒ i n,5,-17.80349425450386,NA,-14.791020439297638,NA,-14.925564091251209,NA,1.5193623891917725,NA,1.518711994390168,NA,1.0328627171294904,NA,1.0312294576154004,NA
9872297,71,t ø ɾ i n,5,-16.410405147059684,NA,-14.831918462189485,NA,-14.86886634674382,NA,1.4208089522804974,NA,1.420327529748208,NA,1.0291017054180784,NA,1.0276334200937636,NA
9872297,12,b e ʒ y z,5,-20.38453775562813,NA,-17.968651889022336,NA,-17.963773735189676,NA,1.2791360964148726,NA,1.278929028131013,NA,1.0135348320226718,NA,1.0130354616378874,NA
9872297,21,ɫ a ʒ ɯ ʒ,5,-21.057393014683385,NA,-Inf,NA,-26.41048458696313,NA,1.3326568898923266,NA,1.3323604104033762,NA,1.0026538128249567,NA,1.0027322776999663,NA
9872297,77,b a j o p,5,-17.147287610817873,NA,-14.064023784516072,NA,-14.101916418410518,NA,1.4125267904421874,NA,1.4120889097497351,NA,1.0381955836146763,NA,1.0363910290645393,NA
9872297,91,g u m y z,5,-18.91676624227809,NA,-15.093972479028997,NA,-15.137149639038482,NA,1.1894469643775232,NA,1.189394504817783,NA,1.0080570007044969,NA,1.0078402676416895,NA
9872297,26,g ɯ ʒ ɯ f,5,-21.788275067767113,NA,-Inf,NA,-25.430059507970466,NA,1.155577346931862,NA,1.155582793730333,NA,1.0034694890371534,NA,1.0034952632757648,NA
9872297,33,b u j o ʒ,5,-21.05836231257191,NA,-17.548890057056813,NA,-17.6640692648367,NA,1.1951964989849069,NA,1.19514022750294,NA,1.009795703059727,NA,1.0094933961448156,NA
9872297,99,c e d͡ʒ e t͡ʃ,5,-20.132543384729967,NA,-Inf,NA,-23.078955930544776,NA,1.3025086740061806,NA,1.30225682196575,NA,1.007703124650714,NA,1.0074974497629463,NA
9872297,100,ɟ ø ɟ y ʃ,5,-28.382025596923334,NA,-Inf,NA,-27.273964274617327,NA,1.06451562774906,NA,1.064678843072776,NA,1.0016113280727483,NA,1.001729331617179,NA
9872297,100,j a c ø t͡ʃ,5,-21.596104374841666,NA,-Inf,NA,-22.599644393527782,NA,1.31698528948836,NA,1.316717900772158,NA,1.0178198509358245,NA,1.0171013441808128,NA
9872297,12,g ɯ ɟ ø ʒ,5,-26.888884788763463,NA,-Inf,NA,-25.491689893774726,NA,1.0923427028145285,NA,1.0924665333420214,NA,1.0025458422833493,NA,1.0026299630393898,NA
9872297,100,b e d͡ʒ y z,5,-18.322376643949248,NA,-15.50382960677507,NA,-15.540572147404909,NA,1.291454857997779,NA,1.2912263401344954,NA,1.017144724013624,NA,1.0164538694214755,NA
9872297,28,l y l e j,5,-19.772550808587734,NA,-Inf,NA,-29.111148377195256,NA,1.2167590941862367,NA,1.2166514635372478,NA,1.0045229064430488,NA,1.0044630064259272,NA
9872297,25,ɟ e g u j,5,-21.813613758746683,NA,-Inf,NA,-27.77270366778515,NA,1.2429834228927066,NA,1.2428362044265289,NA,1.0016771227161092,NA,1.0018008835043444,NA
9872297,100,m e t e ɾ,5,-13.722605695771906,NA,-12.003654907782868,NA,-12.023346713937531,NA,1.5195622914746405,NA,1.518910401773783,NA,1.0525880770319855,NA,1.0498613480187184,NA
9872297,14,b e ʒ i l,5,-20.157665035921532,NA,-17.87290940676915,NA,-18.003973266743422,NA,1.3606430151485247,NA,1.3602899179920174,NA,1.0147080117893146,NA,1.0141386071612013,NA
9872297,65,b e t͡ʃ ø z,5,-19.558563039794212,NA,-16.45022001700887,NA,-16.488509727521837,NA,1.2699076960082727,NA,1.2697183110910075,NA,1.015705436550192,NA,1.0150951236806631,NA
9872297,20,l i ʒ u v,5,-21.791901518688565,NA,-27.90170599209823,NA,-27.610340559309456,NA,1.1474829849634645,NA,1.1475039403773133,NA,1.0007835188902832,NA,1.000955566256444,NA
9872297,100,g ɯ d͡ʒ ɯ ʃ,5,-19.48982961121296,NA,-15.852311354959165,NA,-15.901866630957937,NA,1.1748084006569268,NA,1.1747780038271325,NA,1.0097080569984351,NA,1.0093543709655342,NA
9872297,68,n i m ɯ h,5,-16.125521349527286,NA,-21.514654728099533,NA,-21.48267679386988,NA,1.221402368300542,NA,1.2212936567795851,NA,1.008105939127622,NA,1.0078930238188846,NA
9872297,11,l i ʒ o h,5,-21.63837167405498,NA,-29.2969489690406,NA,-28.811359959835062,NA,1.1271576108556265,NA,1.1272152878236117,NA,1.0003270467676877,NA,1.0005276672406118,NA
9872297,32,f u c e c,5,-23.511463576787175,NA,-Inf,NA,-29.336731806601904,NA,1.199259331683282,NA,1.1991890556832483,NA,1.0015190025080027,NA,1.0016505248518268,NA
9872658,89,n ɯ c e c,5,-22.009654976643485,NA,-Inf,NA,-30.90854985906133,NA,1.183230340688058,NA,1.18318779269999,NA,1.0009770597047227,NA,1.0011370759656055,NA
9872658,50,h a j o ʒ,5,-19.70425756699943,NA,-16.051747969710995,NA,-16.174734890728512,NA,1.375285896549857,NA,1.374918035761362,NA,1.0416275407035844,NA,1.0396478965275615,NA
9872658,52,d͡ʒ a m a ʒ,5,-17.752742677818908,NA,-17.085266867347194,NA,-17.226367434005237,NA,1.5259583015742766,NA,1.5253144134357843,NA,1.0324208128726595,NA,1.0308841077133883,NA
9872658,13,n ɯ c y c,5,-23.384060766098123,NA,-Inf,NA,-30.852354594073574,NA,1.099749800486337,NA,1.0998591993321496,NA,1.0003901669756716,NA,1.0005869200881068,NA
9872658,51,n ɯ g u v,5,-18.672938523470744,NA,-24.97225112201225,NA,-24.798231194095607,NA,1.1366324521867113,NA,1.1366721183407424,NA,1.0015222117456346,NA,1.001653631447348,NA
9872658,50,ɟ i ɟ y c,5,-28.50437427410517,NA,-34.16680202918272,NA,-32.967862578483974,NA,1.110255587396653,NA,1.110346812233538,NA,1.000231209196349,NA,1.000436132364972,NA
9872658,53,v ɯ ʒ o h,5,-21.714556093501535,NA,-Inf,NA,-27.904550653039433,NA,1.1066262553279758,NA,1.1067194621758885,NA,1.0002707972270364,NA,1.000474478028374,NA
9872658,52,f u ʒ ɯ ʒ,5,-23.9166248803383,NA,-Inf,NA,-28.2987368958237,NA,1.1450967257617637,NA,1.1451247551929438,NA,1.000975915064953,NA,1.0011424929957409,NA
9872658,13,l ø ʒ u v,5,-24.17716973587194,NA,-Inf,NA,-28.848175212289668,NA,1.0814626210119913,NA,1.0815977985088008,NA,1.0004564721225957,NA,1.0006458088997068,NA
9872658,51,v ɯ ʒ o ʒ,5,-24.09804256484363,NA,-Inf,NA,-26.60448713952874,NA,1.094757980140496,NA,1.0948759012986842,NA,1.0004664281367202,NA,1.0006578633208734,NA
9872658,90,m y k u ɾ,5,-16.16672959638731,NA,-13.647288442981042,NA,-13.67480354663754,NA,1.3486959861244403,NA,1.348345503504382,NA,1.040908137079269,NA,1.0388933343742264,NA
9872658,87,k a m y ɾ,5,-14.60533667129042,NA,-12.566891947703592,NA,-12.592572980919178,NA,1.5244462014259983,NA,1.5237936084044486,NA,1.062697489208468,NA,1.0595720312963168,NA
9872658,51,g ɯ d͡ʒ ɯ ʃ,5,-19.48982961121296,NA,-15.852311354959165,NA,-15.901866630957937,NA,1.1748084006569268,NA,1.1747780038271325,NA,1.0097080569984351,NA,1.0093543709655342,NA
9872658,51,m e t e ɾ,5,-13.722605695771906,NA,-12.003654907782868,NA,-12.023346713937531,NA,1.5195622914746405,NA,1.518910401773783,NA,1.0525880770319855,NA,1.0498613480187184,NA
9872658,93,l i ʒ u v,5,-21.791901518688565,NA,-27.90170599209823,NA,-27.610340559309456,NA,1.1474829849634645,NA,1.1475039403773133,NA,1.0007835188902832,NA,1.000955566256444,NA
9872658,11,k ɯ ɟ e h,5,-20.35414713041565,NA,-Inf,NA,-22.976968237654425,NA,1.283235141884312,NA,1.2830152250357565,NA,1.015169372438029,NA,1.0145770800961191,NA
9872658,89,ɟ e g u j,5,-21.813613758746683,NA,-Inf,NA,-27.77270366778515,NA,1.2429834228927066,NA,1.2428362044265289,NA,1.0016771227161092,NA,1.0018008835043444,NA
9872658,52,n ø m ø h,5,-20.22203636369186,NA,-27.127441990238378,NA,-26.772419935381528,NA,1.1051797136202524,NA,1.1052765997185356,NA,1.001638791460164,NA,1.00176987702246,NA
9872658,53,ɟ i f e ʒ,5,-23.50725783914693,NA,-25.179036508558365,NA,-24.87841662264246,NA,1.2121684741836356,NA,1.2120754128304632,NA,1.0053026957384814,NA,1.0052306294125322,NA
9872658,88,g u m y z,5,-18.91676624227809,NA,-15.093972479028997,NA,-15.137149639038482,NA,1.1894469643775232,NA,1.189394504817783,NA,1.0080570007044969,NA,1.0078402676416895,NA
9872658,51,g o d͡ʒ ɯ z,5,-19.770537868401828,NA,-17.17904521923025,NA,-17.19916861874007,NA,1.1826737683633608,NA,1.1826307514407104,NA,1.0041826517558374,NA,1.004164363663955,NA
9872658,87,b u m y ʒ,5,-20.634597061276835,NA,-17.453026450842174,NA,-17.43947379466699,NA,1.203816110471337,NA,1.2037447179670484,NA,1.013503908131295,NA,1.0130055541759393,NA
9872658,94,b e t͡ʃ ø z,5,-19.558563039794212,NA,-16.45022001700887,NA,-16.488509727521837,NA,1.2699076960082727,NA,1.2697183110910075,NA,1.015705436550192,NA,1.0150951236806631,NA
9872658,11,l ø ʒ ɯ v,5,-23.962302765397112,NA,-Inf,NA,-31.445776025167124,NA,1.0912637492814083,NA,1.0913810872864589,NA,1.000065210303228,NA,1.0002790383147078,NA
9872658,10,j a c ø t͡ʃ,5,-21.596104374841666,NA,-Inf,NA,-22.599644393527782,NA,1.31698528948836,NA,1.316717900772158,NA,1.0178198509358245,NA,1.0171013441808128,NA
9872658,52,ɫ a g u v,5,-17.315515257959518,NA,-22.20438998670757,NA,-22.1942114842724,NA,1.3402216073124982,NA,1.3399090365344333,NA,1.0047777004065963,NA,1.0047377633341297,NA
9872658,52,d͡ʒ o t͡ʃ u ʒ,5,-22.25933783885341,NA,-25.407920618685885,NA,-25.226670777169343,NA,1.1389450473591287,NA,1.1389844721552644,NA,1.001545014340632,NA,1.0016802565901464,NA
9872658,16,m y z a z,5,-16.873733531508663,NA,-13.8813816786833,NA,-13.92028821240666,NA,1.414095539116758,NA,1.4136394572206412,NA,1.046379285868822,NA,1.044078620549693,NA
9872658,92,ɟ ø ʒ ɯ ʒ,5,-28.802367630859823,NA,-Inf,NA,-33.852506245096116,NA,1.0750793759745922,NA,1.075228524021754,NA,1,1,1.0002179098838746,1
9872658,89,t e k o n,5,-14.998265880403986,NA,-12.987925813400334,NA,-13.012766174055423,NA,1.404395408692991,NA,1.4039515023966052,NA,1.0462338914653162,NA,1.043960708572914,NA
9872658,52,b e ʒ y z,5,-20.38453775562813,NA,-17.968651889022336,NA,-17.963773735189676,NA,1.2791360964148726,NA,1.278929028131013,NA,1.0135348320226718,NA,1.0130354616378874,NA
9872658,96,ɫ o c e j,5,-19.459937199364497,NA,-Inf,NA,-26.8066540964721,NA,1.2048232326919666,NA,1.2047363825587754,NA,1.0060903952169935,NA,1.0059482882890152,NA
9872658,52,d͡ʒ o c y c,5,-25.0483878241706,NA,-Inf,NA,-30.473206137592207,NA,1.1081996356577295,NA,1.108294413751327,NA,1.0006613125519153,NA,1.000843800829829,NA
9872658,52,n u c e c,5,-22.224521947118312,NA,-Inf,NA,-30.235545793839655,NA,1.1941705486603285,NA,1.1941090729768065,NA,1.001356524171781,NA,1.0014965839651273,NA
9872658,88,b e j o p,5,-17.621956818911904,NA,-14.710265369997016,NA,-14.747288468151918,NA,1.318235195988115,NA,1.3179604495421229,NA,1.023964703711502,NA,1.0229099718204642,NA
9872658,52,k o ɾ o n,5,-16.15929758860058,NA,-13.868409821172923,NA,-13.895071028995217,NA,1.4086622883685636,NA,1.408210172854805,NA,1.0325528233779742,NA,1.030997388207983,NA
9872658,89,l i ʒ o h,5,-21.63837167405498,NA,-29.2969489690406,NA,-28.811359959835062,NA,1.1271576108556265,NA,1.1272152878236117,NA,1.0003270467676877,NA,1.0005276672406118,NA
9872658,53,b a j o p,5,-17.147287610817873,NA,-14.064023784516072,NA,-14.101916418410518,NA,1.4125267904421874,NA,1.4120889097497351,NA,1.0381955836146763,NA,1.0363910290645393,NA
9872658,12,b i d͡ʒ ɯ z,5,-18.017662927348493,NA,-14.765156156833983,NA,-14.806093842831208,NA,1.2350324649864008,NA,1.2348988853670513,NA,1.0156682860234614,NA,1.0150462915601737,NA
9872658,88,g a v e n,5,-16.239688851845823,NA,-13.908186943802582,NA,-13.954428963263789,NA,1.5116455492031928,NA,1.51100876623818,NA,1.0347739691193514,NA,1.033012423159234,NA
9872658,52,g ɯ ʒ ɯ f,5,-21.788275067767113,NA,-Inf,NA,-25.430059507970466,NA,1.155577346931862,NA,1.155582793730333,NA,1.0034694890371534,NA,1.0034952632757648,NA
9872658,52,d͡ʒ o ʒ o ʒ,5,-24.480705050348092,NA,-23.65144193577017,NA,-23.604853465371203,NA,1.1063477027090305,NA,1.1064455731324747,NA,1.0009007487476005,NA,1.0010693101437411,NA
9872658,15,ɟ y ʒ ɯ ʒ,5,-27.593669876805233,NA,-Inf,NA,-32.54585594703615,NA,1.1262058924390637,NA,1.1262665863054913,NA,1.0001090155892292,NA,1.0003211623361203,NA
9872658,51,g ɯ ʃ a n,5,-16.88053831059943,NA,-13.952848512019289,NA,-13.993863814055455,NA,1.3804651524522582,NA,1.3800477574614127,NA,1.0360723486113332,NA,1.0341140599250127,NA
9872658,94,ɫ o t i v,5,-16.623572496331185,NA,-21.45944618243926,NA,-21.45667533842388,NA,1.270720527524629,NA,1.2705211729498675,NA,1.0235566532375455,NA,1.0224757433127067,NA
9872658,52,v ø l y j,5,-21.757817351341345,NA,-Inf,NA,-31.916689215783485,NA,1.0935205953372813,NA,1.0936337054213383,NA,1.0001956309096838,NA,1.000401295176374,NA
9872658,53,t ø l e ɾ,5,-18.092071394057463,NA,-Inf,NA,-23.47218345961383,NA,1.2904993682381145,NA,1.29024438545329,NA,1.015354289300933,NA,1.0146192543931714,NA
9872658,53,b u j o ʒ,5,-21.05836231257191,NA,-17.548890057056813,NA,-17.6640692648367,NA,1.1951964989849069,NA,1.19514022750294,NA,1.009795703059727,NA,1.0094933961448156,NA
9872658,53,ɟ y ɟ ø z,5,-28.261172142031192,NA,-Inf,NA,-27.202076859131157,NA,1.0923810950775177,NA,1.0924989300689334,NA,1.0002501387042984,NA,1.0004529214024969,NA
9872658,52,n i l e s,5,-16.331548266468857,NA,-22.702137034627185,NA,-22.335041029784072,NA,1.2559429323718037,NA,1.2557640746194505,NA,1.0105370402756846,NA,1.01014499607184,NA
9872658,14,n i m ɯ h,5,-16.125521349527286,NA,-21.514654728099533,NA,-21.48267679386988,NA,1.221402368300542,NA,1.2212936567795851,NA,1.008105939127622,NA,1.0078930238188846,NA
9872658,20,b e d͡ʒ y z,5,-18.322376643949248,NA,-15.50382960677507,NA,-15.540572147404909,NA,1.291454857997779,NA,1.2912263401344954,NA,1.017144724013624,NA,1.0164538694214755,NA
9872658,85,n u m ø s,5,-18.01717804587876,NA,-23.274555968238037,NA,-23.130003427749006,NA,1.1671298407351371,NA,1.1671135968518798,NA,1.005615073673373,NA,1.005536090751645,NA
9872658,13,t͡ʃ ø j o p,5,-20.761162543399134,NA,-16.85312947192674,NA,-16.895892356598512,NA,1.1297760413577145,NA,1.129827321681991,NA,1.0043570596970908,NA,1.004335423634715,NA
9872658,13,ɟ ø ʒ a ʒ,5,-27.45584167623776,NA,-Inf,NA,-28.658578991412625,NA,1.2132638879125943,NA,1.2131615198695442,NA,1.0012877520658865,NA,1.001425904834909,NA
9872658,51,f u ʒ u ʒ,5,-24.131491850813127,NA,-24.668253654298645,NA,-24.46144519601823,NA,1.1352955974923469,NA,1.135341466415286,NA,1.000975915064953,NA,1.0011424929957409,NA
9872658,13,ɫ o v ø c,5,-22.706813314753763,NA,-Inf,NA,-29.908765850171065,NA,1.1103538449370305,NA,1.1104464091915205,NA,1.0030937070231545,NA,1.0031487260784029,NA
9872658,50,b u j ɯ ʒ,5,-20.656800600490904,NA,-Inf,NA,-21.416780472527225,NA,1.226366366213809,NA,1.226253360999328,NA,1.012563203952425,NA,1.0121097739492848,NA
9872658,85,b a ʒ i n,5,-17.80349425450386,NA,-14.791020439297638,NA,-14.925564091251209,NA,1.5193623891917725,NA,1.518711994390168,NA,1.0328627171294904,NA,1.0312294576154004,NA
9872658,89,v ɯ c i c,5,-23.489154875537356,NA,-Inf,NA,-31.50043512796986,NA,1.1869854330618432,NA,1.186935765181287,NA,1.000596848743176,NA,1.0007801201825397,NA
9872658,93,b ø d͡ʒ o ʒ,5,-23.199615484381773,NA,-22.946734860541916,NA,-22.872071478740505,NA,1.121083185876453,NA,1.121155460851373,NA,1.0015584369695272,NA,1.0016920324034493,NA
9872658,87,l i v o h,5,-19.595109788952644,NA,-27.49272636985236,NA,-27.15263118582112,NA,1.1574639446613604,NA,1.1574688518675773,NA,1.0022967539016463,NA,1.0023928574967222,NA
9872658,52,t ø ɾ i n,5,-16.410405147059684,NA,-14.831918462189485,NA,-14.86886634674382,NA,1.4208089522804974,NA,1.420327529748208,NA,1.0291017054180784,NA,1.0276334200937636,NA
9872658,10,n y n o s,5,-16.90203561488304,NA,-20.70390771506508,NA,-20.701328454444155,NA,1.2163205673403334,NA,1.2162172370270818,NA,1.00936206536363,NA,1.0090732790913943,NA
9872658,52,l y l y c,5,-24.087338776513203,NA,-Inf,NA,-33.35849160319946,NA,1.1135850424096871,NA,1.1136703680544862,NA,1.000610288249374,NA,1.0007953005759365,NA
9872658,52,n u ʒ o h,5,-20.647758491408347,NA,-26.42840069407047,NA,-26.092665911065804,NA,1.120706350697388,NA,1.120775199867318,NA,1.0008134367287314,NA,1.0009885521090411,NA
9872658,12,g o ɟ e ʒ,5,-24.70734295733524,NA,-Inf,NA,-24.892441184593736,NA,1.206949659858697,NA,1.2068658496110196,NA,1.0013992346140868,NA,1.0015409476057728,NA
9872658,51,l y l e j,5,-19.772550808587734,NA,-Inf,NA,-29.111148377195256,NA,1.2167590941862367,NA,1.2166514635372478,NA,1.0045229064430488,NA,1.0044630064259272,NA
9872658,87,b o ʒ y z,5,-21.657956214237167,NA,-17.8013111360532,NA,-17.796202222359895,NA,1.1717379161722383,NA,1.1717166578887983,NA,1.0080619412428775,NA,1.0078502843412198,NA
9872658,14,f u c e c,5,-23.511463576787175,NA,-Inf,NA,-29.336731806601904,NA,1.199259331683282,NA,1.1991890556832483,NA,1.0015190025080027,NA,1.0016505248518268,NA
9872658,51,ɫ a ʒ ɯ ʒ,5,-21.057393014683385,NA,-Inf,NA,-26.41048458696313,NA,1.3326568898923266,NA,1.3323604104033762,NA,1.0026538128249567,NA,1.0027322776999663,NA
9872658,98,b e ʒ ɯ z,5,-19.881988712701524,NA,-20.15074841057007,NA,-19.602322161163336,NA,1.3088813810464754,NA,1.308620171979486,NA,1.014317355661407,NA,1.0137690028078854,NA
9872658,14,m y ɾ ɯ ɾ,5,-15.856481481342133,NA,-12.944319591547218,NA,-12.972778988107237,NA,1.435298597005871,NA,1.434796547206406,NA,1.053819451965324,NA,1.0510915726346128,NA
9872658,53,b i f i z,5,-17.367817790823707,NA,-14.539143873848408,NA,-14.5814801904761,NA,1.3006774174319915,NA,1.300424750199676,NA,1.0215979149021732,NA,1.0206250474382526,NA
9872658,53,n i m ø h,5,-17.836768146508483,NA,-23.90398304309107,NA,-23.591272132676064,NA,1.1712000775717255,NA,1.171182741587048,NA,1.0073974584829106,NA,1.0072250641442173,NA
9872658,91,l e ʒ a v,5,-20.032673267265825,NA,-26.44332906685423,NA,-26.14940301912727,NA,1.3816363028138647,NA,1.381238823618678,NA,1.0061260075164613,NA,1.0059671413264173,NA
9872658,53,ɫ o h ɯ v,5,-18.378732324942018,NA,-24.946669907437375,NA,-24.8696524175722,NA,1.1710082034448943,NA,1.1709872550102671,NA,1.002896280390419,NA,1.0029605848662049,NA
9872658,6,n e m ɯ v,5,-16.2679106094412,NA,-21.623136884117503,NA,-21.602958834317167,NA,1.3065266810918763,NA,1.3062710632304733,NA,1.0163019738273251,NA,1.015657700859542,NA
9872658,52,ɫ o t͡ʃ a v,5,-17.38102037177355,NA,-22.221171339417307,NA,-22.17471603733289,NA,1.2912051431600686,NA,1.2909639988175745,NA,1.0104683496161708,NA,1.010075153889148,NA
9872658,52,m y d͡ʒ y z,5,-19.055770045147348,NA,-15.489145500909974,NA,-15.51914804312365,NA,1.2205470790782769,NA,1.2204412615879323,NA,1.0297516825712627,NA,1.028399004052331,NA
9872658,53,v ø l e c,5,-23.323793740357537,NA,-Inf,NA,-33.17836619636902,NA,1.1573076239641735,NA,1.1573097966742572,NA,1.000652103032279,NA,1.0008291941922065,NA
9872658,13,f ɯ d y c,5,-21.761233097918407,NA,-23.891747181935735,NA,-23.686632689099905,NA,1.1325830509681372,NA,1.1326353404889125,NA,1.0056072670834837,NA,1.0055261372591189,NA
9872658,51,v i ɟ y ʒ,5,-24.876386571500724,NA,-25.881186525811604,NA,-25.267184291001364,NA,1.12770092152038,NA,1.1277617239351925,NA,1.0024086378704609,NA,1.0024984923228988,NA
9872658,14,b u ʒ i z,5,-20.2946910095022,NA,-18.014965986359083,NA,-17.95706711599841,NA,1.2623842333719226,NA,1.262198009872272,NA,1.0123552595503351,NA,1.01187554012336,NA
9872658,52,ɫ a m ɯ j,5,-15.11857151857796,NA,-20.33622952955124,NA,-20.330363342345912,NA,1.4001995331332835,NA,1.3997789734141448,NA,1.017897430130006,NA,1.0171616356786684,NA
9872658,53,c e d͡ʒ e t͡ʃ,5,-20.132543384729967,NA,-Inf,NA,-23.078955930544776,NA,1.3025086740061806,NA,1.30225682196575,NA,1.007703124650714,NA,1.0074974497629463,NA
9872658,52,m y ʒ i l,5,-20.891058437119632,NA,-18.275024894086325,NA,-18.26894174408407,NA,1.2897352362290226,NA,1.2895048394454542,NA,1.0287321730069334,NA,1.0274260236712516,NA
9872658,52,ɟ ø ɟ y ʃ,5,-28.382025596923334,NA,-Inf,NA,-27.273964274617327,NA,1.06451562774906,NA,1.064678843072776,NA,1.0016113280727483,NA,1.001729331617179,NA
9872658,52,n u g a v,5,-17.32641256884868,NA,-22.17862386284786,NA,-22.142492609172585,NA,1.295558300366401,NA,1.2953096832430069,NA,1.0097861339305134,NA,1.0094276480806197,NA
9872658,88,m y p o ʒ,5,-21.062384677092385,NA,-17.12481314942236,NA,-17.238674158015545,NA,1.217353092070428,NA,1.2172586661563085,NA,1.030554594624349,NA,1.0291606916538274,NA
9872658,51,m y z e l,5,-18.29810048302488,NA,-15.36637665199515,NA,-15.417853706543786,NA,1.320777681509878,NA,1.3204937774894725,NA,1.0382974481087792,NA,1.0364788587481613,NA
9872658,13,ɫ a l e ɾ,5,-15.163099753645444,NA,-19.935814013412394,NA,-19.576163843490317,NA,1.474127120354203,NA,1.473554395483853,NA,1.0201936391485853,NA,1.0192033602125234,NA
9872658,52,b e ʒ i l,5,-20.157665035921532,NA,-17.87290940676915,NA,-18.003973266743422,NA,1.3606430151485247,NA,1.3602899179920174,NA,1.0147080117893146,NA,1.0141386071612013,NA
9872658,83,g ɯ ɟ ø ʒ,5,-26.888884788763463,NA,-Inf,NA,-25.491689893774726,NA,1.0923427028145285,NA,1.0924665333420214,NA,1.0025458422833493,NA,1.0026299630393898,NA
9872658,12,ɟ i ʒ a ʒ,5,-25.070573459054387,NA,-28.408200172943992,NA,-28.11389151899236,NA,1.2792842518640677,NA,1.2790676617380563,NA,1.001614798833574,NA,1.0017356621916462,NA
9872658,12,g a m y z,5,-17.355373317181197,NA,-14.240338449458276,NA,-14.287440891901769,NA,1.3908659418471938,NA,1.390465006547887,NA,1.0224670797058462,NA,1.02149027043917,NA
9872771,47,ɟ ø ʒ a ʒ,5,-27.45584167623776,NA,-Inf,NA,-28.658578991412625,NA,1.2132638879125943,NA,1.2131615198695442,NA,1.0012877520658865,NA,1.001425904834909,NA
9872771,47,b i d͡ʒ ɯ z,5,-18.017662927348493,NA,-14.765156156833983,NA,-14.806093842831208,NA,1.2350324649864008,NA,1.2348988853670513,NA,1.0156682860234614,NA,1.0150462915601737,NA
9872771,53,g ɯ ʃ a n,5,-16.88053831059943,NA,-13.952848512019289,NA,-13.993863814055455,NA,1.3804651524522582,NA,1.3800477574614127,NA,1.0360723486113332,NA,1.0341140599250127,NA
9872771,51,j a c ø t͡ʃ,5,-21.596104374841666,NA,-Inf,NA,-22.599644393527782,NA,1.31698528948836,NA,1.316717900772158,NA,1.0178198509358245,NA,1.0171013441808128,NA
9872771,30,n u m ø s,5,-18.01717804587876,NA,-23.274555968238037,NA,-23.130003427749006,NA,1.1671298407351371,NA,1.1671135968518798,NA,1.005615073673373,NA,1.005536090751645,NA
9872771,32,t͡ʃ ø j o p,5,-20.761162543399134,NA,-16.85312947192674,NA,-16.895892356598512,NA,1.1297760413577145,NA,1.129827321681991,NA,1.0043570596970908,NA,1.004335423634715,NA
9872771,36,l ø ʒ ɯ v,5,-23.962302765397112,NA,-Inf,NA,-31.445776025167124,NA,1.0912637492814083,NA,1.0913810872864589,NA,1.000065210303228,NA,1.0002790383147078,NA
9872771,34,m y p o ʒ,5,-21.062384677092385,NA,-17.12481314942236,NA,-17.238674158015545,NA,1.217353092070428,NA,1.2172586661563085,NA,1.030554594624349,NA,1.0291606916538274,NA
9872771,57,g a m y z,5,-17.355373317181197,NA,-14.240338449458276,NA,-14.287440891901769,NA,1.3908659418471938,NA,1.390465006547887,NA,1.0224670797058462,NA,1.02149027043917,NA
9872771,35,n i m ɯ h,5,-16.125521349527286,NA,-21.514654728099533,NA,-21.48267679386988,NA,1.221402368300542,NA,1.2212936567795851,NA,1.008105939127622,NA,1.0078930238188846,NA
9872771,31,ɫ o h ɯ v,5,-18.378732324942018,NA,-24.946669907437375,NA,-24.8696524175722,NA,1.1710082034448943,NA,1.1709872550102671,NA,1.002896280390419,NA,1.0029605848662049,NA
9872771,27,d͡ʒ a m a ʒ,5,-17.752742677818908,NA,-17.085266867347194,NA,-17.226367434005237,NA,1.5259583015742766,NA,1.5253144134357843,NA,1.0324208128726595,NA,1.0308841077133883,NA
9872771,44,k ɯ ɟ e h,5,-20.35414713041565,NA,-Inf,NA,-22.976968237654425,NA,1.283235141884312,NA,1.2830152250357565,NA,1.015169372438029,NA,1.0145770800961191,NA
9872771,61,ɟ ø ɟ y ʃ,5,-28.382025596923334,NA,-Inf,NA,-27.273964274617327,NA,1.06451562774906,NA,1.064678843072776,NA,1.0016113280727483,NA,1.001729331617179,NA
9872771,63,m e t e ɾ,5,-13.722605695771906,NA,-12.003654907782868,NA,-12.023346713937531,NA,1.5195622914746405,NA,1.518910401773783,NA,1.0525880770319855,NA,1.0498613480187184,NA
9872771,56,ɫ o c e j,5,-19.459937199364497,NA,-Inf,NA,-26.8066540964721,NA,1.2048232326919666,NA,1.2047363825587754,NA,1.0060903952169935,NA,1.0059482882890152,NA
9872771,86,m y z e l,5,-18.29810048302488,NA,-15.36637665199515,NA,-15.417853706543786,NA,1.320777681509878,NA,1.3204937774894725,NA,1.0382974481087792,NA,1.0364788587481613,NA
9872771,39,g a v e n,5,-16.239688851845823,NA,-13.908186943802582,NA,-13.954428963263789,NA,1.5116455492031928,NA,1.51100876623818,NA,1.0347739691193514,NA,1.033012423159234,NA
9872771,0,v ɯ ʒ o ʒ,5,-24.09804256484363,NA,-Inf,NA,-26.60448713952874,NA,1.094757980140496,NA,1.0948759012986842,NA,1.0004664281367202,NA,1.0006578633208734,NA
9872771,23,n u ʒ o h,5,-20.647758491408347,NA,-26.42840069407047,NA,-26.092665911065804,NA,1.120706350697388,NA,1.120775199867318,NA,1.0008134367287314,NA,1.0009885521090411,NA
9872771,40,n u c e c,5,-22.224521947118312,NA,-Inf,NA,-30.235545793839655,NA,1.1941705486603285,NA,1.1941090729768065,NA,1.001356524171781,NA,1.0014965839651273,NA
9872771,51,v i ɟ y ʒ,5,-24.876386571500724,NA,-25.881186525811604,NA,-25.267184291001364,NA,1.12770092152038,NA,1.1277617239351925,NA,1.0024086378704609,NA,1.0024984923228988,NA
9872771,38,f u c e c,5,-23.511463576787175,NA,-Inf,NA,-29.336731806601904,NA,1.199259331683282,NA,1.1991890556832483,NA,1.0015190025080027,NA,1.0016505248518268,NA
9872771,77,ɟ y ɟ ø z,5,-28.261172142031192,NA,-Inf,NA,-27.202076859131157,NA,1.0923810950775177,NA,1.0924989300689334,NA,1.0002501387042984,NA,1.0004529214024969,NA
9872771,62,b e d͡ʒ y z,5,-18.322376643949248,NA,-15.50382960677507,NA,-15.540572147404909,NA,1.291454857997779,NA,1.2912263401344954,NA,1.017144724013624,NA,1.0164538694214755,NA
9872771,59,k a m y ɾ,5,-14.60533667129042,NA,-12.566891947703592,NA,-12.592572980919178,NA,1.5244462014259983,NA,1.5237936084044486,NA,1.062697489208468,NA,1.0595720312963168,NA
9872771,44,f ɯ d y c,5,-21.761233097918407,NA,-23.891747181935735,NA,-23.686632689099905,NA,1.1325830509681372,NA,1.1326353404889125,NA,1.0056072670834837,NA,1.0055261372591189,NA
9872771,100,g ɯ d͡ʒ ɯ ʃ,5,-19.48982961121296,NA,-15.852311354959165,NA,-15.901866630957937,NA,1.1748084006569268,NA,1.1747780038271325,NA,1.0097080569984351,NA,1.0093543709655342,NA
9872771,59,g u m y z,5,-18.91676624227809,NA,-15.093972479028997,NA,-15.137149639038482,NA,1.1894469643775232,NA,1.189394504817783,NA,1.0080570007044969,NA,1.0078402676416895,NA
9872771,18,l ø ʒ u v,5,-24.17716973587194,NA,-Inf,NA,-28.848175212289668,NA,1.0814626210119913,NA,1.0815977985088008,NA,1.0004564721225957,NA,1.0006458088997068,NA
9872771,55,b e j o p,5,-17.621956818911904,NA,-14.710265369997016,NA,-14.747288468151918,NA,1.318235195988115,NA,1.3179604495421229,NA,1.023964703711502,NA,1.0229099718204642,NA
9872771,39,b u m y ʒ,5,-20.634597061276835,NA,-17.453026450842174,NA,-17.43947379466699,NA,1.203816110471337,NA,1.2037447179670484,NA,1.013503908131295,NA,1.0130055541759393,NA
9872771,23,b a ʒ i n,5,-17.80349425450386,NA,-14.791020439297638,NA,-14.925564091251209,NA,1.5193623891917725,NA,1.518711994390168,NA,1.0328627171294904,NA,1.0312294576154004,NA
9872771,95,m y d͡ʒ y z,5,-19.055770045147348,NA,-15.489145500909974,NA,-15.51914804312365,NA,1.2205470790782769,NA,1.2204412615879323,NA,1.0297516825712627,NA,1.028399004052331,NA
9872771,58,v ø l y j,5,-21.757817351341345,NA,-Inf,NA,-31.916689215783485,NA,1.0935205953372813,NA,1.0936337054213383,NA,1.0001956309096838,NA,1.000401295176374,NA
9872771,65,m y z a z,5,-16.873733531508663,NA,-13.8813816786833,NA,-13.92028821240666,NA,1.414095539116758,NA,1.4136394572206412,NA,1.046379285868822,NA,1.044078620549693,NA
9872771,52,t ø ɾ i n,5,-16.410405147059684,NA,-14.831918462189485,NA,-14.86886634674382,NA,1.4208089522804974,NA,1.420327529748208,NA,1.0291017054180784,NA,1.0276334200937636,NA
9872771,42,n i m ø h,5,-17.836768146508483,NA,-23.90398304309107,NA,-23.591272132676064,NA,1.1712000775717255,NA,1.171182741587048,NA,1.0073974584829106,NA,1.0072250641442173,NA
9872771,40,ɫ o v ø c,5,-22.706813314753763,NA,-Inf,NA,-29.908765850171065,NA,1.1103538449370305,NA,1.1104464091915205,NA,1.0030937070231545,NA,1.0031487260784029,NA
9872771,51,ɫ a m ɯ j,5,-15.11857151857796,NA,-20.33622952955124,NA,-20.330363342345912,NA,1.4001995331332835,NA,1.3997789734141448,NA,1.017897430130006,NA,1.0171616356786684,NA
9872771,41,b e ʒ y z,5,-20.38453775562813,NA,-17.968651889022336,NA,-17.963773735189676,NA,1.2791360964148726,NA,1.278929028131013,NA,1.0135348320226718,NA,1.0130354616378874,NA
9872771,35,b e t͡ʃ ø z,5,-19.558563039794212,NA,-16.45022001700887,NA,-16.488509727521837,NA,1.2699076960082727,NA,1.2697183110910075,NA,1.015705436550192,NA,1.0150951236806631,NA
9872771,28,l i ʒ o h,5,-21.63837167405498,NA,-29.2969489690406,NA,-28.811359959835062,NA,1.1271576108556265,NA,1.1272152878236117,NA,1.0003270467676877,NA,1.0005276672406118,NA
9872771,50,b u j o ʒ,5,-21.05836231257191,NA,-17.548890057056813,NA,-17.6640692648367,NA,1.1951964989849069,NA,1.19514022750294,NA,1.009795703059727,NA,1.0094933961448156,NA
9872771,61,m y k u ɾ,5,-16.16672959638731,NA,-13.647288442981042,NA,-13.67480354663754,NA,1.3486959861244403,NA,1.348345503504382,NA,1.040908137079269,NA,1.0388933343742264,NA
9872771,59,m y ɾ ɯ ɾ,5,-15.856481481342133,NA,-12.944319591547218,NA,-12.972778988107237,NA,1.435298597005871,NA,1.434796547206406,NA,1.053819451965324,NA,1.0510915726346128,NA
9872771,41,b a j o p,5,-17.147287610817873,NA,-14.064023784516072,NA,-14.101916418410518,NA,1.4125267904421874,NA,1.4120889097497351,NA,1.0381955836146763,NA,1.0363910290645393,NA
9872771,29,v ø l e c,5,-23.323793740357537,NA,-Inf,NA,-33.17836619636902,NA,1.1573076239641735,NA,1.1573097966742572,NA,1.000652103032279,NA,1.0008291941922065,NA
9872771,16,g ɯ ʒ ɯ f,5,-21.788275067767113,NA,-Inf,NA,-25.430059507970466,NA,1.155577346931862,NA,1.155582793730333,NA,1.0034694890371534,NA,1.0034952632757648,NA
9872771,38,b i f i z,5,-17.367817790823707,NA,-14.539143873848408,NA,-14.5814801904761,NA,1.3006774174319915,NA,1.300424750199676,NA,1.0215979149021732,NA,1.0206250474382526,NA
9872771,38,b u ʒ i z,5,-20.2946910095022,NA,-18.014965986359083,NA,-17.95706711599841,NA,1.2623842333719226,NA,1.262198009872272,NA,1.0123552595503351,NA,1.01187554012336,NA
9872771,28,v ɯ ʒ o h,5,-21.714556093501535,NA,-Inf,NA,-27.904550653039433,NA,1.1066262553279758,NA,1.1067194621758885,NA,1.0002707972270364,NA,1.000474478028374,NA
9872771,29,b e ʒ i l,5,-20.157665035921532,NA,-17.87290940676915,NA,-18.003973266743422,NA,1.3606430151485247,NA,1.3602899179920174,NA,1.0147080117893146,NA,1.0141386071612013,NA
9872771,60,k o ɾ o n,5,-16.15929758860058,NA,-13.868409821172923,NA,-13.895071028995217,NA,1.4086622883685636,NA,1.408210172854805,NA,1.0325528233779742,NA,1.030997388207983,NA
9872771,42,n ø m ø h,5,-20.22203636369186,NA,-27.127441990238378,NA,-26.772419935381528,NA,1.1051797136202524,NA,1.1052765997185356,NA,1.001638791460164,NA,1.00176987702246,NA
9872771,31,n y n o s,5,-16.90203561488304,NA,-20.70390771506508,NA,-20.701328454444155,NA,1.2163205673403334,NA,1.2162172370270818,NA,1.00936206536363,NA,1.0090732790913943,NA
9872771,57,n ɯ c e c,5,-22.009654976643485,NA,-Inf,NA,-30.90854985906133,NA,1.183230340688058,NA,1.18318779269999,NA,1.0009770597047227,NA,1.0011370759656055,NA
9872771,67,ɟ i ɟ y c,5,-28.50437427410517,NA,-34.16680202918272,NA,-32.967862578483974,NA,1.110255587396653,NA,1.110346812233538,NA,1.000231209196349,NA,1.000436132364972,NA
9872771,30,ɟ i ʒ a ʒ,5,-25.070573459054387,NA,-28.408200172943992,NA,-28.11389151899236,NA,1.2792842518640677,NA,1.2790676617380563,NA,1.001614798833574,NA,1.0017356621916462,NA
9872771,52,ɟ e g u j,5,-21.813613758746683,NA,-Inf,NA,-27.77270366778515,NA,1.2429834228927066,NA,1.2428362044265289,NA,1.0016771227161092,NA,1.0018008835043444,NA
9872771,43,ɫ o t i v,5,-16.623572496331185,NA,-21.45944618243926,NA,-21.45667533842388,NA,1.270720527524629,NA,1.2705211729498675,NA,1.0235566532375455,NA,1.0224757433127067,NA
9872771,39,n e m ɯ v,5,-16.2679106094412,NA,-21.623136884117503,NA,-21.602958834317167,NA,1.3065266810918763,NA,1.3062710632304733,NA,1.0163019738273251,NA,1.015657700859542,NA
9872771,21,l e ʒ a v,5,-20.032673267265825,NA,-26.44332906685423,NA,-26.14940301912727,NA,1.3816363028138647,NA,1.381238823618678,NA,1.0061260075164613,NA,1.0059671413264173,NA
9872771,52,l i v o h,5,-19.595109788952644,NA,-27.49272636985236,NA,-27.15263118582112,NA,1.1574639446613604,NA,1.1574688518675773,NA,1.0022967539016463,NA,1.0023928574967222,NA
9872771,20,f u ʒ u ʒ,5,-24.131491850813127,NA,-24.668253654298645,NA,-24.46144519601823,NA,1.1352955974923469,NA,1.135341466415286,NA,1.000975915064953,NA,1.0011424929957409,NA
9872771,42,b ø d͡ʒ o ʒ,5,-23.199615484381773,NA,-22.946734860541916,NA,-22.872071478740505,NA,1.121083185876453,NA,1.121155460851373,NA,1.0015584369695272,NA,1.0016920324034493,NA
9872771,36,ɟ y ʒ ɯ ʒ,5,-27.593669876805233,NA,-Inf,NA,-32.54585594703615,NA,1.1262058924390637,NA,1.1262665863054913,NA,1.0001090155892292,NA,1.0003211623361203,NA
9872771,68,l y l e j,5,-19.772550808587734,NA,-Inf,NA,-29.111148377195256,NA,1.2167590941862367,NA,1.2166514635372478,NA,1.0045229064430488,NA,1.0044630064259272,NA
9872771,41,ɟ i f e ʒ,5,-23.50725783914693,NA,-25.179036508558365,NA,-24.87841662264246,NA,1.2121684741836356,NA,1.2120754128304632,NA,1.0053026957384814,NA,1.0052306294125322,NA
9872771,26,b u j ɯ ʒ,5,-20.656800600490904,NA,-Inf,NA,-21.416780472527225,NA,1.226366366213809,NA,1.226253360999328,NA,1.012563203952425,NA,1.0121097739492848,NA
9872771,62,n ɯ c y c,5,-23.384060766098123,NA,-Inf,NA,-30.852354594073574,NA,1.099749800486337,NA,1.0998591993321496,NA,1.0003901669756716,NA,1.0005869200881068,NA
9872771,60,t e k o n,5,-14.998265880403986,NA,-12.987925813400334,NA,-13.012766174055423,NA,1.404395408692991,NA,1.4039515023966052,NA,1.0462338914653162,NA,1.043960708572914,NA
9872771,19,h a j o ʒ,5,-19.70425756699943,NA,-16.051747969710995,NA,-16.174734890728512,NA,1.375285896549857,NA,1.374918035761362,NA,1.0416275407035844,NA,1.0396478965275615,NA
9872771,56,d͡ʒ o c y c,5,-25.0483878241706,NA,-Inf,NA,-30.473206137592207,NA,1.1081996356577295,NA,1.108294413751327,NA,1.0006613125519153,NA,1.000843800829829,NA
9872771,21,d͡ʒ o t͡ʃ u ʒ,5,-22.25933783885341,NA,-25.407920618685885,NA,-25.226670777169343,NA,1.1389450473591287,NA,1.1389844721552644,NA,1.001545014340632,NA,1.0016802565901464,NA
9872771,26,v ɯ c i c,5,-23.489154875537356,NA,-Inf,NA,-31.50043512796986,NA,1.1869854330618432,NA,1.186935765181287,NA,1.000596848743176,NA,1.0007801201825397,NA
9872771,27,g ɯ ɟ ø ʒ,5,-26.888884788763463,NA,-Inf,NA,-25.491689893774726,NA,1.0923427028145285,NA,1.0924665333420214,NA,1.0025458422833493,NA,1.0026299630393898,NA
9872771,59,n ɯ g u v,5,-18.672938523470744,NA,-24.97225112201225,NA,-24.798231194095607,NA,1.1366324521867113,NA,1.1366721183407424,NA,1.0015222117456346,NA,1.001653631447348,NA
9872771,24,t ø l e ɾ,5,-18.092071394057463,NA,-Inf,NA,-23.47218345961383,NA,1.2904993682381145,NA,1.29024438545329,NA,1.015354289300933,NA,1.0146192543931714,NA
9872771,26,f u ʒ ɯ ʒ,5,-23.9166248803383,NA,-Inf,NA,-28.2987368958237,NA,1.1450967257617637,NA,1.1451247551929438,NA,1.000975915064953,NA,1.0011424929957409,NA
9872771,15,ɟ ø ʒ ɯ ʒ,5,-28.802367630859823,NA,-Inf,NA,-33.852506245096116,NA,1.0750793759745922,NA,1.075228524021754,NA,1,1,1.0002179098838746,1
9872771,64,c e d͡ʒ e t͡ʃ,5,-20.132543384729967,NA,-Inf,NA,-23.078955930544776,NA,1.3025086740061806,NA,1.30225682196575,NA,1.007703124650714,NA,1.0074974497629463,NA
9872771,90,l y l y c,5,-24.087338776513203,NA,-Inf,NA,-33.35849160319946,NA,1.1135850424096871,NA,1.1136703680544862,NA,1.000610288249374,NA,1.0007953005759365,NA
9872771,57,n u g a v,5,-17.32641256884868,NA,-22.17862386284786,NA,-22.142492609172585,NA,1.295558300366401,NA,1.2953096832430069,NA,1.0097861339305134,NA,1.0094276480806197,NA
9872771,63,ɫ a l e ɾ,5,-15.163099753645444,NA,-19.935814013412394,NA,-19.576163843490317,NA,1.474127120354203,NA,1.473554395483853,NA,1.0201936391485853,NA,1.0192033602125234,NA
9872771,74,g o d͡ʒ ɯ z,5,-19.770537868401828,NA,-17.17904521923025,NA,-17.19916861874007,NA,1.1826737683633608,NA,1.1826307514407104,NA,1.0041826517558374,NA,1.004164363663955,NA
9872771,66,n i l e s,5,-16.331548266468857,NA,-22.702137034627185,NA,-22.335041029784072,NA,1.2559429323718037,NA,1.2557640746194505,NA,1.0105370402756846,NA,1.01014499607184,NA
9872771,40,ɫ o t͡ʃ a v,5,-17.38102037177355,NA,-22.221171339417307,NA,-22.17471603733289,NA,1.2912051431600686,NA,1.2909639988175745,NA,1.0104683496161708,NA,1.010075153889148,NA
9872771,3,ɫ a ʒ ɯ ʒ,5,-21.057393014683385,NA,-Inf,NA,-26.41048458696313,NA,1.3326568898923266,NA,1.3323604104033762,NA,1.0026538128249567,NA,1.0027322776999663,NA
9872771,9,g o ɟ e ʒ,5,-24.70734295733524,NA,-Inf,NA,-24.892441184593736,NA,1.206949659858697,NA,1.2068658496110196,NA,1.0013992346140868,NA,1.0015409476057728,NA
9872771,21,b o ʒ y z,5,-21.657956214237167,NA,-17.8013111360532,NA,-17.796202222359895,NA,1.1717379161722383,NA,1.1717166578887983,NA,1.0080619412428775,NA,1.0078502843412198,NA
9872771,64,ɫ a g u v,5,-17.315515257959518,NA,-22.20438998670757,NA,-22.1942114842724,NA,1.3402216073124982,NA,1.3399090365344333,NA,1.0047777004065963,NA,1.0047377633341297,NA
9872771,51,m y ʒ i l,5,-20.891058437119632,NA,-18.275024894086325,NA,-18.26894174408407,NA,1.2897352362290226,NA,1.2895048394454542,NA,1.0287321730069334,NA,1.0274260236712516,NA
9872771,38,l i ʒ u v,5,-21.791901518688565,NA,-27.90170599209823,NA,-27.610340559309456,NA,1.1474829849634645,NA,1.1475039403773133,NA,1.0007835188902832,NA,1.000955566256444,NA
9872771,47,b e ʒ ɯ z,5,-19.881988712701524,NA,-20.15074841057007,NA,-19.602322161163336,NA,1.3088813810464754,NA,1.308620171979486,NA,1.014317355661407,NA,1.0137690028078854,NA
9872771,25,d͡ʒ o ʒ o ʒ,5,-24.480705050348092,NA,-23.65144193577017,NA,-23.604853465371203,NA,1.1063477027090305,NA,1.1064455731324747,NA,1.0009007487476005,NA,1.0010693101437411,NA
9872792,43,b ø d͡ʒ o ʒ,5,-23.199615484381773,NA,-22.946734860541916,NA,-22.872071478740505,NA,1.121083185876453,NA,1.121155460851373,NA,1.0015584369695272,NA,1.0016920324034493,NA
9872792,45,d͡ʒ a m a ʒ,5,-17.752742677818908,NA,-17.085266867347194,NA,-17.226367434005237,NA,1.5259583015742766,NA,1.5253144134357843,NA,1.0324208128726595,NA,1.0308841077133883,NA
9872792,57,g a m y z,5,-17.355373317181197,NA,-14.240338449458276,NA,-14.287440891901769,NA,1.3908659418471938,NA,1.390465006547887,NA,1.0224670797058462,NA,1.02149027043917,NA
9872792,36,n u ʒ o h,5,-20.647758491408347,NA,-26.42840069407047,NA,-26.092665911065804,NA,1.120706350697388,NA,1.120775199867318,NA,1.0008134367287314,NA,1.0009885521090411,NA
9872792,36,ɟ y ɟ ø z,5,-28.261172142031192,NA,-Inf,NA,-27.202076859131157,NA,1.0923810950775177,NA,1.0924989300689334,NA,1.0002501387042984,NA,1.0004529214024969,NA
9872792,56,f u c e c,5,-23.511463576787175,NA,-Inf,NA,-29.336731806601904,NA,1.199259331683282,NA,1.1991890556832483,NA,1.0015190025080027,NA,1.0016505248518268,NA
9872792,37,l e ʒ a v,5,-20.032673267265825,NA,-26.44332906685423,NA,-26.14940301912727,NA,1.3816363028138647,NA,1.381238823618678,NA,1.0061260075164613,NA,1.0059671413264173,NA
9872792,9,f u ʒ ɯ ʒ,5,-23.9166248803383,NA,-Inf,NA,-28.2987368958237,NA,1.1450967257617637,NA,1.1451247551929438,NA,1.000975915064953,NA,1.0011424929957409,NA
9872792,54,b e t͡ʃ ø z,5,-19.558563039794212,NA,-16.45022001700887,NA,-16.488509727521837,NA,1.2699076960082727,NA,1.2697183110910075,NA,1.015705436550192,NA,1.0150951236806631,NA
9872792,23,ɟ i ɟ y c,5,-28.50437427410517,NA,-34.16680202918272,NA,-32.967862578483974,NA,1.110255587396653,NA,1.110346812233538,NA,1.000231209196349,NA,1.000436132364972,NA
9872792,62,b e j o p,5,-17.621956818911904,NA,-14.710265369997016,NA,-14.747288468151918,NA,1.318235195988115,NA,1.3179604495421229,NA,1.023964703711502,NA,1.0229099718204642,NA
9872792,41,h a j o ʒ,5,-19.70425756699943,NA,-16.051747969710995,NA,-16.174734890728512,NA,1.375285896549857,NA,1.374918035761362,NA,1.0416275407035844,NA,1.0396478965275615,NA
9872792,70,b e d͡ʒ y z,5,-18.322376643949248,NA,-15.50382960677507,NA,-15.540572147404909,NA,1.291454857997779,NA,1.2912263401344954,NA,1.017144724013624,NA,1.0164538694214755,NA
9872792,8,v i ɟ y ʒ,5,-24.876386571500724,NA,-25.881186525811604,NA,-25.267184291001364,NA,1.12770092152038,NA,1.1277617239351925,NA,1.0024086378704609,NA,1.0024984923228988,NA
9872792,8,ɫ a ʒ ɯ ʒ,5,-21.057393014683385,NA,-Inf,NA,-26.41048458696313,NA,1.3326568898923266,NA,1.3323604104033762,NA,1.0026538128249567,NA,1.0027322776999663,NA
9872792,9,ɟ ø ʒ ɯ ʒ,5,-28.802367630859823,NA,-Inf,NA,-33.852506245096116,NA,1.0750793759745922,NA,1.075228524021754,NA,1,1,1.0002179098838746,1
9872792,70,ɫ o t i v,5,-16.623572496331185,NA,-21.45944618243926,NA,-21.45667533842388,NA,1.270720527524629,NA,1.2705211729498675,NA,1.0235566532375455,NA,1.0224757433127067,NA
9872792,81,g ɯ d͡ʒ ɯ ʃ,5,-19.48982961121296,NA,-15.852311354959165,NA,-15.901866630957937,NA,1.1748084006569268,NA,1.1747780038271325,NA,1.0097080569984351,NA,1.0093543709655342,NA
9872792,45,m y ɾ ɯ ɾ,5,-15.856481481342133,NA,-12.944319591547218,NA,-12.972778988107237,NA,1.435298597005871,NA,1.434796547206406,NA,1.053819451965324,NA,1.0510915726346128,NA
9872792,61,n y n o s,5,-16.90203561488304,NA,-20.70390771506508,NA,-20.701328454444155,NA,1.2163205673403334,NA,1.2162172370270818,NA,1.00936206536363,NA,1.0090732790913943,NA
9872792,55,d͡ʒ o c y c,5,-25.0483878241706,NA,-Inf,NA,-30.473206137592207,NA,1.1081996356577295,NA,1.108294413751327,NA,1.0006613125519153,NA,1.000843800829829,NA
9872792,25,b e ʒ y z,5,-20.38453775562813,NA,-17.968651889022336,NA,-17.963773735189676,NA,1.2791360964148726,NA,1.278929028131013,NA,1.0135348320226718,NA,1.0130354616378874,NA
9872792,34,ɟ i f e ʒ,5,-23.50725783914693,NA,-25.179036508558365,NA,-24.87841662264246,NA,1.2121684741836356,NA,1.2120754128304632,NA,1.0053026957384814,NA,1.0052306294125322,NA
9872792,16,l i ʒ o h,5,-21.63837167405498,NA,-29.2969489690406,NA,-28.811359959835062,NA,1.1271576108556265,NA,1.1272152878236117,NA,1.0003270467676877,NA,1.0005276672406118,NA
9872792,76,b i f i z,5,-17.367817790823707,NA,-14.539143873848408,NA,-14.5814801904761,NA,1.3006774174319915,NA,1.300424750199676,NA,1.0215979149021732,NA,1.0206250474382526,NA
9872792,57,n i m ɯ h,5,-16.125521349527286,NA,-21.514654728099533,NA,-21.48267679386988,NA,1.221402368300542,NA,1.2212936567795851,NA,1.008105939127622,NA,1.0078930238188846,NA
9872792,85,l y l e j,5,-19.772550808587734,NA,-Inf,NA,-29.111148377195256,NA,1.2167590941862367,NA,1.2166514635372478,NA,1.0045229064430488,NA,1.0044630064259272,NA
9872792,47,b e ʒ i l,5,-20.157665035921532,NA,-17.87290940676915,NA,-18.003973266743422,NA,1.3606430151485247,NA,1.3602899179920174,NA,1.0147080117893146,NA,1.0141386071612013,NA
9872792,41,n i m ø h,5,-17.836768146508483,NA,-23.90398304309107,NA,-23.591272132676064,NA,1.1712000775717255,NA,1.171182741587048,NA,1.0073974584829106,NA,1.0072250641442173,NA
9872792,100,t e k o n,5,-14.998265880403986,NA,-12.987925813400334,NA,-13.012766174055423,NA,1.404395408692991,NA,1.4039515023966052,NA,1.0462338914653162,NA,1.043960708572914,NA
9872792,75,m y ʒ i l,5,-20.891058437119632,NA,-18.275024894086325,NA,-18.26894174408407,NA,1.2897352362290226,NA,1.2895048394454542,NA,1.0287321730069334,NA,1.0274260236712516,NA
9872792,79,v ø l e c,5,-23.323793740357537,NA,-Inf,NA,-33.17836619636902,NA,1.1573076239641735,NA,1.1573097966742572,NA,1.000652103032279,NA,1.0008291941922065,NA
9872792,63,ɫ o c e j,5,-19.459937199364497,NA,-Inf,NA,-26.8066540964721,NA,1.2048232326919666,NA,1.2047363825587754,NA,1.0060903952169935,NA,1.0059482882890152,NA
9872792,77,t ø l e ɾ,5,-18.092071394057463,NA,-Inf,NA,-23.47218345961383,NA,1.2904993682381145,NA,1.29024438545329,NA,1.015354289300933,NA,1.0146192543931714,NA
9872792,47,ɫ o h ɯ v,5,-18.378732324942018,NA,-24.946669907437375,NA,-24.8696524175722,NA,1.1710082034448943,NA,1.1709872550102671,NA,1.002896280390419,NA,1.0029605848662049,NA
9872792,38,n ɯ c y c,5,-23.384060766098123,NA,-Inf,NA,-30.852354594073574,NA,1.099749800486337,NA,1.0998591993321496,NA,1.0003901669756716,NA,1.0005869200881068,NA
9872792,18,g ɯ ɟ ø ʒ,5,-26.888884788763463,NA,-Inf,NA,-25.491689893774726,NA,1.0923427028145285,NA,1.0924665333420214,NA,1.0025458422833493,NA,1.0026299630393898,NA
9872792,10,b u j ɯ ʒ,5,-20.656800600490904,NA,-Inf,NA,-21.416780472527225,NA,1.226366366213809,NA,1.226253360999328,NA,1.012563203952425,NA,1.0121097739492848,NA
9872792,61,b a j o p,5,-17.147287610817873,NA,-14.064023784516072,NA,-14.101916418410518,NA,1.4125267904421874,NA,1.4120889097497351,NA,1.0381955836146763,NA,1.0363910290645393,NA
9872792,47,b u ʒ i z,5,-20.2946910095022,NA,-18.014965986359083,NA,-17.95706711599841,NA,1.2623842333719226,NA,1.262198009872272,NA,1.0123552595503351,NA,1.01187554012336,NA
9872792,27,l ø ʒ u v,5,-24.17716973587194,NA,-Inf,NA,-28.848175212289668,NA,1.0814626210119913,NA,1.0815977985088008,NA,1.0004564721225957,NA,1.0006458088997068,NA
9872792,1,v ɯ ʒ o ʒ,5,-24.09804256484363,NA,-Inf,NA,-26.60448713952874,NA,1.094757980140496,NA,1.0948759012986842,NA,1.0004664281367202,NA,1.0006578633208734,NA
9872792,91,m y z e l,5,-18.29810048302488,NA,-15.36637665199515,NA,-15.417853706543786,NA,1.320777681509878,NA,1.3204937774894725,NA,1.0382974481087792,NA,1.0364788587481613,NA
9872792,91,n u c e c,5,-22.224521947118312,NA,-Inf,NA,-30.235545793839655,NA,1.1941705486603285,NA,1.1941090729768065,NA,1.001356524171781,NA,1.0014965839651273,NA
9872792,53,ɟ ø ɟ y ʃ,5,-28.382025596923334,NA,-Inf,NA,-27.273964274617327,NA,1.06451562774906,NA,1.064678843072776,NA,1.0016113280727483,NA,1.001729331617179,NA
9872792,87,t ø ɾ i n,5,-16.410405147059684,NA,-14.831918462189485,NA,-14.86886634674382,NA,1.4208089522804974,NA,1.420327529748208,NA,1.0291017054180784,NA,1.0276334200937636,NA
9872792,63,g u m y z,5,-18.91676624227809,NA,-15.093972479028997,NA,-15.137149639038482,NA,1.1894469643775232,NA,1.189394504817783,NA,1.0080570007044969,NA,1.0078402676416895,NA
9872792,44,m y p o ʒ,5,-21.062384677092385,NA,-17.12481314942236,NA,-17.238674158015545,NA,1.217353092070428,NA,1.2172586661563085,NA,1.030554594624349,NA,1.0291606916538274,NA
9872792,53,ɫ o t͡ʃ a v,5,-17.38102037177355,NA,-22.221171339417307,NA,-22.17471603733289,NA,1.2912051431600686,NA,1.2909639988175745,NA,1.0104683496161708,NA,1.010075153889148,NA
9872792,59,f ɯ d y c,5,-21.761233097918407,NA,-23.891747181935735,NA,-23.686632689099905,NA,1.1325830509681372,NA,1.1326353404889125,NA,1.0056072670834837,NA,1.0055261372591189,NA
9872792,53,ɫ a g u v,5,-17.315515257959518,NA,-22.20438998670757,NA,-22.1942114842724,NA,1.3402216073124982,NA,1.3399090365344333,NA,1.0047777004065963,NA,1.0047377633341297,NA
9872792,30,b u j o ʒ,5,-21.05836231257191,NA,-17.548890057056813,NA,-17.6640692648367,NA,1.1951964989849069,NA,1.19514022750294,NA,1.009795703059727,NA,1.0094933961448156,NA
9872792,88,n i l e s,5,-16.331548266468857,NA,-22.702137034627185,NA,-22.335041029784072,NA,1.2559429323718037,NA,1.2557640746194505,NA,1.0105370402756846,NA,1.01014499607184,NA
9872792,20,b a ʒ i n,5,-17.80349425450386,NA,-14.791020439297638,NA,-14.925564091251209,NA,1.5193623891917725,NA,1.518711994390168,NA,1.0328627171294904,NA,1.0312294576154004,NA
9872792,11,b u m y ʒ,5,-20.634597061276835,NA,-17.453026450842174,NA,-17.43947379466699,NA,1.203816110471337,NA,1.2037447179670484,NA,1.013503908131295,NA,1.0130055541759393,NA
9872792,0,g o ɟ e ʒ,5,-24.70734295733524,NA,-Inf,NA,-24.892441184593736,NA,1.206949659858697,NA,1.2068658496110196,NA,1.0013992346140868,NA,1.0015409476057728,NA
9872792,58,ɫ o v ø c,5,-22.706813314753763,NA,-Inf,NA,-29.908765850171065,NA,1.1103538449370305,NA,1.1104464091915205,NA,1.0030937070231545,NA,1.0031487260784029,NA
9872792,5,ɟ ø ʒ a ʒ,5,-27.45584167623776,NA,-Inf,NA,-28.658578991412625,NA,1.2132638879125943,NA,1.2131615198695442,NA,1.0012877520658865,NA,1.001425904834909,NA
9872792,100,m e t e ɾ,5,-13.722605695771906,NA,-12.003654907782868,NA,-12.023346713937531,NA,1.5195622914746405,NA,1.518910401773783,NA,1.0525880770319855,NA,1.0498613480187184,NA
9872792,63,m y z a z,5,-16.873733531508663,NA,-13.8813816786833,NA,-13.92028821240666,NA,1.414095539116758,NA,1.4136394572206412,NA,1.046379285868822,NA,1.044078620549693,NA
9872792,9,ɟ e g u j,5,-21.813613758746683,NA,-Inf,NA,-27.77270366778515,NA,1.2429834228927066,NA,1.2428362044265289,NA,1.0016771227161092,NA,1.0018008835043444,NA
9872792,31,ɫ a m ɯ j,5,-15.11857151857796,NA,-20.33622952955124,NA,-20.330363342345912,NA,1.4001995331332835,NA,1.3997789734141448,NA,1.017897430130006,NA,1.0171616356786684,NA
9872792,25,b o ʒ y z,5,-21.657956214237167,NA,-17.8013111360532,NA,-17.796202222359895,NA,1.1717379161722383,NA,1.1717166578887983,NA,1.0080619412428775,NA,1.0078502843412198,NA
9872792,23,n ɯ g u v,5,-18.672938523470744,NA,-24.97225112201225,NA,-24.798231194095607,NA,1.1366324521867113,NA,1.1366721183407424,NA,1.0015222117456346,NA,1.001653631447348,NA
9872792,23,ɟ y ʒ ɯ ʒ,5,-27.593669876805233,NA,-Inf,NA,-32.54585594703615,NA,1.1262058924390637,NA,1.1262665863054913,NA,1.0001090155892292,NA,1.0003211623361203,NA
9872792,27,d͡ʒ o ʒ o ʒ,5,-24.480705050348092,NA,-23.65144193577017,NA,-23.604853465371203,NA,1.1063477027090305,NA,1.1064455731324747,NA,1.0009007487476005,NA,1.0010693101437411,NA
9872792,11,l ø ʒ ɯ v,5,-23.962302765397112,NA,-Inf,NA,-31.445776025167124,NA,1.0912637492814083,NA,1.0913810872864589,NA,1.000065210303228,NA,1.0002790383147078,NA
9872792,0,v ɯ ʒ o h,5,-21.714556093501535,NA,-Inf,NA,-27.904550653039433,NA,1.1066262553279758,NA,1.1067194621758885,NA,1.0002707972270364,NA,1.000474478028374,NA
9872792,40,n u m ø s,5,-18.01717804587876,NA,-23.274555968238037,NA,-23.130003427749006,NA,1.1671298407351371,NA,1.1671135968518798,NA,1.005615073673373,NA,1.005536090751645,NA
9872792,0,g ɯ ʒ ɯ f,5,-21.788275067767113,NA,-Inf,NA,-25.430059507970466,NA,1.155577346931862,NA,1.155582793730333,NA,1.0034694890371534,NA,1.0034952632757648,NA
9872792,21,l i ʒ u v,5,-21.791901518688565,NA,-27.90170599209823,NA,-27.610340559309456,NA,1.1474829849634645,NA,1.1475039403773133,NA,1.0007835188902832,NA,1.000955566256444,NA
9872792,54,g o d͡ʒ ɯ z,5,-19.770537868401828,NA,-17.17904521923025,NA,-17.19916861874007,NA,1.1826737683633608,NA,1.1826307514407104,NA,1.0041826517558374,NA,1.004164363663955,NA
9872792,99,l y l y c,5,-24.087338776513203,NA,-Inf,NA,-33.35849160319946,NA,1.1135850424096871,NA,1.1136703680544862,NA,1.000610288249374,NA,1.0007953005759365,NA
9872792,54,v ø l y j,5,-21.757817351341345,NA,-Inf,NA,-31.916689215783485,NA,1.0935205953372813,NA,1.0936337054213383,NA,1.0001956309096838,NA,1.000401295176374,NA
9872792,29,ɟ i ʒ a ʒ,5,-25.070573459054387,NA,-28.408200172943992,NA,-28.11389151899236,NA,1.2792842518640677,NA,1.2790676617380563,NA,1.001614798833574,NA,1.0017356621916462,NA
9872792,100,k o ɾ o n,5,-16.15929758860058,NA,-13.868409821172923,NA,-13.895071028995217,NA,1.4086622883685636,NA,1.408210172854805,NA,1.0325528233779742,NA,1.030997388207983,NA
9872792,43,d͡ʒ o t͡ʃ u ʒ,5,-22.25933783885341,NA,-25.407920618685885,NA,-25.226670777169343,NA,1.1389450473591287,NA,1.1389844721552644,NA,1.001545014340632,NA,1.0016802565901464,NA
9872792,41,k ɯ ɟ e h,5,-20.35414713041565,NA,-Inf,NA,-22.976968237654425,NA,1.283235141884312,NA,1.2830152250357565,NA,1.015169372438029,NA,1.0145770800961191,NA
9872792,44,v ɯ c i c,5,-23.489154875537356,NA,-Inf,NA,-31.50043512796986,NA,1.1869854330618432,NA,1.186935765181287,NA,1.000596848743176,NA,1.0007801201825397,NA
9872792,79,k a m y ɾ,5,-14.60533667129042,NA,-12.566891947703592,NA,-12.592572980919178,NA,1.5244462014259983,NA,1.5237936084044486,NA,1.062697489208468,NA,1.0595720312963168,NA
9872792,35,n e m ɯ v,5,-16.2679106094412,NA,-21.623136884117503,NA,-21.602958834317167,NA,1.3065266810918763,NA,1.3062710632304733,NA,1.0163019738273251,NA,1.015657700859542,NA
9872792,93,g a v e n,5,-16.239688851845823,NA,-13.908186943802582,NA,-13.954428963263789,NA,1.5116455492031928,NA,1.51100876623818,NA,1.0347739691193514,NA,1.033012423159234,NA
9872792,63,m y d͡ʒ y z,5,-19.055770045147348,NA,-15.489145500909974,NA,-15.51914804312365,NA,1.2205470790782769,NA,1.2204412615879323,NA,1.0297516825712627,NA,1.028399004052331,NA
9872792,46,j a c ø t͡ʃ,5,-21.596104374841666,NA,-Inf,NA,-22.599644393527782,NA,1.31698528948836,NA,1.316717900772158,NA,1.0178198509358245,NA,1.0171013441808128,NA
9872792,64,g ɯ ʃ a n,5,-16.88053831059943,NA,-13.952848512019289,NA,-13.993863814055455,NA,1.3804651524522582,NA,1.3800477574614127,NA,1.0360723486113332,NA,1.0341140599250127,NA
9872792,59,n ɯ c e c,5,-22.009654976643485,NA,-Inf,NA,-30.90854985906133,NA,1.183230340688058,NA,1.18318779269999,NA,1.0009770597047227,NA,1.0011370759656055,NA
9872792,82,ɫ a l e ɾ,5,-15.163099753645444,NA,-19.935814013412394,NA,-19.576163843490317,NA,1.474127120354203,NA,1.473554395483853,NA,1.0201936391485853,NA,1.0192033602125234,NA
9872792,5,f u ʒ u ʒ,5,-24.131491850813127,NA,-24.668253654298645,NA,-24.46144519601823,NA,1.1352955974923469,NA,1.135341466415286,NA,1.000975915064953,NA,1.0011424929957409,NA
9872792,33,b e ʒ ɯ z,5,-19.881988712701524,NA,-20.15074841057007,NA,-19.602322161163336,NA,1.3088813810464754,NA,1.308620171979486,NA,1.014317355661407,NA,1.0137690028078854,NA
9872792,48,l i v o h,5,-19.595109788952644,NA,-27.49272636985236,NA,-27.15263118582112,NA,1.1574639446613604,NA,1.1574688518675773,NA,1.0022967539016463,NA,1.0023928574967222,NA
9872792,55,b i d͡ʒ ɯ z,5,-18.017662927348493,NA,-14.765156156833983,NA,-14.806093842831208,NA,1.2350324649864008,NA,1.2348988853670513,NA,1.0156682860234614,NA,1.0150462915601737,NA
9872792,61,c e d͡ʒ e t͡ʃ,5,-20.132543384729967,NA,-Inf,NA,-23.078955930544776,NA,1.3025086740061806,NA,1.30225682196575,NA,1.007703124650714,NA,1.0074974497629463,NA
9872792,69,m y k u ɾ,5,-16.16672959638731,NA,-13.647288442981042,NA,-13.67480354663754,NA,1.3486959861244403,NA,1.348345503504382,NA,1.040908137079269,NA,1.0388933343742264,NA
9872792,47,t͡ʃ ø j o p,5,-20.761162543399134,NA,-16.85312947192674,NA,-16.895892356598512,NA,1.1297760413577145,NA,1.129827321681991,NA,1.0043570596970908,NA,1.004335423634715,NA
9872792,54,n ø m ø h,5,-20.22203636369186,NA,-27.127441990238378,NA,-26.772419935381528,NA,1.1051797136202524,NA,1.1052765997185356,NA,1.001638791460164,NA,1.00176987702246,NA
9872792,42,n u g a v,5,-17.32641256884868,NA,-22.17862386284786,NA,-22.142492609172585,NA,1.295558300366401,NA,1.2953096832430069,NA,1.0097861339305134,NA,1.0094276480806197,NA
9872930,53,m y k u ɾ,5,-16.16672959638731,NA,-13.647288442981042,NA,-13.67480354663754,NA,1.3486959861244403,NA,1.348345503504382,NA,1.040908137079269,NA,1.0388933343742264,NA
9872930,79,c e d͡ʒ e t͡ʃ,5,-20.132543384729967,NA,-Inf,NA,-23.078955930544776,NA,1.3025086740061806,NA,1.30225682196575,NA,1.007703124650714,NA,1.0074974497629463,NA
9872930,99,b e t͡ʃ ø z,5,-19.558563039794212,NA,-16.45022001700887,NA,-16.488509727521837,NA,1.2699076960082727,NA,1.2697183110910075,NA,1.015705436550192,NA,1.0150951236806631,NA
9872930,68,b i f i z,5,-17.367817790823707,NA,-14.539143873848408,NA,-14.5814801904761,NA,1.3006774174319915,NA,1.300424750199676,NA,1.0215979149021732,NA,1.0206250474382526,NA
9872930,67,v ø l y j,5,-21.757817351341345,NA,-Inf,NA,-31.916689215783485,NA,1.0935205953372813,NA,1.0936337054213383,NA,1.0001956309096838,NA,1.000401295176374,NA
9872930,80,ɫ a m ɯ j,5,-15.11857151857796,NA,-20.33622952955124,NA,-20.330363342345912,NA,1.4001995331332835,NA,1.3997789734141448,NA,1.017897430130006,NA,1.0171616356786684,NA
9872930,23,b e ʒ ɯ z,5,-19.881988712701524,NA,-20.15074841057007,NA,-19.602322161163336,NA,1.3088813810464754,NA,1.308620171979486,NA,1.014317355661407,NA,1.0137690028078854,NA
9872930,25,n ɯ c e c,5,-22.009654976643485,NA,-Inf,NA,-30.90854985906133,NA,1.183230340688058,NA,1.18318779269999,NA,1.0009770597047227,NA,1.0011370759656055,NA
9872930,24,b u m y ʒ,5,-20.634597061276835,NA,-17.453026450842174,NA,-17.43947379466699,NA,1.203816110471337,NA,1.2037447179670484,NA,1.013503908131295,NA,1.0130055541759393,NA
9872930,7,ɫ o v ø c,5,-22.706813314753763,NA,-Inf,NA,-29.908765850171065,NA,1.1103538449370305,NA,1.1104464091915205,NA,1.0030937070231545,NA,1.0031487260784029,NA
9872930,73,ɫ a l e ɾ,5,-15.163099753645444,NA,-19.935814013412394,NA,-19.576163843490317,NA,1.474127120354203,NA,1.473554395483853,NA,1.0201936391485853,NA,1.0192033602125234,NA
9872930,22,m y ʒ i l,5,-20.891058437119632,NA,-18.275024894086325,NA,-18.26894174408407,NA,1.2897352362290226,NA,1.2895048394454542,NA,1.0287321730069334,NA,1.0274260236712516,NA
9872930,19,l i v o h,5,-19.595109788952644,NA,-27.49272636985236,NA,-27.15263118582112,NA,1.1574639446613604,NA,1.1574688518675773,NA,1.0022967539016463,NA,1.0023928574967222,NA
9872930,24,ɫ o t͡ʃ a v,5,-17.38102037177355,NA,-22.221171339417307,NA,-22.17471603733289,NA,1.2912051431600686,NA,1.2909639988175745,NA,1.0104683496161708,NA,1.010075153889148,NA
9872930,20,ɟ e g u j,5,-21.813613758746683,NA,-Inf,NA,-27.77270366778515,NA,1.2429834228927066,NA,1.2428362044265289,NA,1.0016771227161092,NA,1.0018008835043444,NA
9872930,71,b e j o p,5,-17.621956818911904,NA,-14.710265369997016,NA,-14.747288468151918,NA,1.318235195988115,NA,1.3179604495421229,NA,1.023964703711502,NA,1.0229099718204642,NA
9872930,18,v ɯ c i c,5,-23.489154875537356,NA,-Inf,NA,-31.50043512796986,NA,1.1869854330618432,NA,1.186935765181287,NA,1.000596848743176,NA,1.0007801201825397,NA
9872930,20,f u ʒ ɯ ʒ,5,-23.9166248803383,NA,-Inf,NA,-28.2987368958237,NA,1.1450967257617637,NA,1.1451247551929438,NA,1.000975915064953,NA,1.0011424929957409,NA
9872930,14,b ø d͡ʒ o ʒ,5,-23.199615484381773,NA,-22.946734860541916,NA,-22.872071478740505,NA,1.121083185876453,NA,1.121155460851373,NA,1.0015584369695272,NA,1.0016920324034493,NA
9872930,94,g o d͡ʒ ɯ z,5,-19.770537868401828,NA,-17.17904521923025,NA,-17.19916861874007,NA,1.1826737683633608,NA,1.1826307514407104,NA,1.0041826517558374,NA,1.004164363663955,NA
9872930,54,t͡ʃ ø j o p,5,-20.761162543399134,NA,-16.85312947192674,NA,-16.895892356598512,NA,1.1297760413577145,NA,1.129827321681991,NA,1.0043570596970908,NA,1.004335423634715,NA
9872930,17,n u m ø s,5,-18.01717804587876,NA,-23.274555968238037,NA,-23.130003427749006,NA,1.1671298407351371,NA,1.1671135968518798,NA,1.005615073673373,NA,1.005536090751645,NA
9872930,79,g ɯ d͡ʒ ɯ ʃ,5,-19.48982961121296,NA,-15.852311354959165,NA,-15.901866630957937,NA,1.1748084006569268,NA,1.1747780038271325,NA,1.0097080569984351,NA,1.0093543709655342,NA
9872930,17,ɟ i ʒ a ʒ,5,-25.070573459054387,NA,-28.408200172943992,NA,-28.11389151899236,NA,1.2792842518640677,NA,1.2790676617380563,NA,1.001614798833574,NA,1.0017356621916462,NA
9872930,82,k a m y ɾ,5,-14.60533667129042,NA,-12.566891947703592,NA,-12.592572980919178,NA,1.5244462014259983,NA,1.5237936084044486,NA,1.062697489208468,NA,1.0595720312963168,NA
9872930,11,l i ʒ o h,5,-21.63837167405498,NA,-29.2969489690406,NA,-28.811359959835062,NA,1.1271576108556265,NA,1.1272152878236117,NA,1.0003270467676877,NA,1.0005276672406118,NA
9872930,78,m y d͡ʒ y z,5,-19.055770045147348,NA,-15.489145500909974,NA,-15.51914804312365,NA,1.2205470790782769,NA,1.2204412615879323,NA,1.0297516825712627,NA,1.028399004052331,NA
9872930,7,f u ʒ u ʒ,5,-24.131491850813127,NA,-24.668253654298645,NA,-24.46144519601823,NA,1.1352955974923469,NA,1.135341466415286,NA,1.000975915064953,NA,1.0011424929957409,NA
9872930,62,t ø ɾ i n,5,-16.410405147059684,NA,-14.831918462189485,NA,-14.86886634674382,NA,1.4208089522804974,NA,1.420327529748208,NA,1.0291017054180784,NA,1.0276334200937636,NA
9872930,14,ɟ i f e ʒ,5,-23.50725783914693,NA,-25.179036508558365,NA,-24.87841662264246,NA,1.2121684741836356,NA,1.2120754128304632,NA,1.0053026957384814,NA,1.0052306294125322,NA
9872930,69,n u c e c,5,-22.224521947118312,NA,-Inf,NA,-30.235545793839655,NA,1.1941705486603285,NA,1.1941090729768065,NA,1.001356524171781,NA,1.0014965839651273,NA
9872930,11,ɟ ø ʒ a ʒ,5,-27.45584167623776,NA,-Inf,NA,-28.658578991412625,NA,1.2132638879125943,NA,1.2131615198695442,NA,1.0012877520658865,NA,1.001425904834909,NA
9872930,3,g ɯ ɟ ø ʒ,5,-26.888884788763463,NA,-Inf,NA,-25.491689893774726,NA,1.0923427028145285,NA,1.0924665333420214,NA,1.0025458422833493,NA,1.0026299630393898,NA
9872930,3,b u j ɯ ʒ,5,-20.656800600490904,NA,-Inf,NA,-21.416780472527225,NA,1.226366366213809,NA,1.226253360999328,NA,1.012563203952425,NA,1.0121097739492848,NA
9872930,10,n i m ɯ h,5,-16.125521349527286,NA,-21.514654728099533,NA,-21.48267679386988,NA,1.221402368300542,NA,1.2212936567795851,NA,1.008105939127622,NA,1.0078930238188846,NA
9872930,5,l ø ʒ u v,5,-24.17716973587194,NA,-Inf,NA,-28.848175212289668,NA,1.0814626210119913,NA,1.0815977985088008,NA,1.0004564721225957,NA,1.0006458088997068,NA
9872930,3,n i m ø h,5,-17.836768146508483,NA,-23.90398304309107,NA,-23.591272132676064,NA,1.1712000775717255,NA,1.171182741587048,NA,1.0073974584829106,NA,1.0072250641442173,NA
9872930,13,l i ʒ u v,5,-21.791901518688565,NA,-27.90170599209823,NA,-27.610340559309456,NA,1.1474829849634645,NA,1.1475039403773133,NA,1.0007835188902832,NA,1.000955566256444,NA
9872930,56,b a j o p,5,-17.147287610817873,NA,-14.064023784516072,NA,-14.101916418410518,NA,1.4125267904421874,NA,1.4120889097497351,NA,1.0381955836146763,NA,1.0363910290645393,NA
9872930,11,v i ɟ y ʒ,5,-24.876386571500724,NA,-25.881186525811604,NA,-25.267184291001364,NA,1.12770092152038,NA,1.1277617239351925,NA,1.0024086378704609,NA,1.0024984923228988,NA
9872930,9,b u j o ʒ,5,-21.05836231257191,NA,-17.548890057056813,NA,-17.6640692648367,NA,1.1951964989849069,NA,1.19514022750294,NA,1.009795703059727,NA,1.0094933961448156,NA
9872930,3,n u ʒ o h,5,-20.647758491408347,NA,-26.42840069407047,NA,-26.092665911065804,NA,1.120706350697388,NA,1.120775199867318,NA,1.0008134367287314,NA,1.0009885521090411,NA
9872930,74,ɫ a g u v,5,-17.315515257959518,NA,-22.20438998670757,NA,-22.1942114842724,NA,1.3402216073124982,NA,1.3399090365344333,NA,1.0047777004065963,NA,1.0047377633341297,NA
9872930,5,l ø ʒ ɯ v,5,-23.962302765397112,NA,-Inf,NA,-31.445776025167124,NA,1.0912637492814083,NA,1.0913810872864589,NA,1.000065210303228,NA,1.0002790383147078,NA
9872930,9,n y n o s,5,-16.90203561488304,NA,-20.70390771506508,NA,-20.701328454444155,NA,1.2163205673403334,NA,1.2162172370270818,NA,1.00936206536363,NA,1.0090732790913943,NA
9872930,79,ɟ y ɟ ø z,5,-28.261172142031192,NA,-Inf,NA,-27.202076859131157,NA,1.0923810950775177,NA,1.0924989300689334,NA,1.0002501387042984,NA,1.0004529214024969,NA
9872930,7,n u g a v,5,-17.32641256884868,NA,-22.17862386284786,NA,-22.142492609172585,NA,1.295558300366401,NA,1.2953096832430069,NA,1.0097861339305134,NA,1.0094276480806197,NA
9872930,85,v ø l e c,5,-23.323793740357537,NA,-Inf,NA,-33.17836619636902,NA,1.1573076239641735,NA,1.1573097966742572,NA,1.000652103032279,NA,1.0008291941922065,NA
9872930,7,g o ɟ e ʒ,5,-24.70734295733524,NA,-Inf,NA,-24.892441184593736,NA,1.206949659858697,NA,1.2068658496110196,NA,1.0013992346140868,NA,1.0015409476057728,NA
9872930,12,b o ʒ y z,5,-21.657956214237167,NA,-17.8013111360532,NA,-17.796202222359895,NA,1.1717379161722383,NA,1.1717166578887983,NA,1.0080619412428775,NA,1.0078502843412198,NA
9872930,6,l e ʒ a v,5,-20.032673267265825,NA,-26.44332906685423,NA,-26.14940301912727,NA,1.3816363028138647,NA,1.381238823618678,NA,1.0061260075164613,NA,1.0059671413264173,NA
9872930,7,g u m y z,5,-18.91676624227809,NA,-15.093972479028997,NA,-15.137149639038482,NA,1.1894469643775232,NA,1.189394504817783,NA,1.0080570007044969,NA,1.0078402676416895,NA
9872930,10,v ɯ ʒ o h,5,-21.714556093501535,NA,-Inf,NA,-27.904550653039433,NA,1.1066262553279758,NA,1.1067194621758885,NA,1.0002707972270364,NA,1.000474478028374,NA
9872930,9,n ɯ g u v,5,-18.672938523470744,NA,-24.97225112201225,NA,-24.798231194095607,NA,1.1366324521867113,NA,1.1366721183407424,NA,1.0015222117456346,NA,1.001653631447348,NA
9872930,7,n ɯ c y c,5,-23.384060766098123,NA,-Inf,NA,-30.852354594073574,NA,1.099749800486337,NA,1.0998591993321496,NA,1.0003901669756716,NA,1.0005869200881068,NA
9872930,88,k o ɾ o n,5,-16.15929758860058,NA,-13.868409821172923,NA,-13.895071028995217,NA,1.4086622883685636,NA,1.408210172854805,NA,1.0325528233779742,NA,1.030997388207983,NA
9872930,3,n ø m ø h,5,-20.22203636369186,NA,-27.127441990238378,NA,-26.772419935381528,NA,1.1051797136202524,NA,1.1052765997185356,NA,1.001638791460164,NA,1.00176987702246,NA
9872930,8,d͡ʒ o ʒ o ʒ,5,-24.480705050348092,NA,-23.65144193577017,NA,-23.604853465371203,NA,1.1063477027090305,NA,1.1064455731324747,NA,1.0009007487476005,NA,1.0010693101437411,NA
9872930,10,b u ʒ i z,5,-20.2946910095022,NA,-18.014965986359083,NA,-17.95706711599841,NA,1.2623842333719226,NA,1.262198009872272,NA,1.0123552595503351,NA,1.01187554012336,NA
9872930,1,ɟ y ʒ ɯ ʒ,5,-27.593669876805233,NA,-Inf,NA,-32.54585594703615,NA,1.1262058924390637,NA,1.1262665863054913,NA,1.0001090155892292,NA,1.0003211623361203,NA
9872930,0,b a ʒ i n,5,-17.80349425450386,NA,-14.791020439297638,NA,-14.925564091251209,NA,1.5193623891917725,NA,1.518711994390168,NA,1.0328627171294904,NA,1.0312294576154004,NA
9872930,92,m y z a z,5,-16.873733531508663,NA,-13.8813816786833,NA,-13.92028821240666,NA,1.414095539116758,NA,1.4136394572206412,NA,1.046379285868822,NA,1.044078620549693,NA
9872930,1,f u c e c,5,-23.511463576787175,NA,-Inf,NA,-29.336731806601904,NA,1.199259331683282,NA,1.1991890556832483,NA,1.0015190025080027,NA,1.0016505248518268,NA
9872930,2,m y p o ʒ,5,-21.062384677092385,NA,-17.12481314942236,NA,-17.238674158015545,NA,1.217353092070428,NA,1.2172586661563085,NA,1.030554594624349,NA,1.0291606916538274,NA
9872930,3,ɟ ø ʒ ɯ ʒ,5,-28.802367630859823,NA,-Inf,NA,-33.852506245096116,NA,1.0750793759745922,NA,1.075228524021754,NA,1,1,1.0002179098838746,1
9872930,97,ɟ ø ɟ y ʃ,5,-28.382025596923334,NA,-Inf,NA,-27.273964274617327,NA,1.06451562774906,NA,1.064678843072776,NA,1.0016113280727483,NA,1.001729331617179,NA
9872930,1,k ɯ ɟ e h,5,-20.35414713041565,NA,-Inf,NA,-22.976968237654425,NA,1.283235141884312,NA,1.2830152250357565,NA,1.015169372438029,NA,1.0145770800961191,NA
9872930,66,m y z e l,5,-18.29810048302488,NA,-15.36637665199515,NA,-15.417853706543786,NA,1.320777681509878,NA,1.3204937774894725,NA,1.0382974481087792,NA,1.0364788587481613,NA
9872930,1,v ɯ ʒ o ʒ,5,-24.09804256484363,NA,-Inf,NA,-26.60448713952874,NA,1.094757980140496,NA,1.0948759012986842,NA,1.0004664281367202,NA,1.0006578633208734,NA
9872930,65,n i l e s,5,-16.331548266468857,NA,-22.702137034627185,NA,-22.335041029784072,NA,1.2559429323718037,NA,1.2557640746194505,NA,1.0105370402756846,NA,1.01014499607184,NA
9872930,3,g ɯ ʒ ɯ f,5,-21.788275067767113,NA,-Inf,NA,-25.430059507970466,NA,1.155577346931862,NA,1.155582793730333,NA,1.0034694890371534,NA,1.0034952632757648,NA
9872930,97,g a v e n,5,-16.239688851845823,NA,-13.908186943802582,NA,-13.954428963263789,NA,1.5116455492031928,NA,1.51100876623818,NA,1.0347739691193514,NA,1.033012423159234,NA
9872930,82,j a c ø t͡ʃ,5,-21.596104374841666,NA,-Inf,NA,-22.599644393527782,NA,1.31698528948836,NA,1.316717900772158,NA,1.0178198509358245,NA,1.0171013441808128,NA
9872930,84,t ø l e ɾ,5,-18.092071394057463,NA,-Inf,NA,-23.47218345961383,NA,1.2904993682381145,NA,1.29024438545329,NA,1.015354289300933,NA,1.0146192543931714,NA
9872930,96,ɫ o t i v,5,-16.623572496331185,NA,-21.45944618243926,NA,-21.45667533842388,NA,1.270720527524629,NA,1.2705211729498675,NA,1.0235566532375455,NA,1.0224757433127067,NA
9872930,88,l y l e j,5,-19.772550808587734,NA,-Inf,NA,-29.111148377195256,NA,1.2167590941862367,NA,1.2166514635372478,NA,1.0045229064430488,NA,1.0044630064259272,NA
9872930,93,m e t e ɾ,5,-13.722605695771906,NA,-12.003654907782868,NA,-12.023346713937531,NA,1.5195622914746405,NA,1.518910401773783,NA,1.0525880770319855,NA,1.0498613480187184,NA
9872930,100,t e k o n,5,-14.998265880403986,NA,-12.987925813400334,NA,-13.012766174055423,NA,1.404395408692991,NA,1.4039515023966052,NA,1.0462338914653162,NA,1.043960708572914,NA
9872930,97,b e d͡ʒ y z,5,-18.322376643949248,NA,-15.50382960677507,NA,-15.540572147404909,NA,1.291454857997779,NA,1.2912263401344954,NA,1.017144724013624,NA,1.0164538694214755,NA
9872930,94,ɟ i ɟ y c,5,-28.50437427410517,NA,-34.16680202918272,NA,-32.967862578483974,NA,1.110255587396653,NA,1.110346812233538,NA,1.000231209196349,NA,1.000436132364972,NA
9872930,2,n e m ɯ v,5,-16.2679106094412,NA,-21.623136884117503,NA,-21.602958834317167,NA,1.3065266810918763,NA,1.3062710632304733,NA,1.0163019738273251,NA,1.015657700859542,NA
9872930,5,f ɯ d y c,5,-21.761233097918407,NA,-23.891747181935735,NA,-23.686632689099905,NA,1.1325830509681372,NA,1.1326353404889125,NA,1.0056072670834837,NA,1.0055261372591189,NA
9872930,65,g ɯ ʃ a n,5,-16.88053831059943,NA,-13.952848512019289,NA,-13.993863814055455,NA,1.3804651524522582,NA,1.3800477574614127,NA,1.0360723486113332,NA,1.0341140599250127,NA
9872930,62,d͡ʒ a m a ʒ,5,-17.752742677818908,NA,-17.085266867347194,NA,-17.226367434005237,NA,1.5259583015742766,NA,1.5253144134357843,NA,1.0324208128726595,NA,1.0308841077133883,NA
9872930,53,ɫ o h ɯ v,5,-18.378732324942018,NA,-24.946669907437375,NA,-24.8696524175722,NA,1.1710082034448943,NA,1.1709872550102671,NA,1.002896280390419,NA,1.0029605848662049,NA
9872930,58,b e ʒ i l,5,-20.157665035921532,NA,-17.87290940676915,NA,-18.003973266743422,NA,1.3606430151485247,NA,1.3602899179920174,NA,1.0147080117893146,NA,1.0141386071612013,NA
9872930,79,g a m y z,5,-17.355373317181197,NA,-14.240338449458276,NA,-14.287440891901769,NA,1.3908659418471938,NA,1.390465006547887,NA,1.0224670797058462,NA,1.02149027043917,NA
9872930,79,ɫ o c e j,5,-19.459937199364497,NA,-Inf,NA,-26.8066540964721,NA,1.2048232326919666,NA,1.2047363825587754,NA,1.0060903952169935,NA,1.0059482882890152,NA
9872930,25,ɫ a ʒ ɯ ʒ,5,-21.057393014683385,NA,-Inf,NA,-26.41048458696313,NA,1.3326568898923266,NA,1.3323604104033762,NA,1.0026538128249567,NA,1.0027322776999663,NA
9872930,54,b i d͡ʒ ɯ z,5,-18.017662927348493,NA,-14.765156156833983,NA,-14.806093842831208,NA,1.2350324649864008,NA,1.2348988853670513,NA,1.0156682860234614,NA,1.0150462915601737,NA
9872930,90,l y l y c,5,-24.087338776513203,NA,-Inf,NA,-33.35849160319946,NA,1.1135850424096871,NA,1.1136703680544862,NA,1.000610288249374,NA,1.0007953005759365,NA
9872930,64,d͡ʒ o t͡ʃ u ʒ,5,-22.25933783885341,NA,-25.407920618685885,NA,-25.226670777169343,NA,1.1389450473591287,NA,1.1389844721552644,NA,1.001545014340632,NA,1.0016802565901464,NA
9872930,26,b e ʒ y z,5,-20.38453775562813,NA,-17.968651889022336,NA,-17.963773735189676,NA,1.2791360964148726,NA,1.278929028131013,NA,1.0135348320226718,NA,1.0130354616378874,NA
9872930,39,d͡ʒ o c y c,5,-25.0483878241706,NA,-Inf,NA,-30.473206137592207,NA,1.1081996356577295,NA,1.108294413751327,NA,1.0006613125519153,NA,1.000843800829829,NA
9872930,33,m y ɾ ɯ ɾ,5,-15.856481481342133,NA,-12.944319591547218,NA,-12.972778988107237,NA,1.435298597005871,NA,1.434796547206406,NA,1.053819451965324,NA,1.0510915726346128,NA
9872930,34,h a j o ʒ,5,-19.70425756699943,NA,-16.051747969710995,NA,-16.174734890728512,NA,1.375285896549857,NA,1.374918035761362,NA,1.0416275407035844,NA,1.0396478965275615,NA
9873790,80,k a m y ɾ,5,-14.60533667129042,NA,-12.566891947703592,NA,-12.592572980919178,NA,1.5244462014259983,NA,1.5237936084044486,NA,1.062697489208468,NA,1.0595720312963168,NA
9873790,26,ɫ a g u v,5,-17.315515257959518,NA,-22.20438998670757,NA,-22.1942114842724,NA,1.3402216073124982,NA,1.3399090365344333,NA,1.0047777004065963,NA,1.0047377633341297,NA
9873790,75,m y z a z,5,-16.873733531508663,NA,-13.8813816786833,NA,-13.92028821240666,NA,1.414095539116758,NA,1.4136394572206412,NA,1.046379285868822,NA,1.044078620549693,NA
9873790,14,g ɯ ʃ a n,5,-16.88053831059943,NA,-13.952848512019289,NA,-13.993863814055455,NA,1.3804651524522582,NA,1.3800477574614127,NA,1.0360723486113332,NA,1.0341140599250127,NA
9873790,0,b e ʒ ɯ z,5,-19.881988712701524,NA,-20.15074841057007,NA,-19.602322161163336,NA,1.3088813810464754,NA,1.308620171979486,NA,1.014317355661407,NA,1.0137690028078854,NA
9873790,0,f u ʒ u ʒ,5,-24.131491850813127,NA,-24.668253654298645,NA,-24.46144519601823,NA,1.1352955974923469,NA,1.135341466415286,NA,1.000975915064953,NA,1.0011424929957409,NA
9873790,33,f u c e c,5,-23.511463576787175,NA,-Inf,NA,-29.336731806601904,NA,1.199259331683282,NA,1.1991890556832483,NA,1.0015190025080027,NA,1.0016505248518268,NA
9873790,52,g a m y z,5,-17.355373317181197,NA,-14.240338449458276,NA,-14.287440891901769,NA,1.3908659418471938,NA,1.390465006547887,NA,1.0224670797058462,NA,1.02149027043917,NA
9873790,48,n i l e s,5,-16.331548266468857,NA,-22.702137034627185,NA,-22.335041029784072,NA,1.2559429323718037,NA,1.2557640746194505,NA,1.0105370402756846,NA,1.01014499607184,NA
9873790,0,v ɯ ʒ o h,5,-21.714556093501535,NA,-Inf,NA,-27.904550653039433,NA,1.1066262553279758,NA,1.1067194621758885,NA,1.0002707972270364,NA,1.000474478028374,NA
9873790,0,ɫ o h ɯ v,5,-18.378732324942018,NA,-24.946669907437375,NA,-24.8696524175722,NA,1.1710082034448943,NA,1.1709872550102671,NA,1.002896280390419,NA,1.0029605848662049,NA
9873790,0,v ɯ ʒ o ʒ,5,-24.09804256484363,NA,-Inf,NA,-26.60448713952874,NA,1.094757980140496,NA,1.0948759012986842,NA,1.0004664281367202,NA,1.0006578633208734,NA
9873790,0,d͡ʒ o ʒ o ʒ,5,-24.480705050348092,NA,-23.65144193577017,NA,-23.604853465371203,NA,1.1063477027090305,NA,1.1064455731324747,NA,1.0009007487476005,NA,1.0010693101437411,NA
9873790,13,m y p o ʒ,5,-21.062384677092385,NA,-17.12481314942236,NA,-17.238674158015545,NA,1.217353092070428,NA,1.2172586661563085,NA,1.030554594624349,NA,1.0291606916538274,NA
9873790,67,ɫ a l e ɾ,5,-15.163099753645444,NA,-19.935814013412394,NA,-19.576163843490317,NA,1.474127120354203,NA,1.473554395483853,NA,1.0201936391485853,NA,1.0192033602125234,NA
9873790,58,j a c ø t͡ʃ,5,-21.596104374841666,NA,-Inf,NA,-22.599644393527782,NA,1.31698528948836,NA,1.316717900772158,NA,1.0178198509358245,NA,1.0171013441808128,NA
9873790,56,m y ʒ i l,5,-20.891058437119632,NA,-18.275024894086325,NA,-18.26894174408407,NA,1.2897352362290226,NA,1.2895048394454542,NA,1.0287321730069334,NA,1.0274260236712516,NA
9873790,100,g a v e n,5,-16.239688851845823,NA,-13.908186943802582,NA,-13.954428963263789,NA,1.5116455492031928,NA,1.51100876623818,NA,1.0347739691193514,NA,1.033012423159234,NA
9873790,0,b u j ɯ ʒ,5,-20.656800600490904,NA,-Inf,NA,-21.416780472527225,NA,1.226366366213809,NA,1.226253360999328,NA,1.012563203952425,NA,1.0121097739492848,NA
9873790,21,t͡ʃ ø j o p,5,-20.761162543399134,NA,-16.85312947192674,NA,-16.895892356598512,NA,1.1297760413577145,NA,1.129827321681991,NA,1.0043570596970908,NA,1.004335423634715,NA
9873790,0,ɟ ø ʒ a ʒ,5,-27.45584167623776,NA,-Inf,NA,-28.658578991412625,NA,1.2132638879125943,NA,1.2131615198695442,NA,1.0012877520658865,NA,1.001425904834909,NA
9873790,36,d͡ʒ o c y c,5,-25.0483878241706,NA,-Inf,NA,-30.473206137592207,NA,1.1081996356577295,NA,1.108294413751327,NA,1.0006613125519153,NA,1.000843800829829,NA
9873790,62,n y n o s,5,-16.90203561488304,NA,-20.70390771506508,NA,-20.701328454444155,NA,1.2163205673403334,NA,1.2162172370270818,NA,1.00936206536363,NA,1.0090732790913943,NA
9873790,0,b ø d͡ʒ o ʒ,5,-23.199615484381773,NA,-22.946734860541916,NA,-22.872071478740505,NA,1.121083185876453,NA,1.121155460851373,NA,1.0015584369695272,NA,1.0016920324034493,NA
9873790,16,b e ʒ i l,5,-20.157665035921532,NA,-17.87290940676915,NA,-18.003973266743422,NA,1.3606430151485247,NA,1.3602899179920174,NA,1.0147080117893146,NA,1.0141386071612013,NA
9873790,39,ɟ e g u j,5,-21.813613758746683,NA,-Inf,NA,-27.77270366778515,NA,1.2429834228927066,NA,1.2428362044265289,NA,1.0016771227161092,NA,1.0018008835043444,NA
9873790,67,b i f i z,5,-17.367817790823707,NA,-14.539143873848408,NA,-14.5814801904761,NA,1.3006774174319915,NA,1.300424750199676,NA,1.0215979149021732,NA,1.0206250474382526,NA
9873790,100,k o ɾ o n,5,-16.15929758860058,NA,-13.868409821172923,NA,-13.895071028995217,NA,1.4086622883685636,NA,1.408210172854805,NA,1.0325528233779742,NA,1.030997388207983,NA
9873790,0,g ɯ ɟ ø ʒ,5,-26.888884788763463,NA,-Inf,NA,-25.491689893774726,NA,1.0923427028145285,NA,1.0924665333420214,NA,1.0025458422833493,NA,1.0026299630393898,NA
9873790,0,d͡ʒ a m a ʒ,5,-17.752742677818908,NA,-17.085266867347194,NA,-17.226367434005237,NA,1.5259583015742766,NA,1.5253144134357843,NA,1.0324208128726595,NA,1.0308841077133883,NA
9873790,32,n ɯ c y c,5,-23.384060766098123,NA,-Inf,NA,-30.852354594073574,NA,1.099749800486337,NA,1.0998591993321496,NA,1.0003901669756716,NA,1.0005869200881068,NA
9873790,32,n ɯ c e c,5,-22.009654976643485,NA,-Inf,NA,-30.90854985906133,NA,1.183230340688058,NA,1.18318779269999,NA,1.0009770597047227,NA,1.0011370759656055,NA
9873790,28,v i ɟ y ʒ,5,-24.876386571500724,NA,-25.881186525811604,NA,-25.267184291001364,NA,1.12770092152038,NA,1.1277617239351925,NA,1.0024086378704609,NA,1.0024984923228988,NA
9873790,15,b e ʒ y z,5,-20.38453775562813,NA,-17.968651889022336,NA,-17.963773735189676,NA,1.2791360964148726,NA,1.278929028131013,NA,1.0135348320226718,NA,1.0130354616378874,NA
9873790,2,ɟ y ʒ ɯ ʒ,5,-27.593669876805233,NA,-Inf,NA,-32.54585594703615,NA,1.1262058924390637,NA,1.1262665863054913,NA,1.0001090155892292,NA,1.0003211623361203,NA
9873790,28,ɟ i f e ʒ,5,-23.50725783914693,NA,-25.179036508558365,NA,-24.87841662264246,NA,1.2121684741836356,NA,1.2120754128304632,NA,1.0053026957384814,NA,1.0052306294125322,NA
9873790,12,d͡ʒ o t͡ʃ u ʒ,5,-22.25933783885341,NA,-25.407920618685885,NA,-25.226670777169343,NA,1.1389450473591287,NA,1.1389844721552644,NA,1.001545014340632,NA,1.0016802565901464,NA
9873790,64,b i d͡ʒ ɯ z,5,-18.017662927348493,NA,-14.765156156833983,NA,-14.806093842831208,NA,1.2350324649864008,NA,1.2348988853670513,NA,1.0156682860234614,NA,1.0150462915601737,NA
9873790,79,b a ʒ i n,5,-17.80349425450386,NA,-14.791020439297638,NA,-14.925564091251209,NA,1.5193623891917725,NA,1.518711994390168,NA,1.0328627171294904,NA,1.0312294576154004,NA
9873790,100,m y z e l,5,-18.29810048302488,NA,-15.36637665199515,NA,-15.417853706543786,NA,1.320777681509878,NA,1.3204937774894725,NA,1.0382974481087792,NA,1.0364788587481613,NA
9873790,13,b u m y ʒ,5,-20.634597061276835,NA,-17.453026450842174,NA,-17.43947379466699,NA,1.203816110471337,NA,1.2037447179670484,NA,1.013503908131295,NA,1.0130055541759393,NA
9873790,81,b e t͡ʃ ø z,5,-19.558563039794212,NA,-16.45022001700887,NA,-16.488509727521837,NA,1.2699076960082727,NA,1.2697183110910075,NA,1.015705436550192,NA,1.0150951236806631,NA
9873790,22,b u ʒ i z,5,-20.2946910095022,NA,-18.014965986359083,NA,-17.95706711599841,NA,1.2623842333719226,NA,1.262198009872272,NA,1.0123552595503351,NA,1.01187554012336,NA
9873790,78,t ø ɾ i n,5,-16.410405147059684,NA,-14.831918462189485,NA,-14.86886634674382,NA,1.4208089522804974,NA,1.420327529748208,NA,1.0291017054180784,NA,1.0276334200937636,NA
9873790,100,m e t e ɾ,5,-13.722605695771906,NA,-12.003654907782868,NA,-12.023346713937531,NA,1.5195622914746405,NA,1.518910401773783,NA,1.0525880770319855,NA,1.0498613480187184,NA
9873790,78,ɟ y ɟ ø z,5,-28.261172142031192,NA,-Inf,NA,-27.202076859131157,NA,1.0923810950775177,NA,1.0924989300689334,NA,1.0002501387042984,NA,1.0004529214024969,NA
9873790,91,t ø l e ɾ,5,-18.092071394057463,NA,-Inf,NA,-23.47218345961383,NA,1.2904993682381145,NA,1.29024438545329,NA,1.015354289300933,NA,1.0146192543931714,NA
9873790,100,l y l e j,5,-19.772550808587734,NA,-Inf,NA,-29.111148377195256,NA,1.2167590941862367,NA,1.2166514635372478,NA,1.0045229064430488,NA,1.0044630064259272,NA
9873790,0,ɫ a ʒ ɯ ʒ,5,-21.057393014683385,NA,-Inf,NA,-26.41048458696313,NA,1.3326568898923266,NA,1.3323604104033762,NA,1.0026538128249567,NA,1.0027322776999663,NA
9873790,100,m y d͡ʒ y z,5,-19.055770045147348,NA,-15.489145500909974,NA,-15.51914804312365,NA,1.2205470790782769,NA,1.2204412615879323,NA,1.0297516825712627,NA,1.028399004052331,NA
9873790,25,l i ʒ u v,5,-21.791901518688565,NA,-27.90170599209823,NA,-27.610340559309456,NA,1.1474829849634645,NA,1.1475039403773133,NA,1.0007835188902832,NA,1.000955566256444,NA
9873790,25,k ɯ ɟ e h,5,-20.35414713041565,NA,-Inf,NA,-22.976968237654425,NA,1.283235141884312,NA,1.2830152250357565,NA,1.015169372438029,NA,1.0145770800961191,NA
9873790,24,l ø ʒ u v,5,-24.17716973587194,NA,-Inf,NA,-28.848175212289668,NA,1.0814626210119913,NA,1.0815977985088008,NA,1.0004564721225957,NA,1.0006458088997068,NA
9873790,71,ɟ ø ɟ y ʃ,5,-28.382025596923334,NA,-Inf,NA,-27.273964274617327,NA,1.06451562774906,NA,1.064678843072776,NA,1.0016113280727483,NA,1.001729331617179,NA
9873790,33,n e m ɯ v,5,-16.2679106094412,NA,-21.623136884117503,NA,-21.602958834317167,NA,1.3065266810918763,NA,1.3062710632304733,NA,1.0163019738273251,NA,1.015657700859542,NA
9873790,19,n u ʒ o h,5,-20.647758491408347,NA,-26.42840069407047,NA,-26.092665911065804,NA,1.120706350697388,NA,1.120775199867318,NA,1.0008134367287314,NA,1.0009885521090411,NA
9873790,72,g u m y z,5,-18.91676624227809,NA,-15.093972479028997,NA,-15.137149639038482,NA,1.1894469643775232,NA,1.189394504817783,NA,1.0080570007044969,NA,1.0078402676416895,NA
9873790,92,b a j o p,5,-17.147287610817873,NA,-14.064023784516072,NA,-14.101916418410518,NA,1.4125267904421874,NA,1.4120889097497351,NA,1.0381955836146763,NA,1.0363910290645393,NA
9873790,11,ɫ o v ø c,5,-22.706813314753763,NA,-Inf,NA,-29.908765850171065,NA,1.1103538449370305,NA,1.1104464091915205,NA,1.0030937070231545,NA,1.0031487260784029,NA
9873790,33,n ø m ø h,5,-20.22203636369186,NA,-27.127441990238378,NA,-26.772419935381528,NA,1.1051797136202524,NA,1.1052765997185356,NA,1.001638791460164,NA,1.00176987702246,NA
9873790,0,f u ʒ ɯ ʒ,5,-23.9166248803383,NA,-Inf,NA,-28.2987368958237,NA,1.1450967257617637,NA,1.1451247551929438,NA,1.000975915064953,NA,1.0011424929957409,NA
9873790,0,l e ʒ a v,5,-20.032673267265825,NA,-26.44332906685423,NA,-26.14940301912727,NA,1.3816363028138647,NA,1.381238823618678,NA,1.0061260075164613,NA,1.0059671413264173,NA
9873790,16,n u m ø s,5,-18.01717804587876,NA,-23.274555968238037,NA,-23.130003427749006,NA,1.1671298407351371,NA,1.1671135968518798,NA,1.005615073673373,NA,1.005536090751645,NA
9873790,11,l i v o h,5,-19.595109788952644,NA,-27.49272636985236,NA,-27.15263118582112,NA,1.1574639446613604,NA,1.1574688518675773,NA,1.0022967539016463,NA,1.0023928574967222,NA
9873790,15,b o ʒ y z,5,-21.657956214237167,NA,-17.8013111360532,NA,-17.796202222359895,NA,1.1717379161722383,NA,1.1717166578887983,NA,1.0080619412428775,NA,1.0078502843412198,NA
9873790,13,g o d͡ʒ ɯ z,5,-19.770537868401828,NA,-17.17904521923025,NA,-17.19916861874007,NA,1.1826737683633608,NA,1.1826307514407104,NA,1.0041826517558374,NA,1.004164363663955,NA
9873790,37,ɟ i ɟ y c,5,-28.50437427410517,NA,-34.16680202918272,NA,-32.967862578483974,NA,1.110255587396653,NA,1.110346812233538,NA,1.000231209196349,NA,1.000436132364972,NA
9873790,16,v ø l y j,5,-21.757817351341345,NA,-Inf,NA,-31.916689215783485,NA,1.0935205953372813,NA,1.0936337054213383,NA,1.0001956309096838,NA,1.000401295176374,NA
9873790,0,h a j o ʒ,5,-19.70425756699943,NA,-16.051747969710995,NA,-16.174734890728512,NA,1.375285896549857,NA,1.374918035761362,NA,1.0416275407035844,NA,1.0396478965275615,NA
9873790,0,n u g a v,5,-17.32641256884868,NA,-22.17862386284786,NA,-22.142492609172585,NA,1.295558300366401,NA,1.2953096832430069,NA,1.0097861339305134,NA,1.0094276480806197,NA
9873790,70,g ɯ d͡ʒ ɯ ʃ,5,-19.48982961121296,NA,-15.852311354959165,NA,-15.901866630957937,NA,1.1748084006569268,NA,1.1747780038271325,NA,1.0097080569984351,NA,1.0093543709655342,NA
9873790,87,b e j o p,5,-17.621956818911904,NA,-14.710265369997016,NA,-14.747288468151918,NA,1.318235195988115,NA,1.3179604495421229,NA,1.023964703711502,NA,1.0229099718204642,NA
9873790,28,l i ʒ o h,5,-21.63837167405498,NA,-29.2969489690406,NA,-28.811359959835062,NA,1.1271576108556265,NA,1.1272152878236117,NA,1.0003270467676877,NA,1.0005276672406118,NA
9873790,16,ɫ a m ɯ j,5,-15.11857151857796,NA,-20.33622952955124,NA,-20.330363342345912,NA,1.4001995331332835,NA,1.3997789734141448,NA,1.017897430130006,NA,1.0171616356786684,NA
9873790,10,l ø ʒ ɯ v,5,-23.962302765397112,NA,-Inf,NA,-31.445776025167124,NA,1.0912637492814083,NA,1.0913810872864589,NA,1.000065210303228,NA,1.0002790383147078,NA
9873790,16,m y ɾ ɯ ɾ,5,-15.856481481342133,NA,-12.944319591547218,NA,-12.972778988107237,NA,1.435298597005871,NA,1.434796547206406,NA,1.053819451965324,NA,1.0510915726346128,NA
9873790,100,v ø l e c,5,-23.323793740357537,NA,-Inf,NA,-33.17836619636902,NA,1.1573076239641735,NA,1.1573097966742572,NA,1.000652103032279,NA,1.0008291941922065,NA
9873790,0,ɟ ø ʒ ɯ ʒ,5,-28.802367630859823,NA,-Inf,NA,-33.852506245096116,NA,1.0750793759745922,NA,1.075228524021754,NA,1,1,1.0002179098838746,1
9873790,30,f ɯ d y c,5,-21.761233097918407,NA,-23.891747181935735,NA,-23.686632689099905,NA,1.1325830509681372,NA,1.1326353404889125,NA,1.0056072670834837,NA,1.0055261372591189,NA
9873790,100,t e k o n,5,-14.998265880403986,NA,-12.987925813400334,NA,-13.012766174055423,NA,1.404395408692991,NA,1.4039515023966052,NA,1.0462338914653162,NA,1.043960708572914,NA
9873790,13,b u j o ʒ,5,-21.05836231257191,NA,-17.548890057056813,NA,-17.6640692648367,NA,1.1951964989849069,NA,1.19514022750294,NA,1.009795703059727,NA,1.0094933961448156,NA
9873790,28,n i m ø h,5,-17.836768146508483,NA,-23.90398304309107,NA,-23.591272132676064,NA,1.1712000775717255,NA,1.171182741587048,NA,1.0073974584829106,NA,1.0072250641442173,NA
9873790,89,ɫ o t i v,5,-16.623572496331185,NA,-21.45944618243926,NA,-21.45667533842388,NA,1.270720527524629,NA,1.2705211729498675,NA,1.0235566532375455,NA,1.0224757433127067,NA
9873790,92,ɫ o t͡ʃ a v,5,-17.38102037177355,NA,-22.221171339417307,NA,-22.17471603733289,NA,1.2912051431600686,NA,1.2909639988175745,NA,1.0104683496161708,NA,1.010075153889148,NA
9873790,100,l y l y c,5,-24.087338776513203,NA,-Inf,NA,-33.35849160319946,NA,1.1135850424096871,NA,1.1136703680544862,NA,1.000610288249374,NA,1.0007953005759365,NA
9873790,100,n u c e c,5,-22.224521947118312,NA,-Inf,NA,-30.235545793839655,NA,1.1941705486603285,NA,1.1941090729768065,NA,1.001356524171781,NA,1.0014965839651273,NA
9873790,0,ɟ i ʒ a ʒ,5,-25.070573459054387,NA,-28.408200172943992,NA,-28.11389151899236,NA,1.2792842518640677,NA,1.2790676617380563,NA,1.001614798833574,NA,1.0017356621916462,NA
9873790,35,c e d͡ʒ e t͡ʃ,5,-20.132543384729967,NA,-Inf,NA,-23.078955930544776,NA,1.3025086740061806,NA,1.30225682196575,NA,1.007703124650714,NA,1.0074974497629463,NA
9873790,12,n ɯ g u v,5,-18.672938523470744,NA,-24.97225112201225,NA,-24.798231194095607,NA,1.1366324521867113,NA,1.1366721183407424,NA,1.0015222117456346,NA,1.001653631447348,NA
9873790,41,v ɯ c i c,5,-23.489154875537356,NA,-Inf,NA,-31.50043512796986,NA,1.1869854330618432,NA,1.186935765181287,NA,1.000596848743176,NA,1.0007801201825397,NA
9873790,80,m y k u ɾ,5,-16.16672959638731,NA,-13.647288442981042,NA,-13.67480354663754,NA,1.3486959861244403,NA,1.348345503504382,NA,1.040908137079269,NA,1.0388933343742264,NA
9873790,14,n i m ɯ h,5,-16.125521349527286,NA,-21.514654728099533,NA,-21.48267679386988,NA,1.221402368300542,NA,1.2212936567795851,NA,1.008105939127622,NA,1.0078930238188846,NA
9873790,0,g ɯ ʒ ɯ f,5,-21.788275067767113,NA,-Inf,NA,-25.430059507970466,NA,1.155577346931862,NA,1.155582793730333,NA,1.0034694890371534,NA,1.0034952632757648,NA
9873790,79,ɫ o c e j,5,-19.459937199364497,NA,-Inf,NA,-26.8066540964721,NA,1.2048232326919666,NA,1.2047363825587754,NA,1.0060903952169935,NA,1.0059482882890152,NA
9873790,74,b e d͡ʒ y z,5,-18.322376643949248,NA,-15.50382960677507,NA,-15.540572147404909,NA,1.291454857997779,NA,1.2912263401344954,NA,1.017144724013624,NA,1.0164538694214755,NA
9873790,2,g o ɟ e ʒ,5,-24.70734295733524,NA,-Inf,NA,-24.892441184593736,NA,1.206949659858697,NA,1.2068658496110196,NA,1.0013992346140868,NA,1.0015409476057728,NA
9874713,34,l ø ʒ u v,5,-24.17716973587194,NA,-Inf,NA,-28.848175212289668,NA,1.0814626210119913,NA,1.0815977985088008,NA,1.0004564721225957,NA,1.0006458088997068,NA
9874713,14,ɟ e g u j,5,-21.813613758746683,NA,-Inf,NA,-27.77270366778515,NA,1.2429834228927066,NA,1.2428362044265289,NA,1.0016771227161092,NA,1.0018008835043444,NA
9874713,57,b a j o p,5,-17.147287610817873,NA,-14.064023784516072,NA,-14.101916418410518,NA,1.4125267904421874,NA,1.4120889097497351,NA,1.0381955836146763,NA,1.0363910290645393,NA
9874713,81,t ø l e ɾ,5,-18.092071394057463,NA,-Inf,NA,-23.47218345961383,NA,1.2904993682381145,NA,1.29024438545329,NA,1.015354289300933,NA,1.0146192543931714,NA
9874713,100,t ø ɾ i n,5,-16.410405147059684,NA,-14.831918462189485,NA,-14.86886634674382,NA,1.4208089522804974,NA,1.420327529748208,NA,1.0291017054180784,NA,1.0276334200937636,NA
9874713,93,m y z e l,5,-18.29810048302488,NA,-15.36637665199515,NA,-15.417853706543786,NA,1.320777681509878,NA,1.3204937774894725,NA,1.0382974481087792,NA,1.0364788587481613,NA
9874713,78,b e d͡ʒ y z,5,-18.322376643949248,NA,-15.50382960677507,NA,-15.540572147404909,NA,1.291454857997779,NA,1.2912263401344954,NA,1.017144724013624,NA,1.0164538694214755,NA
9874713,45,b e ʒ i l,5,-20.157665035921532,NA,-17.87290940676915,NA,-18.003973266743422,NA,1.3606430151485247,NA,1.3602899179920174,NA,1.0147080117893146,NA,1.0141386071612013,NA
9874713,0,v ɯ c i c,5,-23.489154875537356,NA,-Inf,NA,-31.50043512796986,NA,1.1869854330618432,NA,1.186935765181287,NA,1.000596848743176,NA,1.0007801201825397,NA
9874713,24,m y k u ɾ,5,-16.16672959638731,NA,-13.647288442981042,NA,-13.67480354663754,NA,1.3486959861244403,NA,1.348345503504382,NA,1.040908137079269,NA,1.0388933343742264,NA
9874713,16,b ø d͡ʒ o ʒ,5,-23.199615484381773,NA,-22.946734860541916,NA,-22.872071478740505,NA,1.121083185876453,NA,1.121155460851373,NA,1.0015584369695272,NA,1.0016920324034493,NA
9874713,59,ɟ i ɟ y c,5,-28.50437427410517,NA,-34.16680202918272,NA,-32.967862578483974,NA,1.110255587396653,NA,1.110346812233538,NA,1.000231209196349,NA,1.000436132364972,NA
9874713,0,n ɯ g u v,5,-18.672938523470744,NA,-24.97225112201225,NA,-24.798231194095607,NA,1.1366324521867113,NA,1.1366721183407424,NA,1.0015222117456346,NA,1.001653631447348,NA
9874713,6,m y ɾ ɯ ɾ,5,-15.856481481342133,NA,-12.944319591547218,NA,-12.972778988107237,NA,1.435298597005871,NA,1.434796547206406,NA,1.053819451965324,NA,1.0510915726346128,NA
9874713,89,l y l y c,5,-24.087338776513203,NA,-Inf,NA,-33.35849160319946,NA,1.1135850424096871,NA,1.1136703680544862,NA,1.000610288249374,NA,1.0007953005759365,NA
9874713,21,l i v o h,5,-19.595109788952644,NA,-27.49272636985236,NA,-27.15263118582112,NA,1.1574639446613604,NA,1.1574688518675773,NA,1.0022967539016463,NA,1.0023928574967222,NA
9874713,0,n i m ɯ h,5,-16.125521349527286,NA,-21.514654728099533,NA,-21.48267679386988,NA,1.221402368300542,NA,1.2212936567795851,NA,1.008105939127622,NA,1.0078930238188846,NA
9874713,58,b e ʒ y z,5,-20.38453775562813,NA,-17.968651889022336,NA,-17.963773735189676,NA,1.2791360964148726,NA,1.278929028131013,NA,1.0135348320226718,NA,1.0130354616378874,NA
9874713,0,l ø ʒ ɯ v,5,-23.962302765397112,NA,-Inf,NA,-31.445776025167124,NA,1.0912637492814083,NA,1.0913810872864589,NA,1.000065210303228,NA,1.0002790383147078,NA
9874713,11,g ɯ ʃ a n,5,-16.88053831059943,NA,-13.952848512019289,NA,-13.993863814055455,NA,1.3804651524522582,NA,1.3800477574614127,NA,1.0360723486113332,NA,1.0341140599250127,NA
9874713,70,n u c e c,5,-22.224521947118312,NA,-Inf,NA,-30.235545793839655,NA,1.1941705486603285,NA,1.1941090729768065,NA,1.001356524171781,NA,1.0014965839651273,NA
9874713,9,v ɯ ʒ o ʒ,5,-24.09804256484363,NA,-Inf,NA,-26.60448713952874,NA,1.094757980140496,NA,1.0948759012986842,NA,1.0004664281367202,NA,1.0006578633208734,NA
9874713,39,ɫ a m ɯ j,5,-15.11857151857796,NA,-20.33622952955124,NA,-20.330363342345912,NA,1.4001995331332835,NA,1.3997789734141448,NA,1.017897430130006,NA,1.0171616356786684,NA
9874713,67,g ɯ d͡ʒ ɯ ʃ,5,-19.48982961121296,NA,-15.852311354959165,NA,-15.901866630957937,NA,1.1748084006569268,NA,1.1747780038271325,NA,1.0097080569984351,NA,1.0093543709655342,NA
9874713,14,d͡ʒ o t͡ʃ u ʒ,5,-22.25933783885341,NA,-25.407920618685885,NA,-25.226670777169343,NA,1.1389450473591287,NA,1.1389844721552644,NA,1.001545014340632,NA,1.0016802565901464,NA
9874713,0,ɟ i ʒ a ʒ,5,-25.070573459054387,NA,-28.408200172943992,NA,-28.11389151899236,NA,1.2792842518640677,NA,1.2790676617380563,NA,1.001614798833574,NA,1.0017356621916462,NA
9874713,0,g o ɟ e ʒ,5,-24.70734295733524,NA,-Inf,NA,-24.892441184593736,NA,1.206949659858697,NA,1.2068658496110196,NA,1.0013992346140868,NA,1.0015409476057728,NA
9874713,100,ɟ ø ɟ y ʃ,5,-28.382025596923334,NA,-Inf,NA,-27.273964274617327,NA,1.06451562774906,NA,1.064678843072776,NA,1.0016113280727483,NA,1.001729331617179,NA
9874713,72,n y n o s,5,-16.90203561488304,NA,-20.70390771506508,NA,-20.701328454444155,NA,1.2163205673403334,NA,1.2162172370270818,NA,1.00936206536363,NA,1.0090732790913943,NA
9874713,65,g u m y z,5,-18.91676624227809,NA,-15.093972479028997,NA,-15.137149639038482,NA,1.1894469643775232,NA,1.189394504817783,NA,1.0080570007044969,NA,1.0078402676416895,NA
9874713,0,l i ʒ o h,5,-21.63837167405498,NA,-29.2969489690406,NA,-28.811359959835062,NA,1.1271576108556265,NA,1.1272152878236117,NA,1.0003270467676877,NA,1.0005276672406118,NA
9874713,77,m e t e ɾ,5,-13.722605695771906,NA,-12.003654907782868,NA,-12.023346713937531,NA,1.5195622914746405,NA,1.518910401773783,NA,1.0525880770319855,NA,1.0498613480187184,NA
9874713,79,j a c ø t͡ʃ,5,-21.596104374841666,NA,-Inf,NA,-22.599644393527782,NA,1.31698528948836,NA,1.316717900772158,NA,1.0178198509358245,NA,1.0171013441808128,NA
9874713,56,n e m ɯ v,5,-16.2679106094412,NA,-21.623136884117503,NA,-21.602958834317167,NA,1.3065266810918763,NA,1.3062710632304733,NA,1.0163019738273251,NA,1.015657700859542,NA
9874713,64,l y l e j,5,-19.772550808587734,NA,-Inf,NA,-29.111148377195256,NA,1.2167590941862367,NA,1.2166514635372478,NA,1.0045229064430488,NA,1.0044630064259272,NA
9874713,38,n ø m ø h,5,-20.22203636369186,NA,-27.127441990238378,NA,-26.772419935381528,NA,1.1051797136202524,NA,1.1052765997185356,NA,1.001638791460164,NA,1.00176987702246,NA
9874713,35,k ɯ ɟ e h,5,-20.35414713041565,NA,-Inf,NA,-22.976968237654425,NA,1.283235141884312,NA,1.2830152250357565,NA,1.015169372438029,NA,1.0145770800961191,NA
9874713,63,ɫ a l e ɾ,5,-15.163099753645444,NA,-19.935814013412394,NA,-19.576163843490317,NA,1.474127120354203,NA,1.473554395483853,NA,1.0201936391485853,NA,1.0192033602125234,NA
9874713,0,n u ʒ o h,5,-20.647758491408347,NA,-26.42840069407047,NA,-26.092665911065804,NA,1.120706350697388,NA,1.120775199867318,NA,1.0008134367287314,NA,1.0009885521090411,NA
9874713,0,f u ʒ u ʒ,5,-24.131491850813127,NA,-24.668253654298645,NA,-24.46144519601823,NA,1.1352955974923469,NA,1.135341466415286,NA,1.000975915064953,NA,1.0011424929957409,NA
9874713,9,l e ʒ a v,5,-20.032673267265825,NA,-26.44332906685423,NA,-26.14940301912727,NA,1.3816363028138647,NA,1.381238823618678,NA,1.0061260075164613,NA,1.0059671413264173,NA
9874713,84,k a m y ɾ,5,-14.60533667129042,NA,-12.566891947703592,NA,-12.592572980919178,NA,1.5244462014259983,NA,1.5237936084044486,NA,1.062697489208468,NA,1.0595720312963168,NA
9874713,35,ɟ y ʒ ɯ ʒ,5,-27.593669876805233,NA,-Inf,NA,-32.54585594703615,NA,1.1262058924390637,NA,1.1262665863054913,NA,1.0001090155892292,NA,1.0003211623361203,NA
9874713,37,d͡ʒ a m a ʒ,5,-17.752742677818908,NA,-17.085266867347194,NA,-17.226367434005237,NA,1.5259583015742766,NA,1.5253144134357843,NA,1.0324208128726595,NA,1.0308841077133883,NA
9874713,59,n u g a v,5,-17.32641256884868,NA,-22.17862386284786,NA,-22.142492609172585,NA,1.295558300366401,NA,1.2953096832430069,NA,1.0097861339305134,NA,1.0094276480806197,NA
9874713,9,f u ʒ ɯ ʒ,5,-23.9166248803383,NA,-Inf,NA,-28.2987368958237,NA,1.1450967257617637,NA,1.1451247551929438,NA,1.000975915064953,NA,1.0011424929957409,NA
9874713,91,t e k o n,5,-14.998265880403986,NA,-12.987925813400334,NA,-13.012766174055423,NA,1.404395408692991,NA,1.4039515023966052,NA,1.0462338914653162,NA,1.043960708572914,NA
9874713,37,b i d͡ʒ ɯ z,5,-18.017662927348493,NA,-14.765156156833983,NA,-14.806093842831208,NA,1.2350324649864008,NA,1.2348988853670513,NA,1.0156682860234614,NA,1.0150462915601737,NA
9874713,42,g ɯ ɟ ø ʒ,5,-26.888884788763463,NA,-Inf,NA,-25.491689893774726,NA,1.0923427028145285,NA,1.0924665333420214,NA,1.0025458422833493,NA,1.0026299630393898,NA
9874713,68,g o d͡ʒ ɯ z,5,-19.770537868401828,NA,-17.17904521923025,NA,-17.19916861874007,NA,1.1826737683633608,NA,1.1826307514407104,NA,1.0041826517558374,NA,1.004164363663955,NA
9874713,62,n ɯ c e c,5,-22.009654976643485,NA,-Inf,NA,-30.90854985906133,NA,1.183230340688058,NA,1.18318779269999,NA,1.0009770597047227,NA,1.0011370759656055,NA
9874713,41,v i ɟ y ʒ,5,-24.876386571500724,NA,-25.881186525811604,NA,-25.267184291001364,NA,1.12770092152038,NA,1.1277617239351925,NA,1.0024086378704609,NA,1.0024984923228988,NA
9874713,80,t͡ʃ ø j o p,5,-20.761162543399134,NA,-16.85312947192674,NA,-16.895892356598512,NA,1.1297760413577145,NA,1.129827321681991,NA,1.0043570596970908,NA,1.004335423634715,NA
9874713,45,b o ʒ y z,5,-21.657956214237167,NA,-17.8013111360532,NA,-17.796202222359895,NA,1.1717379161722383,NA,1.1717166578887983,NA,1.0080619412428775,NA,1.0078502843412198,NA
9874713,0,ɫ a ʒ ɯ ʒ,5,-21.057393014683385,NA,-Inf,NA,-26.41048458696313,NA,1.3326568898923266,NA,1.3323604104033762,NA,1.0026538128249567,NA,1.0027322776999663,NA
9874713,39,n u m ø s,5,-18.01717804587876,NA,-23.274555968238037,NA,-23.130003427749006,NA,1.1671298407351371,NA,1.1671135968518798,NA,1.005615073673373,NA,1.005536090751645,NA
9874713,33,v ø l y j,5,-21.757817351341345,NA,-Inf,NA,-31.916689215783485,NA,1.0935205953372813,NA,1.0936337054213383,NA,1.0001956309096838,NA,1.000401295176374,NA
9874713,7,b u m y ʒ,5,-20.634597061276835,NA,-17.453026450842174,NA,-17.43947379466699,NA,1.203816110471337,NA,1.2037447179670484,NA,1.013503908131295,NA,1.0130055541759393,NA
9874713,71,b i f i z,5,-17.367817790823707,NA,-14.539143873848408,NA,-14.5814801904761,NA,1.3006774174319915,NA,1.300424750199676,NA,1.0215979149021732,NA,1.0206250474382526,NA
9874713,76,b e j o p,5,-17.621956818911904,NA,-14.710265369997016,NA,-14.747288468151918,NA,1.318235195988115,NA,1.3179604495421229,NA,1.023964703711502,NA,1.0229099718204642,NA
9874713,62,f u c e c,5,-23.511463576787175,NA,-Inf,NA,-29.336731806601904,NA,1.199259331683282,NA,1.1991890556832483,NA,1.0015190025080027,NA,1.0016505248518268,NA
9874713,87,m y z a z,5,-16.873733531508663,NA,-13.8813816786833,NA,-13.92028821240666,NA,1.414095539116758,NA,1.4136394572206412,NA,1.046379285868822,NA,1.044078620549693,NA
9874713,21,b u ʒ i z,5,-20.2946910095022,NA,-18.014965986359083,NA,-17.95706711599841,NA,1.2623842333719226,NA,1.262198009872272,NA,1.0123552595503351,NA,1.01187554012336,NA
9874713,65,n ɯ c y c,5,-23.384060766098123,NA,-Inf,NA,-30.852354594073574,NA,1.099749800486337,NA,1.0998591993321496,NA,1.0003901669756716,NA,1.0005869200881068,NA
9874713,60,n i l e s,5,-16.331548266468857,NA,-22.702137034627185,NA,-22.335041029784072,NA,1.2559429323718037,NA,1.2557640746194505,NA,1.0105370402756846,NA,1.01014499607184,NA
9874713,76,ɟ y ɟ ø z,5,-28.261172142031192,NA,-Inf,NA,-27.202076859131157,NA,1.0923810950775177,NA,1.0924989300689334,NA,1.0002501387042984,NA,1.0004529214024969,NA
9874713,60,m y p o ʒ,5,-21.062384677092385,NA,-17.12481314942236,NA,-17.238674158015545,NA,1.217353092070428,NA,1.2172586661563085,NA,1.030554594624349,NA,1.0291606916538274,NA
9874713,48,ɟ ø ʒ a ʒ,5,-27.45584167623776,NA,-Inf,NA,-28.658578991412625,NA,1.2132638879125943,NA,1.2131615198695442,NA,1.0012877520658865,NA,1.001425904834909,NA
9874713,60,ɫ o t͡ʃ a v,5,-17.38102037177355,NA,-22.221171339417307,NA,-22.17471603733289,NA,1.2912051431600686,NA,1.2909639988175745,NA,1.0104683496161708,NA,1.010075153889148,NA
9874713,34,b u j o ʒ,5,-21.05836231257191,NA,-17.548890057056813,NA,-17.6640692648367,NA,1.1951964989849069,NA,1.19514022750294,NA,1.009795703059727,NA,1.0094933961448156,NA
9874713,28,b e ʒ ɯ z,5,-19.881988712701524,NA,-20.15074841057007,NA,-19.602322161163336,NA,1.3088813810464754,NA,1.308620171979486,NA,1.014317355661407,NA,1.0137690028078854,NA
9874713,0,b u j ɯ ʒ,5,-20.656800600490904,NA,-Inf,NA,-21.416780472527225,NA,1.226366366213809,NA,1.226253360999328,NA,1.012563203952425,NA,1.0121097739492848,NA
9874713,35,ɫ o c e j,5,-19.459937199364497,NA,-Inf,NA,-26.8066540964721,NA,1.2048232326919666,NA,1.2047363825587754,NA,1.0060903952169935,NA,1.0059482882890152,NA
9874713,36,h a j o ʒ,5,-19.70425756699943,NA,-16.051747969710995,NA,-16.174734890728512,NA,1.375285896549857,NA,1.374918035761362,NA,1.0416275407035844,NA,1.0396478965275615,NA
9874713,87,v ø l e c,5,-23.323793740357537,NA,-Inf,NA,-33.17836619636902,NA,1.1573076239641735,NA,1.1573097966742572,NA,1.000652103032279,NA,1.0008291941922065,NA
9874713,61,ɟ i f e ʒ,5,-23.50725783914693,NA,-25.179036508558365,NA,-24.87841662264246,NA,1.2121684741836356,NA,1.2120754128304632,NA,1.0053026957384814,NA,1.0052306294125322,NA
9874713,84,f ɯ d y c,5,-21.761233097918407,NA,-23.891747181935735,NA,-23.686632689099905,NA,1.1325830509681372,NA,1.1326353404889125,NA,1.0056072670834837,NA,1.0055261372591189,NA
9874713,66,c e d͡ʒ e t͡ʃ,5,-20.132543384729967,NA,-Inf,NA,-23.078955930544776,NA,1.3025086740061806,NA,1.30225682196575,NA,1.007703124650714,NA,1.0074974497629463,NA
9874713,32,n i m ø h,5,-17.836768146508483,NA,-23.90398304309107,NA,-23.591272132676064,NA,1.1712000775717255,NA,1.171182741587048,NA,1.0073974584829106,NA,1.0072250641442173,NA
9874713,29,ɟ ø ʒ ɯ ʒ,5,-28.802367630859823,NA,-Inf,NA,-33.852506245096116,NA,1.0750793759745922,NA,1.075228524021754,NA,1,1,1.0002179098838746,1
9874713,42,ɫ a g u v,5,-17.315515257959518,NA,-22.20438998670757,NA,-22.1942114842724,NA,1.3402216073124982,NA,1.3399090365344333,NA,1.0047777004065963,NA,1.0047377633341297,NA
9874713,12,l i ʒ u v,5,-21.791901518688565,NA,-27.90170599209823,NA,-27.610340559309456,NA,1.1474829849634645,NA,1.1475039403773133,NA,1.0007835188902832,NA,1.000955566256444,NA
9874713,0,b a ʒ i n,5,-17.80349425450386,NA,-14.791020439297638,NA,-14.925564091251209,NA,1.5193623891917725,NA,1.518711994390168,NA,1.0328627171294904,NA,1.0312294576154004,NA
9874713,63,k o ɾ o n,5,-16.15929758860058,NA,-13.868409821172923,NA,-13.895071028995217,NA,1.4086622883685636,NA,1.408210172854805,NA,1.0325528233779742,NA,1.030997388207983,NA
9874713,0,v ɯ ʒ o h,5,-21.714556093501535,NA,-Inf,NA,-27.904550653039433,NA,1.1066262553279758,NA,1.1067194621758885,NA,1.0002707972270364,NA,1.000474478028374,NA
9874713,0,ɫ o h ɯ v,5,-18.378732324942018,NA,-24.946669907437375,NA,-24.8696524175722,NA,1.1710082034448943,NA,1.1709872550102671,NA,1.002896280390419,NA,1.0029605848662049,NA
9874713,71,m y d͡ʒ y z,5,-19.055770045147348,NA,-15.489145500909974,NA,-15.51914804312365,NA,1.2205470790782769,NA,1.2204412615879323,NA,1.0297516825712627,NA,1.028399004052331,NA
9874713,57,d͡ʒ o c y c,5,-25.0483878241706,NA,-Inf,NA,-30.473206137592207,NA,1.1081996356577295,NA,1.108294413751327,NA,1.0006613125519153,NA,1.000843800829829,NA
9874713,46,g a v e n,5,-16.239688851845823,NA,-13.908186943802582,NA,-13.954428963263789,NA,1.5116455492031928,NA,1.51100876623818,NA,1.0347739691193514,NA,1.033012423159234,NA
9874713,7,d͡ʒ o ʒ o ʒ,5,-24.480705050348092,NA,-23.65144193577017,NA,-23.604853465371203,NA,1.1063477027090305,NA,1.1064455731324747,NA,1.0009007487476005,NA,1.0010693101437411,NA
9874713,25,g ɯ ʒ ɯ f,5,-21.788275067767113,NA,-Inf,NA,-25.430059507970466,NA,1.155577346931862,NA,1.155582793730333,NA,1.0034694890371534,NA,1.0034952632757648,NA
9874713,95,b e t͡ʃ ø z,5,-19.558563039794212,NA,-16.45022001700887,NA,-16.488509727521837,NA,1.2699076960082727,NA,1.2697183110910075,NA,1.015705436550192,NA,1.0150951236806631,NA
9874713,78,g a m y z,5,-17.355373317181197,NA,-14.240338449458276,NA,-14.287440891901769,NA,1.3908659418471938,NA,1.390465006547887,NA,1.0224670797058462,NA,1.02149027043917,NA
9874713,59,ɫ o t i v,5,-16.623572496331185,NA,-21.45944618243926,NA,-21.45667533842388,NA,1.270720527524629,NA,1.2705211729498675,NA,1.0235566532375455,NA,1.0224757433127067,NA
9874713,56,ɫ o v ø c,5,-22.706813314753763,NA,-Inf,NA,-29.908765850171065,NA,1.1103538449370305,NA,1.1104464091915205,NA,1.0030937070231545,NA,1.0031487260784029,NA
9874713,55,m y ʒ i l,5,-20.891058437119632,NA,-18.275024894086325,NA,-18.26894174408407,NA,1.2897352362290226,NA,1.2895048394454542,NA,1.0287321730069334,NA,1.0274260236712516,NA
9875821,14,n u ʒ o h,5,-20.647758491408347,NA,-26.42840069407047,NA,-26.092665911065804,NA,1.120706350697388,NA,1.120775199867318,NA,1.0008134367287314,NA,1.0009885521090411,NA
9875821,36,n u g a v,5,-17.32641256884868,NA,-22.17862386284786,NA,-22.142492609172585,NA,1.295558300366401,NA,1.2953096832430069,NA,1.0097861339305134,NA,1.0094276480806197,NA
9875821,35,l y l e j,5,-19.772550808587734,NA,-Inf,NA,-29.111148377195256,NA,1.2167590941862367,NA,1.2166514635372478,NA,1.0045229064430488,NA,1.0044630064259272,NA
9875821,64,ɫ o t͡ʃ a v,5,-17.38102037177355,NA,-22.221171339417307,NA,-22.17471603733289,NA,1.2912051431600686,NA,1.2909639988175745,NA,1.0104683496161708,NA,1.010075153889148,NA
9875821,0,b e ʒ ɯ z,5,-19.881988712701524,NA,-20.15074841057007,NA,-19.602322161163336,NA,1.3088813810464754,NA,1.308620171979486,NA,1.014317355661407,NA,1.0137690028078854,NA
9875821,23,b e ʒ i l,5,-20.157665035921532,NA,-17.87290940676915,NA,-18.003973266743422,NA,1.3606430151485247,NA,1.3602899179920174,NA,1.0147080117893146,NA,1.0141386071612013,NA
9875821,0,n u m ø s,5,-18.01717804587876,NA,-23.274555968238037,NA,-23.130003427749006,NA,1.1671298407351371,NA,1.1671135968518798,NA,1.005615073673373,NA,1.005536090751645,NA
9875821,62,ɫ a g u v,5,-17.315515257959518,NA,-22.20438998670757,NA,-22.1942114842724,NA,1.3402216073124982,NA,1.3399090365344333,NA,1.0047777004065963,NA,1.0047377633341297,NA
9875821,76,m y ɾ ɯ ɾ,5,-15.856481481342133,NA,-12.944319591547218,NA,-12.972778988107237,NA,1.435298597005871,NA,1.434796547206406,NA,1.053819451965324,NA,1.0510915726346128,NA
9875821,29,b i d͡ʒ ɯ z,5,-18.017662927348493,NA,-14.765156156833983,NA,-14.806093842831208,NA,1.2350324649864008,NA,1.2348988853670513,NA,1.0156682860234614,NA,1.0150462915601737,NA
9875821,0,f u ʒ ɯ ʒ,5,-23.9166248803383,NA,-Inf,NA,-28.2987368958237,NA,1.1450967257617637,NA,1.1451247551929438,NA,1.000975915064953,NA,1.0011424929957409,NA
9875821,89,t e k o n,5,-14.998265880403986,NA,-12.987925813400334,NA,-13.012766174055423,NA,1.404395408692991,NA,1.4039515023966052,NA,1.0462338914653162,NA,1.043960708572914,NA
9875821,37,m y d͡ʒ y z,5,-19.055770045147348,NA,-15.489145500909974,NA,-15.51914804312365,NA,1.2205470790782769,NA,1.2204412615879323,NA,1.0297516825712627,NA,1.028399004052331,NA
9875821,0,n i m ɯ h,5,-16.125521349527286,NA,-21.514654728099533,NA,-21.48267679386988,NA,1.221402368300542,NA,1.2212936567795851,NA,1.008105939127622,NA,1.0078930238188846,NA
9875821,74,f ɯ d y c,5,-21.761233097918407,NA,-23.891747181935735,NA,-23.686632689099905,NA,1.1325830509681372,NA,1.1326353404889125,NA,1.0056072670834837,NA,1.0055261372591189,NA
9875821,78,b a j o p,5,-17.147287610817873,NA,-14.064023784516072,NA,-14.101916418410518,NA,1.4125267904421874,NA,1.4120889097497351,NA,1.0381955836146763,NA,1.0363910290645393,NA
9875821,25,ɫ o v ø c,5,-22.706813314753763,NA,-Inf,NA,-29.908765850171065,NA,1.1103538449370305,NA,1.1104464091915205,NA,1.0030937070231545,NA,1.0031487260784029,NA
9875821,30,k ɯ ɟ e h,5,-20.35414713041565,NA,-Inf,NA,-22.976968237654425,NA,1.283235141884312,NA,1.2830152250357565,NA,1.015169372438029,NA,1.0145770800961191,NA
9875821,70,ɟ i f e ʒ,5,-23.50725783914693,NA,-25.179036508558365,NA,-24.87841662264246,NA,1.2121684741836356,NA,1.2120754128304632,NA,1.0053026957384814,NA,1.0052306294125322,NA
9875821,71,g a m y z,5,-17.355373317181197,NA,-14.240338449458276,NA,-14.287440891901769,NA,1.3908659418471938,NA,1.390465006547887,NA,1.0224670797058462,NA,1.02149027043917,NA
9875821,23,l y l y c,5,-24.087338776513203,NA,-Inf,NA,-33.35849160319946,NA,1.1135850424096871,NA,1.1136703680544862,NA,1.000610288249374,NA,1.0007953005759365,NA
9875821,0,g ɯ ɟ ø ʒ,5,-26.888884788763463,NA,-Inf,NA,-25.491689893774726,NA,1.0923427028145285,NA,1.0924665333420214,NA,1.0025458422833493,NA,1.0026299630393898,NA
9875821,27,v ø l e c,5,-23.323793740357537,NA,-Inf,NA,-33.17836619636902,NA,1.1573076239641735,NA,1.1573097966742572,NA,1.000652103032279,NA,1.0008291941922065,NA
9875821,0,ɟ i ʒ a ʒ,5,-25.070573459054387,NA,-28.408200172943992,NA,-28.11389151899236,NA,1.2792842518640677,NA,1.2790676617380563,NA,1.001614798833574,NA,1.0017356621916462,NA
9875821,14,v ɯ c i c,5,-23.489154875537356,NA,-Inf,NA,-31.50043512796986,NA,1.1869854330618432,NA,1.186935765181287,NA,1.000596848743176,NA,1.0007801201825397,NA
9875821,30,l e ʒ a v,5,-20.032673267265825,NA,-26.44332906685423,NA,-26.14940301912727,NA,1.3816363028138647,NA,1.381238823618678,NA,1.0061260075164613,NA,1.0059671413264173,NA
9875821,0,f u ʒ u ʒ,5,-24.131491850813127,NA,-24.668253654298645,NA,-24.46144519601823,NA,1.1352955974923469,NA,1.135341466415286,NA,1.000975915064953,NA,1.0011424929957409,NA
9875821,0,ɟ ø ʒ a ʒ,5,-27.45584167623776,NA,-Inf,NA,-28.658578991412625,NA,1.2132638879125943,NA,1.2131615198695442,NA,1.0012877520658865,NA,1.001425904834909,NA
9875821,79,t ø ɾ i n,5,-16.410405147059684,NA,-14.831918462189485,NA,-14.86886634674382,NA,1.4208089522804974,NA,1.420327529748208,NA,1.0291017054180784,NA,1.0276334200937636,NA
9875821,41,ɫ a m ɯ j,5,-15.11857151857796,NA,-20.33622952955124,NA,-20.330363342345912,NA,1.4001995331332835,NA,1.3997789734141448,NA,1.017897430130006,NA,1.0171616356786684,NA
9875821,65,g u m y z,5,-18.91676624227809,NA,-15.093972479028997,NA,-15.137149639038482,NA,1.1894469643775232,NA,1.189394504817783,NA,1.0080570007044969,NA,1.0078402676416895,NA
9875821,67,m y z a z,5,-16.873733531508663,NA,-13.8813816786833,NA,-13.92028821240666,NA,1.414095539116758,NA,1.4136394572206412,NA,1.046379285868822,NA,1.044078620549693,NA
9875821,24,l ø ʒ u v,5,-24.17716973587194,NA,-Inf,NA,-28.848175212289668,NA,1.0814626210119913,NA,1.0815977985088008,NA,1.0004564721225957,NA,1.0006458088997068,NA
9875821,75,ɫ a l e ɾ,5,-15.163099753645444,NA,-19.935814013412394,NA,-19.576163843490317,NA,1.474127120354203,NA,1.473554395483853,NA,1.0201936391485853,NA,1.0192033602125234,NA
9875821,40,t͡ʃ ø j o p,5,-20.761162543399134,NA,-16.85312947192674,NA,-16.895892356598512,NA,1.1297760413577145,NA,1.129827321681991,NA,1.0043570596970908,NA,1.004335423634715,NA
9875821,89,m e t e ɾ,5,-13.722605695771906,NA,-12.003654907782868,NA,-12.023346713937531,NA,1.5195622914746405,NA,1.518910401773783,NA,1.0525880770319855,NA,1.0498613480187184,NA
9875821,25,n ø m ø h,5,-20.22203636369186,NA,-27.127441990238378,NA,-26.772419935381528,NA,1.1051797136202524,NA,1.1052765997185356,NA,1.001638791460164,NA,1.00176987702246,NA
9875821,80,g o d͡ʒ ɯ z,5,-19.770537868401828,NA,-17.17904521923025,NA,-17.19916861874007,NA,1.1826737683633608,NA,1.1826307514407104,NA,1.0041826517558374,NA,1.004164363663955,NA
9875821,83,ɫ o t i v,5,-16.623572496331185,NA,-21.45944618243926,NA,-21.45667533842388,NA,1.270720527524629,NA,1.2705211729498675,NA,1.0235566532375455,NA,1.0224757433127067,NA
9875821,1,v ɯ ʒ o ʒ,5,-24.09804256484363,NA,-Inf,NA,-26.60448713952874,NA,1.094757980140496,NA,1.0948759012986842,NA,1.0004664281367202,NA,1.0006578633208734,NA
9875821,0,b u m y ʒ,5,-20.634597061276835,NA,-17.453026450842174,NA,-17.43947379466699,NA,1.203816110471337,NA,1.2037447179670484,NA,1.013503908131295,NA,1.0130055541759393,NA
9875821,79,g ɯ d͡ʒ ɯ ʃ,5,-19.48982961121296,NA,-15.852311354959165,NA,-15.901866630957937,NA,1.1748084006569268,NA,1.1747780038271325,NA,1.0097080569984351,NA,1.0093543709655342,NA
9875821,72,b i f i z,5,-17.367817790823707,NA,-14.539143873848408,NA,-14.5814801904761,NA,1.3006774174319915,NA,1.300424750199676,NA,1.0215979149021732,NA,1.0206250474382526,NA
9875821,29,n ɯ c y c,5,-23.384060766098123,NA,-Inf,NA,-30.852354594073574,NA,1.099749800486337,NA,1.0998591993321496,NA,1.0003901669756716,NA,1.0005869200881068,NA
9875821,43,c e d͡ʒ e t͡ʃ,5,-20.132543384729967,NA,-Inf,NA,-23.078955930544776,NA,1.3025086740061806,NA,1.30225682196575,NA,1.007703124650714,NA,1.0074974497629463,NA
9875821,66,b e t͡ʃ ø z,5,-19.558563039794212,NA,-16.45022001700887,NA,-16.488509727521837,NA,1.2699076960082727,NA,1.2697183110910075,NA,1.015705436550192,NA,1.0150951236806631,NA
9875821,74,ɟ ø ɟ y ʃ,5,-28.382025596923334,NA,-Inf,NA,-27.273964274617327,NA,1.06451562774906,NA,1.064678843072776,NA,1.0016113280727483,NA,1.001729331617179,NA
9875821,24,m y ʒ i l,5,-20.891058437119632,NA,-18.275024894086325,NA,-18.26894174408407,NA,1.2897352362290226,NA,1.2895048394454542,NA,1.0287321730069334,NA,1.0274260236712516,NA
9875821,13,b e ʒ y z,5,-20.38453775562813,NA,-17.968651889022336,NA,-17.963773735189676,NA,1.2791360964148726,NA,1.278929028131013,NA,1.0135348320226718,NA,1.0130354616378874,NA
9875821,100,g a v e n,5,-16.239688851845823,NA,-13.908186943802582,NA,-13.954428963263789,NA,1.5116455492031928,NA,1.51100876623818,NA,1.0347739691193514,NA,1.033012423159234,NA
9875821,34,ɟ e g u j,5,-21.813613758746683,NA,-Inf,NA,-27.77270366778515,NA,1.2429834228927066,NA,1.2428362044265289,NA,1.0016771227161092,NA,1.0018008835043444,NA
9875821,0,l ø ʒ ɯ v,5,-23.962302765397112,NA,-Inf,NA,-31.445776025167124,NA,1.0912637492814083,NA,1.0913810872864589,NA,1.000065210303228,NA,1.0002790383147078,NA
9875821,27,b u j o ʒ,5,-21.05836231257191,NA,-17.548890057056813,NA,-17.6640692648367,NA,1.1951964989849069,NA,1.19514022750294,NA,1.009795703059727,NA,1.0094933961448156,NA
9875821,100,b e d͡ʒ y z,5,-18.322376643949248,NA,-15.50382960677507,NA,-15.540572147404909,NA,1.291454857997779,NA,1.2912263401344954,NA,1.017144724013624,NA,1.0164538694214755,NA
9875821,30,g o ɟ e ʒ,5,-24.70734295733524,NA,-Inf,NA,-24.892441184593736,NA,1.206949659858697,NA,1.2068658496110196,NA,1.0013992346140868,NA,1.0015409476057728,NA
9875821,0,n ɯ g u v,5,-18.672938523470744,NA,-24.97225112201225,NA,-24.798231194095607,NA,1.1366324521867113,NA,1.1366721183407424,NA,1.0015222117456346,NA,1.001653631447348,NA
9875821,66,f u c e c,5,-23.511463576787175,NA,-Inf,NA,-29.336731806601904,NA,1.199259331683282,NA,1.1991890556832483,NA,1.0015190025080027,NA,1.0016505248518268,NA
9875821,61,d͡ʒ a m a ʒ,5,-17.752742677818908,NA,-17.085266867347194,NA,-17.226367434005237,NA,1.5259583015742766,NA,1.5253144134357843,NA,1.0324208128726595,NA,1.0308841077133883,NA
9875821,70,ɟ y ɟ ø z,5,-28.261172142031192,NA,-Inf,NA,-27.202076859131157,NA,1.0923810950775177,NA,1.0924989300689334,NA,1.0002501387042984,NA,1.0004529214024969,NA
9875821,71,v i ɟ y ʒ,5,-24.876386571500724,NA,-25.881186525811604,NA,-25.267184291001364,NA,1.12770092152038,NA,1.1277617239351925,NA,1.0024086378704609,NA,1.0024984923228988,NA
9875821,29,v ø l y j,5,-21.757817351341345,NA,-Inf,NA,-31.916689215783485,NA,1.0935205953372813,NA,1.0936337054213383,NA,1.0001956309096838,NA,1.000401295176374,NA
9875821,43,d͡ʒ o c y c,5,-25.0483878241706,NA,-Inf,NA,-30.473206137592207,NA,1.1081996356577295,NA,1.108294413751327,NA,1.0006613125519153,NA,1.000843800829829,NA
9875821,39,n y n o s,5,-16.90203561488304,NA,-20.70390771506508,NA,-20.701328454444155,NA,1.2163205673403334,NA,1.2162172370270818,NA,1.00936206536363,NA,1.0090732790913943,NA
9875821,60,j a c ø t͡ʃ,5,-21.596104374841666,NA,-Inf,NA,-22.599644393527782,NA,1.31698528948836,NA,1.316717900772158,NA,1.0178198509358245,NA,1.0171013441808128,NA
9875821,0,b ø d͡ʒ o ʒ,5,-23.199615484381773,NA,-22.946734860541916,NA,-22.872071478740505,NA,1.121083185876453,NA,1.121155460851373,NA,1.0015584369695272,NA,1.0016920324034493,NA
9875821,30,b a ʒ i n,5,-17.80349425450386,NA,-14.791020439297638,NA,-14.925564091251209,NA,1.5193623891917725,NA,1.518711994390168,NA,1.0328627171294904,NA,1.0312294576154004,NA
9875821,34,b u ʒ i z,5,-20.2946910095022,NA,-18.014965986359083,NA,-17.95706711599841,NA,1.2623842333719226,NA,1.262198009872272,NA,1.0123552595503351,NA,1.01187554012336,NA
9875821,39,n i l e s,5,-16.331548266468857,NA,-22.702137034627185,NA,-22.335041029784072,NA,1.2559429323718037,NA,1.2557640746194505,NA,1.0105370402756846,NA,1.01014499607184,NA
9875821,17,l i v o h,5,-19.595109788952644,NA,-27.49272636985236,NA,-27.15263118582112,NA,1.1574639446613604,NA,1.1574688518675773,NA,1.0022967539016463,NA,1.0023928574967222,NA
9875821,100,k o ɾ o n,5,-16.15929758860058,NA,-13.868409821172923,NA,-13.895071028995217,NA,1.4086622883685636,NA,1.408210172854805,NA,1.0325528233779742,NA,1.030997388207983,NA
9875821,27,ɟ y ʒ ɯ ʒ,5,-27.593669876805233,NA,-Inf,NA,-32.54585594703615,NA,1.1262058924390637,NA,1.1262665863054913,NA,1.0001090155892292,NA,1.0003211623361203,NA
9875821,81,t ø l e ɾ,5,-18.092071394057463,NA,-Inf,NA,-23.47218345961383,NA,1.2904993682381145,NA,1.29024438545329,NA,1.015354289300933,NA,1.0146192543931714,NA
9875821,0,ɟ ø ʒ ɯ ʒ,5,-28.802367630859823,NA,-Inf,NA,-33.852506245096116,NA,1.0750793759745922,NA,1.075228524021754,NA,1,1,1.0002179098838746,1
9875821,69,n u c e c,5,-22.224521947118312,NA,-Inf,NA,-30.235545793839655,NA,1.1941705486603285,NA,1.1941090729768065,NA,1.001356524171781,NA,1.0014965839651273,NA
9875821,25,n i m ø h,5,-17.836768146508483,NA,-23.90398304309107,NA,-23.591272132676064,NA,1.1712000775717255,NA,1.171182741587048,NA,1.0073974584829106,NA,1.0072250641442173,NA
9875821,0,n e m ɯ v,5,-16.2679106094412,NA,-21.623136884117503,NA,-21.602958834317167,NA,1.3065266810918763,NA,1.3062710632304733,NA,1.0163019738273251,NA,1.015657700859542,NA
9875821,31,n ɯ c e c,5,-22.009654976643485,NA,-Inf,NA,-30.90854985906133,NA,1.183230340688058,NA,1.18318779269999,NA,1.0009770597047227,NA,1.0011370759656055,NA
9875821,19,m y p o ʒ,5,-21.062384677092385,NA,-17.12481314942236,NA,-17.238674158015545,NA,1.217353092070428,NA,1.2172586661563085,NA,1.030554594624349,NA,1.0291606916538274,NA
9875821,76,m y k u ɾ,5,-16.16672959638731,NA,-13.647288442981042,NA,-13.67480354663754,NA,1.3486959861244403,NA,1.348345503504382,NA,1.040908137079269,NA,1.0388933343742264,NA
9875821,0,v ɯ ʒ o h,5,-21.714556093501535,NA,-Inf,NA,-27.904550653039433,NA,1.1066262553279758,NA,1.1067194621758885,NA,1.0002707972270364,NA,1.000474478028374,NA
9875821,78,ɫ o c e j,5,-19.459937199364497,NA,-Inf,NA,-26.8066540964721,NA,1.2048232326919666,NA,1.2047363825587754,NA,1.0060903952169935,NA,1.0059482882890152,NA
9875821,100,m y z e l,5,-18.29810048302488,NA,-15.36637665199515,NA,-15.417853706543786,NA,1.320777681509878,NA,1.3204937774894725,NA,1.0382974481087792,NA,1.0364788587481613,NA
9875821,0,b u j ɯ ʒ,5,-20.656800600490904,NA,-Inf,NA,-21.416780472527225,NA,1.226366366213809,NA,1.226253360999328,NA,1.012563203952425,NA,1.0121097739492848,NA
9875821,16,ɫ a ʒ ɯ ʒ,5,-21.057393014683385,NA,-Inf,NA,-26.41048458696313,NA,1.3326568898923266,NA,1.3323604104033762,NA,1.0026538128249567,NA,1.0027322776999663,NA
9875821,0,ɫ o h ɯ v,5,-18.378732324942018,NA,-24.946669907437375,NA,-24.8696524175722,NA,1.1710082034448943,NA,1.1709872550102671,NA,1.002896280390419,NA,1.0029605848662049,NA
9875821,100,g ɯ ʃ a n,5,-16.88053831059943,NA,-13.952848512019289,NA,-13.993863814055455,NA,1.3804651524522582,NA,1.3800477574614127,NA,1.0360723486113332,NA,1.0341140599250127,NA
9875821,66,k a m y ɾ,5,-14.60533667129042,NA,-12.566891947703592,NA,-12.592572980919178,NA,1.5244462014259983,NA,1.5237936084044486,NA,1.062697489208468,NA,1.0595720312963168,NA
9875821,39,g ɯ ʒ ɯ f,5,-21.788275067767113,NA,-Inf,NA,-25.430059507970466,NA,1.155577346931862,NA,1.155582793730333,NA,1.0034694890371534,NA,1.0034952632757648,NA
9875821,22,l i ʒ o h,5,-21.63837167405498,NA,-29.2969489690406,NA,-28.811359959835062,NA,1.1271576108556265,NA,1.1272152878236117,NA,1.0003270467676877,NA,1.0005276672406118,NA
9875821,21,ɟ i ɟ y c,5,-28.50437427410517,NA,-34.16680202918272,NA,-32.967862578483974,NA,1.110255587396653,NA,1.110346812233538,NA,1.000231209196349,NA,1.000436132364972,NA
9875821,72,b e j o p,5,-17.621956818911904,NA,-14.710265369997016,NA,-14.747288468151918,NA,1.318235195988115,NA,1.3179604495421229,NA,1.023964703711502,NA,1.0229099718204642,NA
9875821,0,d͡ʒ o ʒ o ʒ,5,-24.480705050348092,NA,-23.65144193577017,NA,-23.604853465371203,NA,1.1063477027090305,NA,1.1064455731324747,NA,1.0009007487476005,NA,1.0010693101437411,NA
9875821,0,h a j o ʒ,5,-19.70425756699943,NA,-16.051747969710995,NA,-16.174734890728512,NA,1.375285896549857,NA,1.374918035761362,NA,1.0416275407035844,NA,1.0396478965275615,NA
9875821,12,d͡ʒ o t͡ʃ u ʒ,5,-22.25933783885341,NA,-25.407920618685885,NA,-25.226670777169343,NA,1.1389450473591287,NA,1.1389844721552644,NA,1.001545014340632,NA,1.0016802565901464,NA
9875821,0,l i ʒ u v,5,-21.791901518688565,NA,-27.90170599209823,NA,-27.610340559309456,NA,1.1474829849634645,NA,1.1475039403773133,NA,1.0007835188902832,NA,1.000955566256444,NA
9875821,0,b o ʒ y z,5,-21.657956214237167,NA,-17.8013111360532,NA,-17.796202222359895,NA,1.1717379161722383,NA,1.1717166578887983,NA,1.0080619412428775,NA,1.0078502843412198,NA
9877910,19,b e j o p,5,-17.621956818911904,NA,-14.710265369997016,NA,-14.747288468151918,NA,1.318235195988115,NA,1.3179604495421229,NA,1.023964703711502,NA,1.0229099718204642,NA
9877910,75,m y p o ʒ,5,-21.062384677092385,NA,-17.12481314942236,NA,-17.238674158015545,NA,1.217353092070428,NA,1.2172586661563085,NA,1.030554594624349,NA,1.0291606916538274,NA
9877910,72,m y d͡ʒ y z,5,-19.055770045147348,NA,-15.489145500909974,NA,-15.51914804312365,NA,1.2205470790782769,NA,1.2204412615879323,NA,1.0297516825712627,NA,1.028399004052331,NA
9877910,12,n ɯ c e c,5,-22.009654976643485,NA,-Inf,NA,-30.90854985906133,NA,1.183230340688058,NA,1.18318779269999,NA,1.0009770597047227,NA,1.0011370759656055,NA
9877910,26,v ø l e c,5,-23.323793740357537,NA,-Inf,NA,-33.17836619636902,NA,1.1573076239641735,NA,1.1573097966742572,NA,1.000652103032279,NA,1.0008291941922065,NA
9877910,30,g u m y z,5,-18.91676624227809,NA,-15.093972479028997,NA,-15.137149639038482,NA,1.1894469643775232,NA,1.189394504817783,NA,1.0080570007044969,NA,1.0078402676416895,NA
9877910,29,k ɯ ɟ e h,5,-20.35414713041565,NA,-Inf,NA,-22.976968237654425,NA,1.283235141884312,NA,1.2830152250357565,NA,1.015169372438029,NA,1.0145770800961191,NA
9877910,51,d͡ʒ o t͡ʃ u ʒ,5,-22.25933783885341,NA,-25.407920618685885,NA,-25.226670777169343,NA,1.1389450473591287,NA,1.1389844721552644,NA,1.001545014340632,NA,1.0016802565901464,NA
9877910,21,v i ɟ y ʒ,5,-24.876386571500724,NA,-25.881186525811604,NA,-25.267184291001364,NA,1.12770092152038,NA,1.1277617239351925,NA,1.0024086378704609,NA,1.0024984923228988,NA
9877910,72,b i f i z,5,-17.367817790823707,NA,-14.539143873848408,NA,-14.5814801904761,NA,1.3006774174319915,NA,1.300424750199676,NA,1.0215979149021732,NA,1.0206250474382526,NA
9877910,50,n u m ø s,5,-18.01717804587876,NA,-23.274555968238037,NA,-23.130003427749006,NA,1.1671298407351371,NA,1.1671135968518798,NA,1.005615073673373,NA,1.005536090751645,NA
9877910,18,f u ʒ ɯ ʒ,5,-23.9166248803383,NA,-Inf,NA,-28.2987368958237,NA,1.1450967257617637,NA,1.1451247551929438,NA,1.000975915064953,NA,1.0011424929957409,NA
9877910,0,g o ɟ e ʒ,5,-24.70734295733524,NA,-Inf,NA,-24.892441184593736,NA,1.206949659858697,NA,1.2068658496110196,NA,1.0013992346140868,NA,1.0015409476057728,NA
9877910,12,n y n o s,5,-16.90203561488304,NA,-20.70390771506508,NA,-20.701328454444155,NA,1.2163205673403334,NA,1.2162172370270818,NA,1.00936206536363,NA,1.0090732790913943,NA
9877910,15,b e ʒ y z,5,-20.38453775562813,NA,-17.968651889022336,NA,-17.963773735189676,NA,1.2791360964148726,NA,1.278929028131013,NA,1.0135348320226718,NA,1.0130354616378874,NA
9877910,93,m e t e ɾ,5,-13.722605695771906,NA,-12.003654907782868,NA,-12.023346713937531,NA,1.5195622914746405,NA,1.518910401773783,NA,1.0525880770319855,NA,1.0498613480187184,NA
9877910,92,k o ɾ o n,5,-16.15929758860058,NA,-13.868409821172923,NA,-13.895071028995217,NA,1.4086622883685636,NA,1.408210172854805,NA,1.0325528233779742,NA,1.030997388207983,NA
9877910,49,m y k u ɾ,5,-16.16672959638731,NA,-13.647288442981042,NA,-13.67480354663754,NA,1.3486959861244403,NA,1.348345503504382,NA,1.040908137079269,NA,1.0388933343742264,NA
9877910,25,j a c ø t͡ʃ,5,-21.596104374841666,NA,-Inf,NA,-22.599644393527782,NA,1.31698528948836,NA,1.316717900772158,NA,1.0178198509358245,NA,1.0171013441808128,NA
9877910,74,b ø d͡ʒ o ʒ,5,-23.199615484381773,NA,-22.946734860541916,NA,-22.872071478740505,NA,1.121083185876453,NA,1.121155460851373,NA,1.0015584369695272,NA,1.0016920324034493,NA
9877910,82,t e k o n,5,-14.998265880403986,NA,-12.987925813400334,NA,-13.012766174055423,NA,1.404395408692991,NA,1.4039515023966052,NA,1.0462338914653162,NA,1.043960708572914,NA
9877910,23,n u g a v,5,-17.32641256884868,NA,-22.17862386284786,NA,-22.142492609172585,NA,1.295558300366401,NA,1.2953096832430069,NA,1.0097861339305134,NA,1.0094276480806197,NA
9877910,72,k a m y ɾ,5,-14.60533667129042,NA,-12.566891947703592,NA,-12.592572980919178,NA,1.5244462014259983,NA,1.5237936084044486,NA,1.062697489208468,NA,1.0595720312963168,NA
9877910,2,n u ʒ o h,5,-20.647758491408347,NA,-26.42840069407047,NA,-26.092665911065804,NA,1.120706350697388,NA,1.120775199867318,NA,1.0008134367287314,NA,1.0009885521090411,NA
9877910,73,b a ʒ i n,5,-17.80349425450386,NA,-14.791020439297638,NA,-14.925564091251209,NA,1.5193623891917725,NA,1.518711994390168,NA,1.0328627171294904,NA,1.0312294576154004,NA
9877910,78,f ɯ d y c,5,-21.761233097918407,NA,-23.891747181935735,NA,-23.686632689099905,NA,1.1325830509681372,NA,1.1326353404889125,NA,1.0056072670834837,NA,1.0055261372591189,NA
9877910,19,g a v e n,5,-16.239688851845823,NA,-13.908186943802582,NA,-13.954428963263789,NA,1.5116455492031928,NA,1.51100876623818,NA,1.0347739691193514,NA,1.033012423159234,NA
9877910,22,ɟ i f e ʒ,5,-23.50725783914693,NA,-25.179036508558365,NA,-24.87841662264246,NA,1.2121684741836356,NA,1.2120754128304632,NA,1.0053026957384814,NA,1.0052306294125322,NA
9877910,50,ɫ a g u v,5,-17.315515257959518,NA,-22.20438998670757,NA,-22.1942114842724,NA,1.3402216073124982,NA,1.3399090365344333,NA,1.0047777004065963,NA,1.0047377633341297,NA
9877910,14,v ø l y j,5,-21.757817351341345,NA,-Inf,NA,-31.916689215783485,NA,1.0935205953372813,NA,1.0936337054213383,NA,1.0001956309096838,NA,1.000401295176374,NA
9877910,12,l y l e j,5,-19.772550808587734,NA,-Inf,NA,-29.111148377195256,NA,1.2167590941862367,NA,1.2166514635372478,NA,1.0045229064430488,NA,1.0044630064259272,NA
9877910,11,b e t͡ʃ ø z,5,-19.558563039794212,NA,-16.45022001700887,NA,-16.488509727521837,NA,1.2699076960082727,NA,1.2697183110910075,NA,1.015705436550192,NA,1.0150951236806631,NA
9877910,21,g o d͡ʒ ɯ z,5,-19.770537868401828,NA,-17.17904521923025,NA,-17.19916861874007,NA,1.1826737683633608,NA,1.1826307514407104,NA,1.0041826517558374,NA,1.004164363663955,NA
9877910,15,ɟ e g u j,5,-21.813613758746683,NA,-Inf,NA,-27.77270366778515,NA,1.2429834228927066,NA,1.2428362044265289,NA,1.0016771227161092,NA,1.0018008835043444,NA
9877910,17,ɟ ø ʒ a ʒ,5,-27.45584167623776,NA,-Inf,NA,-28.658578991412625,NA,1.2132638879125943,NA,1.2131615198695442,NA,1.0012877520658865,NA,1.001425904834909,NA
9877910,77,ɫ o t i v,5,-16.623572496331185,NA,-21.45944618243926,NA,-21.45667533842388,NA,1.270720527524629,NA,1.2705211729498675,NA,1.0235566532375455,NA,1.0224757433127067,NA
9877910,11,m y ʒ i l,5,-20.891058437119632,NA,-18.275024894086325,NA,-18.26894174408407,NA,1.2897352362290226,NA,1.2895048394454542,NA,1.0287321730069334,NA,1.0274260236712516,NA
9877910,79,m y z e l,5,-18.29810048302488,NA,-15.36637665199515,NA,-15.417853706543786,NA,1.320777681509878,NA,1.3204937774894725,NA,1.0382974481087792,NA,1.0364788587481613,NA
9877910,48,n e m ɯ v,5,-16.2679106094412,NA,-21.623136884117503,NA,-21.602958834317167,NA,1.3065266810918763,NA,1.3062710632304733,NA,1.0163019738273251,NA,1.015657700859542,NA
9877910,49,ɟ ø ɟ y ʃ,5,-28.382025596923334,NA,-Inf,NA,-27.273964274617327,NA,1.06451562774906,NA,1.064678843072776,NA,1.0016113280727483,NA,1.001729331617179,NA
9877910,7,ɫ a m ɯ j,5,-15.11857151857796,NA,-20.33622952955124,NA,-20.330363342345912,NA,1.4001995331332835,NA,1.3997789734141448,NA,1.017897430130006,NA,1.0171616356786684,NA
9877910,7,l ø ʒ ɯ v,5,-23.962302765397112,NA,-Inf,NA,-31.445776025167124,NA,1.0912637492814083,NA,1.0913810872864589,NA,1.000065210303228,NA,1.0002790383147078,NA
9877910,15,n i m ø h,5,-17.836768146508483,NA,-23.90398304309107,NA,-23.591272132676064,NA,1.1712000775717255,NA,1.171182741587048,NA,1.0073974584829106,NA,1.0072250641442173,NA
9877910,16,ɫ o c e j,5,-19.459937199364497,NA,-Inf,NA,-26.8066540964721,NA,1.2048232326919666,NA,1.2047363825587754,NA,1.0060903952169935,NA,1.0059482882890152,NA
9877910,20,g ɯ ʒ ɯ f,5,-21.788275067767113,NA,-Inf,NA,-25.430059507970466,NA,1.155577346931862,NA,1.155582793730333,NA,1.0034694890371534,NA,1.0034952632757648,NA
9877910,13,ɫ a ʒ ɯ ʒ,5,-21.057393014683385,NA,-Inf,NA,-26.41048458696313,NA,1.3326568898923266,NA,1.3323604104033762,NA,1.0026538128249567,NA,1.0027322776999663,NA
9877910,62,l i v o h,5,-19.595109788952644,NA,-27.49272636985236,NA,-27.15263118582112,NA,1.1574639446613604,NA,1.1574688518675773,NA,1.0022967539016463,NA,1.0023928574967222,NA
9877910,17,m y ɾ ɯ ɾ,5,-15.856481481342133,NA,-12.944319591547218,NA,-12.972778988107237,NA,1.435298597005871,NA,1.434796547206406,NA,1.053819451965324,NA,1.0510915726346128,NA
9877910,4,d͡ʒ o ʒ o ʒ,5,-24.480705050348092,NA,-23.65144193577017,NA,-23.604853465371203,NA,1.1063477027090305,NA,1.1064455731324747,NA,1.0009007487476005,NA,1.0010693101437411,NA
9877910,10,n ø m ø h,5,-20.22203636369186,NA,-27.127441990238378,NA,-26.772419935381528,NA,1.1051797136202524,NA,1.1052765997185356,NA,1.001638791460164,NA,1.00176987702246,NA
9877910,11,b a j o p,5,-17.147287610817873,NA,-14.064023784516072,NA,-14.101916418410518,NA,1.4125267904421874,NA,1.4120889097497351,NA,1.0381955836146763,NA,1.0363910290645393,NA
9877910,8,g ɯ ɟ ø ʒ,5,-26.888884788763463,NA,-Inf,NA,-25.491689893774726,NA,1.0923427028145285,NA,1.0924665333420214,NA,1.0025458422833493,NA,1.0026299630393898,NA
9877910,5,l i ʒ o h,5,-21.63837167405498,NA,-29.2969489690406,NA,-28.811359959835062,NA,1.1271576108556265,NA,1.1272152878236117,NA,1.0003270467676877,NA,1.0005276672406118,NA
9877910,5,b o ʒ y z,5,-21.657956214237167,NA,-17.8013111360532,NA,-17.796202222359895,NA,1.1717379161722383,NA,1.1717166578887983,NA,1.0080619412428775,NA,1.0078502843412198,NA
9877910,5,ɟ i ʒ a ʒ,5,-25.070573459054387,NA,-28.408200172943992,NA,-28.11389151899236,NA,1.2792842518640677,NA,1.2790676617380563,NA,1.001614798833574,NA,1.0017356621916462,NA
9877910,4,b u ʒ i z,5,-20.2946910095022,NA,-18.014965986359083,NA,-17.95706711599841,NA,1.2623842333719226,NA,1.262198009872272,NA,1.0123552595503351,NA,1.01187554012336,NA
9877910,5,l i ʒ u v,5,-21.791901518688565,NA,-27.90170599209823,NA,-27.610340559309456,NA,1.1474829849634645,NA,1.1475039403773133,NA,1.0007835188902832,NA,1.000955566256444,NA
9877910,5,g a m y z,5,-17.355373317181197,NA,-14.240338449458276,NA,-14.287440891901769,NA,1.3908659418471938,NA,1.390465006547887,NA,1.0224670797058462,NA,1.02149027043917,NA
9877910,5,n ɯ c y c,5,-23.384060766098123,NA,-Inf,NA,-30.852354594073574,NA,1.099749800486337,NA,1.0998591993321496,NA,1.0003901669756716,NA,1.0005869200881068,NA
9877910,5,v ɯ ʒ o h,5,-21.714556093501535,NA,-Inf,NA,-27.904550653039433,NA,1.1066262553279758,NA,1.1067194621758885,NA,1.0002707972270364,NA,1.000474478028374,NA
9877910,5,b e ʒ ɯ z,5,-19.881988712701524,NA,-20.15074841057007,NA,-19.602322161163336,NA,1.3088813810464754,NA,1.308620171979486,NA,1.014317355661407,NA,1.0137690028078854,NA
9877910,50,n i l e s,5,-16.331548266468857,NA,-22.702137034627185,NA,-22.335041029784072,NA,1.2559429323718037,NA,1.2557640746194505,NA,1.0105370402756846,NA,1.01014499607184,NA
9877910,5,h a j o ʒ,5,-19.70425756699943,NA,-16.051747969710995,NA,-16.174734890728512,NA,1.375285896549857,NA,1.374918035761362,NA,1.0416275407035844,NA,1.0396478965275615,NA
9877910,7,t ø ɾ i n,5,-16.410405147059684,NA,-14.831918462189485,NA,-14.86886634674382,NA,1.4208089522804974,NA,1.420327529748208,NA,1.0291017054180784,NA,1.0276334200937636,NA
9877910,2,f u c e c,5,-23.511463576787175,NA,-Inf,NA,-29.336731806601904,NA,1.199259331683282,NA,1.1991890556832483,NA,1.0015190025080027,NA,1.0016505248518268,NA
9877910,3,b e ʒ i l,5,-20.157665035921532,NA,-17.87290940676915,NA,-18.003973266743422,NA,1.3606430151485247,NA,1.3602899179920174,NA,1.0147080117893146,NA,1.0141386071612013,NA
9877910,4,v ɯ c i c,5,-23.489154875537356,NA,-Inf,NA,-31.50043512796986,NA,1.1869854330618432,NA,1.186935765181287,NA,1.000596848743176,NA,1.0007801201825397,NA
9877910,49,d͡ʒ o c y c,5,-25.0483878241706,NA,-Inf,NA,-30.473206137592207,NA,1.1081996356577295,NA,1.108294413751327,NA,1.0006613125519153,NA,1.000843800829829,NA
9877910,6,ɟ y ʒ ɯ ʒ,5,-27.593669876805233,NA,-Inf,NA,-32.54585594703615,NA,1.1262058924390637,NA,1.1262665863054913,NA,1.0001090155892292,NA,1.0003211623361203,NA
9877910,3,b u j ɯ ʒ,5,-20.656800600490904,NA,-Inf,NA,-21.416780472527225,NA,1.226366366213809,NA,1.226253360999328,NA,1.012563203952425,NA,1.0121097739492848,NA
9877910,50,t ø l e ɾ,5,-18.092071394057463,NA,-Inf,NA,-23.47218345961383,NA,1.2904993682381145,NA,1.29024438545329,NA,1.015354289300933,NA,1.0146192543931714,NA
9877910,5,ɫ o v ø c,5,-22.706813314753763,NA,-Inf,NA,-29.908765850171065,NA,1.1103538449370305,NA,1.1104464091915205,NA,1.0030937070231545,NA,1.0031487260784029,NA
9877910,59,ɟ y ɟ ø z,5,-28.261172142031192,NA,-Inf,NA,-27.202076859131157,NA,1.0923810950775177,NA,1.0924989300689334,NA,1.0002501387042984,NA,1.0004529214024969,NA
9877910,5,ɟ i ɟ y c,5,-28.50437427410517,NA,-34.16680202918272,NA,-32.967862578483974,NA,1.110255587396653,NA,1.110346812233538,NA,1.000231209196349,NA,1.000436132364972,NA
9877910,6,c e d͡ʒ e t͡ʃ,5,-20.132543384729967,NA,-Inf,NA,-23.078955930544776,NA,1.3025086740061806,NA,1.30225682196575,NA,1.007703124650714,NA,1.0074974497629463,NA
9877910,4,b u m y ʒ,5,-20.634597061276835,NA,-17.453026450842174,NA,-17.43947379466699,NA,1.203816110471337,NA,1.2037447179670484,NA,1.013503908131295,NA,1.0130055541759393,NA
9877910,5,g ɯ ʃ a n,5,-16.88053831059943,NA,-13.952848512019289,NA,-13.993863814055455,NA,1.3804651524522582,NA,1.3800477574614127,NA,1.0360723486113332,NA,1.0341140599250127,NA
9877910,12,d͡ʒ a m a ʒ,5,-17.752742677818908,NA,-17.085266867347194,NA,-17.226367434005237,NA,1.5259583015742766,NA,1.5253144134357843,NA,1.0324208128726595,NA,1.0308841077133883,NA
9877910,7,b i d͡ʒ ɯ z,5,-18.017662927348493,NA,-14.765156156833983,NA,-14.806093842831208,NA,1.2350324649864008,NA,1.2348988853670513,NA,1.0156682860234614,NA,1.0150462915601737,NA
9877910,3,n u c e c,5,-22.224521947118312,NA,-Inf,NA,-30.235545793839655,NA,1.1941705486603285,NA,1.1941090729768065,NA,1.001356524171781,NA,1.0014965839651273,NA
9877910,6,ɫ o h ɯ v,5,-18.378732324942018,NA,-24.946669907437375,NA,-24.8696524175722,NA,1.1710082034448943,NA,1.1709872550102671,NA,1.002896280390419,NA,1.0029605848662049,NA
9877910,5,l ø ʒ u v,5,-24.17716973587194,NA,-Inf,NA,-28.848175212289668,NA,1.0814626210119913,NA,1.0815977985088008,NA,1.0004564721225957,NA,1.0006458088997068,NA
9877910,68,ɫ a l e ɾ,5,-15.163099753645444,NA,-19.935814013412394,NA,-19.576163843490317,NA,1.474127120354203,NA,1.473554395483853,NA,1.0201936391485853,NA,1.0192033602125234,NA
9877910,7,g ɯ d͡ʒ ɯ ʃ,5,-19.48982961121296,NA,-15.852311354959165,NA,-15.901866630957937,NA,1.1748084006569268,NA,1.1747780038271325,NA,1.0097080569984351,NA,1.0093543709655342,NA
9877910,9,ɟ ø ʒ ɯ ʒ,5,-28.802367630859823,NA,-Inf,NA,-33.852506245096116,NA,1.0750793759745922,NA,1.075228524021754,NA,1,1,1.0002179098838746,1
9877910,5,ɫ o t͡ʃ a v,5,-17.38102037177355,NA,-22.221171339417307,NA,-22.17471603733289,NA,1.2912051431600686,NA,1.2909639988175745,NA,1.0104683496161708,NA,1.010075153889148,NA
9877910,11,v ɯ ʒ o ʒ,5,-24.09804256484363,NA,-Inf,NA,-26.60448713952874,NA,1.094757980140496,NA,1.0948759012986842,NA,1.0004664281367202,NA,1.0006578633208734,NA
9877910,5,f u ʒ u ʒ,5,-24.131491850813127,NA,-24.668253654298645,NA,-24.46144519601823,NA,1.1352955974923469,NA,1.135341466415286,NA,1.000975915064953,NA,1.0011424929957409,NA
9877910,4,b u j o ʒ,5,-21.05836231257191,NA,-17.548890057056813,NA,-17.6640692648367,NA,1.1951964989849069,NA,1.19514022750294,NA,1.009795703059727,NA,1.0094933961448156,NA
9877910,6,b e d͡ʒ y z,5,-18.322376643949248,NA,-15.50382960677507,NA,-15.540572147404909,NA,1.291454857997779,NA,1.2912263401344954,NA,1.017144724013624,NA,1.0164538694214755,NA
9877910,5,l e ʒ a v,5,-20.032673267265825,NA,-26.44332906685423,NA,-26.14940301912727,NA,1.3816363028138647,NA,1.381238823618678,NA,1.0061260075164613,NA,1.0059671413264173,NA
9877910,49,l y l y c,5,-24.087338776513203,NA,-Inf,NA,-33.35849160319946,NA,1.1135850424096871,NA,1.1136703680544862,NA,1.000610288249374,NA,1.0007953005759365,NA
9877910,3,n i m ɯ h,5,-16.125521349527286,NA,-21.514654728099533,NA,-21.48267679386988,NA,1.221402368300542,NA,1.2212936567795851,NA,1.008105939127622,NA,1.0078930238188846,NA
9877910,66,m y z a z,5,-16.873733531508663,NA,-13.8813816786833,NA,-13.92028821240666,NA,1.414095539116758,NA,1.4136394572206412,NA,1.046379285868822,NA,1.044078620549693,NA
9877910,4,t͡ʃ ø j o p,5,-20.761162543399134,NA,-16.85312947192674,NA,-16.895892356598512,NA,1.1297760413577145,NA,1.129827321681991,NA,1.0043570596970908,NA,1.004335423634715,NA
9877910,7,n ɯ g u v,5,-18.672938523470744,NA,-24.97225112201225,NA,-24.798231194095607,NA,1.1366324521867113,NA,1.1366721183407424,NA,1.0015222117456346,NA,1.001653631447348,NA
9880139,27,ɫ a m ɯ j,5,-15.11857151857796,NA,-20.33622952955124,NA,-20.330363342345912,NA,1.4001995331332835,NA,1.3997789734141448,NA,1.017897430130006,NA,1.0171616356786684,NA
9880139,34,t͡ʃ ø j o p,5,-20.761162543399134,NA,-16.85312947192674,NA,-16.895892356598512,NA,1.1297760413577145,NA,1.129827321681991,NA,1.0043570596970908,NA,1.004335423634715,NA
9880139,73,m y d͡ʒ y z,5,-19.055770045147348,NA,-15.489145500909974,NA,-15.51914804312365,NA,1.2205470790782769,NA,1.2204412615879323,NA,1.0297516825712627,NA,1.028399004052331,NA
9880139,68,b e d͡ʒ y z,5,-18.322376643949248,NA,-15.50382960677507,NA,-15.540572147404909,NA,1.291454857997779,NA,1.2912263401344954,NA,1.017144724013624,NA,1.0164538694214755,NA
9880139,72,ɟ i ɟ y c,5,-28.50437427410517,NA,-34.16680202918272,NA,-32.967862578483974,NA,1.110255587396653,NA,1.110346812233538,NA,1.000231209196349,NA,1.000436132364972,NA
9880139,18,d͡ʒ o t͡ʃ u ʒ,5,-22.25933783885341,NA,-25.407920618685885,NA,-25.226670777169343,NA,1.1389450473591287,NA,1.1389844721552644,NA,1.001545014340632,NA,1.0016802565901464,NA
9880139,68,k a m y ɾ,5,-14.60533667129042,NA,-12.566891947703592,NA,-12.592572980919178,NA,1.5244462014259983,NA,1.5237936084044486,NA,1.062697489208468,NA,1.0595720312963168,NA
9880139,24,n e m ɯ v,5,-16.2679106094412,NA,-21.623136884117503,NA,-21.602958834317167,NA,1.3065266810918763,NA,1.3062710632304733,NA,1.0163019738273251,NA,1.015657700859542,NA
9880139,52,b e ʒ ɯ z,5,-19.881988712701524,NA,-20.15074841057007,NA,-19.602322161163336,NA,1.3088813810464754,NA,1.308620171979486,NA,1.014317355661407,NA,1.0137690028078854,NA
9880139,70,n y n o s,5,-16.90203561488304,NA,-20.70390771506508,NA,-20.701328454444155,NA,1.2163205673403334,NA,1.2162172370270818,NA,1.00936206536363,NA,1.0090732790913943,NA
9880139,17,l ø ʒ u v,5,-24.17716973587194,NA,-Inf,NA,-28.848175212289668,NA,1.0814626210119913,NA,1.0815977985088008,NA,1.0004564721225957,NA,1.0006458088997068,NA
9880139,95,n u g a v,5,-17.32641256884868,NA,-22.17862386284786,NA,-22.142492609172585,NA,1.295558300366401,NA,1.2953096832430069,NA,1.0097861339305134,NA,1.0094276480806197,NA
9880139,72,b e j o p,5,-17.621956818911904,NA,-14.710265369997016,NA,-14.747288468151918,NA,1.318235195988115,NA,1.3179604495421229,NA,1.023964703711502,NA,1.0229099718204642,NA
9880139,29,f u c e c,5,-23.511463576787175,NA,-Inf,NA,-29.336731806601904,NA,1.199259331683282,NA,1.1991890556832483,NA,1.0015190025080027,NA,1.0016505248518268,NA
9880139,18,v ø l y j,5,-21.757817351341345,NA,-Inf,NA,-31.916689215783485,NA,1.0935205953372813,NA,1.0936337054213383,NA,1.0001956309096838,NA,1.000401295176374,NA
9880139,11,ɟ ø ʒ ɯ ʒ,5,-28.802367630859823,NA,-Inf,NA,-33.852506245096116,NA,1.0750793759745922,NA,1.075228524021754,NA,1,1,1.0002179098838746,1
9880139,21,ɟ y ʒ ɯ ʒ,5,-27.593669876805233,NA,-Inf,NA,-32.54585594703615,NA,1.1262058924390637,NA,1.1262665863054913,NA,1.0001090155892292,NA,1.0003211623361203,NA
9880139,70,g u m y z,5,-18.91676624227809,NA,-15.093972479028997,NA,-15.137149639038482,NA,1.1894469643775232,NA,1.189394504817783,NA,1.0080570007044969,NA,1.0078402676416895,NA
9880139,82,b e t͡ʃ ø z,5,-19.558563039794212,NA,-16.45022001700887,NA,-16.488509727521837,NA,1.2699076960082727,NA,1.2697183110910075,NA,1.015705436550192,NA,1.0150951236806631,NA
9880139,75,g o d͡ʒ ɯ z,5,-19.770537868401828,NA,-17.17904521923025,NA,-17.19916861874007,NA,1.1826737683633608,NA,1.1826307514407104,NA,1.0041826517558374,NA,1.004164363663955,NA
9880139,17,ɫ a ʒ ɯ ʒ,5,-21.057393014683385,NA,-Inf,NA,-26.41048458696313,NA,1.3326568898923266,NA,1.3323604104033762,NA,1.0026538128249567,NA,1.0027322776999663,NA
9880139,66,f u ʒ u ʒ,5,-24.131491850813127,NA,-24.668253654298645,NA,-24.46144519601823,NA,1.1352955974923469,NA,1.135341466415286,NA,1.000975915064953,NA,1.0011424929957409,NA
9880139,53,n ø m ø h,5,-20.22203636369186,NA,-27.127441990238378,NA,-26.772419935381528,NA,1.1051797136202524,NA,1.1052765997185356,NA,1.001638791460164,NA,1.00176987702246,NA
9880139,6,g ɯ ʒ ɯ f,5,-21.788275067767113,NA,-Inf,NA,-25.430059507970466,NA,1.155577346931862,NA,1.155582793730333,NA,1.0034694890371534,NA,1.0034952632757648,NA
9880139,94,b a ʒ i n,5,-17.80349425450386,NA,-14.791020439297638,NA,-14.925564091251209,NA,1.5193623891917725,NA,1.518711994390168,NA,1.0328627171294904,NA,1.0312294576154004,NA
9880139,79,ɫ a g u v,5,-17.315515257959518,NA,-22.20438998670757,NA,-22.1942114842724,NA,1.3402216073124982,NA,1.3399090365344333,NA,1.0047777004065963,NA,1.0047377633341297,NA
9880139,25,b u ʒ i z,5,-20.2946910095022,NA,-18.014965986359083,NA,-17.95706711599841,NA,1.2623842333719226,NA,1.262198009872272,NA,1.0123552595503351,NA,1.01187554012336,NA
9880139,79,g a m y z,5,-17.355373317181197,NA,-14.240338449458276,NA,-14.287440891901769,NA,1.3908659418471938,NA,1.390465006547887,NA,1.0224670797058462,NA,1.02149027043917,NA
9880139,25,g o ɟ e ʒ,5,-24.70734295733524,NA,-Inf,NA,-24.892441184593736,NA,1.206949659858697,NA,1.2068658496110196,NA,1.0013992346140868,NA,1.0015409476057728,NA
9880139,63,t ø l e ɾ,5,-18.092071394057463,NA,-Inf,NA,-23.47218345961383,NA,1.2904993682381145,NA,1.29024438545329,NA,1.015354289300933,NA,1.0146192543931714,NA
9880139,68,m y ɾ ɯ ɾ,5,-15.856481481342133,NA,-12.944319591547218,NA,-12.972778988107237,NA,1.435298597005871,NA,1.434796547206406,NA,1.053819451965324,NA,1.0510915726346128,NA
9880139,20,b u j ɯ ʒ,5,-20.656800600490904,NA,-Inf,NA,-21.416780472527225,NA,1.226366366213809,NA,1.226253360999328,NA,1.012563203952425,NA,1.0121097739492848,NA
9880139,37,v ɯ ʒ o h,5,-21.714556093501535,NA,-Inf,NA,-27.904550653039433,NA,1.1066262553279758,NA,1.1067194621758885,NA,1.0002707972270364,NA,1.000474478028374,NA
9880139,80,g ɯ ʃ a n,5,-16.88053831059943,NA,-13.952848512019289,NA,-13.993863814055455,NA,1.3804651524522582,NA,1.3800477574614127,NA,1.0360723486113332,NA,1.0341140599250127,NA
9880139,66,ɫ o t i v,5,-16.623572496331185,NA,-21.45944618243926,NA,-21.45667533842388,NA,1.270720527524629,NA,1.2705211729498675,NA,1.0235566532375455,NA,1.0224757433127067,NA
9880139,25,n i m ɯ h,5,-16.125521349527286,NA,-21.514654728099533,NA,-21.48267679386988,NA,1.221402368300542,NA,1.2212936567795851,NA,1.008105939127622,NA,1.0078930238188846,NA
9880139,37,m y ʒ i l,5,-20.891058437119632,NA,-18.275024894086325,NA,-18.26894174408407,NA,1.2897352362290226,NA,1.2895048394454542,NA,1.0287321730069334,NA,1.0274260236712516,NA
9880139,83,ɟ ø ɟ y ʃ,5,-28.382025596923334,NA,-Inf,NA,-27.273964274617327,NA,1.06451562774906,NA,1.064678843072776,NA,1.0016113280727483,NA,1.001729331617179,NA
9880139,19,ɟ ø ʒ a ʒ,5,-27.45584167623776,NA,-Inf,NA,-28.658578991412625,NA,1.2132638879125943,NA,1.2131615198695442,NA,1.0012877520658865,NA,1.001425904834909,NA
9880139,64,t e k o n,5,-14.998265880403986,NA,-12.987925813400334,NA,-13.012766174055423,NA,1.404395408692991,NA,1.4039515023966052,NA,1.0462338914653162,NA,1.043960708572914,NA
9880139,30,v i ɟ y ʒ,5,-24.876386571500724,NA,-25.881186525811604,NA,-25.267184291001364,NA,1.12770092152038,NA,1.1277617239351925,NA,1.0024086378704609,NA,1.0024984923228988,NA
9880139,16,b i f i z,5,-17.367817790823707,NA,-14.539143873848408,NA,-14.5814801904761,NA,1.3006774174319915,NA,1.300424750199676,NA,1.0215979149021732,NA,1.0206250474382526,NA
9880139,80,v ø l e c,5,-23.323793740357537,NA,-Inf,NA,-33.17836619636902,NA,1.1573076239641735,NA,1.1573097966742572,NA,1.000652103032279,NA,1.0008291941922065,NA
9880139,81,ɫ a l e ɾ,5,-15.163099753645444,NA,-19.935814013412394,NA,-19.576163843490317,NA,1.474127120354203,NA,1.473554395483853,NA,1.0201936391485853,NA,1.0192033602125234,NA
9880139,16,m y p o ʒ,5,-21.062384677092385,NA,-17.12481314942236,NA,-17.238674158015545,NA,1.217353092070428,NA,1.2172586661563085,NA,1.030554594624349,NA,1.0291606916538274,NA
9880139,25,t ø ɾ i n,5,-16.410405147059684,NA,-14.831918462189485,NA,-14.86886634674382,NA,1.4208089522804974,NA,1.420327529748208,NA,1.0291017054180784,NA,1.0276334200937636,NA
9880139,8,b ø d͡ʒ o ʒ,5,-23.199615484381773,NA,-22.946734860541916,NA,-22.872071478740505,NA,1.121083185876453,NA,1.121155460851373,NA,1.0015584369695272,NA,1.0016920324034493,NA
9880139,12,l y l e j,5,-19.772550808587734,NA,-Inf,NA,-29.111148377195256,NA,1.2167590941862367,NA,1.2166514635372478,NA,1.0045229064430488,NA,1.0044630064259272,NA
9880139,4,b e ʒ y z,5,-20.38453775562813,NA,-17.968651889022336,NA,-17.963773735189676,NA,1.2791360964148726,NA,1.278929028131013,NA,1.0135348320226718,NA,1.0130354616378874,NA
9880139,24,d͡ʒ o c y c,5,-25.0483878241706,NA,-Inf,NA,-30.473206137592207,NA,1.1081996356577295,NA,1.108294413751327,NA,1.0006613125519153,NA,1.000843800829829,NA
9880139,9,ɟ i f e ʒ,5,-23.50725783914693,NA,-25.179036508558365,NA,-24.87841662264246,NA,1.2121684741836356,NA,1.2120754128304632,NA,1.0053026957384814,NA,1.0052306294125322,NA
9880139,83,m e t e ɾ,5,-13.722605695771906,NA,-12.003654907782868,NA,-12.023346713937531,NA,1.5195622914746405,NA,1.518910401773783,NA,1.0525880770319855,NA,1.0498613480187184,NA
9880139,17,b i d͡ʒ ɯ z,5,-18.017662927348493,NA,-14.765156156833983,NA,-14.806093842831208,NA,1.2350324649864008,NA,1.2348988853670513,NA,1.0156682860234614,NA,1.0150462915601737,NA
9880139,23,l e ʒ a v,5,-20.032673267265825,NA,-26.44332906685423,NA,-26.14940301912727,NA,1.3816363028138647,NA,1.381238823618678,NA,1.0061260075164613,NA,1.0059671413264173,NA
9880139,32,ɟ i ʒ a ʒ,5,-25.070573459054387,NA,-28.408200172943992,NA,-28.11389151899236,NA,1.2792842518640677,NA,1.2790676617380563,NA,1.001614798833574,NA,1.0017356621916462,NA
9880139,32,n ɯ g u v,5,-18.672938523470744,NA,-24.97225112201225,NA,-24.798231194095607,NA,1.1366324521867113,NA,1.1366721183407424,NA,1.0015222117456346,NA,1.001653631447348,NA
9880139,25,n i l e s,5,-16.331548266468857,NA,-22.702137034627185,NA,-22.335041029784072,NA,1.2559429323718037,NA,1.2557640746194505,NA,1.0105370402756846,NA,1.01014499607184,NA
9880139,86,k o ɾ o n,5,-16.15929758860058,NA,-13.868409821172923,NA,-13.895071028995217,NA,1.4086622883685636,NA,1.408210172854805,NA,1.0325528233779742,NA,1.030997388207983,NA
9880139,30,n ɯ c y c,5,-23.384060766098123,NA,-Inf,NA,-30.852354594073574,NA,1.099749800486337,NA,1.0998591993321496,NA,1.0003901669756716,NA,1.0005869200881068,NA
9880139,20,l i ʒ o h,5,-21.63837167405498,NA,-29.2969489690406,NA,-28.811359959835062,NA,1.1271576108556265,NA,1.1272152878236117,NA,1.0003270467676877,NA,1.0005276672406118,NA
9880139,21,d͡ʒ o ʒ o ʒ,5,-24.480705050348092,NA,-23.65144193577017,NA,-23.604853465371203,NA,1.1063477027090305,NA,1.1064455731324747,NA,1.0009007487476005,NA,1.0010693101437411,NA
9880139,21,n i m ø h,5,-17.836768146508483,NA,-23.90398304309107,NA,-23.591272132676064,NA,1.1712000775717255,NA,1.171182741587048,NA,1.0073974584829106,NA,1.0072250641442173,NA
9880139,16,ɫ o h ɯ v,5,-18.378732324942018,NA,-24.946669907437375,NA,-24.8696524175722,NA,1.1710082034448943,NA,1.1709872550102671,NA,1.002896280390419,NA,1.0029605848662049,NA
9880139,87,ɫ o v ø c,5,-22.706813314753763,NA,-Inf,NA,-29.908765850171065,NA,1.1103538449370305,NA,1.1104464091915205,NA,1.0030937070231545,NA,1.0031487260784029,NA
9880139,94,m y k u ɾ,5,-16.16672959638731,NA,-13.647288442981042,NA,-13.67480354663754,NA,1.3486959861244403,NA,1.348345503504382,NA,1.040908137079269,NA,1.0388933343742264,NA
9880139,91,l i v o h,5,-19.595109788952644,NA,-27.49272636985236,NA,-27.15263118582112,NA,1.1574639446613604,NA,1.1574688518675773,NA,1.0022967539016463,NA,1.0023928574967222,NA
9880139,74,n u m ø s,5,-18.01717804587876,NA,-23.274555968238037,NA,-23.130003427749006,NA,1.1671298407351371,NA,1.1671135968518798,NA,1.005615073673373,NA,1.005536090751645,NA
9880139,91,ɟ y ɟ ø z,5,-28.261172142031192,NA,-Inf,NA,-27.202076859131157,NA,1.0923810950775177,NA,1.0924989300689334,NA,1.0002501387042984,NA,1.0004529214024969,NA
9880139,76,b e ʒ i l,5,-20.157665035921532,NA,-17.87290940676915,NA,-18.003973266743422,NA,1.3606430151485247,NA,1.3602899179920174,NA,1.0147080117893146,NA,1.0141386071612013,NA
9880139,27,v ɯ c i c,5,-23.489154875537356,NA,-Inf,NA,-31.50043512796986,NA,1.1869854330618432,NA,1.186935765181287,NA,1.000596848743176,NA,1.0007801201825397,NA
9880139,60,l y l y c,5,-24.087338776513203,NA,-Inf,NA,-33.35849160319946,NA,1.1135850424096871,NA,1.1136703680544862,NA,1.000610288249374,NA,1.0007953005759365,NA
9880139,32,l ø ʒ ɯ v,5,-23.962302765397112,NA,-Inf,NA,-31.445776025167124,NA,1.0912637492814083,NA,1.0913810872864589,NA,1.000065210303228,NA,1.0002790383147078,NA
9880139,66,g ɯ d͡ʒ ɯ ʃ,5,-19.48982961121296,NA,-15.852311354959165,NA,-15.901866630957937,NA,1.1748084006569268,NA,1.1747780038271325,NA,1.0097080569984351,NA,1.0093543709655342,NA
9880139,68,f ɯ d y c,5,-21.761233097918407,NA,-23.891747181935735,NA,-23.686632689099905,NA,1.1325830509681372,NA,1.1326353404889125,NA,1.0056072670834837,NA,1.0055261372591189,NA
9880139,34,g a v e n,5,-16.239688851845823,NA,-13.908186943802582,NA,-13.954428963263789,NA,1.5116455492031928,NA,1.51100876623818,NA,1.0347739691193514,NA,1.033012423159234,NA
9880139,37,b o ʒ y z,5,-21.657956214237167,NA,-17.8013111360532,NA,-17.796202222359895,NA,1.1717379161722383,NA,1.1717166578887983,NA,1.0080619412428775,NA,1.0078502843412198,NA
9880139,31,n u c e c,5,-22.224521947118312,NA,-Inf,NA,-30.235545793839655,NA,1.1941705486603285,NA,1.1941090729768065,NA,1.001356524171781,NA,1.0014965839651273,NA
9880139,24,ɫ o c e j,5,-19.459937199364497,NA,-Inf,NA,-26.8066540964721,NA,1.2048232326919666,NA,1.2047363825587754,NA,1.0060903952169935,NA,1.0059482882890152,NA
9880139,77,b u m y ʒ,5,-20.634597061276835,NA,-17.453026450842174,NA,-17.43947379466699,NA,1.203816110471337,NA,1.2037447179670484,NA,1.013503908131295,NA,1.0130055541759393,NA
9880139,71,j a c ø t͡ʃ,5,-21.596104374841666,NA,-Inf,NA,-22.599644393527782,NA,1.31698528948836,NA,1.316717900772158,NA,1.0178198509358245,NA,1.0171013441808128,NA
9880139,31,b u j o ʒ,5,-21.05836231257191,NA,-17.548890057056813,NA,-17.6640692648367,NA,1.1951964989849069,NA,1.19514022750294,NA,1.009795703059727,NA,1.0094933961448156,NA
9880139,33,n u ʒ o h,5,-20.647758491408347,NA,-26.42840069407047,NA,-26.092665911065804,NA,1.120706350697388,NA,1.120775199867318,NA,1.0008134367287314,NA,1.0009885521090411,NA
9880139,99,m y z a z,5,-16.873733531508663,NA,-13.8813816786833,NA,-13.92028821240666,NA,1.414095539116758,NA,1.4136394572206412,NA,1.046379285868822,NA,1.044078620549693,NA
9880139,69,k ɯ ɟ e h,5,-20.35414713041565,NA,-Inf,NA,-22.976968237654425,NA,1.283235141884312,NA,1.2830152250357565,NA,1.015169372438029,NA,1.0145770800961191,NA
9880139,15,v ɯ ʒ o ʒ,5,-24.09804256484363,NA,-Inf,NA,-26.60448713952874,NA,1.094757980140496,NA,1.0948759012986842,NA,1.0004664281367202,NA,1.0006578633208734,NA
9880139,22,f u ʒ ɯ ʒ,5,-23.9166248803383,NA,-Inf,NA,-28.2987368958237,NA,1.1450967257617637,NA,1.1451247551929438,NA,1.000975915064953,NA,1.0011424929957409,NA
9880139,73,b a j o p,5,-17.147287610817873,NA,-14.064023784516072,NA,-14.101916418410518,NA,1.4125267904421874,NA,1.4120889097497351,NA,1.0381955836146763,NA,1.0363910290645393,NA
9880139,32,n ɯ c e c,5,-22.009654976643485,NA,-Inf,NA,-30.90854985906133,NA,1.183230340688058,NA,1.18318779269999,NA,1.0009770597047227,NA,1.0011370759656055,NA
9880139,31,g ɯ ɟ ø ʒ,5,-26.888884788763463,NA,-Inf,NA,-25.491689893774726,NA,1.0923427028145285,NA,1.0924665333420214,NA,1.0025458422833493,NA,1.0026299630393898,NA
9880139,15,ɟ e g u j,5,-21.813613758746683,NA,-Inf,NA,-27.77270366778515,NA,1.2429834228927066,NA,1.2428362044265289,NA,1.0016771227161092,NA,1.0018008835043444,NA
9880139,87,m y z e l,5,-18.29810048302488,NA,-15.36637665199515,NA,-15.417853706543786,NA,1.320777681509878,NA,1.3204937774894725,NA,1.0382974481087792,NA,1.0364788587481613,NA
9880139,24,l i ʒ u v,5,-21.791901518688565,NA,-27.90170599209823,NA,-27.610340559309456,NA,1.1474829849634645,NA,1.1475039403773133,NA,1.0007835188902832,NA,1.000955566256444,NA
9880139,27,d͡ʒ a m a ʒ,5,-17.752742677818908,NA,-17.085266867347194,NA,-17.226367434005237,NA,1.5259583015742766,NA,1.5253144134357843,NA,1.0324208128726595,NA,1.0308841077133883,NA
9880139,26,h a j o ʒ,5,-19.70425756699943,NA,-16.051747969710995,NA,-16.174734890728512,NA,1.375285896549857,NA,1.374918035761362,NA,1.0416275407035844,NA,1.0396478965275615,NA
9880139,75,c e d͡ʒ e t͡ʃ,5,-20.132543384729967,NA,-Inf,NA,-23.078955930544776,NA,1.3025086740061806,NA,1.30225682196575,NA,1.007703124650714,NA,1.0074974497629463,NA
9880139,59,ɫ o t͡ʃ a v,5,-17.38102037177355,NA,-22.221171339417307,NA,-22.17471603733289,NA,1.2912051431600686,NA,1.2909639988175745,NA,1.0104683496161708,NA,1.010075153889148,NA
9934114,59,b ø d͡ʒ o ʒ,5,-23.199615484381773,NA,-22.946734860541916,NA,-22.872071478740505,NA,1.121083185876453,NA,1.121155460851373,NA,1.0015584369695272,NA,1.0016920324034493,NA
9934114,0,b u j ɯ ʒ,5,-20.656800600490904,NA,-Inf,NA,-21.416780472527225,NA,1.226366366213809,NA,1.226253360999328,NA,1.012563203952425,NA,1.0121097739492848,NA
9934114,0,n u m ø s,5,-18.01717804587876,NA,-23.274555968238037,NA,-23.130003427749006,NA,1.1671298407351371,NA,1.1671135968518798,NA,1.005615073673373,NA,1.005536090751645,NA
9934114,0,b e ʒ i l,5,-20.157665035921532,NA,-17.87290940676915,NA,-18.003973266743422,NA,1.3606430151485247,NA,1.3602899179920174,NA,1.0147080117893146,NA,1.0141386071612013,NA
9934114,71,ɟ i ɟ y c,5,-28.50437427410517,NA,-34.16680202918272,NA,-32.967862578483974,NA,1.110255587396653,NA,1.110346812233538,NA,1.000231209196349,NA,1.000436132364972,NA
9934114,68,d͡ʒ o c y c,5,-25.0483878241706,NA,-Inf,NA,-30.473206137592207,NA,1.1081996356577295,NA,1.108294413751327,NA,1.0006613125519153,NA,1.000843800829829,NA
9934114,34,v ø l y j,5,-21.757817351341345,NA,-Inf,NA,-31.916689215783485,NA,1.0935205953372813,NA,1.0936337054213383,NA,1.0001956309096838,NA,1.000401295176374,NA
9934114,19,g ɯ ʃ a n,5,-16.88053831059943,NA,-13.952848512019289,NA,-13.993863814055455,NA,1.3804651524522582,NA,1.3800477574614127,NA,1.0360723486113332,NA,1.0341140599250127,NA
9934114,0,h a j o ʒ,5,-19.70425756699943,NA,-16.051747969710995,NA,-16.174734890728512,NA,1.375285896549857,NA,1.374918035761362,NA,1.0416275407035844,NA,1.0396478965275615,NA
9934114,0,ɟ i f e ʒ,5,-23.50725783914693,NA,-25.179036508558365,NA,-24.87841662264246,NA,1.2121684741836356,NA,1.2120754128304632,NA,1.0053026957384814,NA,1.0052306294125322,NA
9934114,72,g a v e n,5,-16.239688851845823,NA,-13.908186943802582,NA,-13.954428963263789,NA,1.5116455492031928,NA,1.51100876623818,NA,1.0347739691193514,NA,1.033012423159234,NA
9934114,67,b e j o p,5,-17.621956818911904,NA,-14.710265369997016,NA,-14.747288468151918,NA,1.318235195988115,NA,1.3179604495421229,NA,1.023964703711502,NA,1.0229099718204642,NA
9934114,0,b u j o ʒ,5,-21.05836231257191,NA,-17.548890057056813,NA,-17.6640692648367,NA,1.1951964989849069,NA,1.19514022750294,NA,1.009795703059727,NA,1.0094933961448156,NA
9934114,73,ɫ a l e ɾ,5,-15.163099753645444,NA,-19.935814013412394,NA,-19.576163843490317,NA,1.474127120354203,NA,1.473554395483853,NA,1.0201936391485853,NA,1.0192033602125234,NA
9934114,62,m e t e ɾ,5,-13.722605695771906,NA,-12.003654907782868,NA,-12.023346713937531,NA,1.5195622914746405,NA,1.518910401773783,NA,1.0525880770319855,NA,1.0498613480187184,NA
9934114,58,f ɯ d y c,5,-21.761233097918407,NA,-23.891747181935735,NA,-23.686632689099905,NA,1.1325830509681372,NA,1.1326353404889125,NA,1.0056072670834837,NA,1.0055261372591189,NA
9934114,0,b e ʒ y z,5,-20.38453775562813,NA,-17.968651889022336,NA,-17.963773735189676,NA,1.2791360964148726,NA,1.278929028131013,NA,1.0135348320226718,NA,1.0130354616378874,NA
9934114,25,b i f i z,5,-17.367817790823707,NA,-14.539143873848408,NA,-14.5814801904761,NA,1.3006774174319915,NA,1.300424750199676,NA,1.0215979149021732,NA,1.0206250474382526,NA
9934114,87,t e k o n,5,-14.998265880403986,NA,-12.987925813400334,NA,-13.012766174055423,NA,1.404395408692991,NA,1.4039515023966052,NA,1.0462338914653162,NA,1.043960708572914,NA
9934114,62,b e d͡ʒ y z,5,-18.322376643949248,NA,-15.50382960677507,NA,-15.540572147404909,NA,1.291454857997779,NA,1.2912263401344954,NA,1.017144724013624,NA,1.0164538694214755,NA
9934114,0,l e ʒ a v,5,-20.032673267265825,NA,-26.44332906685423,NA,-26.14940301912727,NA,1.3816363028138647,NA,1.381238823618678,NA,1.0061260075164613,NA,1.0059671413264173,NA
9934114,100,m y k u ɾ,5,-16.16672959638731,NA,-13.647288442981042,NA,-13.67480354663754,NA,1.3486959861244403,NA,1.348345503504382,NA,1.040908137079269,NA,1.0388933343742264,NA
9934114,0,b o ʒ y z,5,-21.657956214237167,NA,-17.8013111360532,NA,-17.796202222359895,NA,1.1717379161722383,NA,1.1717166578887983,NA,1.0080619412428775,NA,1.0078502843412198,NA
9934114,76,g u m y z,5,-18.91676624227809,NA,-15.093972479028997,NA,-15.137149639038482,NA,1.1894469643775232,NA,1.189394504817783,NA,1.0080570007044969,NA,1.0078402676416895,NA
9934114,73,c e d͡ʒ e t͡ʃ,5,-20.132543384729967,NA,-Inf,NA,-23.078955930544776,NA,1.3025086740061806,NA,1.30225682196575,NA,1.007703124650714,NA,1.0074974497629463,NA
9934114,29,b a ʒ i n,5,-17.80349425450386,NA,-14.791020439297638,NA,-14.925564091251209,NA,1.5193623891917725,NA,1.518711994390168,NA,1.0328627171294904,NA,1.0312294576154004,NA
9934114,35,b u ʒ i z,5,-20.2946910095022,NA,-18.014965986359083,NA,-17.95706711599841,NA,1.2623842333719226,NA,1.262198009872272,NA,1.0123552595503351,NA,1.01187554012336,NA
9934114,68,ɟ ø ɟ y ʃ,5,-28.382025596923334,NA,-Inf,NA,-27.273964274617327,NA,1.06451562774906,NA,1.064678843072776,NA,1.0016113280727483,NA,1.001729331617179,NA
9934114,0,k ɯ ɟ e h,5,-20.35414713041565,NA,-Inf,NA,-22.976968237654425,NA,1.283235141884312,NA,1.2830152250357565,NA,1.015169372438029,NA,1.0145770800961191,NA
9934114,4,ɟ ø ʒ a ʒ,5,-27.45584167623776,NA,-Inf,NA,-28.658578991412625,NA,1.2132638879125943,NA,1.2131615198695442,NA,1.0012877520658865,NA,1.001425904834909,NA
9934114,82,b i d͡ʒ ɯ z,5,-18.017662927348493,NA,-14.765156156833983,NA,-14.806093842831208,NA,1.2350324649864008,NA,1.2348988853670513,NA,1.0156682860234614,NA,1.0150462915601737,NA
9934114,74,k a m y ɾ,5,-14.60533667129042,NA,-12.566891947703592,NA,-12.592572980919178,NA,1.5244462014259983,NA,1.5237936084044486,NA,1.062697489208468,NA,1.0595720312963168,NA
9934114,39,d͡ʒ a m a ʒ,5,-17.752742677818908,NA,-17.085266867347194,NA,-17.226367434005237,NA,1.5259583015742766,NA,1.5253144134357843,NA,1.0324208128726595,NA,1.0308841077133883,NA
9934114,0,l ø ʒ u v,5,-24.17716973587194,NA,-Inf,NA,-28.848175212289668,NA,1.0814626210119913,NA,1.0815977985088008,NA,1.0004564721225957,NA,1.0006458088997068,NA
9934114,0,n y n o s,5,-16.90203561488304,NA,-20.70390771506508,NA,-20.701328454444155,NA,1.2163205673403334,NA,1.2162172370270818,NA,1.00936206536363,NA,1.0090732790913943,NA
9934114,0,ɫ o c e j,5,-19.459937199364497,NA,-Inf,NA,-26.8066540964721,NA,1.2048232326919666,NA,1.2047363825587754,NA,1.0060903952169935,NA,1.0059482882890152,NA
9934114,0,ɫ o v ø c,5,-22.706813314753763,NA,-Inf,NA,-29.908765850171065,NA,1.1103538449370305,NA,1.1104464091915205,NA,1.0030937070231545,NA,1.0031487260784029,NA
9934114,0,m y ʒ i l,5,-20.891058437119632,NA,-18.275024894086325,NA,-18.26894174408407,NA,1.2897352362290226,NA,1.2895048394454542,NA,1.0287321730069334,NA,1.0274260236712516,NA
9934114,0,ɟ y ʒ ɯ ʒ,5,-27.593669876805233,NA,-Inf,NA,-32.54585594703615,NA,1.1262058924390637,NA,1.1262665863054913,NA,1.0001090155892292,NA,1.0003211623361203,NA
9934114,30,l i v o h,5,-19.595109788952644,NA,-27.49272636985236,NA,-27.15263118582112,NA,1.1574639446613604,NA,1.1574688518675773,NA,1.0022967539016463,NA,1.0023928574967222,NA
9934114,0,g o ɟ e ʒ,5,-24.70734295733524,NA,-Inf,NA,-24.892441184593736,NA,1.206949659858697,NA,1.2068658496110196,NA,1.0013992346140868,NA,1.0015409476057728,NA
9934114,22,n ø m ø h,5,-20.22203636369186,NA,-27.127441990238378,NA,-26.772419935381528,NA,1.1051797136202524,NA,1.1052765997185356,NA,1.001638791460164,NA,1.00176987702246,NA
9934114,21,d͡ʒ o ʒ o ʒ,5,-24.480705050348092,NA,-23.65144193577017,NA,-23.604853465371203,NA,1.1063477027090305,NA,1.1064455731324747,NA,1.0009007487476005,NA,1.0010693101437411,NA
9934114,22,t ø ɾ i n,5,-16.410405147059684,NA,-14.831918462189485,NA,-14.86886634674382,NA,1.4208089522804974,NA,1.420327529748208,NA,1.0291017054180784,NA,1.0276334200937636,NA
9934114,17,ɟ ø ʒ ɯ ʒ,5,-28.802367630859823,NA,-Inf,NA,-33.852506245096116,NA,1.0750793759745922,NA,1.075228524021754,NA,1,1,1.0002179098838746,1
9934114,21,n u g a v,5,-17.32641256884868,NA,-22.17862386284786,NA,-22.142492609172585,NA,1.295558300366401,NA,1.2953096832430069,NA,1.0097861339305134,NA,1.0094276480806197,NA
9934114,23,n ɯ c e c,5,-22.009654976643485,NA,-Inf,NA,-30.90854985906133,NA,1.183230340688058,NA,1.18318779269999,NA,1.0009770597047227,NA,1.0011370759656055,NA
9934114,63,g o d͡ʒ ɯ z,5,-19.770537868401828,NA,-17.17904521923025,NA,-17.19916861874007,NA,1.1826737683633608,NA,1.1826307514407104,NA,1.0041826517558374,NA,1.004164363663955,NA
9934114,100,g a m y z,5,-17.355373317181197,NA,-14.240338449458276,NA,-14.287440891901769,NA,1.3908659418471938,NA,1.390465006547887,NA,1.0224670797058462,NA,1.02149027043917,NA
9934114,2,l ø ʒ ɯ v,5,-23.962302765397112,NA,-Inf,NA,-31.445776025167124,NA,1.0912637492814083,NA,1.0913810872864589,NA,1.000065210303228,NA,1.0002790383147078,NA
9934114,0,b e ʒ ɯ z,5,-19.881988712701524,NA,-20.15074841057007,NA,-19.602322161163336,NA,1.3088813810464754,NA,1.308620171979486,NA,1.014317355661407,NA,1.0137690028078854,NA
9934114,71,g ɯ d͡ʒ ɯ ʃ,5,-19.48982961121296,NA,-15.852311354959165,NA,-15.901866630957937,NA,1.1748084006569268,NA,1.1747780038271325,NA,1.0097080569984351,NA,1.0093543709655342,NA
9934114,37,f u ʒ ɯ ʒ,5,-23.9166248803383,NA,-Inf,NA,-28.2987368958237,NA,1.1450967257617637,NA,1.1451247551929438,NA,1.000975915064953,NA,1.0011424929957409,NA
9934114,0,n i m ø h,5,-17.836768146508483,NA,-23.90398304309107,NA,-23.591272132676064,NA,1.1712000775717255,NA,1.171182741587048,NA,1.0073974584829106,NA,1.0072250641442173,NA
9934114,70,v i ɟ y ʒ,5,-24.876386571500724,NA,-25.881186525811604,NA,-25.267184291001364,NA,1.12770092152038,NA,1.1277617239351925,NA,1.0024086378704609,NA,1.0024984923228988,NA
9934114,35,m y ɾ ɯ ɾ,5,-15.856481481342133,NA,-12.944319591547218,NA,-12.972778988107237,NA,1.435298597005871,NA,1.434796547206406,NA,1.053819451965324,NA,1.0510915726346128,NA
9934114,74,g ɯ ɟ ø ʒ,5,-26.888884788763463,NA,-Inf,NA,-25.491689893774726,NA,1.0923427028145285,NA,1.0924665333420214,NA,1.0025458422833493,NA,1.0026299630393898,NA
9934114,5,ɫ a g u v,5,-17.315515257959518,NA,-22.20438998670757,NA,-22.1942114842724,NA,1.3402216073124982,NA,1.3399090365344333,NA,1.0047777004065963,NA,1.0047377633341297,NA
9934114,0,v ɯ ʒ o h,5,-21.714556093501535,NA,-Inf,NA,-27.904550653039433,NA,1.1066262553279758,NA,1.1067194621758885,NA,1.0002707972270364,NA,1.000474478028374,NA
9934114,16,l i ʒ u v,5,-21.791901518688565,NA,-27.90170599209823,NA,-27.610340559309456,NA,1.1474829849634645,NA,1.1475039403773133,NA,1.0007835188902832,NA,1.000955566256444,NA
9934114,67,f u c e c,5,-23.511463576787175,NA,-Inf,NA,-29.336731806601904,NA,1.199259331683282,NA,1.1991890556832483,NA,1.0015190025080027,NA,1.0016505248518268,NA
9934114,70,n u c e c,5,-22.224521947118312,NA,-Inf,NA,-30.235545793839655,NA,1.1941705486603285,NA,1.1941090729768065,NA,1.001356524171781,NA,1.0014965839651273,NA
9934114,26,ɟ i ʒ a ʒ,5,-25.070573459054387,NA,-28.408200172943992,NA,-28.11389151899236,NA,1.2792842518640677,NA,1.2790676617380563,NA,1.001614798833574,NA,1.0017356621916462,NA
9934114,31,f u ʒ u ʒ,5,-24.131491850813127,NA,-24.668253654298645,NA,-24.46144519601823,NA,1.1352955974923469,NA,1.135341466415286,NA,1.000975915064953,NA,1.0011424929957409,NA
9934114,100,k o ɾ o n,5,-16.15929758860058,NA,-13.868409821172923,NA,-13.895071028995217,NA,1.4086622883685636,NA,1.408210172854805,NA,1.0325528233779742,NA,1.030997388207983,NA
9934114,67,m y z a z,5,-16.873733531508663,NA,-13.8813816786833,NA,-13.92028821240666,NA,1.414095539116758,NA,1.4136394572206412,NA,1.046379285868822,NA,1.044078620549693,NA
9934114,19,l i ʒ o h,5,-21.63837167405498,NA,-29.2969489690406,NA,-28.811359959835062,NA,1.1271576108556265,NA,1.1272152878236117,NA,1.0003270467676877,NA,1.0005276672406118,NA
9934114,64,v ɯ c i c,5,-23.489154875537356,NA,-Inf,NA,-31.50043512796986,NA,1.1869854330618432,NA,1.186935765181287,NA,1.000596848743176,NA,1.0007801201825397,NA
9934114,30,ɫ o h ɯ v,5,-18.378732324942018,NA,-24.946669907437375,NA,-24.8696524175722,NA,1.1710082034448943,NA,1.1709872550102671,NA,1.002896280390419,NA,1.0029605848662049,NA
9934114,30,n i m ɯ h,5,-16.125521349527286,NA,-21.514654728099533,NA,-21.48267679386988,NA,1.221402368300542,NA,1.2212936567795851,NA,1.008105939127622,NA,1.0078930238188846,NA
9934114,33,ɫ o t i v,5,-16.623572496331185,NA,-21.45944618243926,NA,-21.45667533842388,NA,1.270720527524629,NA,1.2705211729498675,NA,1.0235566532375455,NA,1.0224757433127067,NA
9934114,35,ɫ o t͡ʃ a v,5,-17.38102037177355,NA,-22.221171339417307,NA,-22.17471603733289,NA,1.2912051431600686,NA,1.2909639988175745,NA,1.0104683496161708,NA,1.010075153889148,NA
9934114,71,m y d͡ʒ y z,5,-19.055770045147348,NA,-15.489145500909974,NA,-15.51914804312365,NA,1.2205470790782769,NA,1.2204412615879323,NA,1.0297516825712627,NA,1.028399004052331,NA
9934114,28,n e m ɯ v,5,-16.2679106094412,NA,-21.623136884117503,NA,-21.602958834317167,NA,1.3065266810918763,NA,1.3062710632304733,NA,1.0163019738273251,NA,1.015657700859542,NA
9934114,91,n i l e s,5,-16.331548266468857,NA,-22.702137034627185,NA,-22.335041029784072,NA,1.2559429323718037,NA,1.2557640746194505,NA,1.0105370402756846,NA,1.01014499607184,NA
9934114,25,b u m y ʒ,5,-20.634597061276835,NA,-17.453026450842174,NA,-17.43947379466699,NA,1.203816110471337,NA,1.2037447179670484,NA,1.013503908131295,NA,1.0130055541759393,NA
9934114,0,ɫ a ʒ ɯ ʒ,5,-21.057393014683385,NA,-Inf,NA,-26.41048458696313,NA,1.3326568898923266,NA,1.3323604104033762,NA,1.0026538128249567,NA,1.0027322776999663,NA
9934114,69,d͡ʒ o t͡ʃ u ʒ,5,-22.25933783885341,NA,-25.407920618685885,NA,-25.226670777169343,NA,1.1389450473591287,NA,1.1389844721552644,NA,1.001545014340632,NA,1.0016802565901464,NA
9934114,2,ɟ e g u j,5,-21.813613758746683,NA,-Inf,NA,-27.77270366778515,NA,1.2429834228927066,NA,1.2428362044265289,NA,1.0016771227161092,NA,1.0018008835043444,NA
9934114,68,t͡ʃ ø j o p,5,-20.761162543399134,NA,-16.85312947192674,NA,-16.895892356598512,NA,1.1297760413577145,NA,1.129827321681991,NA,1.0043570596970908,NA,1.004335423634715,NA
9934114,70,t ø l e ɾ,5,-18.092071394057463,NA,-Inf,NA,-23.47218345961383,NA,1.2904993682381145,NA,1.29024438545329,NA,1.015354289300933,NA,1.0146192543931714,NA
9934114,80,v ø l e c,5,-23.323793740357537,NA,-Inf,NA,-33.17836619636902,NA,1.1573076239641735,NA,1.1573097966742572,NA,1.000652103032279,NA,1.0008291941922065,NA
9934114,97,l y l e j,5,-19.772550808587734,NA,-Inf,NA,-29.111148377195256,NA,1.2167590941862367,NA,1.2166514635372478,NA,1.0045229064430488,NA,1.0044630064259272,NA
9934114,65,ɟ y ɟ ø z,5,-28.261172142031192,NA,-Inf,NA,-27.202076859131157,NA,1.0923810950775177,NA,1.0924989300689334,NA,1.0002501387042984,NA,1.0004529214024969,NA
9934114,36,n u ʒ o h,5,-20.647758491408347,NA,-26.42840069407047,NA,-26.092665911065804,NA,1.120706350697388,NA,1.120775199867318,NA,1.0008134367287314,NA,1.0009885521090411,NA
9934114,44,m y p o ʒ,5,-21.062384677092385,NA,-17.12481314942236,NA,-17.238674158015545,NA,1.217353092070428,NA,1.2172586661563085,NA,1.030554594624349,NA,1.0291606916538274,NA
9934114,82,l y l y c,5,-24.087338776513203,NA,-Inf,NA,-33.35849160319946,NA,1.1135850424096871,NA,1.1136703680544862,NA,1.000610288249374,NA,1.0007953005759365,NA
9934114,62,n ɯ c y c,5,-23.384060766098123,NA,-Inf,NA,-30.852354594073574,NA,1.099749800486337,NA,1.0998591993321496,NA,1.0003901669756716,NA,1.0005869200881068,NA
9934114,60,b e t͡ʃ ø z,5,-19.558563039794212,NA,-16.45022001700887,NA,-16.488509727521837,NA,1.2699076960082727,NA,1.2697183110910075,NA,1.015705436550192,NA,1.0150951236806631,NA
9934114,26,v ɯ ʒ o ʒ,5,-24.09804256484363,NA,-Inf,NA,-26.60448713952874,NA,1.094757980140496,NA,1.0948759012986842,NA,1.0004664281367202,NA,1.0006578633208734,NA
9934114,63,j a c ø t͡ʃ,5,-21.596104374841666,NA,-Inf,NA,-22.599644393527782,NA,1.31698528948836,NA,1.316717900772158,NA,1.0178198509358245,NA,1.0171013441808128,NA
9934114,36,ɫ a m ɯ j,5,-15.11857151857796,NA,-20.33622952955124,NA,-20.330363342345912,NA,1.4001995331332835,NA,1.3997789734141448,NA,1.017897430130006,NA,1.0171616356786684,NA
9934114,91,m y z e l,5,-18.29810048302488,NA,-15.36637665199515,NA,-15.417853706543786,NA,1.320777681509878,NA,1.3204937774894725,NA,1.0382974481087792,NA,1.0364788587481613,NA
9934114,67,b a j o p,5,-17.147287610817873,NA,-14.064023784516072,NA,-14.101916418410518,NA,1.4125267904421874,NA,1.4120889097497351,NA,1.0381955836146763,NA,1.0363910290645393,NA
9934114,24,n ɯ g u v,5,-18.672938523470744,NA,-24.97225112201225,NA,-24.798231194095607,NA,1.1366324521867113,NA,1.1366721183407424,NA,1.0015222117456346,NA,1.001653631447348,NA
9934114,21,g ɯ ʒ ɯ f,5,-21.788275067767113,NA,-Inf,NA,-25.430059507970466,NA,1.155577346931862,NA,1.155582793730333,NA,1.0034694890371534,NA,1.0034952632757648,NA
9871938,19,h u h e c,5,-20.54912774061602,NA,-21.77039857112499,NA,-21.665991317549235,NA,1.2458994903446368,NA,1.2457482240849875,NA,1.009202924406593,NA,1.0089254532786238,NA
9871938,68,n ɯ l e ɾ,5,-16.520523019156673,NA,-22.578512005763056,NA,-22.1906184306061,NA,1.2705379652284161,NA,1.2703174772901622,NA,1.016447580336092,NA,1.015654592290636,NA
9871938,41,b e j o ʒ,5,-19.97163859556905,NA,-16.470032923117923,NA,-16.58974983451702,NA,1.3023238820005048,NA,1.3020822690254312,NA,1.0234430212856789,NA,1.0224209443737986,NA
9871938,39,s ø ɟ e v,5,-22.79528403658063,NA,-Inf,NA,-24.307406591636536,NA,1.2117460774005275,NA,1.2116501844406864,NA,1.0060152288996411,NA,1.0058751054370156,NA
9871938,77,n u m ɯ s,5,-16.305931248897558,NA,-20.66468488363234,NA,-20.66177310337561,NA,1.2173321314639536,NA,1.2172245120444172,NA,1.0077581809890988,NA,1.0075488759046425,NA
9871938,65,ʃ u ʒ ø ʃ,5,-23.117318159567468,NA,-24.06655854277991,NA,-23.710598665491876,NA,1.1089897910511255,NA,1.1090779138037352,NA,1.0013008717373968,NA,1.0014503747691397,NA
9871938,99,c ø z ɯ ɾ,5,-21.71220299840252,NA,-Inf,NA,-19.68550050557094,NA,1.1902183865771947,NA,1.1901414021562249,NA,1.0145089255684994,NA,1.013860174302362,NA
9871938,72,m y d͡ʒ e ʒ,5,-20.07648688346161,NA,-17.21604267519214,NA,-17.334930621591795,NA,1.2872685713504248,NA,1.2870457058049949,NA,1.0318759131224775,NA,1.030408550612966,NA
9871938,64,b o ʒ ɯ ʒ,5,-23.550529799079456,NA,-Inf,NA,-24.723680424475265,NA,1.1847241528742682,NA,1.1846836525864934,NA,1.0074750485138266,NA,1.007300128463721,NA
9871938,74,t a ɟ e z,5,-19.01299062520888,NA,-Inf,NA,-20.823952022657384,NA,1.4656215227621532,NA,1.465084309540202,NA,1.0269158977146384,NA,1.0257003443047683,NA
9871938,28,k ɯ k a ɾ,5,-13.852944181894015,NA,-12.360407543244856,NA,-12.380543004924991,NA,1.493480237823476,NA,1.492865948681668,NA,1.0526280988311794,NA,1.0498258559342786,NA
9871938,30,b o ʒ u z,5,-21.370274141785384,NA,-17.449334712896025,NA,-17.52465638865124,NA,1.1916820725344242,NA,1.1916245129596132,NA,1.009300937004208,NA,1.0090117245270502,NA
9871938,40,d ɯ ʒ o ʒ,5,-23.464882873585843,NA,-Inf,NA,-23.9795220145898,NA,1.1293508774986598,NA,1.1294089752286451,NA,1.0015496170448657,NA,1.0016841358988702,NA
9871938,73,v ɯ c y c,5,-24.665725338666142,NA,-Inf,NA,-31.07494453895137,NA,1.0966099130891953,NA,1.0967247419175363,NA,1.0003360075302643,NA,1.000535606459207,NA
9871938,99,n e l e s,5,-16.133712940143006,NA,-22.309363966878458,NA,-21.94511758334053,NA,1.3421106100147846,NA,1.3417826732353673,NA,1.0138487784772976,NA,1.0132823171708598,NA
9871938,74,n ø t u j,5,-18.16927071091751,NA,-22.851523275546036,NA,-22.813072474048504,NA,1.1724206207819898,NA,1.1723948121172356,NA,1.0038089132465688,NA,1.0038168140055153,NA
9871938,78,n u n o m,5,-16.474531465957043,NA,-19.71804282237854,NA,-19.721411008345388,NA,1.219775413725993,NA,1.2196627522111714,NA,1.0062472053556415,NA,1.0061235827754649,NA
9871938,33,ɟ ø c i c,5,-28.595041653634546,NA,-Inf,NA,-34.34350574803089,NA,1.1361369616670376,NA,1.1361752544079688,NA,1.0003260515161396,NA,1.0005235520380404,NA
9871938,62,s ø ɾ y ɾ,5,-17.707550354797547,NA,-16.169021341758853,NA,-16.205464404636334,NA,1.3319062242337465,NA,1.33158571547973,NA,1.013027665125439,NA,1.0125094354360924,NA
9871938,35,ɟ ø ʒ o ʒ,5,-29.203929342940828,NA,-Inf,NA,-29.447557759589778,NA,1.0439095087456904,NA,1.044115390525366,NA,1.0001956309096838,NA,1.000401295176374,NA
9871938,79,b o p o p,5,-19.25272795784617,NA,-15.57498426327942,NA,-15.61426036762116,NA,1.1967740047349058,NA,1.1967095549773488,NA,1.013486997864271,NA,1.0129840432080757,NA
9871938,26,h a ʒ i z,5,-18.940586263929728,NA,-16.033624750362595,NA,-16.176584461461953,NA,1.4424736309368726,NA,1.4419758181306943,NA,1.029251961469784,NA,1.0278844545484396,NA
9871938,24,l i l y c,5,-22.91076831338442,NA,-Inf,NA,-31.37384119300264,NA,1.1284788898966889,NA,1.1285384476392613,NA,1.0018639675255108,NA,1.0019827037767624,NA
9871938,49,t͡ʃ ø z y z,5,-21.128620852346465,NA,-17.361344872511363,NA,-17.40089460771028,NA,1.1286143668362545,NA,1.1286672682108094,NA,1.004828700340673,NA,1.0047832706322961,NA
9871938,80,g ɯ d͡ʒ e n,5,-17.56731557989134,NA,-14.61749184700327,NA,-14.657735297121354,NA,1.281298791538424,NA,1.2810607321907763,NA,1.019356759110327,NA,1.0184127138021122,NA
9871938,30,l i l i c,5,-21.734197850255633,NA,-31.06847061939216,NA,-30.413037420901233,NA,1.2188544098693368,NA,1.2187494709030118,NA,1.0021248087384225,NA,1.002227217500095,NA
9871938,61,n y g o h,5,-19.02195772176377,NA,-27.137278020652435,NA,-26.404681357779356,NA,1.1333131439367587,NA,1.133360109385657,NA,1.0020494295650315,NA,1.002157274256292,NA
9871938,28,n u c e j,5,-19.284139768647485,NA,-Inf,NA,-27.03061959151581,NA,1.2138640602351571,NA,1.213761575091728,NA,1.0046822496364043,NA,1.0046141339376191,NA
9871938,65,k u m y ɾ,5,-16.166729596387306,NA,-13.479655579943335,NA,-13.508482331190027,NA,1.3230272239563277,NA,1.3227231066743448,NA,1.022128398075403,NA,1.021137545740216,NA
9871938,30,g ɯ m y z,5,-18.701899271803264,NA,-15.284758444764732,NA,-15.32860458966336,NA,1.1785067564052527,NA,1.1784732245409664,NA,1.00554093342204,NA,1.0054576463094618,NA
9871938,64,ɟ ø v ɯ ʃ,5,-24.484836572880727,NA,-Inf,NA,-24.564293047048626,NA,1.1249488007486994,NA,1.1250044411600126,NA,1.007870816045076,NA,1.0076134587496162,NA
9871938,34,n y h e j,5,-16.95498764826872,NA,-21.846337471826367,NA,-21.825147364977283,NA,1.2480014323473068,NA,1.2478395741736754,NA,1.0076847714838688,NA,1.007454833667864,NA
9871938,65,b o ʒ e l,5,-21.23324816820471,NA,-18.060919487768725,NA,-18.182879305878316,NA,1.2463498551349634,NA,1.2461951178538924,NA,1.008803329884933,NA,1.008547391347145,NA
9871938,64,t e ɾ i n,5,-13.827301603550456,NA,-12.502644627942797,NA,-12.521773624907365,NA,1.5729969938749515,NA,1.5722522702326374,NA,1.0804929495674649,NA,1.0763164691861506,NA
9871938,33,ɫ a d͡ʒ o h,5,-17.01330714374341,NA,-22.624939743800624,NA,-22.534580136155395,NA,1.3256740594338108,NA,1.3253881497876747,NA,1.0050050745212178,NA,1.0049588515389372,NA
9871938,42,b a ʒ ɯ ʒ,5,-21.802442132376388,NA,-Inf,NA,-24.18673784570743,NA,1.3864139275709753,NA,1.3860244830363206,NA,1.0201473136915078,NA,1.0193065798346137,NA
9871938,37,ɟ e g o h,5,-22.32385648599314,NA,-Inf,NA,-29.10574748028316,NA,1.2145067608813798,NA,1.2144132380835384,NA,1.0014568108084176,NA,1.0015956377134012,NA
9871938,62,n i ɾ o h,5,-16.181858470568148,NA,-20.449641425018715,NA,-20.406357405732297,NA,1.2804974089534673,NA,1.2802882607954402,NA,1.016507593530359,NA,1.015847513933592,NA
9871938,74,b i h a z,5,-16.349811613063217,NA,-13.978638446451834,NA,-14.016391150784171,NA,1.3901143932549385,NA,1.3896998755559016,NA,1.0281388334347332,NA,1.0267959716117114,NA
9871938,22,b i j e l,5,-17.450630578939155,NA,-15.174694213804408,NA,-15.223894371415602,NA,1.3089517738471208,NA,1.3086882691733015,NA,1.0209242625509964,NA,1.0200235747731865,NA
9871938,1,p u h i c,5,-20.780767761626823,NA,-22.05420867071373,NA,-21.930091078441407,NA,1.2416965922463563,NA,1.2415519682913172,NA,1.01241266159024,NA,1.0119605181707314,NA
9871938,33,l y l i v,5,-20.63415870679363,NA,-Inf,NA,-30.672142465019753,NA,1.2155027860536751,NA,1.2153995796438697,NA,1.002044914920388,NA,1.0021401260542664,NA
9871938,70,ɫ a c ø c,5,-23.235335254641484,NA,-Inf,NA,-28.96719851740822,NA,1.2828819495149104,NA,1.2826763461817758,NA,1.0028718440034152,NA,1.002938782604458,NA
9871938,31,ɟ y d o n,5,-21.99388355485576,NA,-22.032124077243957,NA,-21.630787091891495,NA,1.1962433826356678,NA,1.196159913782388,NA,1.0079719201002924,NA,1.0077160801194214,NA
9871938,82,b u ʃ ɯ z,5,-18.694443256827626,NA,-15.374699720473922,NA,-15.412193074961616,NA,1.228789864159734,NA,1.2286669214026904,NA,1.0123098572091858,NA,1.0118615371614068,NA
9871938,48,t͡ʃ ø v e ʒ,5,-22.501198433327293,NA,-19.60154616634259,NA,-19.720161431862618,NA,1.1877047678623542,NA,1.187653908531909,NA,1.007255175976289,NA,1.0070775327862946,NA
9871938,99,t ø ɾ o n,5,-17.485988279342866,NA,-15.627675512106372,NA,-15.666950907825106,NA,1.3290088497105506,NA,1.3286945168365425,NA,1.0122008810961551,NA,1.0117169531065573,NA
9871938,79,k o ɾ i n,5,-15.0837144563174,NA,-13.072652771256037,NA,-13.096986467913933,NA,1.5004623909385104,NA,1.4998431857664714,NA,1.0494536476998977,NA,1.046913855195189,NA
9871938,91,m u ɾ a n,5,-14.474358626761134,NA,-11.950302324157594,NA,-11.974383816242137,NA,1.564482787413002,NA,1.563745826768253,NA,1.082042701236725,NA,1.077607380125139,NA
9871938,32,ɟ i f ɯ ʃ,5,-22.1048454127982,NA,-23.497930488232196,NA,-23.110474694525763,NA,1.1779963095818906,NA,1.177960316405389,NA,1.0083465331409436,NA,1.0080648025533474,NA
9871938,75,k ɯ ɾ i n,5,-14.682152744236394,NA,-12.37822264154962,NA,-12.400758782495078,NA,1.4897929801932763,NA,1.4891922342093775,NA,1.0573621548079215,NA,1.054404034344128,NA
9871938,32,g ɯ ʃ ɯ ɾ,5,-17.97497909272865,NA,-14.266839235392236,NA,-14.30974193032308,NA,1.245215104159512,NA,1.2450431145777665,NA,1.0154542843243193,NA,1.0147602319695646,NA
9871938,67,l e l y j,5,-19.772550808587734,NA,-Inf,NA,-29.3209145608971,NA,1.2343400791144985,NA,1.2342095483700994,NA,1.003248067408103,NA,1.0032923638392548,NA
9871938,28,b u ʒ o ʒ,5,-23.76539676955428,NA,-21.96391548170358,NA,-21.79262912069044,NA,1.1538250828724028,NA,1.1538408478098283,NA,1.007399882196474,NA,1.007226945611721,NA
9871938,64,ɟ y f ɯ t͡ʃ,5,-23.521012578915236,NA,-25.37166299204228,NA,-24.957736942410385,NA,1.1507777147848135,NA,1.1507931543712089,NA,1.0033263350439428,NA,1.0033620285817637,NA
9871938,29,ɟ e ʒ u ʒ,5,-26.43413105782542,NA,-Inf,NA,-29.33912315678841,NA,1.2174662892996293,NA,1.2173699757285252,NA,1.000599585740761,NA,1.000785798371226,NA
9871938,93,m y t ø ɾ,5,-17.68011502873577,NA,-14.771169321237188,NA,-14.814804722114031,NA,1.3145632200457231,NA,1.3142753588611862,NA,1.0375461024211106,NA,1.0357780799024574,NA
9871938,42,n ɯ t o j,5,-16.64471865554249,NA,-20.8852803375486,NA,-20.88836208756007,NA,1.1851723324290908,NA,1.185126386083626,NA,1.004463305335078,NA,1.0044398187271149,NA
9871938,53,t͡ʃ ø ɟ ø z,5,-26.083819330183616,NA,-Inf,NA,-21.52261786831054,NA,1.069838381124956,NA,1.0699952387320184,NA,1.0017666031757022,NA,1.0018897030116924,NA
9871938,44,ɟ e ʒ ɯ ʒ,5,-26.219264087350595,NA,-Inf,NA,-33.17641485659389,NA,1.2272674175690463,NA,1.2271532645061831,NA,1.000599585740761,NA,1.000785798371226,NA
9871938,32,b o j ɯ ʒ,5,-20.84349534209708,NA,-Inf,NA,-21.13094063982574,NA,1.2260955689867723,NA,1.2259830322796048,NA,1.015232344142505,NA,1.0146378960431903,NA
9871938,78,b i ɟ ø z,5,-23.142448932022234,NA,-Inf,NA,-20.44554264298711,NA,1.1721298581123756,NA,1.1721097679762331,NA,1.012165565043107,NA,1.011742232357684,NA
9871938,34,f u c y c,5,-24.885869366241813,NA,-Inf,NA,-29.280536541614147,NA,1.1157787914815611,NA,1.115860462315408,NA,1.0009321097789516,NA,1.001100368974328,NA
9871938,34,l y l y j,5,-21.14695659804238,NA,-Inf,NA,-31.05439759893357,NA,1.1332785539845158,NA,1.1333228701694076,NA,1.00074070885583,NA,1.0009175574376028,NA
9871938,53,d͡ʒ e t͡ʃ y c,5,-21.506949174184605,NA,-23.436694565711367,NA,-23.25424943879691,NA,1.2256817579040702,NA,1.2255731677132062,NA,1.0104750503657995,NA,1.010138519579413,NA
9871938,73,n ɯ c ø c,5,-24.59275852015271,NA,-Inf,NA,-31.976683335339587,NA,1.0792927943891235,NA,1.079439427988085,NA,1.0003249566724437,NA,1.0005257916572736,NA
9871938,28,d a d͡ʒ y c,5,-20.390530859618952,NA,-21.37064354819536,NA,-21.197885713347908,NA,1.3547360937852992,NA,1.3544042392735065,NA,1.0112501093178448,NA,1.0108747896025891,NA
9871938,78,p y ʒ u ʃ,5,-21.83320780173249,NA,-21.6575563373154,NA,-21.57229848271923,NA,1.1683953129119478,NA,1.1683770297833889,NA,1.0032800290443638,NA,1.0033013050815458,NA
9871938,46,k a k ɯ ɾ,5,-13.852944181894014,NA,-12.144674325482123,NA,-12.165544970347293,NA,1.5676549113274147,NA,1.5669247348407982,NA,1.081113994281714,NA,1.076949339812567,NA
9871938,24,ɫ a ʒ a ʒ,5,-19.71086706006132,NA,-20.997350540187433,NA,-21.21655733327964,NA,1.4708414018303289,NA,1.4702934062511663,NA,1.003941564890843,NA,1.003940272651001,NA
9871938,38,ɫ a c y j,5,-19.086255322116067,NA,-Inf,NA,-25.538775771876324,NA,1.3230324671869529,NA,1.3227486196407618,NA,1.003067474913099,NA,1.0031221678969575,NA
9871938,55,d͡ʒ e b ɯ ʒ,5,-20.21495022879154,NA,-Inf,NA,-22.87691116711818,NA,1.2686811486325449,NA,1.2684950947185034,NA,1.0124836117672047,NA,1.0120414031131446,NA
9871938,70,b i ɟ y j,5,-21.621839348754172,NA,-23.738323784339784,NA,-23.145271532434343,NA,1.194804014519338,NA,1.1947420726709843,NA,1.0122225483469989,NA,1.0117960739557024,NA
9871938,96,b u m u z,5,-17.951792361056157,NA,-14.843063280742722,NA,-14.878017560925908,NA,1.2405193147630955,NA,1.240376722188641,NA,1.017535691474791,NA,1.016802398896366,NA
9871938,28,b i f e ʒ,5,-19.56510509226675,NA,-17.233656594746645,NA,-17.35991958085872,NA,1.2770233897314918,NA,1.276818171152988,NA,1.0171636142826754,NA,1.0164683141415962,NA
9871938,94,b o v a n,5,-16.83581550168471,NA,-13.814124853759685,NA,-13.841845975944103,NA,1.4255332248977568,NA,1.4250378444168188,NA,1.0453074842543126,NA,1.042851145035386,NA
9871938,19,l e g a v,5,-18.119190425169464,NA,-25.71501109338958,NA,-25.332981685756884,NA,1.3881772381676205,NA,1.3877683698152172,NA,1.008863681612553,NA,1.0085537534032074,NA
9871938,27,g o ʒ o ʒ,5,-24.62938331993061,NA,-21.44182559607237,NA,-21.448545619983207,NA,1.1224260916219797,NA,1.1224961567900622,NA,1.0013340243108588,NA,1.0014798191749397,NA
9871938,53,t͡ʃ ø v a ʒ,5,-22.026529225233254,NA,-18.767317689397675,NA,-18.907200437170054,NA,1.2721540242302385,NA,1.271949454860332,NA,1.0142653337379195,NA,1.0136943818059525,NA
9871938,23,ɫ a c e h,5,-18.035397518301707,NA,-Inf,NA,-25.02799923003836,NA,1.3994050843368315,NA,1.3989840913843423,NA,1.0041760500679735,NA,1.0041613512211216,NA
9871938,33,ɟ y ɟ y c,5,-29.68094473723395,NA,-33.68337874661388,NA,-32.205899752844275,NA,1.0953617399096514,NA,1.095478732648763,NA,1.0001767014017344,NA,1.000384506138849,NA
9871938,89,m y ɾ a n,5,-14.762040699212914,NA,-11.737473004903014,NA,-11.76464541223868,NA,1.5705486452986173,NA,1.5698011900900524,NA,1.0909056910771144,NA,1.0860056224174448,NA
9871938,24,ɫ o c y j,5,-20.834342988819134,NA,-Inf,NA,-27.6512910295423,NA,1.1213426924902457,NA,1.121407789190935,NA,1.002308197629775,NA,1.0024028393006907,NA
9871938,30,ɫ o c ø c,5,-24.98342292134455,NA,-Inf,NA,-31.079713775074197,NA,1.0811921748182034,NA,1.081335515731949,NA,1.0021125667200912,NA,1.0022194540081912,NA
9871938,37,ɫ a m o s,5,-15.135202724992508,NA,-18.53976533327283,NA,-18.547827889801997,NA,1.3788112113885682,NA,1.378427016464903,NA,1.0185489274708253,NA,1.017775753755317,NA
9871938,4,l i n u v,5,-18.466975061018218,NA,-24.951618240796765,NA,-24.684255423615568,NA,1.220141875184766,NA,1.220036316043871,NA,1.0121904544298916,NA,1.011755851703082,NA
9871938,42,l i ʒ ɯ v,5,-21.57703454821374,NA,-31.133696426108365,NA,-30.207941372186912,NA,1.1572841132328815,NA,1.157287229154971,NA,1.0003922570709156,NA,1.000588795671445,NA
9871938,83,n ɯ m ɯ j,5,-16.47599478408919,NA,-22.39373489217684,NA,-22.38175273448392,NA,1.1966103780074966,NA,1.196542055220454,NA,1.0026502266538255,NA,1.0027197340448553,NA
9871938,80,b o ʒ e n,5,-19.353746594881077,NA,-15.678950482149968,NA,-15.781459798642668,NA,1.3107776347241384,NA,1.3104887340444304,NA,1.0214541287111476,NA,1.020406306928782,NA
9871938,58,b e v e z,5,-16.966870081071157,NA,-14.397609492998663,NA,-14.44031212076233,NA,1.3929229704223276,NA,1.392511185542819,NA,1.029528725669076,NA,1.0281611900392078,NA
9871938,23,v ɯ ʒ u ʒ,5,-23.911347823237456,NA,-Inf,NA,-27.172143925229605,NA,1.1161267190999808,NA,1.1162057460174144,NA,1.0002707972270364,NA,1.000474478028374,NA
9871938,70,ɫ o t y j,5,-17.13637038757993,NA,-21.847842286805907,NA,-21.838930472337697,NA,1.1884962954554696,NA,1.1884444634754057,NA,1.0069809217299424,NA,1.0068236264270505,NA
9871938,24,h i ʒ o ʃ,5,-20.809527385524937,NA,-21.758984629549015,NA,-21.594790011980702,NA,1.1730182993086722,NA,1.1729939503390143,NA,1.005756231853628,NA,1.0056643656940627,NA
9871938,63,ɟ e j ø z,5,-22.82835379958052,NA,-Inf,NA,-24.81298284362385,NA,1.235195590882307,NA,1.2350658781575348,NA,1.009898018351088,NA,1.0095907634262449,NA
9871938,26,m y d͡ʒ ɯ ʒ,5,-20.94834362998964,NA,-Inf,NA,-19.765604716524727,NA,1.2335333157803068,NA,1.2334082562856274,NA,1.0297916061850232,NA,1.0284411057530372,NA
9871938,38,z a ʒ u ʒ,5,-22.21296112594883,NA,-22.467527661364898,NA,-22.468435327208887,NA,1.3256708330824156,NA,1.3253873248250263,NA,1.0043869150779896,NA,1.0043743138247614,NA
9872014,53,ɟ ø ʒ o ʒ,5,-29.203929342940828,NA,-Inf,NA,-29.447557759589778,NA,1.0439095087456904,NA,1.044115390525366,NA,1.0001956309096838,NA,1.000401295176374,NA
9872014,47,d͡ʒ e t͡ʃ y c,5,-21.506949174184605,NA,-23.436694565711367,NA,-23.25424943879691,NA,1.2256817579040702,NA,1.2255731677132062,NA,1.0104750503657995,NA,1.010138519579413,NA
9872014,31,n e l e s,5,-16.133712940143006,NA,-22.309363966878458,NA,-21.94511758334053,NA,1.3421106100147846,NA,1.3417826732353673,NA,1.0138487784772976,NA,1.0132823171708598,NA
9872014,37,f u c y c,5,-24.885869366241813,NA,-Inf,NA,-29.280536541614147,NA,1.1157787914815611,NA,1.115860462315408,NA,1.0009321097789516,NA,1.001100368974328,NA
9872014,70,m y t ø ɾ,5,-17.68011502873577,NA,-14.771169321237188,NA,-14.814804722114031,NA,1.3145632200457231,NA,1.3142753588611862,NA,1.0375461024211106,NA,1.0357780799024574,NA
9872014,50,n y h e j,5,-16.95498764826872,NA,-21.846337471826367,NA,-21.825147364977283,NA,1.2480014323473068,NA,1.2478395741736754,NA,1.0076847714838688,NA,1.007454833667864,NA
9872014,0,b o ʒ u z,5,-21.370274141785384,NA,-17.449334712896025,NA,-17.52465638865124,NA,1.1916820725344242,NA,1.1916245129596132,NA,1.009300937004208,NA,1.0090117245270502,NA
9872014,0,b o v a n,5,-16.83581550168471,NA,-13.814124853759685,NA,-13.841845975944103,NA,1.4255332248977568,NA,1.4250378444168188,NA,1.0453074842543126,NA,1.042851145035386,NA
9872014,25,v ɯ c y c,5,-24.665725338666142,NA,-Inf,NA,-31.07494453895137,NA,1.0966099130891953,NA,1.0967247419175363,NA,1.0003360075302643,NA,1.000535606459207,NA
9872014,7,b o j ɯ ʒ,5,-20.84349534209708,NA,-Inf,NA,-21.13094063982574,NA,1.2260955689867723,NA,1.2259830322796048,NA,1.015232344142505,NA,1.0146378960431903,NA
9872014,78,m y d͡ʒ e ʒ,5,-20.07648688346161,NA,-17.21604267519214,NA,-17.334930621591795,NA,1.2872685713504248,NA,1.2870457058049949,NA,1.0318759131224775,NA,1.030408550612966,NA
9872014,1,b e v e z,5,-16.966870081071157,NA,-14.397609492998663,NA,-14.44031212076233,NA,1.3929229704223276,NA,1.392511185542819,NA,1.029528725669076,NA,1.0281611900392078,NA
9872014,19,ɫ a c y j,5,-19.086255322116067,NA,-Inf,NA,-25.538775771876324,NA,1.3230324671869529,NA,1.3227486196407618,NA,1.003067474913099,NA,1.0031221678969575,NA
9872014,52,t͡ʃ ø ɟ ø z,5,-26.083819330183616,NA,-Inf,NA,-21.52261786831054,NA,1.069838381124956,NA,1.0699952387320184,NA,1.0017666031757022,NA,1.0018897030116924,NA
9872014,73,n u m ɯ s,5,-16.305931248897558,NA,-20.66468488363234,NA,-20.66177310337561,NA,1.2173321314639536,NA,1.2172245120444172,NA,1.0077581809890988,NA,1.0075488759046425,NA
9872014,18,ɫ a ʒ a ʒ,5,-19.71086706006132,NA,-20.997350540187433,NA,-21.21655733327964,NA,1.4708414018303289,NA,1.4702934062511663,NA,1.003941564890843,NA,1.003940272651001,NA
9872014,74,n u c e j,5,-19.284139768647485,NA,-Inf,NA,-27.03061959151581,NA,1.2138640602351571,NA,1.213761575091728,NA,1.0046822496364043,NA,1.0046141339376191,NA
9872014,25,l i ʒ ɯ v,5,-21.57703454821374,NA,-31.133696426108365,NA,-30.207941372186912,NA,1.1572841132328815,NA,1.157287229154971,NA,1.0003922570709156,NA,1.000588795671445,NA
9872014,21,l y l i v,5,-20.63415870679363,NA,-Inf,NA,-30.672142465019753,NA,1.2155027860536751,NA,1.2153995796438697,NA,1.002044914920388,NA,1.0021401260542664,NA
9872014,37,ɟ e ʒ ɯ ʒ,5,-26.219264087350595,NA,-Inf,NA,-33.17641485659389,NA,1.2272674175690463,NA,1.2271532645061831,NA,1.000599585740761,NA,1.000785798371226,NA
9872014,0,b i ɟ ø z,5,-23.142448932022234,NA,-Inf,NA,-20.44554264298711,NA,1.1721298581123756,NA,1.1721097679762331,NA,1.012165565043107,NA,1.011742232357684,NA
9872014,51,p y ʒ u ʃ,5,-21.83320780173249,NA,-21.6575563373154,NA,-21.57229848271923,NA,1.1683953129119478,NA,1.1683770297833889,NA,1.0032800290443638,NA,1.0033013050815458,NA
9872014,23,d ɯ ʒ o ʒ,5,-23.464882873585843,NA,-Inf,NA,-23.9795220145898,NA,1.1293508774986598,NA,1.1294089752286451,NA,1.0015496170448657,NA,1.0016841358988702,NA
9872014,13,h i ʒ o ʃ,5,-20.809527385524937,NA,-21.758984629549015,NA,-21.594790011980702,NA,1.1730182993086722,NA,1.1729939503390143,NA,1.005756231853628,NA,1.0056643656940627,NA
9872014,36,b o p o p,5,-19.25272795784617,NA,-15.57498426327942,NA,-15.61426036762116,NA,1.1967740047349058,NA,1.1967095549773488,NA,1.013486997864271,NA,1.0129840432080757,NA
9872014,17,ɫ a c ø c,5,-23.235335254641484,NA,-Inf,NA,-28.96719851740822,NA,1.2828819495149104,NA,1.2826763461817758,NA,1.0028718440034152,NA,1.002938782604458,NA
9872014,57,c ø z ɯ ɾ,5,-21.71220299840252,NA,-Inf,NA,-19.68550050557094,NA,1.1902183865771947,NA,1.1901414021562249,NA,1.0145089255684994,NA,1.013860174302362,NA
9872014,67,p u h i c,5,-20.780767761626823,NA,-22.05420867071373,NA,-21.930091078441407,NA,1.2416965922463563,NA,1.2415519682913172,NA,1.01241266159024,NA,1.0119605181707314,NA
9872014,6,b i h a z,5,-16.349811613063217,NA,-13.978638446451834,NA,-14.016391150784171,NA,1.3901143932549385,NA,1.3896998755559016,NA,1.0281388334347332,NA,1.0267959716117114,NA
9872014,23,ɫ o c y j,5,-20.834342988819134,NA,-Inf,NA,-27.6512910295423,NA,1.1213426924902457,NA,1.121407789190935,NA,1.002308197629775,NA,1.0024028393006907,NA
9872014,63,v ɯ ʒ u ʒ,5,-23.911347823237456,NA,-Inf,NA,-27.172143925229605,NA,1.1161267190999808,NA,1.1162057460174144,NA,1.0002707972270364,NA,1.000474478028374,NA
9872014,80,n ɯ t o j,5,-16.64471865554249,NA,-20.8852803375486,NA,-20.88836208756007,NA,1.1851723324290908,NA,1.185126386083626,NA,1.004463305335078,NA,1.0044398187271149,NA
9872014,26,ɫ a m o s,5,-15.135202724992508,NA,-18.53976533327283,NA,-18.547827889801997,NA,1.3788112113885682,NA,1.378427016464903,NA,1.0185489274708253,NA,1.017775753755317,NA
9872014,31,ɟ e ʒ u ʒ,5,-26.43413105782542,NA,-Inf,NA,-29.33912315678841,NA,1.2174662892996293,NA,1.2173699757285252,NA,1.000599585740761,NA,1.000785798371226,NA
9872014,40,ɟ ø c i c,5,-28.595041653634546,NA,-Inf,NA,-34.34350574803089,NA,1.1361369616670376,NA,1.1361752544079688,NA,1.0003260515161396,NA,1.0005235520380404,NA
9872014,54,k ɯ ɾ i n,5,-14.682152744236394,NA,-12.37822264154962,NA,-12.400758782495078,NA,1.4897929801932763,NA,1.4891922342093775,NA,1.0573621548079215,NA,1.054404034344128,NA
9872014,11,b i j e l,5,-17.450630578939155,NA,-15.174694213804408,NA,-15.223894371415602,NA,1.3089517738471208,NA,1.3086882691733015,NA,1.0209242625509964,NA,1.0200235747731865,NA
9872014,33,b e j o ʒ,5,-19.97163859556905,NA,-16.470032923117923,NA,-16.58974983451702,NA,1.3023238820005048,NA,1.3020822690254312,NA,1.0234430212856789,NA,1.0224209443737986,NA
9872014,50,ɟ y d o n,5,-21.99388355485576,NA,-22.032124077243957,NA,-21.630787091891495,NA,1.1962433826356678,NA,1.196159913782388,NA,1.0079719201002924,NA,1.0077160801194214,NA
9872014,27,b i f e ʒ,5,-19.56510509226675,NA,-17.233656594746645,NA,-17.35991958085872,NA,1.2770233897314918,NA,1.276818171152988,NA,1.0171636142826754,NA,1.0164683141415962,NA
9872014,100,t a ɟ e z,5,-19.01299062520888,NA,-Inf,NA,-20.823952022657384,NA,1.4656215227621532,NA,1.465084309540202,NA,1.0269158977146384,NA,1.0257003443047683,NA
9872014,35,ɟ i f ɯ ʃ,5,-22.1048454127982,NA,-23.497930488232196,NA,-23.110474694525763,NA,1.1779963095818906,NA,1.177960316405389,NA,1.0083465331409436,NA,1.0080648025533474,NA
9872014,0,b u ʒ o ʒ,5,-23.76539676955428,NA,-21.96391548170358,NA,-21.79262912069044,NA,1.1538250828724028,NA,1.1538408478098283,NA,1.007399882196474,NA,1.007226945611721,NA
9872014,23,ɫ a d͡ʒ o h,5,-17.01330714374341,NA,-22.624939743800624,NA,-22.534580136155395,NA,1.3256740594338108,NA,1.3253881497876747,NA,1.0050050745212178,NA,1.0049588515389372,NA
9872014,62,ʃ u ʒ ø ʃ,5,-23.117318159567468,NA,-24.06655854277991,NA,-23.710598665491876,NA,1.1089897910511255,NA,1.1090779138037352,NA,1.0013008717373968,NA,1.0014503747691397,NA
9872014,0,b o ʒ e n,5,-19.353746594881077,NA,-15.678950482149968,NA,-15.781459798642668,NA,1.3107776347241384,NA,1.3104887340444304,NA,1.0214541287111476,NA,1.020406306928782,NA
9872014,18,l e l y j,5,-19.772550808587734,NA,-Inf,NA,-29.3209145608971,NA,1.2343400791144985,NA,1.2342095483700994,NA,1.003248067408103,NA,1.0032923638392548,NA
9872014,2,b a ʒ ɯ ʒ,5,-21.802442132376388,NA,-Inf,NA,-24.18673784570743,NA,1.3864139275709753,NA,1.3860244830363206,NA,1.0201473136915078,NA,1.0193065798346137,NA
9872014,75,m y d͡ʒ ɯ ʒ,5,-20.94834362998964,NA,-Inf,NA,-19.765604716524727,NA,1.2335333157803068,NA,1.2334082562856274,NA,1.0297916061850232,NA,1.0284411057530372,NA
9872014,57,s ø ɾ y ɾ,5,-17.707550354797547,NA,-16.169021341758853,NA,-16.205464404636334,NA,1.3319062242337465,NA,1.33158571547973,NA,1.013027665125439,NA,1.0125094354360924,NA
9872014,78,n ø t u j,5,-18.16927071091751,NA,-22.851523275546036,NA,-22.813072474048504,NA,1.1724206207819898,NA,1.1723948121172356,NA,1.0038089132465688,NA,1.0038168140055153,NA
9872014,31,g o ʒ o ʒ,5,-24.62938331993061,NA,-21.44182559607237,NA,-21.448545619983207,NA,1.1224260916219797,NA,1.1224961567900622,NA,1.0013340243108588,NA,1.0014798191749397,NA
9872014,46,ɟ y ɟ y c,5,-29.68094473723395,NA,-33.68337874661388,NA,-32.205899752844275,NA,1.0953617399096514,NA,1.095478732648763,NA,1.0001767014017344,NA,1.000384506138849,NA
9872014,100,t e ɾ i n,5,-13.827301603550456,NA,-12.502644627942797,NA,-12.521773624907365,NA,1.5729969938749515,NA,1.5722522702326374,NA,1.0804929495674649,NA,1.0763164691861506,NA
9872014,22,b u ʃ ɯ z,5,-18.694443256827626,NA,-15.374699720473922,NA,-15.412193074961616,NA,1.228789864159734,NA,1.2286669214026904,NA,1.0123098572091858,NA,1.0118615371614068,NA
9872014,53,z a ʒ u ʒ,5,-22.21296112594883,NA,-22.467527661364898,NA,-22.468435327208887,NA,1.3256708330824156,NA,1.3253873248250263,NA,1.0043869150779896,NA,1.0043743138247614,NA
9872014,27,l i n u v,5,-18.466975061018218,NA,-24.951618240796765,NA,-24.684255423615568,NA,1.220141875184766,NA,1.220036316043871,NA,1.0121904544298916,NA,1.011755851703082,NA
9872014,70,g ɯ m y z,5,-18.701899271803264,NA,-15.284758444764732,NA,-15.32860458966336,NA,1.1785067564052527,NA,1.1784732245409664,NA,1.00554093342204,NA,1.0054576463094618,NA
9872014,81,m u ɾ a n,5,-14.474358626761134,NA,-11.950302324157594,NA,-11.974383816242137,NA,1.564482787413002,NA,1.563745826768253,NA,1.082042701236725,NA,1.077607380125139,NA
9872014,50,k u m y ɾ,5,-16.166729596387306,NA,-13.479655579943335,NA,-13.508482331190027,NA,1.3230272239563277,NA,1.3227231066743448,NA,1.022128398075403,NA,1.021137545740216,NA
9872014,55,s ø ɟ e v,5,-22.79528403658063,NA,-Inf,NA,-24.307406591636536,NA,1.2117460774005275,NA,1.2116501844406864,NA,1.0060152288996411,NA,1.0058751054370156,NA
9872014,26,ɫ o c ø c,5,-24.98342292134455,NA,-Inf,NA,-31.079713775074197,NA,1.0811921748182034,NA,1.081335515731949,NA,1.0021125667200912,NA,1.0022194540081912,NA
9872014,35,ɟ e j ø z,5,-22.82835379958052,NA,-Inf,NA,-24.81298284362385,NA,1.235195590882307,NA,1.2350658781575348,NA,1.009898018351088,NA,1.0095907634262449,NA
9872014,77,k a k ɯ ɾ,5,-13.852944181894014,NA,-12.144674325482123,NA,-12.165544970347293,NA,1.5676549113274147,NA,1.5669247348407982,NA,1.081113994281714,NA,1.076949339812567,NA
9872014,85,m y ɾ a n,5,-14.762040699212914,NA,-11.737473004903014,NA,-11.76464541223868,NA,1.5705486452986173,NA,1.5698011900900524,NA,1.0909056910771144,NA,1.0860056224174448,NA
9872014,18,l y l y j,5,-21.14695659804238,NA,-Inf,NA,-31.05439759893357,NA,1.1332785539845158,NA,1.1333228701694076,NA,1.00074070885583,NA,1.0009175574376028,NA
9872014,53,t͡ʃ ø v a ʒ,5,-22.026529225233254,NA,-18.767317689397675,NA,-18.907200437170054,NA,1.2721540242302385,NA,1.271949454860332,NA,1.0142653337379195,NA,1.0136943818059525,NA
9872014,28,b o ʒ e l,5,-21.23324816820471,NA,-18.060919487768725,NA,-18.182879305878316,NA,1.2463498551349634,NA,1.2461951178538924,NA,1.008803329884933,NA,1.008547391347145,NA
9872014,26,l i l y c,5,-22.91076831338442,NA,-Inf,NA,-31.37384119300264,NA,1.1284788898966889,NA,1.1285384476392613,NA,1.0018639675255108,NA,1.0019827037767624,NA
9872014,73,n i ɾ o h,5,-16.181858470568148,NA,-20.449641425018715,NA,-20.406357405732297,NA,1.2804974089534673,NA,1.2802882607954402,NA,1.016507593530359,NA,1.015847513933592,NA
9872014,56,k ɯ k a ɾ,5,-13.852944181894015,NA,-12.360407543244856,NA,-12.380543004924991,NA,1.493480237823476,NA,1.492865948681668,NA,1.0526280988311794,NA,1.0498258559342786,NA
9872014,30,ɟ e g o h,5,-22.32385648599314,NA,-Inf,NA,-29.10574748028316,NA,1.2145067608813798,NA,1.2144132380835384,NA,1.0014568108084176,NA,1.0015956377134012,NA
9872014,24,ɫ o t y j,5,-17.13637038757993,NA,-21.847842286805907,NA,-21.838930472337697,NA,1.1884962954554696,NA,1.1884444634754057,NA,1.0069809217299424,NA,1.0068236264270505,NA
9872014,33,l i l i c,5,-21.734197850255633,NA,-31.06847061939216,NA,-30.413037420901233,NA,1.2188544098693368,NA,1.2187494709030118,NA,1.0021248087384225,NA,1.002227217500095,NA
9872014,37,g ɯ ʃ ɯ ɾ,5,-17.97497909272865,NA,-14.266839235392236,NA,-14.30974193032308,NA,1.245215104159512,NA,1.2450431145777665,NA,1.0154542843243193,NA,1.0147602319695646,NA
9872014,46,t͡ʃ ø v e ʒ,5,-22.501198433327293,NA,-19.60154616634259,NA,-19.720161431862618,NA,1.1877047678623542,NA,1.187653908531909,NA,1.007255175976289,NA,1.0070775327862946,NA
9872014,76,n y g o h,5,-19.02195772176377,NA,-27.137278020652435,NA,-26.404681357779356,NA,1.1333131439367587,NA,1.133360109385657,NA,1.0020494295650315,NA,1.002157274256292,NA
9872014,44,ɟ y f ɯ t͡ʃ,5,-23.521012578915236,NA,-25.37166299204228,NA,-24.957736942410385,NA,1.1507777147848135,NA,1.1507931543712089,NA,1.0033263350439428,NA,1.0033620285817637,NA
9872014,31,h a ʒ i z,5,-18.940586263929728,NA,-16.033624750362595,NA,-16.176584461461953,NA,1.4424736309368726,NA,1.4419758181306943,NA,1.029251961469784,NA,1.0278844545484396,NA
9872014,6,b i ɟ y j,5,-21.621839348754172,NA,-23.738323784339784,NA,-23.145271532434343,NA,1.194804014519338,NA,1.1947420726709843,NA,1.0122225483469989,NA,1.0117960739557024,NA
9872014,26,b o ʒ ɯ ʒ,5,-23.550529799079456,NA,-Inf,NA,-24.723680424475265,NA,1.1847241528742682,NA,1.1846836525864934,NA,1.0074750485138266,NA,1.007300128463721,NA
9872014,33,l e g a v,5,-18.119190425169464,NA,-25.71501109338958,NA,-25.332981685756884,NA,1.3881772381676205,NA,1.3877683698152172,NA,1.008863681612553,NA,1.0085537534032074,NA
9872014,25,ɫ a c e h,5,-18.035397518301707,NA,-Inf,NA,-25.02799923003836,NA,1.3994050843368315,NA,1.3989840913843423,NA,1.0041760500679735,NA,1.0041613512211216,NA
9872014,73,n u n o m,5,-16.474531465957043,NA,-19.71804282237854,NA,-19.721411008345388,NA,1.219775413725993,NA,1.2196627522111714,NA,1.0062472053556415,NA,1.0061235827754649,NA
9872014,43,k o ɾ i n,5,-15.0837144563174,NA,-13.072652771256037,NA,-13.096986467913933,NA,1.5004623909385104,NA,1.4998431857664714,NA,1.0494536476998977,NA,1.046913855195189,NA
9872014,43,d a d͡ʒ y c,5,-20.390530859618952,NA,-21.37064354819536,NA,-21.197885713347908,NA,1.3547360937852992,NA,1.3544042392735065,NA,1.0112501093178448,NA,1.0108747896025891,NA
9872014,98,h u h e c,5,-20.54912774061602,NA,-21.77039857112499,NA,-21.665991317549235,NA,1.2458994903446368,NA,1.2457482240849875,NA,1.009202924406593,NA,1.0089254532786238,NA
9872014,72,n ɯ m ɯ j,5,-16.47599478408919,NA,-22.39373489217684,NA,-22.38175273448392,NA,1.1966103780074966,NA,1.196542055220454,NA,1.0026502266538255,NA,1.0027197340448553,NA
9872014,67,n ɯ c ø c,5,-24.59275852015271,NA,-Inf,NA,-31.976683335339587,NA,1.0792927943891235,NA,1.079439427988085,NA,1.0003249566724437,NA,1.0005257916572736,NA
9872014,39,g ɯ d͡ʒ e n,5,-17.56731557989134,NA,-14.61749184700327,NA,-14.657735297121354,NA,1.281298791538424,NA,1.2810607321907763,NA,1.019356759110327,NA,1.0184127138021122,NA
9872014,74,n ɯ l e ɾ,5,-16.520523019156673,NA,-22.578512005763056,NA,-22.1906184306061,NA,1.2705379652284161,NA,1.2703174772901622,NA,1.016447580336092,NA,1.015654592290636,NA
9872014,98,t ø ɾ o n,5,-17.485988279342866,NA,-15.627675512106372,NA,-15.666950907825106,NA,1.3290088497105506,NA,1.3286945168365425,NA,1.0122008810961551,NA,1.0117169531065573,NA
9872014,58,t͡ʃ ø z y z,5,-21.128620852346465,NA,-17.361344872511363,NA,-17.40089460771028,NA,1.1286143668362545,NA,1.1286672682108094,NA,1.004828700340673,NA,1.0047832706322961,NA
9872014,23,b u m u z,5,-17.951792361056157,NA,-14.843063280742722,NA,-14.878017560925908,NA,1.2405193147630955,NA,1.240376722188641,NA,1.017535691474791,NA,1.016802398896366,NA
9872014,32,d͡ʒ e b ɯ ʒ,5,-20.21495022879154,NA,-Inf,NA,-22.87691116711818,NA,1.2686811486325449,NA,1.2684950947185034,NA,1.0124836117672047,NA,1.0120414031131446,NA
9872014,45,ɟ ø v ɯ ʃ,5,-24.484836572880727,NA,-Inf,NA,-24.564293047048626,NA,1.1249488007486994,NA,1.1250044411600126,NA,1.007870816045076,NA,1.0076134587496162,NA
9872253,51,n u c e j,5,-19.284139768647485,NA,-Inf,NA,-27.03061959151581,NA,1.2138640602351571,NA,1.213761575091728,NA,1.0046822496364043,NA,1.0046141339376191,NA
9872253,52,l i n u v,5,-18.466975061018218,NA,-24.951618240796765,NA,-24.684255423615568,NA,1.220141875184766,NA,1.220036316043871,NA,1.0121904544298916,NA,1.011755851703082,NA
9872253,68,b u m u z,5,-17.951792361056157,NA,-14.843063280742722,NA,-14.878017560925908,NA,1.2405193147630955,NA,1.240376722188641,NA,1.017535691474791,NA,1.016802398896366,NA
9872253,38,g ɯ m y z,5,-18.701899271803264,NA,-15.284758444764732,NA,-15.32860458966336,NA,1.1785067564052527,NA,1.1784732245409664,NA,1.00554093342204,NA,1.0054576463094618,NA
9872253,70,b o ʒ e l,5,-21.23324816820471,NA,-18.060919487768725,NA,-18.182879305878316,NA,1.2463498551349634,NA,1.2461951178538924,NA,1.008803329884933,NA,1.008547391347145,NA
9872253,60,t͡ʃ ø v a ʒ,5,-22.026529225233254,NA,-18.767317689397675,NA,-18.907200437170054,NA,1.2721540242302385,NA,1.271949454860332,NA,1.0142653337379195,NA,1.0136943818059525,NA
9872253,23,l e l y j,5,-19.772550808587734,NA,-Inf,NA,-29.3209145608971,NA,1.2343400791144985,NA,1.2342095483700994,NA,1.003248067408103,NA,1.0032923638392548,NA
9872253,69,ɫ a c ø c,5,-23.235335254641484,NA,-Inf,NA,-28.96719851740822,NA,1.2828819495149104,NA,1.2826763461817758,NA,1.0028718440034152,NA,1.002938782604458,NA
9872253,87,d a d͡ʒ y c,5,-20.390530859618952,NA,-21.37064354819536,NA,-21.197885713347908,NA,1.3547360937852992,NA,1.3544042392735065,NA,1.0112501093178448,NA,1.0108747896025891,NA
9872253,33,b u ʒ o ʒ,5,-23.76539676955428,NA,-21.96391548170358,NA,-21.79262912069044,NA,1.1538250828724028,NA,1.1538408478098283,NA,1.007399882196474,NA,1.007226945611721,NA
9872253,30,b i h a z,5,-16.349811613063217,NA,-13.978638446451834,NA,-14.016391150784171,NA,1.3901143932549385,NA,1.3896998755559016,NA,1.0281388334347332,NA,1.0267959716117114,NA
9872253,62,ɟ i f ɯ ʃ,5,-22.1048454127982,NA,-23.497930488232196,NA,-23.110474694525763,NA,1.1779963095818906,NA,1.177960316405389,NA,1.0083465331409436,NA,1.0080648025533474,NA
9872253,10,v ɯ ʒ u ʒ,5,-23.911347823237456,NA,-Inf,NA,-27.172143925229605,NA,1.1161267190999808,NA,1.1162057460174144,NA,1.0002707972270364,NA,1.000474478028374,NA
9872253,35,b e v e z,5,-16.966870081071157,NA,-14.397609492998663,NA,-14.44031212076233,NA,1.3929229704223276,NA,1.392511185542819,NA,1.029528725669076,NA,1.0281611900392078,NA
9872253,15,n ɯ t o j,5,-16.64471865554249,NA,-20.8852803375486,NA,-20.88836208756007,NA,1.1851723324290908,NA,1.185126386083626,NA,1.004463305335078,NA,1.0044398187271149,NA
9872253,100,k a k ɯ ɾ,5,-13.852944181894014,NA,-12.144674325482123,NA,-12.165544970347293,NA,1.5676549113274147,NA,1.5669247348407982,NA,1.081113994281714,NA,1.076949339812567,NA
9872253,70,b i j e l,5,-17.450630578939155,NA,-15.174694213804408,NA,-15.223894371415602,NA,1.3089517738471208,NA,1.3086882691733015,NA,1.0209242625509964,NA,1.0200235747731865,NA
9872253,17,b o ʒ e n,5,-19.353746594881077,NA,-15.678950482149968,NA,-15.781459798642668,NA,1.3107776347241384,NA,1.3104887340444304,NA,1.0214541287111476,NA,1.020406306928782,NA
9872253,34,ɟ e j ø z,5,-22.82835379958052,NA,-Inf,NA,-24.81298284362385,NA,1.235195590882307,NA,1.2350658781575348,NA,1.009898018351088,NA,1.0095907634262449,NA
9872253,0,ɟ ø ʒ o ʒ,5,-29.203929342940828,NA,-Inf,NA,-29.447557759589778,NA,1.0439095087456904,NA,1.044115390525366,NA,1.0001956309096838,NA,1.000401295176374,NA
9872253,15,t͡ʃ ø ɟ ø z,5,-26.083819330183616,NA,-Inf,NA,-21.52261786831054,NA,1.069838381124956,NA,1.0699952387320184,NA,1.0017666031757022,NA,1.0018897030116924,NA
9872253,0,h a ʒ i z,5,-18.940586263929728,NA,-16.033624750362595,NA,-16.176584461461953,NA,1.4424736309368726,NA,1.4419758181306943,NA,1.029251961469784,NA,1.0278844545484396,NA
9872253,0,ɫ o c ø c,5,-24.98342292134455,NA,-Inf,NA,-31.079713775074197,NA,1.0811921748182034,NA,1.081335515731949,NA,1.0021125667200912,NA,1.0022194540081912,NA
9872253,67,d͡ʒ e t͡ʃ y c,5,-21.506949174184605,NA,-23.436694565711367,NA,-23.25424943879691,NA,1.2256817579040702,NA,1.2255731677132062,NA,1.0104750503657995,NA,1.010138519579413,NA
9872253,31,t͡ʃ ø v e ʒ,5,-22.501198433327293,NA,-19.60154616634259,NA,-19.720161431862618,NA,1.1877047678623542,NA,1.187653908531909,NA,1.007255175976289,NA,1.0070775327862946,NA
9872253,76,k ɯ k a ɾ,5,-13.852944181894015,NA,-12.360407543244856,NA,-12.380543004924991,NA,1.493480237823476,NA,1.492865948681668,NA,1.0526280988311794,NA,1.0498258559342786,NA
9872253,33,f u c y c,5,-24.885869366241813,NA,-Inf,NA,-29.280536541614147,NA,1.1157787914815611,NA,1.115860462315408,NA,1.0009321097789516,NA,1.001100368974328,NA
9872253,27,ɟ e ʒ ɯ ʒ,5,-26.219264087350595,NA,-Inf,NA,-33.17641485659389,NA,1.2272674175690463,NA,1.2271532645061831,NA,1.000599585740761,NA,1.000785798371226,NA
9872253,79,n e l e s,5,-16.133712940143006,NA,-22.309363966878458,NA,-21.94511758334053,NA,1.3421106100147846,NA,1.3417826732353673,NA,1.0138487784772976,NA,1.0132823171708598,NA
9872253,86,b i ɟ y j,5,-21.621839348754172,NA,-23.738323784339784,NA,-23.145271532434343,NA,1.194804014519338,NA,1.1947420726709843,NA,1.0122225483469989,NA,1.0117960739557024,NA
9872253,68,k ɯ ɾ i n,5,-14.682152744236394,NA,-12.37822264154962,NA,-12.400758782495078,NA,1.4897929801932763,NA,1.4891922342093775,NA,1.0573621548079215,NA,1.054404034344128,NA
9872253,25,n y g o h,5,-19.02195772176377,NA,-27.137278020652435,NA,-26.404681357779356,NA,1.1333131439367587,NA,1.133360109385657,NA,1.0020494295650315,NA,1.002157274256292,NA
9872253,8,ɫ a c e h,5,-18.035397518301707,NA,-Inf,NA,-25.02799923003836,NA,1.3994050843368315,NA,1.3989840913843423,NA,1.0041760500679735,NA,1.0041613512211216,NA
9872253,100,b i ɟ ø z,5,-23.142448932022234,NA,-Inf,NA,-20.44554264298711,NA,1.1721298581123756,NA,1.1721097679762331,NA,1.012165565043107,NA,1.011742232357684,NA
9872253,85,t ø ɾ o n,5,-17.485988279342866,NA,-15.627675512106372,NA,-15.666950907825106,NA,1.3290088497105506,NA,1.3286945168365425,NA,1.0122008810961551,NA,1.0117169531065573,NA
9872253,37,ɟ e g o h,5,-22.32385648599314,NA,-Inf,NA,-29.10574748028316,NA,1.2145067608813798,NA,1.2144132380835384,NA,1.0014568108084176,NA,1.0015956377134012,NA
9872253,100,t͡ʃ ø z y z,5,-21.128620852346465,NA,-17.361344872511363,NA,-17.40089460771028,NA,1.1286143668362545,NA,1.1286672682108094,NA,1.004828700340673,NA,1.0047832706322961,NA
9872253,31,p u h i c,5,-20.780767761626823,NA,-22.05420867071373,NA,-21.930091078441407,NA,1.2416965922463563,NA,1.2415519682913172,NA,1.01241266159024,NA,1.0119605181707314,NA
9872253,29,h u h e c,5,-20.54912774061602,NA,-21.77039857112499,NA,-21.665991317549235,NA,1.2458994903446368,NA,1.2457482240849875,NA,1.009202924406593,NA,1.0089254532786238,NA
9872253,30,ɟ y f ɯ t͡ʃ,5,-23.521012578915236,NA,-25.37166299204228,NA,-24.957736942410385,NA,1.1507777147848135,NA,1.1507931543712089,NA,1.0033263350439428,NA,1.0033620285817637,NA
9872253,25,g o ʒ o ʒ,5,-24.62938331993061,NA,-21.44182559607237,NA,-21.448545619983207,NA,1.1224260916219797,NA,1.1224961567900622,NA,1.0013340243108588,NA,1.0014798191749397,NA
9872253,5,ɫ a ʒ a ʒ,5,-19.71086706006132,NA,-20.997350540187433,NA,-21.21655733327964,NA,1.4708414018303289,NA,1.4702934062511663,NA,1.003941564890843,NA,1.003940272651001,NA
9872253,0,b a ʒ ɯ ʒ,5,-21.802442132376388,NA,-Inf,NA,-24.18673784570743,NA,1.3864139275709753,NA,1.3860244830363206,NA,1.0201473136915078,NA,1.0193065798346137,NA
9872253,100,l i l i c,5,-21.734197850255633,NA,-31.06847061939216,NA,-30.413037420901233,NA,1.2188544098693368,NA,1.2187494709030118,NA,1.0021248087384225,NA,1.002227217500095,NA
9872253,74,m u ɾ a n,5,-14.474358626761134,NA,-11.950302324157594,NA,-11.974383816242137,NA,1.564482787413002,NA,1.563745826768253,NA,1.082042701236725,NA,1.077607380125139,NA
9872253,32,ɫ a c y j,5,-19.086255322116067,NA,-Inf,NA,-25.538775771876324,NA,1.3230324671869529,NA,1.3227486196407618,NA,1.003067474913099,NA,1.0031221678969575,NA
9872253,28,b o v a n,5,-16.83581550168471,NA,-13.814124853759685,NA,-13.841845975944103,NA,1.4255332248977568,NA,1.4250378444168188,NA,1.0453074842543126,NA,1.042851145035386,NA
9872253,29,n ɯ m ɯ j,5,-16.47599478408919,NA,-22.39373489217684,NA,-22.38175273448392,NA,1.1966103780074966,NA,1.196542055220454,NA,1.0026502266538255,NA,1.0027197340448553,NA
9872253,25,k u m y ɾ,5,-16.166729596387306,NA,-13.479655579943335,NA,-13.508482331190027,NA,1.3230272239563277,NA,1.3227231066743448,NA,1.022128398075403,NA,1.021137545740216,NA
9872253,42,g ɯ ʃ ɯ ɾ,5,-17.97497909272865,NA,-14.266839235392236,NA,-14.30974193032308,NA,1.245215104159512,NA,1.2450431145777665,NA,1.0154542843243193,NA,1.0147602319695646,NA
9872253,100,m y ɾ a n,5,-14.762040699212914,NA,-11.737473004903014,NA,-11.76464541223868,NA,1.5705486452986173,NA,1.5698011900900524,NA,1.0909056910771144,NA,1.0860056224174448,NA
9872253,80,s ø ɟ e v,5,-22.79528403658063,NA,-Inf,NA,-24.307406591636536,NA,1.2117460774005275,NA,1.2116501844406864,NA,1.0060152288996411,NA,1.0058751054370156,NA
9872253,22,n ɯ c ø c,5,-24.59275852015271,NA,-Inf,NA,-31.976683335339587,NA,1.0792927943891235,NA,1.079439427988085,NA,1.0003249566724437,NA,1.0005257916572736,NA
9872253,6,t a ɟ e z,5,-19.01299062520888,NA,-Inf,NA,-20.823952022657384,NA,1.4656215227621532,NA,1.465084309540202,NA,1.0269158977146384,NA,1.0257003443047683,NA
9872253,0,b o p o p,5,-19.25272795784617,NA,-15.57498426327942,NA,-15.61426036762116,NA,1.1967740047349058,NA,1.1967095549773488,NA,1.013486997864271,NA,1.0129840432080757,NA
9872253,100,s ø ɾ y ɾ,5,-17.707550354797547,NA,-16.169021341758853,NA,-16.205464404636334,NA,1.3319062242337465,NA,1.33158571547973,NA,1.013027665125439,NA,1.0125094354360924,NA
9872253,59,m y d͡ʒ e ʒ,5,-20.07648688346161,NA,-17.21604267519214,NA,-17.334930621591795,NA,1.2872685713504248,NA,1.2870457058049949,NA,1.0318759131224775,NA,1.030408550612966,NA
9872253,73,ɫ o t y j,5,-17.13637038757993,NA,-21.847842286805907,NA,-21.838930472337697,NA,1.1884962954554696,NA,1.1884444634754057,NA,1.0069809217299424,NA,1.0068236264270505,NA
9872253,79,c ø z ɯ ɾ,5,-21.71220299840252,NA,-Inf,NA,-19.68550050557094,NA,1.1902183865771947,NA,1.1901414021562249,NA,1.0145089255684994,NA,1.013860174302362,NA
9872253,17,z a ʒ u ʒ,5,-22.21296112594883,NA,-22.467527661364898,NA,-22.468435327208887,NA,1.3256708330824156,NA,1.3253873248250263,NA,1.0043869150779896,NA,1.0043743138247614,NA
9872253,100,l i l y c,5,-22.91076831338442,NA,-Inf,NA,-31.37384119300264,NA,1.1284788898966889,NA,1.1285384476392613,NA,1.0018639675255108,NA,1.0019827037767624,NA
9872253,20,h i ʒ o ʃ,5,-20.809527385524937,NA,-21.758984629549015,NA,-21.594790011980702,NA,1.1730182993086722,NA,1.1729939503390143,NA,1.005756231853628,NA,1.0056643656940627,NA
9872253,21,ɫ o c y j,5,-20.834342988819134,NA,-Inf,NA,-27.6512910295423,NA,1.1213426924902457,NA,1.121407789190935,NA,1.002308197629775,NA,1.0024028393006907,NA
9872253,25,n ø t u j,5,-18.16927071091751,NA,-22.851523275546036,NA,-22.813072474048504,NA,1.1724206207819898,NA,1.1723948121172356,NA,1.0038089132465688,NA,1.0038168140055153,NA
9872253,24,n i ɾ o h,5,-16.181858470568148,NA,-20.449641425018715,NA,-20.406357405732297,NA,1.2804974089534673,NA,1.2802882607954402,NA,1.016507593530359,NA,1.015847513933592,NA
9872253,77,g ɯ d͡ʒ e n,5,-17.56731557989134,NA,-14.61749184700327,NA,-14.657735297121354,NA,1.281298791538424,NA,1.2810607321907763,NA,1.019356759110327,NA,1.0184127138021122,NA
9872253,18,ɫ a m o s,5,-15.135202724992508,NA,-18.53976533327283,NA,-18.547827889801997,NA,1.3788112113885682,NA,1.378427016464903,NA,1.0185489274708253,NA,1.017775753755317,NA
9872253,0,l y l i v,5,-20.63415870679363,NA,-Inf,NA,-30.672142465019753,NA,1.2155027860536751,NA,1.2153995796438697,NA,1.002044914920388,NA,1.0021401260542664,NA
9872253,84,ɟ ø c i c,5,-28.595041653634546,NA,-Inf,NA,-34.34350574803089,NA,1.1361369616670376,NA,1.1361752544079688,NA,1.0003260515161396,NA,1.0005235520380404,NA
9872253,0,b e j o ʒ,5,-19.97163859556905,NA,-16.470032923117923,NA,-16.58974983451702,NA,1.3023238820005048,NA,1.3020822690254312,NA,1.0234430212856789,NA,1.0224209443737986,NA
9872253,0,ɟ e ʒ u ʒ,5,-26.43413105782542,NA,-Inf,NA,-29.33912315678841,NA,1.2174662892996293,NA,1.2173699757285252,NA,1.000599585740761,NA,1.000785798371226,NA
9872253,0,b i f e ʒ,5,-19.56510509226675,NA,-17.233656594746645,NA,-17.35991958085872,NA,1.2770233897314918,NA,1.276818171152988,NA,1.0171636142826754,NA,1.0164683141415962,NA
9872253,19,l i ʒ ɯ v,5,-21.57703454821374,NA,-31.133696426108365,NA,-30.207941372186912,NA,1.1572841132328815,NA,1.157287229154971,NA,1.0003922570709156,NA,1.000588795671445,NA
9872253,32,m y d͡ʒ ɯ ʒ,5,-20.94834362998964,NA,-Inf,NA,-19.765604716524727,NA,1.2335333157803068,NA,1.2334082562856274,NA,1.0297916061850232,NA,1.0284411057530372,NA
9872253,57,ʃ u ʒ ø ʃ,5,-23.117318159567468,NA,-24.06655854277991,NA,-23.710598665491876,NA,1.1089897910511255,NA,1.1090779138037352,NA,1.0013008717373968,NA,1.0014503747691397,NA
9872253,36,l y l y j,5,-21.14695659804238,NA,-Inf,NA,-31.05439759893357,NA,1.1332785539845158,NA,1.1333228701694076,NA,1.00074070885583,NA,1.0009175574376028,NA
9872253,80,b u ʃ ɯ z,5,-18.694443256827626,NA,-15.374699720473922,NA,-15.412193074961616,NA,1.228789864159734,NA,1.2286669214026904,NA,1.0123098572091858,NA,1.0118615371614068,NA
9872253,100,k o ɾ i n,5,-15.0837144563174,NA,-13.072652771256037,NA,-13.096986467913933,NA,1.5004623909385104,NA,1.4998431857664714,NA,1.0494536476998977,NA,1.046913855195189,NA
9872253,100,n ɯ l e ɾ,5,-16.520523019156673,NA,-22.578512005763056,NA,-22.1906184306061,NA,1.2705379652284161,NA,1.2703174772901622,NA,1.016447580336092,NA,1.015654592290636,NA
9872253,84,n u m ɯ s,5,-16.305931248897558,NA,-20.66468488363234,NA,-20.66177310337561,NA,1.2173321314639536,NA,1.2172245120444172,NA,1.0077581809890988,NA,1.0075488759046425,NA
9872253,0,d ɯ ʒ o ʒ,5,-23.464882873585843,NA,-Inf,NA,-23.9795220145898,NA,1.1293508774986598,NA,1.1294089752286451,NA,1.0015496170448657,NA,1.0016841358988702,NA
9872253,0,l e g a v,5,-18.119190425169464,NA,-25.71501109338958,NA,-25.332981685756884,NA,1.3881772381676205,NA,1.3877683698152172,NA,1.008863681612553,NA,1.0085537534032074,NA
9872253,100,t e ɾ i n,5,-13.827301603550456,NA,-12.502644627942797,NA,-12.521773624907365,NA,1.5729969938749515,NA,1.5722522702326374,NA,1.0804929495674649,NA,1.0763164691861506,NA
9872253,34,n u n o m,5,-16.474531465957043,NA,-19.71804282237854,NA,-19.721411008345388,NA,1.219775413725993,NA,1.2196627522111714,NA,1.0062472053556415,NA,1.0061235827754649,NA
9872253,25,ɟ ø v ɯ ʃ,5,-24.484836572880727,NA,-Inf,NA,-24.564293047048626,NA,1.1249488007486994,NA,1.1250044411600126,NA,1.007870816045076,NA,1.0076134587496162,NA
9872253,21,b o ʒ u z,5,-21.370274141785384,NA,-17.449334712896025,NA,-17.52465638865124,NA,1.1916820725344242,NA,1.1916245129596132,NA,1.009300937004208,NA,1.0090117245270502,NA
9872253,19,v ɯ c y c,5,-24.665725338666142,NA,-Inf,NA,-31.07494453895137,NA,1.0966099130891953,NA,1.0967247419175363,NA,1.0003360075302643,NA,1.000535606459207,NA
9872253,82,ɟ y ɟ y c,5,-29.68094473723395,NA,-33.68337874661388,NA,-32.205899752844275,NA,1.0953617399096514,NA,1.095478732648763,NA,1.0001767014017344,NA,1.000384506138849,NA
9872253,21,b o ʒ ɯ ʒ,5,-23.550529799079456,NA,-Inf,NA,-24.723680424475265,NA,1.1847241528742682,NA,1.1846836525864934,NA,1.0074750485138266,NA,1.007300128463721,NA
9872253,28,b o j ɯ ʒ,5,-20.84349534209708,NA,-Inf,NA,-21.13094063982574,NA,1.2260955689867723,NA,1.2259830322796048,NA,1.015232344142505,NA,1.0146378960431903,NA
9872253,87,m y t ø ɾ,5,-17.68011502873577,NA,-14.771169321237188,NA,-14.814804722114031,NA,1.3145632200457231,NA,1.3142753588611862,NA,1.0375461024211106,NA,1.0357780799024574,NA
9872253,21,ɫ a d͡ʒ o h,5,-17.01330714374341,NA,-22.624939743800624,NA,-22.534580136155395,NA,1.3256740594338108,NA,1.3253881497876747,NA,1.0050050745212178,NA,1.0049588515389372,NA
9872253,26,p y ʒ u ʃ,5,-21.83320780173249,NA,-21.6575563373154,NA,-21.57229848271923,NA,1.1683953129119478,NA,1.1683770297833889,NA,1.0032800290443638,NA,1.0033013050815458,NA
9872253,85,ɟ y d o n,5,-21.99388355485576,NA,-22.032124077243957,NA,-21.630787091891495,NA,1.1962433826356678,NA,1.196159913782388,NA,1.0079719201002924,NA,1.0077160801194214,NA
9872253,88,n y h e j,5,-16.95498764826872,NA,-21.846337471826367,NA,-21.825147364977283,NA,1.2480014323473068,NA,1.2478395741736754,NA,1.0076847714838688,NA,1.007454833667864,NA
9872253,25,d͡ʒ e b ɯ ʒ,5,-20.21495022879154,NA,-Inf,NA,-22.87691116711818,NA,1.2686811486325449,NA,1.2684950947185034,NA,1.0124836117672047,NA,1.0120414031131446,NA
9872389,53,ɫ a c ø c,5,-23.235335254641484,NA,-Inf,NA,-28.96719851740822,NA,1.2828819495149104,NA,1.2826763461817758,NA,1.0028718440034152,NA,1.002938782604458,NA
9872389,53,c ø z ɯ ɾ,5,-21.71220299840252,NA,-Inf,NA,-19.68550050557094,NA,1.1902183865771947,NA,1.1901414021562249,NA,1.0145089255684994,NA,1.013860174302362,NA
9872389,16,ɫ a ʒ a ʒ,5,-19.71086706006132,NA,-20.997350540187433,NA,-21.21655733327964,NA,1.4708414018303289,NA,1.4702934062511663,NA,1.003941564890843,NA,1.003940272651001,NA
9872389,95,b u m u z,5,-17.951792361056157,NA,-14.843063280742722,NA,-14.878017560925908,NA,1.2405193147630955,NA,1.240376722188641,NA,1.017535691474791,NA,1.016802398896366,NA
9872389,31,v ɯ c y c,5,-24.665725338666142,NA,-Inf,NA,-31.07494453895137,NA,1.0966099130891953,NA,1.0967247419175363,NA,1.0003360075302643,NA,1.000535606459207,NA
9872389,71,d a d͡ʒ y c,5,-20.390530859618952,NA,-21.37064354819536,NA,-21.197885713347908,NA,1.3547360937852992,NA,1.3544042392735065,NA,1.0112501093178448,NA,1.0108747896025891,NA
9872389,8,ɟ e ʒ ɯ ʒ,5,-26.219264087350595,NA,-Inf,NA,-33.17641485659389,NA,1.2272674175690463,NA,1.2271532645061831,NA,1.000599585740761,NA,1.000785798371226,NA
9872389,21,ɟ e j ø z,5,-22.82835379958052,NA,-Inf,NA,-24.81298284362385,NA,1.235195590882307,NA,1.2350658781575348,NA,1.009898018351088,NA,1.0095907634262449,NA
9872389,10,ɫ o c y j,5,-20.834342988819134,NA,-Inf,NA,-27.6512910295423,NA,1.1213426924902457,NA,1.121407789190935,NA,1.002308197629775,NA,1.0024028393006907,NA
9872389,0,t͡ʃ ø v e ʒ,5,-22.501198433327293,NA,-19.60154616634259,NA,-19.720161431862618,NA,1.1877047678623542,NA,1.187653908531909,NA,1.007255175976289,NA,1.0070775327862946,NA
9872389,98,b i h a z,5,-16.349811613063217,NA,-13.978638446451834,NA,-14.016391150784171,NA,1.3901143932549385,NA,1.3896998755559016,NA,1.0281388334347332,NA,1.0267959716117114,NA
9872389,27,b u ʃ ɯ z,5,-18.694443256827626,NA,-15.374699720473922,NA,-15.412193074961616,NA,1.228789864159734,NA,1.2286669214026904,NA,1.0123098572091858,NA,1.0118615371614068,NA
9872389,92,b i j e l,5,-17.450630578939155,NA,-15.174694213804408,NA,-15.223894371415602,NA,1.3089517738471208,NA,1.3086882691733015,NA,1.0209242625509964,NA,1.0200235747731865,NA
9872389,90,g ɯ ʃ ɯ ɾ,5,-17.97497909272865,NA,-14.266839235392236,NA,-14.30974193032308,NA,1.245215104159512,NA,1.2450431145777665,NA,1.0154542843243193,NA,1.0147602319695646,NA
9872389,6,z a ʒ u ʒ,5,-22.21296112594883,NA,-22.467527661364898,NA,-22.468435327208887,NA,1.3256708330824156,NA,1.3253873248250263,NA,1.0043869150779896,NA,1.0043743138247614,NA
9872389,95,t e ɾ i n,5,-13.827301603550456,NA,-12.502644627942797,NA,-12.521773624907365,NA,1.5729969938749515,NA,1.5722522702326374,NA,1.0804929495674649,NA,1.0763164691861506,NA
9872389,66,n y h e j,5,-16.95498764826872,NA,-21.846337471826367,NA,-21.825147364977283,NA,1.2480014323473068,NA,1.2478395741736754,NA,1.0076847714838688,NA,1.007454833667864,NA
9872389,76,l y l y j,5,-21.14695659804238,NA,-Inf,NA,-31.05439759893357,NA,1.1332785539845158,NA,1.1333228701694076,NA,1.00074070885583,NA,1.0009175574376028,NA
9872389,30,n ø t u j,5,-18.16927071091751,NA,-22.851523275546036,NA,-22.813072474048504,NA,1.1724206207819898,NA,1.1723948121172356,NA,1.0038089132465688,NA,1.0038168140055153,NA
9872389,98,b i ɟ ø z,5,-23.142448932022234,NA,-Inf,NA,-20.44554264298711,NA,1.1721298581123756,NA,1.1721097679762331,NA,1.012165565043107,NA,1.011742232357684,NA
9872389,60,t͡ʃ ø z y z,5,-21.128620852346465,NA,-17.361344872511363,NA,-17.40089460771028,NA,1.1286143668362545,NA,1.1286672682108094,NA,1.004828700340673,NA,1.0047832706322961,NA
9872389,96,k o ɾ i n,5,-15.0837144563174,NA,-13.072652771256037,NA,-13.096986467913933,NA,1.5004623909385104,NA,1.4998431857664714,NA,1.0494536476998977,NA,1.046913855195189,NA
9872389,5,b e j o ʒ,5,-19.97163859556905,NA,-16.470032923117923,NA,-16.58974983451702,NA,1.3023238820005048,NA,1.3020822690254312,NA,1.0234430212856789,NA,1.0224209443737986,NA
9872389,26,ɫ a c y j,5,-19.086255322116067,NA,-Inf,NA,-25.538775771876324,NA,1.3230324671869529,NA,1.3227486196407618,NA,1.003067474913099,NA,1.0031221678969575,NA
9872389,71,s ø ɾ y ɾ,5,-17.707550354797547,NA,-16.169021341758853,NA,-16.205464404636334,NA,1.3319062242337465,NA,1.33158571547973,NA,1.013027665125439,NA,1.0125094354360924,NA
9872389,55,s ø ɟ e v,5,-22.79528403658063,NA,-Inf,NA,-24.307406591636536,NA,1.2117460774005275,NA,1.2116501844406864,NA,1.0060152288996411,NA,1.0058751054370156,NA
9872389,55,d͡ʒ e t͡ʃ y c,5,-21.506949174184605,NA,-23.436694565711367,NA,-23.25424943879691,NA,1.2256817579040702,NA,1.2255731677132062,NA,1.0104750503657995,NA,1.010138519579413,NA
9872389,1,g o ʒ o ʒ,5,-24.62938331993061,NA,-21.44182559607237,NA,-21.448545619983207,NA,1.1224260916219797,NA,1.1224961567900622,NA,1.0013340243108588,NA,1.0014798191749397,NA
9872389,1,f u c y c,5,-24.885869366241813,NA,-Inf,NA,-29.280536541614147,NA,1.1157787914815611,NA,1.115860462315408,NA,1.0009321097789516,NA,1.001100368974328,NA
9872389,40,ɟ ø c i c,5,-28.595041653634546,NA,-Inf,NA,-34.34350574803089,NA,1.1361369616670376,NA,1.1361752544079688,NA,1.0003260515161396,NA,1.0005235520380404,NA
9872389,2,ɟ y f ɯ t͡ʃ,5,-23.521012578915236,NA,-25.37166299204228,NA,-24.957736942410385,NA,1.1507777147848135,NA,1.1507931543712089,NA,1.0033263350439428,NA,1.0033620285817637,NA
9872389,55,t͡ʃ ø ɟ ø z,5,-26.083819330183616,NA,-Inf,NA,-21.52261786831054,NA,1.069838381124956,NA,1.0699952387320184,NA,1.0017666031757022,NA,1.0018897030116924,NA
9872389,34,n i ɾ o h,5,-16.181858470568148,NA,-20.449641425018715,NA,-20.406357405732297,NA,1.2804974089534673,NA,1.2802882607954402,NA,1.016507593530359,NA,1.015847513933592,NA
9872389,18,ɟ e g o h,5,-22.32385648599314,NA,-Inf,NA,-29.10574748028316,NA,1.2145067608813798,NA,1.2144132380835384,NA,1.0014568108084176,NA,1.0015956377134012,NA
9872389,56,n e l e s,5,-16.133712940143006,NA,-22.309363966878458,NA,-21.94511758334053,NA,1.3421106100147846,NA,1.3417826732353673,NA,1.0138487784772976,NA,1.0132823171708598,NA
9872389,1,v ɯ ʒ u ʒ,5,-23.911347823237456,NA,-Inf,NA,-27.172143925229605,NA,1.1161267190999808,NA,1.1162057460174144,NA,1.0002707972270364,NA,1.000474478028374,NA
9872389,1,b o ʒ ɯ ʒ,5,-23.550529799079456,NA,-Inf,NA,-24.723680424475265,NA,1.1847241528742682,NA,1.1846836525864934,NA,1.0074750485138266,NA,1.007300128463721,NA
9872389,1,h i ʒ o ʃ,5,-20.809527385524937,NA,-21.758984629549015,NA,-21.594790011980702,NA,1.1730182993086722,NA,1.1729939503390143,NA,1.005756231853628,NA,1.0056643656940627,NA
9872389,60,n u c e j,5,-19.284139768647485,NA,-Inf,NA,-27.03061959151581,NA,1.2138640602351571,NA,1.213761575091728,NA,1.0046822496364043,NA,1.0046141339376191,NA
9872389,24,n ɯ m ɯ j,5,-16.47599478408919,NA,-22.39373489217684,NA,-22.38175273448392,NA,1.1966103780074966,NA,1.196542055220454,NA,1.0026502266538255,NA,1.0027197340448553,NA
9872389,1,p y ʒ u ʃ,5,-21.83320780173249,NA,-21.6575563373154,NA,-21.57229848271923,NA,1.1683953129119478,NA,1.1683770297833889,NA,1.0032800290443638,NA,1.0033013050815458,NA
9872389,55,k ɯ ɾ i n,5,-14.682152744236394,NA,-12.37822264154962,NA,-12.400758782495078,NA,1.4897929801932763,NA,1.4891922342093775,NA,1.0573621548079215,NA,1.054404034344128,NA
9872389,1,b o ʒ e n,5,-19.353746594881077,NA,-15.678950482149968,NA,-15.781459798642668,NA,1.3107776347241384,NA,1.3104887340444304,NA,1.0214541287111476,NA,1.020406306928782,NA
9872389,95,m u ɾ a n,5,-14.474358626761134,NA,-11.950302324157594,NA,-11.974383816242137,NA,1.564482787413002,NA,1.563745826768253,NA,1.082042701236725,NA,1.077607380125139,NA
9872389,3,m y d͡ʒ e ʒ,5,-20.07648688346161,NA,-17.21604267519214,NA,-17.334930621591795,NA,1.2872685713504248,NA,1.2870457058049949,NA,1.0318759131224775,NA,1.030408550612966,NA
9872389,0,b u ʒ o ʒ,5,-23.76539676955428,NA,-21.96391548170358,NA,-21.79262912069044,NA,1.1538250828724028,NA,1.1538408478098283,NA,1.007399882196474,NA,1.007226945611721,NA
9872389,2,b o ʒ e l,5,-21.23324816820471,NA,-18.060919487768725,NA,-18.182879305878316,NA,1.2463498551349634,NA,1.2461951178538924,NA,1.008803329884933,NA,1.008547391347145,NA
9872389,2,b o ʒ u z,5,-21.370274141785384,NA,-17.449334712896025,NA,-17.52465638865124,NA,1.1916820725344242,NA,1.1916245129596132,NA,1.009300937004208,NA,1.0090117245270502,NA
9872389,28,n y g o h,5,-19.02195772176377,NA,-27.137278020652435,NA,-26.404681357779356,NA,1.1333131439367587,NA,1.133360109385657,NA,1.0020494295650315,NA,1.002157274256292,NA
9872389,95,m y ɾ a n,5,-14.762040699212914,NA,-11.737473004903014,NA,-11.76464541223868,NA,1.5705486452986173,NA,1.5698011900900524,NA,1.0909056910771144,NA,1.0860056224174448,NA
9872389,21,p u h i c,5,-20.780767761626823,NA,-22.05420867071373,NA,-21.930091078441407,NA,1.2416965922463563,NA,1.2415519682913172,NA,1.01241266159024,NA,1.0119605181707314,NA
9872389,73,ɟ y d o n,5,-21.99388355485576,NA,-22.032124077243957,NA,-21.630787091891495,NA,1.1962433826356678,NA,1.196159913782388,NA,1.0079719201002924,NA,1.0077160801194214,NA
9872389,79,ɫ a m o s,5,-15.135202724992508,NA,-18.53976533327283,NA,-18.547827889801997,NA,1.3788112113885682,NA,1.378427016464903,NA,1.0185489274708253,NA,1.017775753755317,NA
9872389,5,ɟ ø v ɯ ʃ,5,-24.484836572880727,NA,-Inf,NA,-24.564293047048626,NA,1.1249488007486994,NA,1.1250044411600126,NA,1.007870816045076,NA,1.0076134587496162,NA
9872389,3,b o j ɯ ʒ,5,-20.84349534209708,NA,-Inf,NA,-21.13094063982574,NA,1.2260955689867723,NA,1.2259830322796048,NA,1.015232344142505,NA,1.0146378960431903,NA
9872389,1,ɟ e ʒ u ʒ,5,-26.43413105782542,NA,-Inf,NA,-29.33912315678841,NA,1.2174662892996293,NA,1.2173699757285252,NA,1.000599585740761,NA,1.000785798371226,NA
9872389,78,b e v e z,5,-16.966870081071157,NA,-14.397609492998663,NA,-14.44031212076233,NA,1.3929229704223276,NA,1.392511185542819,NA,1.029528725669076,NA,1.0281611900392078,NA
9872389,4,l i n u v,5,-18.466975061018218,NA,-24.951618240796765,NA,-24.684255423615568,NA,1.220141875184766,NA,1.220036316043871,NA,1.0121904544298916,NA,1.011755851703082,NA
9872389,61,t ø ɾ o n,5,-17.485988279342866,NA,-15.627675512106372,NA,-15.666950907825106,NA,1.3290088497105506,NA,1.3286945168365425,NA,1.0122008810961551,NA,1.0117169531065573,NA
9872389,0,m y d͡ʒ ɯ ʒ,5,-20.94834362998964,NA,-Inf,NA,-19.765604716524727,NA,1.2335333157803068,NA,1.2334082562856274,NA,1.0297916061850232,NA,1.0284411057530372,NA
9872389,80,l i l i c,5,-21.734197850255633,NA,-31.06847061939216,NA,-30.413037420901233,NA,1.2188544098693368,NA,1.2187494709030118,NA,1.0021248087384225,NA,1.002227217500095,NA
9872389,0,n ɯ t o j,5,-16.64471865554249,NA,-20.8852803375486,NA,-20.88836208756007,NA,1.1851723324290908,NA,1.185126386083626,NA,1.004463305335078,NA,1.0044398187271149,NA
9872389,18,ɫ o t y j,5,-17.13637038757993,NA,-21.847842286805907,NA,-21.838930472337697,NA,1.1884962954554696,NA,1.1884444634754057,NA,1.0069809217299424,NA,1.0068236264270505,NA
9872389,2,ɫ a d͡ʒ o h,5,-17.01330714374341,NA,-22.624939743800624,NA,-22.534580136155395,NA,1.3256740594338108,NA,1.3253881497876747,NA,1.0050050745212178,NA,1.0049588515389372,NA
9872389,60,l i l y c,5,-22.91076831338442,NA,-Inf,NA,-31.37384119300264,NA,1.1284788898966889,NA,1.1285384476392613,NA,1.0018639675255108,NA,1.0019827037767624,NA
9872389,1,l y l i v,5,-20.63415870679363,NA,-Inf,NA,-30.672142465019753,NA,1.2155027860536751,NA,1.2153995796438697,NA,1.002044914920388,NA,1.0021401260542664,NA
9872389,19,n u m ɯ s,5,-16.305931248897558,NA,-20.66468488363234,NA,-20.66177310337561,NA,1.2173321314639536,NA,1.2172245120444172,NA,1.0077581809890988,NA,1.0075488759046425,NA
9872389,3,h a ʒ i z,5,-18.940586263929728,NA,-16.033624750362595,NA,-16.176584461461953,NA,1.4424736309368726,NA,1.4419758181306943,NA,1.029251961469784,NA,1.0278844545484396,NA
9872389,1,d͡ʒ e b ɯ ʒ,5,-20.21495022879154,NA,-Inf,NA,-22.87691116711818,NA,1.2686811486325449,NA,1.2684950947185034,NA,1.0124836117672047,NA,1.0120414031131446,NA
9872389,51,ɫ a c e h,5,-18.035397518301707,NA,-Inf,NA,-25.02799923003836,NA,1.3994050843368315,NA,1.3989840913843423,NA,1.0041760500679735,NA,1.0041613512211216,NA
9872389,75,b o v a n,5,-16.83581550168471,NA,-13.814124853759685,NA,-13.841845975944103,NA,1.4255332248977568,NA,1.4250378444168188,NA,1.0453074842543126,NA,1.042851145035386,NA
9872389,1,n ɯ c ø c,5,-24.59275852015271,NA,-Inf,NA,-31.976683335339587,NA,1.0792927943891235,NA,1.079439427988085,NA,1.0003249566724437,NA,1.0005257916572736,NA
9872389,62,t a ɟ e z,5,-19.01299062520888,NA,-Inf,NA,-20.823952022657384,NA,1.4656215227621532,NA,1.465084309540202,NA,1.0269158977146384,NA,1.0257003443047683,NA
9872389,13,b o p o p,5,-19.25272795784617,NA,-15.57498426327942,NA,-15.61426036762116,NA,1.1967740047349058,NA,1.1967095549773488,NA,1.013486997864271,NA,1.0129840432080757,NA
9872389,1,l i ʒ ɯ v,5,-21.57703454821374,NA,-31.133696426108365,NA,-30.207941372186912,NA,1.1572841132328815,NA,1.157287229154971,NA,1.0003922570709156,NA,1.000588795671445,NA
9872389,1,n ɯ l e ɾ,5,-16.520523019156673,NA,-22.578512005763056,NA,-22.1906184306061,NA,1.2705379652284161,NA,1.2703174772901622,NA,1.016447580336092,NA,1.015654592290636,NA
9872389,54,k u m y ɾ,5,-16.166729596387306,NA,-13.479655579943335,NA,-13.508482331190027,NA,1.3230272239563277,NA,1.3227231066743448,NA,1.022128398075403,NA,1.021137545740216,NA
9872389,15,ɟ i f ɯ ʃ,5,-22.1048454127982,NA,-23.497930488232196,NA,-23.110474694525763,NA,1.1779963095818906,NA,1.177960316405389,NA,1.0083465331409436,NA,1.0080648025533474,NA
9872389,13,g ɯ m y z,5,-18.701899271803264,NA,-15.284758444764732,NA,-15.32860458966336,NA,1.1785067564052527,NA,1.1784732245409664,NA,1.00554093342204,NA,1.0054576463094618,NA
9872389,16,l e l y j,5,-19.772550808587734,NA,-Inf,NA,-29.3209145608971,NA,1.2343400791144985,NA,1.2342095483700994,NA,1.003248067408103,NA,1.0032923638392548,NA
9872389,2,b a ʒ ɯ ʒ,5,-21.802442132376388,NA,-Inf,NA,-24.18673784570743,NA,1.3864139275709753,NA,1.3860244830363206,NA,1.0201473136915078,NA,1.0193065798346137,NA
9872389,0,ʃ u ʒ ø ʃ,5,-23.117318159567468,NA,-24.06655854277991,NA,-23.710598665491876,NA,1.1089897910511255,NA,1.1090779138037352,NA,1.0013008717373968,NA,1.0014503747691397,NA
9872389,55,k ɯ k a ɾ,5,-13.852944181894015,NA,-12.360407543244856,NA,-12.380543004924991,NA,1.493480237823476,NA,1.492865948681668,NA,1.0526280988311794,NA,1.0498258559342786,NA
9872389,3,ɫ o c ø c,5,-24.98342292134455,NA,-Inf,NA,-31.079713775074197,NA,1.0811921748182034,NA,1.081335515731949,NA,1.0021125667200912,NA,1.0022194540081912,NA
9872389,2,b i ɟ y j,5,-21.621839348754172,NA,-23.738323784339784,NA,-23.145271532434343,NA,1.194804014519338,NA,1.1947420726709843,NA,1.0122225483469989,NA,1.0117960739557024,NA
9872389,81,k a k ɯ ɾ,5,-13.852944181894014,NA,-12.144674325482123,NA,-12.165544970347293,NA,1.5676549113274147,NA,1.5669247348407982,NA,1.081113994281714,NA,1.076949339812567,NA
9872389,25,n u n o m,5,-16.474531465957043,NA,-19.71804282237854,NA,-19.721411008345388,NA,1.219775413725993,NA,1.2196627522111714,NA,1.0062472053556415,NA,1.0061235827754649,NA
9872389,22,l e g a v,5,-18.119190425169464,NA,-25.71501109338958,NA,-25.332981685756884,NA,1.3881772381676205,NA,1.3877683698152172,NA,1.008863681612553,NA,1.0085537534032074,NA
9872389,0,t͡ʃ ø v a ʒ,5,-22.026529225233254,NA,-18.767317689397675,NA,-18.907200437170054,NA,1.2721540242302385,NA,1.271949454860332,NA,1.0142653337379195,NA,1.0136943818059525,NA
9872389,1,b i f e ʒ,5,-19.56510509226675,NA,-17.233656594746645,NA,-17.35991958085872,NA,1.2770233897314918,NA,1.276818171152988,NA,1.0171636142826754,NA,1.0164683141415962,NA
9872389,1,d ɯ ʒ o ʒ,5,-23.464882873585843,NA,-Inf,NA,-23.9795220145898,NA,1.1293508774986598,NA,1.1294089752286451,NA,1.0015496170448657,NA,1.0016841358988702,NA
9872389,98,ɟ y ɟ y c,5,-29.68094473723395,NA,-33.68337874661388,NA,-32.205899752844275,NA,1.0953617399096514,NA,1.095478732648763,NA,1.0001767014017344,NA,1.000384506138849,NA
9872389,0,ɟ ø ʒ o ʒ,5,-29.203929342940828,NA,-Inf,NA,-29.447557759589778,NA,1.0439095087456904,NA,1.044115390525366,NA,1.0001956309096838,NA,1.000401295176374,NA
9872389,19,h u h e c,5,-20.54912774061602,NA,-21.77039857112499,NA,-21.665991317549235,NA,1.2458994903446368,NA,1.2457482240849875,NA,1.009202924406593,NA,1.0089254532786238,NA
9872389,16,g ɯ d͡ʒ e n,5,-17.56731557989134,NA,-14.61749184700327,NA,-14.657735297121354,NA,1.281298791538424,NA,1.2810607321907763,NA,1.019356759110327,NA,1.0184127138021122,NA
9872389,84,m y t ø ɾ,5,-17.68011502873577,NA,-14.771169321237188,NA,-14.814804722114031,NA,1.3145632200457231,NA,1.3142753588611862,NA,1.0375461024211106,NA,1.0357780799024574,NA
9874574,21,ɫ o c y j,5,-20.834342988819134,NA,-Inf,NA,-27.6512910295423,NA,1.1213426924902457,NA,1.121407789190935,NA,1.002308197629775,NA,1.0024028393006907,NA
9874574,21,p u h i c,5,-20.780767761626823,NA,-22.05420867071373,NA,-21.930091078441407,NA,1.2416965922463563,NA,1.2415519682913172,NA,1.01241266159024,NA,1.0119605181707314,NA
9874574,23,z a ʒ u ʒ,5,-22.21296112594883,NA,-22.467527661364898,NA,-22.468435327208887,NA,1.3256708330824156,NA,1.3253873248250263,NA,1.0043869150779896,NA,1.0043743138247614,NA
9874574,59,n ɯ c ø c,5,-24.59275852015271,NA,-Inf,NA,-31.976683335339587,NA,1.0792927943891235,NA,1.079439427988085,NA,1.0003249566724437,NA,1.0005257916572736,NA
9874574,82,t e ɾ i n,5,-13.827301603550456,NA,-12.502644627942797,NA,-12.521773624907365,NA,1.5729969938749515,NA,1.5722522702326374,NA,1.0804929495674649,NA,1.0763164691861506,NA
9874574,39,n i ɾ o h,5,-16.181858470568148,NA,-20.449641425018715,NA,-20.406357405732297,NA,1.2804974089534673,NA,1.2802882607954402,NA,1.016507593530359,NA,1.015847513933592,NA
9874574,11,d͡ʒ e b ɯ ʒ,5,-20.21495022879154,NA,-Inf,NA,-22.87691116711818,NA,1.2686811486325449,NA,1.2684950947185034,NA,1.0124836117672047,NA,1.0120414031131446,NA
9874574,9,b a ʒ ɯ ʒ,5,-21.802442132376388,NA,-Inf,NA,-24.18673784570743,NA,1.3864139275709753,NA,1.3860244830363206,NA,1.0201473136915078,NA,1.0193065798346137,NA
9874574,60,b e j o ʒ,5,-19.97163859556905,NA,-16.470032923117923,NA,-16.58974983451702,NA,1.3023238820005048,NA,1.3020822690254312,NA,1.0234430212856789,NA,1.0224209443737986,NA
9874574,68,ɫ o c ø c,5,-24.98342292134455,NA,-Inf,NA,-31.079713775074197,NA,1.0811921748182034,NA,1.081335515731949,NA,1.0021125667200912,NA,1.0022194540081912,NA
9874574,26,ɟ ø v ɯ ʃ,5,-24.484836572880727,NA,-Inf,NA,-24.564293047048626,NA,1.1249488007486994,NA,1.1250044411600126,NA,1.007870816045076,NA,1.0076134587496162,NA
9874574,22,v ɯ ʒ u ʒ,5,-23.911347823237456,NA,-Inf,NA,-27.172143925229605,NA,1.1161267190999808,NA,1.1162057460174144,NA,1.0002707972270364,NA,1.000474478028374,NA
9874574,68,n ɯ l e ɾ,5,-16.520523019156673,NA,-22.578512005763056,NA,-22.1906184306061,NA,1.2705379652284161,NA,1.2703174772901622,NA,1.016447580336092,NA,1.015654592290636,NA
9874574,66,g ɯ m y z,5,-18.701899271803264,NA,-15.284758444764732,NA,-15.32860458966336,NA,1.1785067564052527,NA,1.1784732245409664,NA,1.00554093342204,NA,1.0054576463094618,NA
9874574,27,ɟ y f ɯ t͡ʃ,5,-23.521012578915236,NA,-25.37166299204228,NA,-24.957736942410385,NA,1.1507777147848135,NA,1.1507931543712089,NA,1.0033263350439428,NA,1.0033620285817637,NA
9874574,6,h i ʒ o ʃ,5,-20.809527385524937,NA,-21.758984629549015,NA,-21.594790011980702,NA,1.1730182993086722,NA,1.1729939503390143,NA,1.005756231853628,NA,1.0056643656940627,NA
9874574,63,d͡ʒ e t͡ʃ y c,5,-21.506949174184605,NA,-23.436694565711367,NA,-23.25424943879691,NA,1.2256817579040702,NA,1.2255731677132062,NA,1.0104750503657995,NA,1.010138519579413,NA
9874574,68,b o ʒ u z,5,-21.370274141785384,NA,-17.449334712896025,NA,-17.52465638865124,NA,1.1916820725344242,NA,1.1916245129596132,NA,1.009300937004208,NA,1.0090117245270502,NA
9874574,40,b o j ɯ ʒ,5,-20.84349534209708,NA,-Inf,NA,-21.13094063982574,NA,1.2260955689867723,NA,1.2259830322796048,NA,1.015232344142505,NA,1.0146378960431903,NA
9874574,70,b o ʒ e l,5,-21.23324816820471,NA,-18.060919487768725,NA,-18.182879305878316,NA,1.2463498551349634,NA,1.2461951178538924,NA,1.008803329884933,NA,1.008547391347145,NA
9874574,87,k a k ɯ ɾ,5,-13.852944181894014,NA,-12.144674325482123,NA,-12.165544970347293,NA,1.5676549113274147,NA,1.5669247348407982,NA,1.081113994281714,NA,1.076949339812567,NA
9874574,83,n ɯ m ɯ j,5,-16.47599478408919,NA,-22.39373489217684,NA,-22.38175273448392,NA,1.1966103780074966,NA,1.196542055220454,NA,1.0026502266538255,NA,1.0027197340448553,NA
9874574,24,ʃ u ʒ ø ʃ,5,-23.117318159567468,NA,-24.06655854277991,NA,-23.710598665491876,NA,1.1089897910511255,NA,1.1090779138037352,NA,1.0013008717373968,NA,1.0014503747691397,NA
9874574,45,ɟ e g o h,5,-22.32385648599314,NA,-Inf,NA,-29.10574748028316,NA,1.2145067608813798,NA,1.2144132380835384,NA,1.0014568108084176,NA,1.0015956377134012,NA
9874574,88,l i l y c,5,-22.91076831338442,NA,-Inf,NA,-31.37384119300264,NA,1.1284788898966889,NA,1.1285384476392613,NA,1.0018639675255108,NA,1.0019827037767624,NA
9874574,62,ɫ a c e h,5,-18.035397518301707,NA,-Inf,NA,-25.02799923003836,NA,1.3994050843368315,NA,1.3989840913843423,NA,1.0041760500679735,NA,1.0041613512211216,NA
9874574,60,g ɯ ʃ ɯ ɾ,5,-17.97497909272865,NA,-14.266839235392236,NA,-14.30974193032308,NA,1.245215104159512,NA,1.2450431145777665,NA,1.0154542843243193,NA,1.0147602319695646,NA
9874574,96,m u ɾ a n,5,-14.474358626761134,NA,-11.950302324157594,NA,-11.974383816242137,NA,1.564482787413002,NA,1.563745826768253,NA,1.082042701236725,NA,1.077607380125139,NA
9874574,83,b o ʒ e n,5,-19.353746594881077,NA,-15.678950482149968,NA,-15.781459798642668,NA,1.3107776347241384,NA,1.3104887340444304,NA,1.0214541287111476,NA,1.020406306928782,NA
9874574,69,t͡ʃ ø ɟ ø z,5,-26.083819330183616,NA,-Inf,NA,-21.52261786831054,NA,1.069838381124956,NA,1.0699952387320184,NA,1.0017666031757022,NA,1.0018897030116924,NA
9874574,75,k o ɾ i n,5,-15.0837144563174,NA,-13.072652771256037,NA,-13.096986467913933,NA,1.5004623909385104,NA,1.4998431857664714,NA,1.0494536476998977,NA,1.046913855195189,NA
9874574,75,t͡ʃ ø z y z,5,-21.128620852346465,NA,-17.361344872511363,NA,-17.40089460771028,NA,1.1286143668362545,NA,1.1286672682108094,NA,1.004828700340673,NA,1.0047832706322961,NA
9874574,78,b u m u z,5,-17.951792361056157,NA,-14.843063280742722,NA,-14.878017560925908,NA,1.2405193147630955,NA,1.240376722188641,NA,1.017535691474791,NA,1.016802398896366,NA
9874574,53,h a ʒ i z,5,-18.940586263929728,NA,-16.033624750362595,NA,-16.176584461461953,NA,1.4424736309368726,NA,1.4419758181306943,NA,1.029251961469784,NA,1.0278844545484396,NA
9874574,65,ɟ ø c i c,5,-28.595041653634546,NA,-Inf,NA,-34.34350574803089,NA,1.1361369616670376,NA,1.1361752544079688,NA,1.0003260515161396,NA,1.0005235520380404,NA
9874574,92,b i j e l,5,-17.450630578939155,NA,-15.174694213804408,NA,-15.223894371415602,NA,1.3089517738471208,NA,1.3086882691733015,NA,1.0209242625509964,NA,1.0200235747731865,NA
9874574,89,t a ɟ e z,5,-19.01299062520888,NA,-Inf,NA,-20.823952022657384,NA,1.4656215227621532,NA,1.465084309540202,NA,1.0269158977146384,NA,1.0257003443047683,NA
9874574,88,g ɯ d͡ʒ e n,5,-17.56731557989134,NA,-14.61749184700327,NA,-14.657735297121354,NA,1.281298791538424,NA,1.2810607321907763,NA,1.019356759110327,NA,1.0184127138021122,NA
9874574,19,ɟ ø ʒ o ʒ,5,-29.203929342940828,NA,-Inf,NA,-29.447557759589778,NA,1.0439095087456904,NA,1.044115390525366,NA,1.0001956309096838,NA,1.000401295176374,NA
9874574,44,ɟ y d o n,5,-21.99388355485576,NA,-22.032124077243957,NA,-21.630787091891495,NA,1.1962433826356678,NA,1.196159913782388,NA,1.0079719201002924,NA,1.0077160801194214,NA
9874574,81,b i h a z,5,-16.349811613063217,NA,-13.978638446451834,NA,-14.016391150784171,NA,1.3901143932549385,NA,1.3896998755559016,NA,1.0281388334347332,NA,1.0267959716117114,NA
9874574,69,l y l i v,5,-20.63415870679363,NA,-Inf,NA,-30.672142465019753,NA,1.2155027860536751,NA,1.2153995796438697,NA,1.002044914920388,NA,1.0021401260542664,NA
9874574,54,n ø t u j,5,-18.16927071091751,NA,-22.851523275546036,NA,-22.813072474048504,NA,1.1724206207819898,NA,1.1723948121172356,NA,1.0038089132465688,NA,1.0038168140055153,NA
9874574,17,ɟ i f ɯ ʃ,5,-22.1048454127982,NA,-23.497930488232196,NA,-23.110474694525763,NA,1.1779963095818906,NA,1.177960316405389,NA,1.0083465331409436,NA,1.0080648025533474,NA
9874574,43,n y g o h,5,-19.02195772176377,NA,-27.137278020652435,NA,-26.404681357779356,NA,1.1333131439367587,NA,1.133360109385657,NA,1.0020494295650315,NA,1.002157274256292,NA
9874574,74,k u m y ɾ,5,-16.166729596387306,NA,-13.479655579943335,NA,-13.508482331190027,NA,1.3230272239563277,NA,1.3227231066743448,NA,1.022128398075403,NA,1.021137545740216,NA
9874574,66,n y h e j,5,-16.95498764826872,NA,-21.846337471826367,NA,-21.825147364977283,NA,1.2480014323473068,NA,1.2478395741736754,NA,1.0076847714838688,NA,1.007454833667864,NA
9874574,18,b o ʒ ɯ ʒ,5,-23.550529799079456,NA,-Inf,NA,-24.723680424475265,NA,1.1847241528742682,NA,1.1846836525864934,NA,1.0074750485138266,NA,1.007300128463721,NA
9874574,58,n u c e j,5,-19.284139768647485,NA,-Inf,NA,-27.03061959151581,NA,1.2138640602351571,NA,1.213761575091728,NA,1.0046822496364043,NA,1.0046141339376191,NA
9874574,54,ɫ a d͡ʒ o h,5,-17.01330714374341,NA,-22.624939743800624,NA,-22.534580136155395,NA,1.3256740594338108,NA,1.3253881497876747,NA,1.0050050745212178,NA,1.0049588515389372,NA
9874574,39,h u h e c,5,-20.54912774061602,NA,-21.77039857112499,NA,-21.665991317549235,NA,1.2458994903446368,NA,1.2457482240849875,NA,1.009202924406593,NA,1.0089254532786238,NA
9874574,21,b o p o p,5,-19.25272795784617,NA,-15.57498426327942,NA,-15.61426036762116,NA,1.1967740047349058,NA,1.1967095549773488,NA,1.013486997864271,NA,1.0129840432080757,NA
9874574,41,l e l y j,5,-19.772550808587734,NA,-Inf,NA,-29.3209145608971,NA,1.2343400791144985,NA,1.2342095483700994,NA,1.003248067408103,NA,1.0032923638392548,NA
9874574,94,m y ɾ a n,5,-14.762040699212914,NA,-11.737473004903014,NA,-11.76464541223868,NA,1.5705486452986173,NA,1.5698011900900524,NA,1.0909056910771144,NA,1.0860056224174448,NA
9874574,16,m y d͡ʒ ɯ ʒ,5,-20.94834362998964,NA,-Inf,NA,-19.765604716524727,NA,1.2335333157803068,NA,1.2334082562856274,NA,1.0297916061850232,NA,1.0284411057530372,NA
9874574,69,l i n u v,5,-18.466975061018218,NA,-24.951618240796765,NA,-24.684255423615568,NA,1.220141875184766,NA,1.220036316043871,NA,1.0121904544298916,NA,1.011755851703082,NA
9874574,27,f u c y c,5,-24.885869366241813,NA,-Inf,NA,-29.280536541614147,NA,1.1157787914815611,NA,1.115860462315408,NA,1.0009321097789516,NA,1.001100368974328,NA
9874574,90,n e l e s,5,-16.133712940143006,NA,-22.309363966878458,NA,-21.94511758334053,NA,1.3421106100147846,NA,1.3417826732353673,NA,1.0138487784772976,NA,1.0132823171708598,NA
9874574,98,s ø ɟ e v,5,-22.79528403658063,NA,-Inf,NA,-24.307406591636536,NA,1.2117460774005275,NA,1.2116501844406864,NA,1.0060152288996411,NA,1.0058751054370156,NA
9874574,38,ɫ a ʒ a ʒ,5,-19.71086706006132,NA,-20.997350540187433,NA,-21.21655733327964,NA,1.4708414018303289,NA,1.4702934062511663,NA,1.003941564890843,NA,1.003940272651001,NA
9874574,32,b i f e ʒ,5,-19.56510509226675,NA,-17.233656594746645,NA,-17.35991958085872,NA,1.2770233897314918,NA,1.276818171152988,NA,1.0171636142826754,NA,1.0164683141415962,NA
9874574,17,g o ʒ o ʒ,5,-24.62938331993061,NA,-21.44182559607237,NA,-21.448545619983207,NA,1.1224260916219797,NA,1.1224961567900622,NA,1.0013340243108588,NA,1.0014798191749397,NA
9874574,6,t͡ʃ ø v e ʒ,5,-22.501198433327293,NA,-19.60154616634259,NA,-19.720161431862618,NA,1.1877047678623542,NA,1.187653908531909,NA,1.007255175976289,NA,1.0070775327862946,NA
9874574,3,ɟ e ʒ ɯ ʒ,5,-26.219264087350595,NA,-Inf,NA,-33.17641485659389,NA,1.2272674175690463,NA,1.2271532645061831,NA,1.000599585740761,NA,1.000785798371226,NA
9874574,87,b e v e z,5,-16.966870081071157,NA,-14.397609492998663,NA,-14.44031212076233,NA,1.3929229704223276,NA,1.392511185542819,NA,1.029528725669076,NA,1.0281611900392078,NA
9874574,82,d a d͡ʒ y c,5,-20.390530859618952,NA,-21.37064354819536,NA,-21.197885713347908,NA,1.3547360937852992,NA,1.3544042392735065,NA,1.0112501093178448,NA,1.0108747896025891,NA
9874574,71,m y t ø ɾ,5,-17.68011502873577,NA,-14.771169321237188,NA,-14.814804722114031,NA,1.3145632200457231,NA,1.3142753588611862,NA,1.0375461024211106,NA,1.0357780799024574,NA
9874574,60,ɫ o t y j,5,-17.13637038757993,NA,-21.847842286805907,NA,-21.838930472337697,NA,1.1884962954554696,NA,1.1884444634754057,NA,1.0069809217299424,NA,1.0068236264270505,NA
9874574,57,ɟ y ɟ y c,5,-29.68094473723395,NA,-33.68337874661388,NA,-32.205899752844275,NA,1.0953617399096514,NA,1.095478732648763,NA,1.0001767014017344,NA,1.000384506138849,NA
9874574,41,b u ʃ ɯ z,5,-18.694443256827626,NA,-15.374699720473922,NA,-15.412193074961616,NA,1.228789864159734,NA,1.2286669214026904,NA,1.0123098572091858,NA,1.0118615371614068,NA
9874574,88,k ɯ k a ɾ,5,-13.852944181894015,NA,-12.360407543244856,NA,-12.380543004924991,NA,1.493480237823476,NA,1.492865948681668,NA,1.0526280988311794,NA,1.0498258559342786,NA
9874574,39,k ɯ ɾ i n,5,-14.682152744236394,NA,-12.37822264154962,NA,-12.400758782495078,NA,1.4897929801932763,NA,1.4891922342093775,NA,1.0573621548079215,NA,1.054404034344128,NA
9874574,21,n ɯ t o j,5,-16.64471865554249,NA,-20.8852803375486,NA,-20.88836208756007,NA,1.1851723324290908,NA,1.185126386083626,NA,1.004463305335078,NA,1.0044398187271149,NA
9874574,78,ɫ a m o s,5,-15.135202724992508,NA,-18.53976533327283,NA,-18.547827889801997,NA,1.3788112113885682,NA,1.378427016464903,NA,1.0185489274708253,NA,1.017775753755317,NA
9874574,78,ɟ e j ø z,5,-22.82835379958052,NA,-Inf,NA,-24.81298284362385,NA,1.235195590882307,NA,1.2350658781575348,NA,1.009898018351088,NA,1.0095907634262449,NA
9874574,13,d ɯ ʒ o ʒ,5,-23.464882873585843,NA,-Inf,NA,-23.9795220145898,NA,1.1293508774986598,NA,1.1294089752286451,NA,1.0015496170448657,NA,1.0016841358988702,NA
9874574,91,l e g a v,5,-18.119190425169464,NA,-25.71501109338958,NA,-25.332981685756884,NA,1.3881772381676205,NA,1.3877683698152172,NA,1.008863681612553,NA,1.0085537534032074,NA
9874574,17,ɟ e ʒ u ʒ,5,-26.43413105782542,NA,-Inf,NA,-29.33912315678841,NA,1.2174662892996293,NA,1.2173699757285252,NA,1.000599585740761,NA,1.000785798371226,NA
9874574,90,b i ɟ y j,5,-21.621839348754172,NA,-23.738323784339784,NA,-23.145271532434343,NA,1.194804014519338,NA,1.1947420726709843,NA,1.0122225483469989,NA,1.0117960739557024,NA
9874574,88,s ø ɾ y ɾ,5,-17.707550354797547,NA,-16.169021341758853,NA,-16.205464404636334,NA,1.3319062242337465,NA,1.33158571547973,NA,1.013027665125439,NA,1.0125094354360924,NA
9874574,32,m y d͡ʒ e ʒ,5,-20.07648688346161,NA,-17.21604267519214,NA,-17.334930621591795,NA,1.2872685713504248,NA,1.2870457058049949,NA,1.0318759131224775,NA,1.030408550612966,NA
9874574,80,l i l i c,5,-21.734197850255633,NA,-31.06847061939216,NA,-30.413037420901233,NA,1.2188544098693368,NA,1.2187494709030118,NA,1.0021248087384225,NA,1.002227217500095,NA
9874574,20,b u ʒ o ʒ,5,-23.76539676955428,NA,-21.96391548170358,NA,-21.79262912069044,NA,1.1538250828724028,NA,1.1538408478098283,NA,1.007399882196474,NA,1.007226945611721,NA
9874574,32,l i ʒ ɯ v,5,-21.57703454821374,NA,-31.133696426108365,NA,-30.207941372186912,NA,1.1572841132328815,NA,1.157287229154971,NA,1.0003922570709156,NA,1.000588795671445,NA
9874574,74,n u n o m,5,-16.474531465957043,NA,-19.71804282237854,NA,-19.721411008345388,NA,1.219775413725993,NA,1.2196627522111714,NA,1.0062472053556415,NA,1.0061235827754649,NA
9874574,59,v ɯ c y c,5,-24.665725338666142,NA,-Inf,NA,-31.07494453895137,NA,1.0966099130891953,NA,1.0967247419175363,NA,1.0003360075302643,NA,1.000535606459207,NA
9874574,12,p y ʒ u ʃ,5,-21.83320780173249,NA,-21.6575563373154,NA,-21.57229848271923,NA,1.1683953129119478,NA,1.1683770297833889,NA,1.0032800290443638,NA,1.0033013050815458,NA
9874574,89,b o v a n,5,-16.83581550168471,NA,-13.814124853759685,NA,-13.841845975944103,NA,1.4255332248977568,NA,1.4250378444168188,NA,1.0453074842543126,NA,1.042851145035386,NA
9874574,82,b i ɟ ø z,5,-23.142448932022234,NA,-Inf,NA,-20.44554264298711,NA,1.1721298581123756,NA,1.1721097679762331,NA,1.012165565043107,NA,1.011742232357684,NA
9874574,72,n u m ɯ s,5,-16.305931248897558,NA,-20.66468488363234,NA,-20.66177310337561,NA,1.2173321314639536,NA,1.2172245120444172,NA,1.0077581809890988,NA,1.0075488759046425,NA
9874574,44,ɫ a c y j,5,-19.086255322116067,NA,-Inf,NA,-25.538775771876324,NA,1.3230324671869529,NA,1.3227486196407618,NA,1.003067474913099,NA,1.0031221678969575,NA
9874574,45,l y l y j,5,-21.14695659804238,NA,-Inf,NA,-31.05439759893357,NA,1.1332785539845158,NA,1.1333228701694076,NA,1.00074070885583,NA,1.0009175574376028,NA
9874574,55,c ø z ɯ ɾ,5,-21.71220299840252,NA,-Inf,NA,-19.68550050557094,NA,1.1902183865771947,NA,1.1901414021562249,NA,1.0145089255684994,NA,1.013860174302362,NA
9874574,61,ɫ a c ø c,5,-23.235335254641484,NA,-Inf,NA,-28.96719851740822,NA,1.2828819495149104,NA,1.2826763461817758,NA,1.0028718440034152,NA,1.002938782604458,NA
9874574,72,t ø ɾ o n,5,-17.485988279342866,NA,-15.627675512106372,NA,-15.666950907825106,NA,1.3290088497105506,NA,1.3286945168365425,NA,1.0122008810961551,NA,1.0117169531065573,NA
9874574,35,t͡ʃ ø v a ʒ,5,-22.026529225233254,NA,-18.767317689397675,NA,-18.907200437170054,NA,1.2721540242302385,NA,1.271949454860332,NA,1.0142653337379195,NA,1.0136943818059525,NA
9873685,55,g ɯ m y z,5,-18.701899271803264,NA,-15.284758444764732,NA,-15.32860458966336,NA,1.1785067564052527,NA,1.1784732245409664,NA,1.00554093342204,NA,1.0054576463094618,NA
9873685,35,d a d͡ʒ y c,5,-20.390530859618952,NA,-21.37064354819536,NA,-21.197885713347908,NA,1.3547360937852992,NA,1.3544042392735065,NA,1.0112501093178448,NA,1.0108747896025891,NA
9873685,58,m y d͡ʒ ɯ ʒ,5,-20.94834362998964,NA,-Inf,NA,-19.765604716524727,NA,1.2335333157803068,NA,1.2334082562856274,NA,1.0297916061850232,NA,1.0284411057530372,NA
9873685,68,t͡ʃ ø ɟ ø z,5,-26.083819330183616,NA,-Inf,NA,-21.52261786831054,NA,1.069838381124956,NA,1.0699952387320184,NA,1.0017666031757022,NA,1.0018897030116924,NA
9873685,66,b o ʒ e l,5,-21.23324816820471,NA,-18.060919487768725,NA,-18.182879305878316,NA,1.2463498551349634,NA,1.2461951178538924,NA,1.008803329884933,NA,1.008547391347145,NA
9873685,27,l e l y j,5,-19.772550808587734,NA,-Inf,NA,-29.3209145608971,NA,1.2343400791144985,NA,1.2342095483700994,NA,1.003248067408103,NA,1.0032923638392548,NA
9873685,68,g ɯ ʃ ɯ ɾ,5,-17.97497909272865,NA,-14.266839235392236,NA,-14.30974193032308,NA,1.245215104159512,NA,1.2450431145777665,NA,1.0154542843243193,NA,1.0147602319695646,NA
9873685,73,b u ʃ ɯ z,5,-18.694443256827626,NA,-15.374699720473922,NA,-15.412193074961616,NA,1.228789864159734,NA,1.2286669214026904,NA,1.0123098572091858,NA,1.0118615371614068,NA
9873685,68,l i l i c,5,-21.734197850255633,NA,-31.06847061939216,NA,-30.413037420901233,NA,1.2188544098693368,NA,1.2187494709030118,NA,1.0021248087384225,NA,1.002227217500095,NA
9873685,62,ɟ e ʒ ɯ ʒ,5,-26.219264087350595,NA,-Inf,NA,-33.17641485659389,NA,1.2272674175690463,NA,1.2271532645061831,NA,1.000599585740761,NA,1.000785798371226,NA
9873685,58,n ø t u j,5,-18.16927071091751,NA,-22.851523275546036,NA,-22.813072474048504,NA,1.1724206207819898,NA,1.1723948121172356,NA,1.0038089132465688,NA,1.0038168140055153,NA
9873685,65,t͡ʃ ø z y z,5,-21.128620852346465,NA,-17.361344872511363,NA,-17.40089460771028,NA,1.1286143668362545,NA,1.1286672682108094,NA,1.004828700340673,NA,1.0047832706322961,NA
9873685,36,v ɯ ʒ u ʒ,5,-23.911347823237456,NA,-Inf,NA,-27.172143925229605,NA,1.1161267190999808,NA,1.1162057460174144,NA,1.0002707972270364,NA,1.000474478028374,NA
9873685,34,ɟ y f ɯ t͡ʃ,5,-23.521012578915236,NA,-25.37166299204228,NA,-24.957736942410385,NA,1.1507777147848135,NA,1.1507931543712089,NA,1.0033263350439428,NA,1.0033620285817637,NA
9873685,72,m y t ø ɾ,5,-17.68011502873577,NA,-14.771169321237188,NA,-14.814804722114031,NA,1.3145632200457231,NA,1.3142753588611862,NA,1.0375461024211106,NA,1.0357780799024574,NA
9873685,74,ɫ a m o s,5,-15.135202724992508,NA,-18.53976533327283,NA,-18.547827889801997,NA,1.3788112113885682,NA,1.378427016464903,NA,1.0185489274708253,NA,1.017775753755317,NA
9873685,62,ɟ ø v ɯ ʃ,5,-24.484836572880727,NA,-Inf,NA,-24.564293047048626,NA,1.1249488007486994,NA,1.1250044411600126,NA,1.007870816045076,NA,1.0076134587496162,NA
9873685,79,ɟ ø c i c,5,-28.595041653634546,NA,-Inf,NA,-34.34350574803089,NA,1.1361369616670376,NA,1.1361752544079688,NA,1.0003260515161396,NA,1.0005235520380404,NA
9873685,63,n u n o m,5,-16.474531465957043,NA,-19.71804282237854,NA,-19.721411008345388,NA,1.219775413725993,NA,1.2196627522111714,NA,1.0062472053556415,NA,1.0061235827754649,NA
9873685,41,t͡ʃ ø v a ʒ,5,-22.026529225233254,NA,-18.767317689397675,NA,-18.907200437170054,NA,1.2721540242302385,NA,1.271949454860332,NA,1.0142653337379195,NA,1.0136943818059525,NA
9873685,37,h u h e c,5,-20.54912774061602,NA,-21.77039857112499,NA,-21.665991317549235,NA,1.2458994903446368,NA,1.2457482240849875,NA,1.009202924406593,NA,1.0089254532786238,NA
9873685,56,f u c y c,5,-24.885869366241813,NA,-Inf,NA,-29.280536541614147,NA,1.1157787914815611,NA,1.115860462315408,NA,1.0009321097789516,NA,1.001100368974328,NA
9873685,88,s ø ɾ y ɾ,5,-17.707550354797547,NA,-16.169021341758853,NA,-16.205464404636334,NA,1.3319062242337465,NA,1.33158571547973,NA,1.013027665125439,NA,1.0125094354360924,NA
9873685,75,ɟ e j ø z,5,-22.82835379958052,NA,-Inf,NA,-24.81298284362385,NA,1.235195590882307,NA,1.2350658781575348,NA,1.009898018351088,NA,1.0095907634262449,NA
9873685,45,p y ʒ u ʃ,5,-21.83320780173249,NA,-21.6575563373154,NA,-21.57229848271923,NA,1.1683953129119478,NA,1.1683770297833889,NA,1.0032800290443638,NA,1.0033013050815458,NA
9873685,41,n u c e j,5,-19.284139768647485,NA,-Inf,NA,-27.03061959151581,NA,1.2138640602351571,NA,1.213761575091728,NA,1.0046822496364043,NA,1.0046141339376191,NA
9873685,35,b o j ɯ ʒ,5,-20.84349534209708,NA,-Inf,NA,-21.13094063982574,NA,1.2260955689867723,NA,1.2259830322796048,NA,1.015232344142505,NA,1.0146378960431903,NA
9873685,35,ɫ a d͡ʒ o h,5,-17.01330714374341,NA,-22.624939743800624,NA,-22.534580136155395,NA,1.3256740594338108,NA,1.3253881497876747,NA,1.0050050745212178,NA,1.0049588515389372,NA
9873685,58,h i ʒ o ʃ,5,-20.809527385524937,NA,-21.758984629549015,NA,-21.594790011980702,NA,1.1730182993086722,NA,1.1729939503390143,NA,1.005756231853628,NA,1.0056643656940627,NA
9873685,31,b o ʒ ɯ ʒ,5,-23.550529799079456,NA,-Inf,NA,-24.723680424475265,NA,1.1847241528742682,NA,1.1846836525864934,NA,1.0074750485138266,NA,1.007300128463721,NA
9873685,64,b a ʒ ɯ ʒ,5,-21.802442132376388,NA,-Inf,NA,-24.18673784570743,NA,1.3864139275709753,NA,1.3860244830363206,NA,1.0201473136915078,NA,1.0193065798346137,NA
9873685,28,d͡ʒ e b ɯ ʒ,5,-20.21495022879154,NA,-Inf,NA,-22.87691116711818,NA,1.2686811486325449,NA,1.2684950947185034,NA,1.0124836117672047,NA,1.0120414031131446,NA
9873685,21,ɫ o t y j,5,-17.13637038757993,NA,-21.847842286805907,NA,-21.838930472337697,NA,1.1884962954554696,NA,1.1884444634754057,NA,1.0069809217299424,NA,1.0068236264270505,NA
9873685,28,d ɯ ʒ o ʒ,5,-23.464882873585843,NA,-Inf,NA,-23.9795220145898,NA,1.1293508774986598,NA,1.1294089752286451,NA,1.0015496170448657,NA,1.0016841358988702,NA
9873685,37,n ɯ t o j,5,-16.64471865554249,NA,-20.8852803375486,NA,-20.88836208756007,NA,1.1851723324290908,NA,1.185126386083626,NA,1.004463305335078,NA,1.0044398187271149,NA
9873685,68,n ɯ l e ɾ,5,-16.520523019156673,NA,-22.578512005763056,NA,-22.1906184306061,NA,1.2705379652284161,NA,1.2703174772901622,NA,1.016447580336092,NA,1.015654592290636,NA
9873685,55,ɫ a c ø c,5,-23.235335254641484,NA,-Inf,NA,-28.96719851740822,NA,1.2828819495149104,NA,1.2826763461817758,NA,1.0028718440034152,NA,1.002938782604458,NA
9873685,61,ɟ y d o n,5,-21.99388355485576,NA,-22.032124077243957,NA,-21.630787091891495,NA,1.1962433826356678,NA,1.196159913782388,NA,1.0079719201002924,NA,1.0077160801194214,NA
9873685,96,t e ɾ i n,5,-13.827301603550456,NA,-12.502644627942797,NA,-12.521773624907365,NA,1.5729969938749515,NA,1.5722522702326374,NA,1.0804929495674649,NA,1.0763164691861506,NA
9873685,58,l y l y j,5,-21.14695659804238,NA,-Inf,NA,-31.05439759893357,NA,1.1332785539845158,NA,1.1333228701694076,NA,1.00074070885583,NA,1.0009175574376028,NA
9873685,39,ɫ o c y j,5,-20.834342988819134,NA,-Inf,NA,-27.6512910295423,NA,1.1213426924902457,NA,1.121407789190935,NA,1.002308197629775,NA,1.0024028393006907,NA
9873685,56,b e j o ʒ,5,-19.97163859556905,NA,-16.470032923117923,NA,-16.58974983451702,NA,1.3023238820005048,NA,1.3020822690254312,NA,1.0234430212856789,NA,1.0224209443737986,NA
9873685,54,n ɯ m ɯ j,5,-16.47599478408919,NA,-22.39373489217684,NA,-22.38175273448392,NA,1.1966103780074966,NA,1.196542055220454,NA,1.0026502266538255,NA,1.0027197340448553,NA
9873685,58,l i l y c,5,-22.91076831338442,NA,-Inf,NA,-31.37384119300264,NA,1.1284788898966889,NA,1.1285384476392613,NA,1.0018639675255108,NA,1.0019827037767624,NA
9873685,29,ɫ a ʒ a ʒ,5,-19.71086706006132,NA,-20.997350540187433,NA,-21.21655733327964,NA,1.4708414018303289,NA,1.4702934062511663,NA,1.003941564890843,NA,1.003940272651001,NA
9873685,29,t a ɟ e z,5,-19.01299062520888,NA,-Inf,NA,-20.823952022657384,NA,1.4656215227621532,NA,1.465084309540202,NA,1.0269158977146384,NA,1.0257003443047683,NA
9873685,60,n ɯ c ø c,5,-24.59275852015271,NA,-Inf,NA,-31.976683335339587,NA,1.0792927943891235,NA,1.079439427988085,NA,1.0003249566724437,NA,1.0005257916572736,NA
9873685,72,b i h a z,5,-16.349811613063217,NA,-13.978638446451834,NA,-14.016391150784171,NA,1.3901143932549385,NA,1.3896998755559016,NA,1.0281388334347332,NA,1.0267959716117114,NA
9873685,71,b o ʒ u z,5,-21.370274141785384,NA,-17.449334712896025,NA,-17.52465638865124,NA,1.1916820725344242,NA,1.1916245129596132,NA,1.009300937004208,NA,1.0090117245270502,NA
9873685,41,l y l i v,5,-20.63415870679363,NA,-Inf,NA,-30.672142465019753,NA,1.2155027860536751,NA,1.2153995796438697,NA,1.002044914920388,NA,1.0021401260542664,NA
9873685,68,b e v e z,5,-16.966870081071157,NA,-14.397609492998663,NA,-14.44031212076233,NA,1.3929229704223276,NA,1.392511185542819,NA,1.029528725669076,NA,1.0281611900392078,NA
9873685,90,k a k ɯ ɾ,5,-13.852944181894014,NA,-12.144674325482123,NA,-12.165544970347293,NA,1.5676549113274147,NA,1.5669247348407982,NA,1.081113994281714,NA,1.076949339812567,NA
9873685,80,k ɯ ɾ i n,5,-14.682152744236394,NA,-12.37822264154962,NA,-12.400758782495078,NA,1.4897929801932763,NA,1.4891922342093775,NA,1.0573621548079215,NA,1.054404034344128,NA
9873685,21,l i ʒ ɯ v,5,-21.57703454821374,NA,-31.133696426108365,NA,-30.207941372186912,NA,1.1572841132328815,NA,1.157287229154971,NA,1.0003922570709156,NA,1.000588795671445,NA
9873685,86,b u m u z,5,-17.951792361056157,NA,-14.843063280742722,NA,-14.878017560925908,NA,1.2405193147630955,NA,1.240376722188641,NA,1.017535691474791,NA,1.016802398896366,NA
9873685,80,k o ɾ i n,5,-15.0837144563174,NA,-13.072652771256037,NA,-13.096986467913933,NA,1.5004623909385104,NA,1.4998431857664714,NA,1.0494536476998977,NA,1.046913855195189,NA
9873685,62,s ø ɟ e v,5,-22.79528403658063,NA,-Inf,NA,-24.307406591636536,NA,1.2117460774005275,NA,1.2116501844406864,NA,1.0060152288996411,NA,1.0058751054370156,NA
9873685,62,g ɯ d͡ʒ e n,5,-17.56731557989134,NA,-14.61749184700327,NA,-14.657735297121354,NA,1.281298791538424,NA,1.2810607321907763,NA,1.019356759110327,NA,1.0184127138021122,NA
9873685,77,k u m y ɾ,5,-16.166729596387306,NA,-13.479655579943335,NA,-13.508482331190027,NA,1.3230272239563277,NA,1.3227231066743448,NA,1.022128398075403,NA,1.021137545740216,NA
9873685,63,ɟ e ʒ u ʒ,5,-26.43413105782542,NA,-Inf,NA,-29.33912315678841,NA,1.2174662892996293,NA,1.2173699757285252,NA,1.000599585740761,NA,1.000785798371226,NA
9873685,84,t ø ɾ o n,5,-17.485988279342866,NA,-15.627675512106372,NA,-15.666950907825106,NA,1.3290088497105506,NA,1.3286945168365425,NA,1.0122008810961551,NA,1.0117169531065573,NA
9873685,62,ɟ ø ʒ o ʒ,5,-29.203929342940828,NA,-Inf,NA,-29.447557759589778,NA,1.0439095087456904,NA,1.044115390525366,NA,1.0001956309096838,NA,1.000401295176374,NA
9873685,79,k ɯ k a ɾ,5,-13.852944181894015,NA,-12.360407543244856,NA,-12.380543004924991,NA,1.493480237823476,NA,1.492865948681668,NA,1.0526280988311794,NA,1.0498258559342786,NA
9873685,38,l i n u v,5,-18.466975061018218,NA,-24.951618240796765,NA,-24.684255423615568,NA,1.220141875184766,NA,1.220036316043871,NA,1.0121904544298916,NA,1.011755851703082,NA
9873685,83,l e g a v,5,-18.119190425169464,NA,-25.71501109338958,NA,-25.332981685756884,NA,1.3881772381676205,NA,1.3877683698152172,NA,1.008863681612553,NA,1.0085537534032074,NA
9873685,57,n y h e j,5,-16.95498764826872,NA,-21.846337471826367,NA,-21.825147364977283,NA,1.2480014323473068,NA,1.2478395741736754,NA,1.0076847714838688,NA,1.007454833667864,NA
9873685,36,b u ʒ o ʒ,5,-23.76539676955428,NA,-21.96391548170358,NA,-21.79262912069044,NA,1.1538250828724028,NA,1.1538408478098283,NA,1.007399882196474,NA,1.007226945611721,NA
9873685,91,m u ɾ a n,5,-14.474358626761134,NA,-11.950302324157594,NA,-11.974383816242137,NA,1.564482787413002,NA,1.563745826768253,NA,1.082042701236725,NA,1.077607380125139,NA
9873685,93,ɟ y ɟ y c,5,-29.68094473723395,NA,-33.68337874661388,NA,-32.205899752844275,NA,1.0953617399096514,NA,1.095478732648763,NA,1.0001767014017344,NA,1.000384506138849,NA
9873685,99,b i ɟ ø z,5,-23.142448932022234,NA,-Inf,NA,-20.44554264298711,NA,1.1721298581123756,NA,1.1721097679762331,NA,1.012165565043107,NA,1.011742232357684,NA
9873685,61,c ø z ɯ ɾ,5,-21.71220299840252,NA,-Inf,NA,-19.68550050557094,NA,1.1902183865771947,NA,1.1901414021562249,NA,1.0145089255684994,NA,1.013860174302362,NA
9873685,74,b o p o p,5,-19.25272795784617,NA,-15.57498426327942,NA,-15.61426036762116,NA,1.1967740047349058,NA,1.1967095549773488,NA,1.013486997864271,NA,1.0129840432080757,NA
9873685,71,ɫ a c e h,5,-18.035397518301707,NA,-Inf,NA,-25.02799923003836,NA,1.3994050843368315,NA,1.3989840913843423,NA,1.0041760500679735,NA,1.0041613512211216,NA
9873685,36,g o ʒ o ʒ,5,-24.62938331993061,NA,-21.44182559607237,NA,-21.448545619983207,NA,1.1224260916219797,NA,1.1224961567900622,NA,1.0013340243108588,NA,1.0014798191749397,NA
9873685,35,d͡ʒ e t͡ʃ y c,5,-21.506949174184605,NA,-23.436694565711367,NA,-23.25424943879691,NA,1.2256817579040702,NA,1.2255731677132062,NA,1.0104750503657995,NA,1.010138519579413,NA
9873685,36,b i f e ʒ,5,-19.56510509226675,NA,-17.233656594746645,NA,-17.35991958085872,NA,1.2770233897314918,NA,1.276818171152988,NA,1.0171636142826754,NA,1.0164683141415962,NA
9873685,44,n i ɾ o h,5,-16.181858470568148,NA,-20.449641425018715,NA,-20.406357405732297,NA,1.2804974089534673,NA,1.2802882607954402,NA,1.016507593530359,NA,1.015847513933592,NA
9873685,63,m y ɾ a n,5,-14.762040699212914,NA,-11.737473004903014,NA,-11.76464541223868,NA,1.5705486452986173,NA,1.5698011900900524,NA,1.0909056910771144,NA,1.0860056224174448,NA
9873685,43,v ɯ c y c,5,-24.665725338666142,NA,-Inf,NA,-31.07494453895137,NA,1.0966099130891953,NA,1.0967247419175363,NA,1.0003360075302643,NA,1.000535606459207,NA
9873685,40,n y g o h,5,-19.02195772176377,NA,-27.137278020652435,NA,-26.404681357779356,NA,1.1333131439367587,NA,1.133360109385657,NA,1.0020494295650315,NA,1.002157274256292,NA
9873685,67,b o v a n,5,-16.83581550168471,NA,-13.814124853759685,NA,-13.841845975944103,NA,1.4255332248977568,NA,1.4250378444168188,NA,1.0453074842543126,NA,1.042851145035386,NA
9873685,62,ɫ o c ø c,5,-24.98342292134455,NA,-Inf,NA,-31.079713775074197,NA,1.0811921748182034,NA,1.081335515731949,NA,1.0021125667200912,NA,1.0022194540081912,NA
9873685,78,h a ʒ i z,5,-18.940586263929728,NA,-16.033624750362595,NA,-16.176584461461953,NA,1.4424736309368726,NA,1.4419758181306943,NA,1.029251961469784,NA,1.0278844545484396,NA
9873685,43,z a ʒ u ʒ,5,-22.21296112594883,NA,-22.467527661364898,NA,-22.468435327208887,NA,1.3256708330824156,NA,1.3253873248250263,NA,1.0043869150779896,NA,1.0043743138247614,NA
9873685,68,t͡ʃ ø v e ʒ,5,-22.501198433327293,NA,-19.60154616634259,NA,-19.720161431862618,NA,1.1877047678623542,NA,1.187653908531909,NA,1.007255175976289,NA,1.0070775327862946,NA
9873685,77,n u m ɯ s,5,-16.305931248897558,NA,-20.66468488363234,NA,-20.66177310337561,NA,1.2173321314639536,NA,1.2172245120444172,NA,1.0077581809890988,NA,1.0075488759046425,NA
9873685,38,m y d͡ʒ e ʒ,5,-20.07648688346161,NA,-17.21604267519214,NA,-17.334930621591795,NA,1.2872685713504248,NA,1.2870457058049949,NA,1.0318759131224775,NA,1.030408550612966,NA
9873685,32,p u h i c,5,-20.780767761626823,NA,-22.05420867071373,NA,-21.930091078441407,NA,1.2416965922463563,NA,1.2415519682913172,NA,1.01241266159024,NA,1.0119605181707314,NA
9873685,34,ɟ e g o h,5,-22.32385648599314,NA,-Inf,NA,-29.10574748028316,NA,1.2145067608813798,NA,1.2144132380835384,NA,1.0014568108084176,NA,1.0015956377134012,NA
9873685,44,b o ʒ e n,5,-19.353746594881077,NA,-15.678950482149968,NA,-15.781459798642668,NA,1.3107776347241384,NA,1.3104887340444304,NA,1.0214541287111476,NA,1.020406306928782,NA
9873685,54,b i j e l,5,-17.450630578939155,NA,-15.174694213804408,NA,-15.223894371415602,NA,1.3089517738471208,NA,1.3086882691733015,NA,1.0209242625509964,NA,1.0200235747731865,NA
9873685,39,ʃ u ʒ ø ʃ,5,-23.117318159567468,NA,-24.06655854277991,NA,-23.710598665491876,NA,1.1089897910511255,NA,1.1090779138037352,NA,1.0013008717373968,NA,1.0014503747691397,NA
9873685,38,ɫ a c y j,5,-19.086255322116067,NA,-Inf,NA,-25.538775771876324,NA,1.3230324671869529,NA,1.3227486196407618,NA,1.003067474913099,NA,1.0031221678969575,NA
9873685,70,n e l e s,5,-16.133712940143006,NA,-22.309363966878458,NA,-21.94511758334053,NA,1.3421106100147846,NA,1.3417826732353673,NA,1.0138487784772976,NA,1.0132823171708598,NA
9873685,35,ɟ i f ɯ ʃ,5,-22.1048454127982,NA,-23.497930488232196,NA,-23.110474694525763,NA,1.1779963095818906,NA,1.177960316405389,NA,1.0083465331409436,NA,1.0080648025533474,NA
9873685,77,b i ɟ y j,5,-21.621839348754172,NA,-23.738323784339784,NA,-23.145271532434343,NA,1.194804014519338,NA,1.1947420726709843,NA,1.0122225483469989,NA,1.0117960739557024,NA
9987367,25,d͡ʒ e b ɯ ʒ,5,-20.21495022879154,NA,-Inf,NA,-22.87691116711818,NA,1.2686811486325449,NA,1.2684950947185034,NA,1.0124836117672047,NA,1.0120414031131446,NA
9987367,69,k a k ɯ ɾ,5,-13.852944181894014,NA,-12.144674325482123,NA,-12.165544970347293,NA,1.5676549113274147,NA,1.5669247348407982,NA,1.081113994281714,NA,1.076949339812567,NA
9987367,69,s ø ɟ e v,5,-22.79528403658063,NA,-Inf,NA,-24.307406591636536,NA,1.2117460774005275,NA,1.2116501844406864,NA,1.0060152288996411,NA,1.0058751054370156,NA
9987367,64,b i ɟ y j,5,-21.621839348754172,NA,-23.738323784339784,NA,-23.145271532434343,NA,1.194804014519338,NA,1.1947420726709843,NA,1.0122225483469989,NA,1.0117960739557024,NA
9987367,59,c ø z ɯ ɾ,5,-21.71220299840252,NA,-Inf,NA,-19.68550050557094,NA,1.1902183865771947,NA,1.1901414021562249,NA,1.0145089255684994,NA,1.013860174302362,NA
9987367,28,n i ɾ o h,5,-16.181858470568148,NA,-20.449641425018715,NA,-20.406357405732297,NA,1.2804974089534673,NA,1.2802882607954402,NA,1.016507593530359,NA,1.015847513933592,NA
9987367,22,ɟ ø ʒ o ʒ,5,-29.203929342940828,NA,-Inf,NA,-29.447557759589778,NA,1.0439095087456904,NA,1.044115390525366,NA,1.0001956309096838,NA,1.000401295176374,NA
9987367,71,k ɯ k a ɾ,5,-13.852944181894015,NA,-12.360407543244856,NA,-12.380543004924991,NA,1.493480237823476,NA,1.492865948681668,NA,1.0526280988311794,NA,1.0498258559342786,NA
9987367,64,ɫ a c e h,5,-18.035397518301707,NA,-Inf,NA,-25.02799923003836,NA,1.3994050843368315,NA,1.3989840913843423,NA,1.0041760500679735,NA,1.0041613512211216,NA
9987367,64,s ø ɾ y ɾ,5,-17.707550354797547,NA,-16.169021341758853,NA,-16.205464404636334,NA,1.3319062242337465,NA,1.33158571547973,NA,1.013027665125439,NA,1.0125094354360924,NA
9987367,61,ɟ e g o h,5,-22.32385648599314,NA,-Inf,NA,-29.10574748028316,NA,1.2145067608813798,NA,1.2144132380835384,NA,1.0014568108084176,NA,1.0015956377134012,NA
9987367,24,p y ʒ u ʃ,5,-21.83320780173249,NA,-21.6575563373154,NA,-21.57229848271923,NA,1.1683953129119478,NA,1.1683770297833889,NA,1.0032800290443638,NA,1.0033013050815458,NA
9987367,40,k o ɾ i n,5,-15.0837144563174,NA,-13.072652771256037,NA,-13.096986467913933,NA,1.5004623909385104,NA,1.4998431857664714,NA,1.0494536476998977,NA,1.046913855195189,NA
9987367,39,b i f e ʒ,5,-19.56510509226675,NA,-17.233656594746645,NA,-17.35991958085872,NA,1.2770233897314918,NA,1.276818171152988,NA,1.0171636142826754,NA,1.0164683141415962,NA
9987367,58,l i l y c,5,-22.91076831338442,NA,-Inf,NA,-31.37384119300264,NA,1.1284788898966889,NA,1.1285384476392613,NA,1.0018639675255108,NA,1.0019827037767624,NA
9987367,35,n ɯ c ø c,5,-24.59275852015271,NA,-Inf,NA,-31.976683335339587,NA,1.0792927943891235,NA,1.079439427988085,NA,1.0003249566724437,NA,1.0005257916572736,NA
9987367,36,ɟ y f ɯ t͡ʃ,5,-23.521012578915236,NA,-25.37166299204228,NA,-24.957736942410385,NA,1.1507777147848135,NA,1.1507931543712089,NA,1.0033263350439428,NA,1.0033620285817637,NA
9987367,40,v ɯ c y c,5,-24.665725338666142,NA,-Inf,NA,-31.07494453895137,NA,1.0966099130891953,NA,1.0967247419175363,NA,1.0003360075302643,NA,1.000535606459207,NA
9987367,44,n e l e s,5,-16.133712940143006,NA,-22.309363966878458,NA,-21.94511758334053,NA,1.3421106100147846,NA,1.3417826732353673,NA,1.0138487784772976,NA,1.0132823171708598,NA
9987367,43,ɟ i f ɯ ʃ,5,-22.1048454127982,NA,-23.497930488232196,NA,-23.110474694525763,NA,1.1779963095818906,NA,1.177960316405389,NA,1.0083465331409436,NA,1.0080648025533474,NA
9987367,40,ɫ o c y j,5,-20.834342988819134,NA,-Inf,NA,-27.6512910295423,NA,1.1213426924902457,NA,1.121407789190935,NA,1.002308197629775,NA,1.0024028393006907,NA
9987367,63,b e v e z,5,-16.966870081071157,NA,-14.397609492998663,NA,-14.44031212076233,NA,1.3929229704223276,NA,1.392511185542819,NA,1.029528725669076,NA,1.0281611900392078,NA
9987367,35,l i ʒ ɯ v,5,-21.57703454821374,NA,-31.133696426108365,NA,-30.207941372186912,NA,1.1572841132328815,NA,1.157287229154971,NA,1.0003922570709156,NA,1.000588795671445,NA
9987367,39,n ɯ t o j,5,-16.64471865554249,NA,-20.8852803375486,NA,-20.88836208756007,NA,1.1851723324290908,NA,1.185126386083626,NA,1.004463305335078,NA,1.0044398187271149,NA
9987367,39,l e g a v,5,-18.119190425169464,NA,-25.71501109338958,NA,-25.332981685756884,NA,1.3881772381676205,NA,1.3877683698152172,NA,1.008863681612553,NA,1.0085537534032074,NA
9987367,42,n ɯ l e ɾ,5,-16.520523019156673,NA,-22.578512005763056,NA,-22.1906184306061,NA,1.2705379652284161,NA,1.2703174772901622,NA,1.016447580336092,NA,1.015654592290636,NA
9987367,40,t͡ʃ ø v a ʒ,5,-22.026529225233254,NA,-18.767317689397675,NA,-18.907200437170054,NA,1.2721540242302385,NA,1.271949454860332,NA,1.0142653337379195,NA,1.0136943818059525,NA
9987367,39,ɫ o c ø c,5,-24.98342292134455,NA,-Inf,NA,-31.079713775074197,NA,1.0811921748182034,NA,1.081335515731949,NA,1.0021125667200912,NA,1.0022194540081912,NA
9987367,58,h u h e c,5,-20.54912774061602,NA,-21.77039857112499,NA,-21.665991317549235,NA,1.2458994903446368,NA,1.2457482240849875,NA,1.009202924406593,NA,1.0089254532786238,NA
9987367,60,t͡ʃ ø z y z,5,-21.128620852346465,NA,-17.361344872511363,NA,-17.40089460771028,NA,1.1286143668362545,NA,1.1286672682108094,NA,1.004828700340673,NA,1.0047832706322961,NA
9987367,56,t͡ʃ ø v e ʒ,5,-22.501198433327293,NA,-19.60154616634259,NA,-19.720161431862618,NA,1.1877047678623542,NA,1.187653908531909,NA,1.007255175976289,NA,1.0070775327862946,NA
9987367,36,b o ʒ e l,5,-21.23324816820471,NA,-18.060919487768725,NA,-18.182879305878316,NA,1.2463498551349634,NA,1.2461951178538924,NA,1.008803329884933,NA,1.008547391347145,NA
9987367,58,n y h e j,5,-16.95498764826872,NA,-21.846337471826367,NA,-21.825147364977283,NA,1.2480014323473068,NA,1.2478395741736754,NA,1.0076847714838688,NA,1.007454833667864,NA
9987367,59,b u ʃ ɯ z,5,-18.694443256827626,NA,-15.374699720473922,NA,-15.412193074961616,NA,1.228789864159734,NA,1.2286669214026904,NA,1.0123098572091858,NA,1.0118615371614068,NA
9987367,58,m u ɾ a n,5,-14.474358626761134,NA,-11.950302324157594,NA,-11.974383816242137,NA,1.564482787413002,NA,1.563745826768253,NA,1.082042701236725,NA,1.077607380125139,NA
9987367,39,b u ʒ o ʒ,5,-23.76539676955428,NA,-21.96391548170358,NA,-21.79262912069044,NA,1.1538250828724028,NA,1.1538408478098283,NA,1.007399882196474,NA,1.007226945611721,NA
9987367,58,l i l i c,5,-21.734197850255633,NA,-31.06847061939216,NA,-30.413037420901233,NA,1.2188544098693368,NA,1.2187494709030118,NA,1.0021248087384225,NA,1.002227217500095,NA
9987367,56,ɫ a c y j,5,-19.086255322116067,NA,-Inf,NA,-25.538775771876324,NA,1.3230324671869529,NA,1.3227486196407618,NA,1.003067474913099,NA,1.0031221678969575,NA
9987367,37,d ɯ ʒ o ʒ,5,-23.464882873585843,NA,-Inf,NA,-23.9795220145898,NA,1.1293508774986598,NA,1.1294089752286451,NA,1.0015496170448657,NA,1.0016841358988702,NA
9987367,60,d͡ʒ e t͡ʃ y c,5,-21.506949174184605,NA,-23.436694565711367,NA,-23.25424943879691,NA,1.2256817579040702,NA,1.2255731677132062,NA,1.0104750503657995,NA,1.010138519579413,NA
9987367,56,ɟ y d o n,5,-21.99388355485576,NA,-22.032124077243957,NA,-21.630787091891495,NA,1.1962433826356678,NA,1.196159913782388,NA,1.0079719201002924,NA,1.0077160801194214,NA
9987367,57,b o v a n,5,-16.83581550168471,NA,-13.814124853759685,NA,-13.841845975944103,NA,1.4255332248977568,NA,1.4250378444168188,NA,1.0453074842543126,NA,1.042851145035386,NA
9987367,57,ɟ ø c i c,5,-28.595041653634546,NA,-Inf,NA,-34.34350574803089,NA,1.1361369616670376,NA,1.1361752544079688,NA,1.0003260515161396,NA,1.0005235520380404,NA
9987367,58,g ɯ d͡ʒ e n,5,-17.56731557989134,NA,-14.61749184700327,NA,-14.657735297121354,NA,1.281298791538424,NA,1.2810607321907763,NA,1.019356759110327,NA,1.0184127138021122,NA
9987367,57,n y g o h,5,-19.02195772176377,NA,-27.137278020652435,NA,-26.404681357779356,NA,1.1333131439367587,NA,1.133360109385657,NA,1.0020494295650315,NA,1.002157274256292,NA
9987367,59,n u m ɯ s,5,-16.305931248897558,NA,-20.66468488363234,NA,-20.66177310337561,NA,1.2173321314639536,NA,1.2172245120444172,NA,1.0077581809890988,NA,1.0075488759046425,NA
9987367,58,h i ʒ o ʃ,5,-20.809527385524937,NA,-21.758984629549015,NA,-21.594790011980702,NA,1.1730182993086722,NA,1.1729939503390143,NA,1.005756231853628,NA,1.0056643656940627,NA
9987367,38,n u c e j,5,-19.284139768647485,NA,-Inf,NA,-27.03061959151581,NA,1.2138640602351571,NA,1.213761575091728,NA,1.0046822496364043,NA,1.0046141339376191,NA
9987367,55,l y l y j,5,-21.14695659804238,NA,-Inf,NA,-31.05439759893357,NA,1.1332785539845158,NA,1.1333228701694076,NA,1.00074070885583,NA,1.0009175574376028,NA
9987367,57,g ɯ ʃ ɯ ɾ,5,-17.97497909272865,NA,-14.266839235392236,NA,-14.30974193032308,NA,1.245215104159512,NA,1.2450431145777665,NA,1.0154542843243193,NA,1.0147602319695646,NA
9987367,57,b u m u z,5,-17.951792361056157,NA,-14.843063280742722,NA,-14.878017560925908,NA,1.2405193147630955,NA,1.240376722188641,NA,1.017535691474791,NA,1.016802398896366,NA
9987367,77,b i h a z,5,-16.349811613063217,NA,-13.978638446451834,NA,-14.016391150784171,NA,1.3901143932549385,NA,1.3896998755559016,NA,1.0281388334347332,NA,1.0267959716117114,NA
9987367,77,n ø t u j,5,-18.16927071091751,NA,-22.851523275546036,NA,-22.813072474048504,NA,1.1724206207819898,NA,1.1723948121172356,NA,1.0038089132465688,NA,1.0038168140055153,NA
9987367,23,ɫ a m o s,5,-15.135202724992508,NA,-18.53976533327283,NA,-18.547827889801997,NA,1.3788112113885682,NA,1.378427016464903,NA,1.0185489274708253,NA,1.017775753755317,NA
9987367,69,b i j e l,5,-17.450630578939155,NA,-15.174694213804408,NA,-15.223894371415602,NA,1.3089517738471208,NA,1.3086882691733015,NA,1.0209242625509964,NA,1.0200235747731865,NA
9987367,74,h a ʒ i z,5,-18.940586263929728,NA,-16.033624750362595,NA,-16.176584461461953,NA,1.4424736309368726,NA,1.4419758181306943,NA,1.029251961469784,NA,1.0278844545484396,NA
9987367,61,ɟ y ɟ y c,5,-29.68094473723395,NA,-33.68337874661388,NA,-32.205899752844275,NA,1.0953617399096514,NA,1.095478732648763,NA,1.0001767014017344,NA,1.000384506138849,NA
9987367,65,f u c y c,5,-24.885869366241813,NA,-Inf,NA,-29.280536541614147,NA,1.1157787914815611,NA,1.115860462315408,NA,1.0009321097789516,NA,1.001100368974328,NA
9987367,61,b o ʒ u z,5,-21.370274141785384,NA,-17.449334712896025,NA,-17.52465638865124,NA,1.1916820725344242,NA,1.1916245129596132,NA,1.009300937004208,NA,1.0090117245270502,NA
9987367,73,b i ɟ ø z,5,-23.142448932022234,NA,-Inf,NA,-20.44554264298711,NA,1.1721298581123756,NA,1.1721097679762331,NA,1.012165565043107,NA,1.011742232357684,NA
9987367,38,ɫ a ʒ a ʒ,5,-19.71086706006132,NA,-20.997350540187433,NA,-21.21655733327964,NA,1.4708414018303289,NA,1.4702934062511663,NA,1.003941564890843,NA,1.003940272651001,NA
9987367,39,ɫ a d͡ʒ o h,5,-17.01330714374341,NA,-22.624939743800624,NA,-22.534580136155395,NA,1.3256740594338108,NA,1.3253881497876747,NA,1.0050050745212178,NA,1.0049588515389372,NA
9987367,30,ɫ a c ø c,5,-23.235335254641484,NA,-Inf,NA,-28.96719851740822,NA,1.2828819495149104,NA,1.2826763461817758,NA,1.0028718440034152,NA,1.002938782604458,NA
9987367,33,ɟ e ʒ ɯ ʒ,5,-26.219264087350595,NA,-Inf,NA,-33.17641485659389,NA,1.2272674175690463,NA,1.2271532645061831,NA,1.000599585740761,NA,1.000785798371226,NA
9987367,32,b e j o ʒ,5,-19.97163859556905,NA,-16.470032923117923,NA,-16.58974983451702,NA,1.3023238820005048,NA,1.3020822690254312,NA,1.0234430212856789,NA,1.0224209443737986,NA
9987367,30,l e l y j,5,-19.772550808587734,NA,-Inf,NA,-29.3209145608971,NA,1.2343400791144985,NA,1.2342095483700994,NA,1.003248067408103,NA,1.0032923638392548,NA
9987367,30,z a ʒ u ʒ,5,-22.21296112594883,NA,-22.467527661364898,NA,-22.468435327208887,NA,1.3256708330824156,NA,1.3253873248250263,NA,1.0043869150779896,NA,1.0043743138247614,NA
9987367,31,b o ʒ ɯ ʒ,5,-23.550529799079456,NA,-Inf,NA,-24.723680424475265,NA,1.1847241528742682,NA,1.1846836525864934,NA,1.0074750485138266,NA,1.007300128463721,NA
9987367,65,t ø ɾ o n,5,-17.485988279342866,NA,-15.627675512106372,NA,-15.666950907825106,NA,1.3290088497105506,NA,1.3286945168365425,NA,1.0122008810961551,NA,1.0117169531065573,NA
9987367,29,ʃ u ʒ ø ʃ,5,-23.117318159567468,NA,-24.06655854277991,NA,-23.710598665491876,NA,1.1089897910511255,NA,1.1090779138037352,NA,1.0013008717373968,NA,1.0014503747691397,NA
9987367,62,n ɯ m ɯ j,5,-16.47599478408919,NA,-22.39373489217684,NA,-22.38175273448392,NA,1.1966103780074966,NA,1.196542055220454,NA,1.0026502266538255,NA,1.0027197340448553,NA
9987367,42,ɟ ø v ɯ ʃ,5,-24.484836572880727,NA,-Inf,NA,-24.564293047048626,NA,1.1249488007486994,NA,1.1250044411600126,NA,1.007870816045076,NA,1.0076134587496162,NA
9987367,39,l y l i v,5,-20.63415870679363,NA,-Inf,NA,-30.672142465019753,NA,1.2155027860536751,NA,1.2153995796438697,NA,1.002044914920388,NA,1.0021401260542664,NA
9987367,38,ɫ o t y j,5,-17.13637038757993,NA,-21.847842286805907,NA,-21.838930472337697,NA,1.1884962954554696,NA,1.1884444634754057,NA,1.0069809217299424,NA,1.0068236264270505,NA
9987367,36,b o ʒ e n,5,-19.353746594881077,NA,-15.678950482149968,NA,-15.781459798642668,NA,1.3107776347241384,NA,1.3104887340444304,NA,1.0214541287111476,NA,1.020406306928782,NA
9987367,33,b o j ɯ ʒ,5,-20.84349534209708,NA,-Inf,NA,-21.13094063982574,NA,1.2260955689867723,NA,1.2259830322796048,NA,1.015232344142505,NA,1.0146378960431903,NA
9987367,35,v ɯ ʒ u ʒ,5,-23.911347823237456,NA,-Inf,NA,-27.172143925229605,NA,1.1161267190999808,NA,1.1162057460174144,NA,1.0002707972270364,NA,1.000474478028374,NA
9987367,33,ɟ e ʒ u ʒ,5,-26.43413105782542,NA,-Inf,NA,-29.33912315678841,NA,1.2174662892996293,NA,1.2173699757285252,NA,1.000599585740761,NA,1.000785798371226,NA
9987367,63,d a d͡ʒ y c,5,-20.390530859618952,NA,-21.37064354819536,NA,-21.197885713347908,NA,1.3547360937852992,NA,1.3544042392735065,NA,1.0112501093178448,NA,1.0108747896025891,NA
9987367,67,t e ɾ i n,5,-13.827301603550456,NA,-12.502644627942797,NA,-12.521773624907365,NA,1.5729969938749515,NA,1.5722522702326374,NA,1.0804929495674649,NA,1.0763164691861506,NA
9987367,70,g ɯ m y z,5,-18.701899271803264,NA,-15.284758444764732,NA,-15.32860458966336,NA,1.1785067564052527,NA,1.1784732245409664,NA,1.00554093342204,NA,1.0054576463094618,NA
9987367,69,k u m y ɾ,5,-16.166729596387306,NA,-13.479655579943335,NA,-13.508482331190027,NA,1.3230272239563277,NA,1.3227231066743448,NA,1.022128398075403,NA,1.021137545740216,NA
9987367,68,b o p o p,5,-19.25272795784617,NA,-15.57498426327942,NA,-15.61426036762116,NA,1.1967740047349058,NA,1.1967095549773488,NA,1.013486997864271,NA,1.0129840432080757,NA
9987367,78,t a ɟ e z,5,-19.01299062520888,NA,-Inf,NA,-20.823952022657384,NA,1.4656215227621532,NA,1.465084309540202,NA,1.0269158977146384,NA,1.0257003443047683,NA
9987367,39,b a ʒ ɯ ʒ,5,-21.802442132376388,NA,-Inf,NA,-24.18673784570743,NA,1.3864139275709753,NA,1.3860244830363206,NA,1.0201473136915078,NA,1.0193065798346137,NA
9987367,37,l i n u v,5,-18.466975061018218,NA,-24.951618240796765,NA,-24.684255423615568,NA,1.220141875184766,NA,1.220036316043871,NA,1.0121904544298916,NA,1.011755851703082,NA
9987367,32,g o ʒ o ʒ,5,-24.62938331993061,NA,-21.44182559607237,NA,-21.448545619983207,NA,1.1224260916219797,NA,1.1224961567900622,NA,1.0013340243108588,NA,1.0014798191749397,NA
9987367,77,t͡ʃ ø ɟ ø z,5,-26.083819330183616,NA,-Inf,NA,-21.52261786831054,NA,1.069838381124956,NA,1.0699952387320184,NA,1.0017666031757022,NA,1.0018897030116924,NA
9987367,22,m y d͡ʒ ɯ ʒ,5,-20.94834362998964,NA,-Inf,NA,-19.765604716524727,NA,1.2335333157803068,NA,1.2334082562856274,NA,1.0297916061850232,NA,1.0284411057530372,NA
9987367,73,p u h i c,5,-20.780767761626823,NA,-22.05420867071373,NA,-21.930091078441407,NA,1.2416965922463563,NA,1.2415519682913172,NA,1.01241266159024,NA,1.0119605181707314,NA
9987367,74,n u n o m,5,-16.474531465957043,NA,-19.71804282237854,NA,-19.721411008345388,NA,1.219775413725993,NA,1.2196627522111714,NA,1.0062472053556415,NA,1.0061235827754649,NA
9987367,74,k ɯ ɾ i n,5,-14.682152744236394,NA,-12.37822264154962,NA,-12.400758782495078,NA,1.4897929801932763,NA,1.4891922342093775,NA,1.0573621548079215,NA,1.054404034344128,NA
9987367,73,ɟ e j ø z,5,-22.82835379958052,NA,-Inf,NA,-24.81298284362385,NA,1.235195590882307,NA,1.2350658781575348,NA,1.009898018351088,NA,1.0095907634262449,NA
9987367,78,m y ɾ a n,5,-14.762040699212914,NA,-11.737473004903014,NA,-11.76464541223868,NA,1.5705486452986173,NA,1.5698011900900524,NA,1.0909056910771144,NA,1.0860056224174448,NA
9987367,25,m y d͡ʒ e ʒ,5,-20.07648688346161,NA,-17.21604267519214,NA,-17.334930621591795,NA,1.2872685713504248,NA,1.2870457058049949,NA,1.0318759131224775,NA,1.030408550612966,NA
9987367,20,m y t ø ɾ,5,-17.68011502873577,NA,-14.771169321237188,NA,-14.814804722114031,NA,1.3145632200457231,NA,1.3142753588611862,NA,1.0375461024211106,NA,1.0357780799024574,NA
9873153,100,g ɯ d͡ʒ e n,5,-17.56731557989134,NA,-14.61749184700327,NA,-14.657735297121354,NA,1.281298791538424,NA,1.2810607321907763,NA,1.019356759110327,NA,1.0184127138021122,NA
9873153,100,m u ɾ a n,5,-14.474358626761134,NA,-11.950302324157594,NA,-11.974383816242137,NA,1.564482787413002,NA,1.563745826768253,NA,1.082042701236725,NA,1.077607380125139,NA
9873153,60,h i ʒ o ʃ,5,-20.809527385524937,NA,-21.758984629549015,NA,-21.594790011980702,NA,1.1730182993086722,NA,1.1729939503390143,NA,1.005756231853628,NA,1.0056643656940627,NA
9873153,25,ɟ ø c i c,5,-28.595041653634546,NA,-Inf,NA,-34.34350574803089,NA,1.1361369616670376,NA,1.1361752544079688,NA,1.0003260515161396,NA,1.0005235520380404,NA
9873153,3,t͡ʃ ø v a ʒ,5,-22.026529225233254,NA,-18.767317689397675,NA,-18.907200437170054,NA,1.2721540242302385,NA,1.271949454860332,NA,1.0142653337379195,NA,1.0136943818059525,NA
9873153,100,b o v a n,5,-16.83581550168471,NA,-13.814124853759685,NA,-13.841845975944103,NA,1.4255332248977568,NA,1.4250378444168188,NA,1.0453074842543126,NA,1.042851145035386,NA
9873153,62,g o ʒ o ʒ,5,-24.62938331993061,NA,-21.44182559607237,NA,-21.448545619983207,NA,1.1224260916219797,NA,1.1224961567900622,NA,1.0013340243108588,NA,1.0014798191749397,NA
9873153,61,ɫ a c y j,5,-19.086255322116067,NA,-Inf,NA,-25.538775771876324,NA,1.3230324671869529,NA,1.3227486196407618,NA,1.003067474913099,NA,1.0031221678969575,NA
9873153,81,k ɯ k a ɾ,5,-13.852944181894015,NA,-12.360407543244856,NA,-12.380543004924991,NA,1.493480237823476,NA,1.492865948681668,NA,1.0526280988311794,NA,1.0498258559342786,NA
9873153,91,n y h e j,5,-16.95498764826872,NA,-21.846337471826367,NA,-21.825147364977283,NA,1.2480014323473068,NA,1.2478395741736754,NA,1.0076847714838688,NA,1.007454833667864,NA
9873153,59,ɫ a d͡ʒ o h,5,-17.01330714374341,NA,-22.624939743800624,NA,-22.534580136155395,NA,1.3256740594338108,NA,1.3253881497876747,NA,1.0050050745212178,NA,1.0049588515389372,NA
9873153,56,m y t ø ɾ,5,-17.68011502873577,NA,-14.771169321237188,NA,-14.814804722114031,NA,1.3145632200457231,NA,1.3142753588611862,NA,1.0375461024211106,NA,1.0357780799024574,NA
9873153,60,n u n o m,5,-16.474531465957043,NA,-19.71804282237854,NA,-19.721411008345388,NA,1.219775413725993,NA,1.2196627522111714,NA,1.0062472053556415,NA,1.0061235827754649,NA
9873153,84,n e l e s,5,-16.133712940143006,NA,-22.309363966878458,NA,-21.94511758334053,NA,1.3421106100147846,NA,1.3417826732353673,NA,1.0138487784772976,NA,1.0132823171708598,NA
9873153,62,ɫ a ʒ a ʒ,5,-19.71086706006132,NA,-20.997350540187433,NA,-21.21655733327964,NA,1.4708414018303289,NA,1.4702934062511663,NA,1.003941564890843,NA,1.003940272651001,NA
9873153,59,b u ʃ ɯ z,5,-18.694443256827626,NA,-15.374699720473922,NA,-15.412193074961616,NA,1.228789864159734,NA,1.2286669214026904,NA,1.0123098572091858,NA,1.0118615371614068,NA
9873153,60,d͡ʒ e t͡ʃ y c,5,-21.506949174184605,NA,-23.436694565711367,NA,-23.25424943879691,NA,1.2256817579040702,NA,1.2255731677132062,NA,1.0104750503657995,NA,1.010138519579413,NA
9873153,61,n i ɾ o h,5,-16.181858470568148,NA,-20.449641425018715,NA,-20.406357405732297,NA,1.2804974089534673,NA,1.2802882607954402,NA,1.016507593530359,NA,1.015847513933592,NA
9873153,62,m y d͡ʒ e ʒ,5,-20.07648688346161,NA,-17.21604267519214,NA,-17.334930621591795,NA,1.2872685713504248,NA,1.2870457058049949,NA,1.0318759131224775,NA,1.030408550612966,NA
9873153,60,ɟ e g o h,5,-22.32385648599314,NA,-Inf,NA,-29.10574748028316,NA,1.2145067608813798,NA,1.2144132380835384,NA,1.0014568108084176,NA,1.0015956377134012,NA
9873153,54,h a ʒ i z,5,-18.940586263929728,NA,-16.033624750362595,NA,-16.176584461461953,NA,1.4424736309368726,NA,1.4419758181306943,NA,1.029251961469784,NA,1.0278844545484396,NA
9873153,61,ɟ y f ɯ t͡ʃ,5,-23.521012578915236,NA,-25.37166299204228,NA,-24.957736942410385,NA,1.1507777147848135,NA,1.1507931543712089,NA,1.0033263350439428,NA,1.0033620285817637,NA
9873153,61,ɫ a c ø c,5,-23.235335254641484,NA,-Inf,NA,-28.96719851740822,NA,1.2828819495149104,NA,1.2826763461817758,NA,1.0028718440034152,NA,1.002938782604458,NA
9873153,61,z a ʒ u ʒ,5,-22.21296112594883,NA,-22.467527661364898,NA,-22.468435327208887,NA,1.3256708330824156,NA,1.3253873248250263,NA,1.0043869150779896,NA,1.0043743138247614,NA
9873153,74,l i n u v,5,-18.466975061018218,NA,-24.951618240796765,NA,-24.684255423615568,NA,1.220141875184766,NA,1.220036316043871,NA,1.0121904544298916,NA,1.011755851703082,NA
9873153,45,l y l i v,5,-20.63415870679363,NA,-Inf,NA,-30.672142465019753,NA,1.2155027860536751,NA,1.2153995796438697,NA,1.002044914920388,NA,1.0021401260542664,NA
9873153,36,l i ʒ ɯ v,5,-21.57703454821374,NA,-31.133696426108365,NA,-30.207941372186912,NA,1.1572841132328815,NA,1.157287229154971,NA,1.0003922570709156,NA,1.000588795671445,NA
9873153,74,ɫ o t y j,5,-17.13637038757993,NA,-21.847842286805907,NA,-21.838930472337697,NA,1.1884962954554696,NA,1.1884444634754057,NA,1.0069809217299424,NA,1.0068236264270505,NA
9873153,36,ɟ i f ɯ ʃ,5,-22.1048454127982,NA,-23.497930488232196,NA,-23.110474694525763,NA,1.1779963095818906,NA,1.177960316405389,NA,1.0083465331409436,NA,1.0080648025533474,NA
9873153,37,ɟ e j ø z,5,-22.82835379958052,NA,-Inf,NA,-24.81298284362385,NA,1.235195590882307,NA,1.2350658781575348,NA,1.009898018351088,NA,1.0095907634262449,NA
9873153,72,t ø ɾ o n,5,-17.485988279342866,NA,-15.627675512106372,NA,-15.666950907825106,NA,1.3290088497105506,NA,1.3286945168365425,NA,1.0122008810961551,NA,1.0117169531065573,NA
9873153,69,ɟ ø ʒ o ʒ,5,-29.203929342940828,NA,-Inf,NA,-29.447557759589778,NA,1.0439095087456904,NA,1.044115390525366,NA,1.0001956309096838,NA,1.000401295176374,NA
9873153,16,n u m ɯ s,5,-16.305931248897558,NA,-20.66468488363234,NA,-20.66177310337561,NA,1.2173321314639536,NA,1.2172245120444172,NA,1.0077581809890988,NA,1.0075488759046425,NA
9873153,24,g ɯ m y z,5,-18.701899271803264,NA,-15.284758444764732,NA,-15.32860458966336,NA,1.1785067564052527,NA,1.1784732245409664,NA,1.00554093342204,NA,1.0054576463094618,NA
9873153,13,l y l y j,5,-21.14695659804238,NA,-Inf,NA,-31.05439759893357,NA,1.1332785539845158,NA,1.1333228701694076,NA,1.00074070885583,NA,1.0009175574376028,NA
9873153,40,ɫ o c ø c,5,-24.98342292134455,NA,-Inf,NA,-31.079713775074197,NA,1.0811921748182034,NA,1.081335515731949,NA,1.0021125667200912,NA,1.0022194540081912,NA
9873153,16,n ɯ t o j,5,-16.64471865554249,NA,-20.8852803375486,NA,-20.88836208756007,NA,1.1851723324290908,NA,1.185126386083626,NA,1.004463305335078,NA,1.0044398187271149,NA
9873153,94,b o ʒ e n,5,-19.353746594881077,NA,-15.678950482149968,NA,-15.781459798642668,NA,1.3107776347241384,NA,1.3104887340444304,NA,1.0214541287111476,NA,1.020406306928782,NA
9873153,79,t͡ʃ ø z y z,5,-21.128620852346465,NA,-17.361344872511363,NA,-17.40089460771028,NA,1.1286143668362545,NA,1.1286672682108094,NA,1.004828700340673,NA,1.0047832706322961,NA
9873153,60,b i ɟ ø z,5,-23.142448932022234,NA,-Inf,NA,-20.44554264298711,NA,1.1721298581123756,NA,1.1721097679762331,NA,1.012165565043107,NA,1.011742232357684,NA
9873153,95,b o p o p,5,-19.25272795784617,NA,-15.57498426327942,NA,-15.61426036762116,NA,1.1967740047349058,NA,1.1967095549773488,NA,1.013486997864271,NA,1.0129840432080757,NA
9873153,13,b e v e z,5,-16.966870081071157,NA,-14.397609492998663,NA,-14.44031212076233,NA,1.3929229704223276,NA,1.392511185542819,NA,1.029528725669076,NA,1.0281611900392078,NA
9873153,60,s ø ɟ e v,5,-22.79528403658063,NA,-Inf,NA,-24.307406591636536,NA,1.2117460774005275,NA,1.2116501844406864,NA,1.0060152288996411,NA,1.0058751054370156,NA
9873153,73,b a ʒ ɯ ʒ,5,-21.802442132376388,NA,-Inf,NA,-24.18673784570743,NA,1.3864139275709753,NA,1.3860244830363206,NA,1.0201473136915078,NA,1.0193065798346137,NA
9873153,52,t͡ʃ ø ɟ ø z,5,-26.083819330183616,NA,-Inf,NA,-21.52261786831054,NA,1.069838381124956,NA,1.0699952387320184,NA,1.0017666031757022,NA,1.0018897030116924,NA
9873153,59,f u c y c,5,-24.885869366241813,NA,-Inf,NA,-29.280536541614147,NA,1.1157787914815611,NA,1.115860462315408,NA,1.0009321097789516,NA,1.001100368974328,NA
9873153,75,t e ɾ i n,5,-13.827301603550456,NA,-12.502644627942797,NA,-12.521773624907365,NA,1.5729969938749515,NA,1.5722522702326374,NA,1.0804929495674649,NA,1.0763164691861506,NA
9873153,46,b u ʒ o ʒ,5,-23.76539676955428,NA,-21.96391548170358,NA,-21.79262912069044,NA,1.1538250828724028,NA,1.1538408478098283,NA,1.007399882196474,NA,1.007226945611721,NA
9873153,28,n ɯ l e ɾ,5,-16.520523019156673,NA,-22.578512005763056,NA,-22.1906184306061,NA,1.2705379652284161,NA,1.2703174772901622,NA,1.016447580336092,NA,1.015654592290636,NA
9873153,84,ɟ y d o n,5,-21.99388355485576,NA,-22.032124077243957,NA,-21.630787091891495,NA,1.1962433826356678,NA,1.196159913782388,NA,1.0079719201002924,NA,1.0077160801194214,NA
9873153,75,b o ʒ u z,5,-21.370274141785384,NA,-17.449334712896025,NA,-17.52465638865124,NA,1.1916820725344242,NA,1.1916245129596132,NA,1.009300937004208,NA,1.0090117245270502,NA
9873153,59,k u m y ɾ,5,-16.166729596387306,NA,-13.479655579943335,NA,-13.508482331190027,NA,1.3230272239563277,NA,1.3227231066743448,NA,1.022128398075403,NA,1.021137545740216,NA
9873153,100,m y ɾ a n,5,-14.762040699212914,NA,-11.737473004903014,NA,-11.76464541223868,NA,1.5705486452986173,NA,1.5698011900900524,NA,1.0909056910771144,NA,1.0860056224174448,NA
9873153,60,ɟ e ʒ u ʒ,5,-26.43413105782542,NA,-Inf,NA,-29.33912315678841,NA,1.2174662892996293,NA,1.2173699757285252,NA,1.000599585740761,NA,1.000785798371226,NA
9873153,60,g ɯ ʃ ɯ ɾ,5,-17.97497909272865,NA,-14.266839235392236,NA,-14.30974193032308,NA,1.245215104159512,NA,1.2450431145777665,NA,1.0154542843243193,NA,1.0147602319695646,NA
9873153,34,b o ʒ ɯ ʒ,5,-23.550529799079456,NA,-Inf,NA,-24.723680424475265,NA,1.1847241528742682,NA,1.1846836525864934,NA,1.0074750485138266,NA,1.007300128463721,NA
9873153,82,k o ɾ i n,5,-15.0837144563174,NA,-13.072652771256037,NA,-13.096986467913933,NA,1.5004623909385104,NA,1.4998431857664714,NA,1.0494536476998977,NA,1.046913855195189,NA
9873153,56,n ɯ m ɯ j,5,-16.47599478408919,NA,-22.39373489217684,NA,-22.38175273448392,NA,1.1966103780074966,NA,1.196542055220454,NA,1.0026502266538255,NA,1.0027197340448553,NA
9873153,60,s ø ɾ y ɾ,5,-17.707550354797547,NA,-16.169021341758853,NA,-16.205464404636334,NA,1.3319062242337465,NA,1.33158571547973,NA,1.013027665125439,NA,1.0125094354360924,NA
9873153,56,p y ʒ u ʃ,5,-21.83320780173249,NA,-21.6575563373154,NA,-21.57229848271923,NA,1.1683953129119478,NA,1.1683770297833889,NA,1.0032800290443638,NA,1.0033013050815458,NA
9873153,75,ɫ a m o s,5,-15.135202724992508,NA,-18.53976533327283,NA,-18.547827889801997,NA,1.3788112113885682,NA,1.378427016464903,NA,1.0185489274708253,NA,1.017775753755317,NA
9873153,39,ɟ ø v ɯ ʃ,5,-24.484836572880727,NA,-Inf,NA,-24.564293047048626,NA,1.1249488007486994,NA,1.1250044411600126,NA,1.007870816045076,NA,1.0076134587496162,NA
9873153,38,ɟ e ʒ ɯ ʒ,5,-26.219264087350595,NA,-Inf,NA,-33.17641485659389,NA,1.2272674175690463,NA,1.2271532645061831,NA,1.000599585740761,NA,1.000785798371226,NA
9873153,79,ɫ o c y j,5,-20.834342988819134,NA,-Inf,NA,-27.6512910295423,NA,1.1213426924902457,NA,1.121407789190935,NA,1.002308197629775,NA,1.0024028393006907,NA
9873153,37,b u m u z,5,-17.951792361056157,NA,-14.843063280742722,NA,-14.878017560925908,NA,1.2405193147630955,NA,1.240376722188641,NA,1.017535691474791,NA,1.016802398896366,NA
9873153,58,l e l y j,5,-19.772550808587734,NA,-Inf,NA,-29.3209145608971,NA,1.2343400791144985,NA,1.2342095483700994,NA,1.003248067408103,NA,1.0032923638392548,NA
9873153,42,v ɯ c y c,5,-24.665725338666142,NA,-Inf,NA,-31.07494453895137,NA,1.0966099130891953,NA,1.0967247419175363,NA,1.0003360075302643,NA,1.000535606459207,NA
9873153,42,c ø z ɯ ɾ,5,-21.71220299840252,NA,-Inf,NA,-19.68550050557094,NA,1.1902183865771947,NA,1.1901414021562249,NA,1.0145089255684994,NA,1.013860174302362,NA
9873153,37,b i h a z,5,-16.349811613063217,NA,-13.978638446451834,NA,-14.016391150784171,NA,1.3901143932549385,NA,1.3896998755559016,NA,1.0281388334347332,NA,1.0267959716117114,NA
9873153,33,p u h i c,5,-20.780767761626823,NA,-22.05420867071373,NA,-21.930091078441407,NA,1.2416965922463563,NA,1.2415519682913172,NA,1.01241266159024,NA,1.0119605181707314,NA
9873153,23,b o ʒ e l,5,-21.23324816820471,NA,-18.060919487768725,NA,-18.182879305878316,NA,1.2463498551349634,NA,1.2461951178538924,NA,1.008803329884933,NA,1.008547391347145,NA
9873153,32,ɟ y ɟ y c,5,-29.68094473723395,NA,-33.68337874661388,NA,-32.205899752844275,NA,1.0953617399096514,NA,1.095478732648763,NA,1.0001767014017344,NA,1.000384506138849,NA
9873153,33,d͡ʒ e b ɯ ʒ,5,-20.21495022879154,NA,-Inf,NA,-22.87691116711818,NA,1.2686811486325449,NA,1.2684950947185034,NA,1.0124836117672047,NA,1.0120414031131446,NA
9873153,32,b e j o ʒ,5,-19.97163859556905,NA,-16.470032923117923,NA,-16.58974983451702,NA,1.3023238820005048,NA,1.3020822690254312,NA,1.0234430212856789,NA,1.0224209443737986,NA
9873153,86,t a ɟ e z,5,-19.01299062520888,NA,-Inf,NA,-20.823952022657384,NA,1.4656215227621532,NA,1.465084309540202,NA,1.0269158977146384,NA,1.0257003443047683,NA
9873153,0,b i j e l,5,-17.450630578939155,NA,-15.174694213804408,NA,-15.223894371415602,NA,1.3089517738471208,NA,1.3086882691733015,NA,1.0209242625509964,NA,1.0200235747731865,NA
9873153,26,v ɯ ʒ u ʒ,5,-23.911347823237456,NA,-Inf,NA,-27.172143925229605,NA,1.1161267190999808,NA,1.1162057460174144,NA,1.0002707972270364,NA,1.000474478028374,NA
9873153,59,b o j ɯ ʒ,5,-20.84349534209708,NA,-Inf,NA,-21.13094063982574,NA,1.2260955689867723,NA,1.2259830322796048,NA,1.015232344142505,NA,1.0146378960431903,NA
9873153,61,ʃ u ʒ ø ʃ,5,-23.117318159567468,NA,-24.06655854277991,NA,-23.710598665491876,NA,1.1089897910511255,NA,1.1090779138037352,NA,1.0013008717373968,NA,1.0014503747691397,NA
9873153,0,n y g o h,5,-19.02195772176377,NA,-27.137278020652435,NA,-26.404681357779356,NA,1.1333131439367587,NA,1.133360109385657,NA,1.0020494295650315,NA,1.002157274256292,NA
9873153,0,d ɯ ʒ o ʒ,5,-23.464882873585843,NA,-Inf,NA,-23.9795220145898,NA,1.1293508774986598,NA,1.1294089752286451,NA,1.0015496170448657,NA,1.0016841358988702,NA
9873153,43,b i ɟ y j,5,-21.621839348754172,NA,-23.738323784339784,NA,-23.145271532434343,NA,1.194804014519338,NA,1.1947420726709843,NA,1.0122225483469989,NA,1.0117960739557024,NA
9873153,83,n ɯ c ø c,5,-24.59275852015271,NA,-Inf,NA,-31.976683335339587,NA,1.0792927943891235,NA,1.079439427988085,NA,1.0003249566724437,NA,1.0005257916572736,NA
9873153,11,ɫ a c e h,5,-18.035397518301707,NA,-Inf,NA,-25.02799923003836,NA,1.3994050843368315,NA,1.3989840913843423,NA,1.0041760500679735,NA,1.0041613512211216,NA
9873153,37,t͡ʃ ø v e ʒ,5,-22.501198433327293,NA,-19.60154616634259,NA,-19.720161431862618,NA,1.1877047678623542,NA,1.187653908531909,NA,1.007255175976289,NA,1.0070775327862946,NA
9873153,74,n u c e j,5,-19.284139768647485,NA,-Inf,NA,-27.03061959151581,NA,1.2138640602351571,NA,1.213761575091728,NA,1.0046822496364043,NA,1.0046141339376191,NA
9873153,52,k a k ɯ ɾ,5,-13.852944181894014,NA,-12.144674325482123,NA,-12.165544970347293,NA,1.5676549113274147,NA,1.5669247348407982,NA,1.081113994281714,NA,1.076949339812567,NA
9873153,11,h u h e c,5,-20.54912774061602,NA,-21.77039857112499,NA,-21.665991317549235,NA,1.2458994903446368,NA,1.2457482240849875,NA,1.009202924406593,NA,1.0089254532786238,NA
9873153,92,k ɯ ɾ i n,5,-14.682152744236394,NA,-12.37822264154962,NA,-12.400758782495078,NA,1.4897929801932763,NA,1.4891922342093775,NA,1.0573621548079215,NA,1.054404034344128,NA
9873153,52,l i l i c,5,-21.734197850255633,NA,-31.06847061939216,NA,-30.413037420901233,NA,1.2188544098693368,NA,1.2187494709030118,NA,1.0021248087384225,NA,1.002227217500095,NA
9873153,60,n ø t u j,5,-18.16927071091751,NA,-22.851523275546036,NA,-22.813072474048504,NA,1.1724206207819898,NA,1.1723948121172356,NA,1.0038089132465688,NA,1.0038168140055153,NA
9873153,59,d a d͡ʒ y c,5,-20.390530859618952,NA,-21.37064354819536,NA,-21.197885713347908,NA,1.3547360937852992,NA,1.3544042392735065,NA,1.0112501093178448,NA,1.0108747896025891,NA
9873153,13,l e g a v,5,-18.119190425169464,NA,-25.71501109338958,NA,-25.332981685756884,NA,1.3881772381676205,NA,1.3877683698152172,NA,1.008863681612553,NA,1.0085537534032074,NA
9873153,55,l i l y c,5,-22.91076831338442,NA,-Inf,NA,-31.37384119300264,NA,1.1284788898966889,NA,1.1285384476392613,NA,1.0018639675255108,NA,1.0019827037767624,NA
9873153,71,m y d͡ʒ ɯ ʒ,5,-20.94834362998964,NA,-Inf,NA,-19.765604716524727,NA,1.2335333157803068,NA,1.2334082562856274,NA,1.0297916061850232,NA,1.0284411057530372,NA
9873153,38,b i f e ʒ,5,-19.56510509226675,NA,-17.233656594746645,NA,-17.35991958085872,NA,1.2770233897314918,NA,1.276818171152988,NA,1.0171636142826754,NA,1.0164683141415962,NA
9873146,0,b o ʒ e l,5,-21.23324816820471,NA,-18.060919487768725,NA,-18.182879305878316,NA,1.2463498551349634,NA,1.2461951178538924,NA,1.008803329884933,NA,1.008547391347145,NA
9873146,0,l y l i v,5,-20.63415870679363,NA,-Inf,NA,-30.672142465019753,NA,1.2155027860536751,NA,1.2153995796438697,NA,1.002044914920388,NA,1.0021401260542664,NA
9873146,100,k ɯ ɾ i n,5,-14.682152744236394,NA,-12.37822264154962,NA,-12.400758782495078,NA,1.4897929801932763,NA,1.4891922342093775,NA,1.0573621548079215,NA,1.054404034344128,NA
9873146,53,ɫ a c y j,5,-19.086255322116067,NA,-Inf,NA,-25.538775771876324,NA,1.3230324671869529,NA,1.3227486196407618,NA,1.003067474913099,NA,1.0031221678969575,NA
9873146,19,b e j o ʒ,5,-19.97163859556905,NA,-16.470032923117923,NA,-16.58974983451702,NA,1.3023238820005048,NA,1.3020822690254312,NA,1.0234430212856789,NA,1.0224209443737986,NA
9873146,40,h a ʒ i z,5,-18.940586263929728,NA,-16.033624750362595,NA,-16.176584461461953,NA,1.4424736309368726,NA,1.4419758181306943,NA,1.029251961469784,NA,1.0278844545484396,NA
9873146,57,d͡ʒ e t͡ʃ y c,5,-21.506949174184605,NA,-23.436694565711367,NA,-23.25424943879691,NA,1.2256817579040702,NA,1.2255731677132062,NA,1.0104750503657995,NA,1.010138519579413,NA
9873146,100,k o ɾ i n,5,-15.0837144563174,NA,-13.072652771256037,NA,-13.096986467913933,NA,1.5004623909385104,NA,1.4998431857664714,NA,1.0494536476998977,NA,1.046913855195189,NA
9873146,40,ɟ y f ɯ t͡ʃ,5,-23.521012578915236,NA,-25.37166299204228,NA,-24.957736942410385,NA,1.1507777147848135,NA,1.1507931543712089,NA,1.0033263350439428,NA,1.0033620285817637,NA
9873146,74,z a ʒ u ʒ,5,-22.21296112594883,NA,-22.467527661364898,NA,-22.468435327208887,NA,1.3256708330824156,NA,1.3253873248250263,NA,1.0043869150779896,NA,1.0043743138247614,NA
9873146,100,t͡ʃ ø z y z,5,-21.128620852346465,NA,-17.361344872511363,NA,-17.40089460771028,NA,1.1286143668362545,NA,1.1286672682108094,NA,1.004828700340673,NA,1.0047832706322961,NA
9873146,57,b o ʒ ɯ ʒ,5,-23.550529799079456,NA,-Inf,NA,-24.723680424475265,NA,1.1847241528742682,NA,1.1846836525864934,NA,1.0074750485138266,NA,1.007300128463721,NA
9873146,43,b i ɟ y j,5,-21.621839348754172,NA,-23.738323784339784,NA,-23.145271532434343,NA,1.194804014519338,NA,1.1947420726709843,NA,1.0122225483469989,NA,1.0117960739557024,NA
9873146,65,ɫ a c ø c,5,-23.235335254641484,NA,-Inf,NA,-28.96719851740822,NA,1.2828819495149104,NA,1.2826763461817758,NA,1.0028718440034152,NA,1.002938782604458,NA
9873146,38,l e l y j,5,-19.772550808587734,NA,-Inf,NA,-29.3209145608971,NA,1.2343400791144985,NA,1.2342095483700994,NA,1.003248067408103,NA,1.0032923638392548,NA
9873146,100,n ɯ m ɯ j,5,-16.47599478408919,NA,-22.39373489217684,NA,-22.38175273448392,NA,1.1966103780074966,NA,1.196542055220454,NA,1.0026502266538255,NA,1.0027197340448553,NA
9873146,23,n ɯ t o j,5,-16.64471865554249,NA,-20.8852803375486,NA,-20.88836208756007,NA,1.1851723324290908,NA,1.185126386083626,NA,1.004463305335078,NA,1.0044398187271149,NA
9873146,94,ɫ a ʒ a ʒ,5,-19.71086706006132,NA,-20.997350540187433,NA,-21.21655733327964,NA,1.4708414018303289,NA,1.4702934062511663,NA,1.003941564890843,NA,1.003940272651001,NA
9873146,17,s ø ɟ e v,5,-22.79528403658063,NA,-Inf,NA,-24.307406591636536,NA,1.2117460774005275,NA,1.2116501844406864,NA,1.0060152288996411,NA,1.0058751054370156,NA
9873146,45,ɫ o c y j,5,-20.834342988819134,NA,-Inf,NA,-27.6512910295423,NA,1.1213426924902457,NA,1.121407789190935,NA,1.002308197629775,NA,1.0024028393006907,NA
9873146,39,m y d͡ʒ ɯ ʒ,5,-20.94834362998964,NA,-Inf,NA,-19.765604716524727,NA,1.2335333157803068,NA,1.2334082562856274,NA,1.0297916061850232,NA,1.0284411057530372,NA
9873146,34,t͡ʃ ø v e ʒ,5,-22.501198433327293,NA,-19.60154616634259,NA,-19.720161431862618,NA,1.1877047678623542,NA,1.187653908531909,NA,1.007255175976289,NA,1.0070775327862946,NA
9873146,14,l i n u v,5,-18.466975061018218,NA,-24.951618240796765,NA,-24.684255423615568,NA,1.220141875184766,NA,1.220036316043871,NA,1.0121904544298916,NA,1.011755851703082,NA
9873146,60,k ɯ k a ɾ,5,-13.852944181894015,NA,-12.360407543244856,NA,-12.380543004924991,NA,1.493480237823476,NA,1.492865948681668,NA,1.0526280988311794,NA,1.0498258559342786,NA
9873146,57,ɫ o c ø c,5,-24.98342292134455,NA,-Inf,NA,-31.079713775074197,NA,1.0811921748182034,NA,1.081335515731949,NA,1.0021125667200912,NA,1.0022194540081912,NA
9873146,12,n i ɾ o h,5,-16.181858470568148,NA,-20.449641425018715,NA,-20.406357405732297,NA,1.2804974089534673,NA,1.2802882607954402,NA,1.016507593530359,NA,1.015847513933592,NA
9873146,21,n y h e j,5,-16.95498764826872,NA,-21.846337471826367,NA,-21.825147364977283,NA,1.2480014323473068,NA,1.2478395741736754,NA,1.0076847714838688,NA,1.007454833667864,NA
9873146,30,b i h a z,5,-16.349811613063217,NA,-13.978638446451834,NA,-14.016391150784171,NA,1.3901143932549385,NA,1.3896998755559016,NA,1.0281388334347332,NA,1.0267959716117114,NA
9873146,68,t ø ɾ o n,5,-17.485988279342866,NA,-15.627675512106372,NA,-15.666950907825106,NA,1.3290088497105506,NA,1.3286945168365425,NA,1.0122008810961551,NA,1.0117169531065573,NA
9873146,60,s ø ɾ y ɾ,5,-17.707550354797547,NA,-16.169021341758853,NA,-16.205464404636334,NA,1.3319062242337465,NA,1.33158571547973,NA,1.013027665125439,NA,1.0125094354360924,NA
9873146,23,b i j e l,5,-17.450630578939155,NA,-15.174694213804408,NA,-15.223894371415602,NA,1.3089517738471208,NA,1.3086882691733015,NA,1.0209242625509964,NA,1.0200235747731865,NA
9873146,14,n y g o h,5,-19.02195772176377,NA,-27.137278020652435,NA,-26.404681357779356,NA,1.1333131439367587,NA,1.133360109385657,NA,1.0020494295650315,NA,1.002157274256292,NA
9873146,17,ɟ e g o h,5,-22.32385648599314,NA,-Inf,NA,-29.10574748028316,NA,1.2145067608813798,NA,1.2144132380835384,NA,1.0014568108084176,NA,1.0015956377134012,NA
9873146,60,k u m y ɾ,5,-16.166729596387306,NA,-13.479655579943335,NA,-13.508482331190027,NA,1.3230272239563277,NA,1.3227231066743448,NA,1.022128398075403,NA,1.021137545740216,NA
9873146,16,g ɯ d͡ʒ e n,5,-17.56731557989134,NA,-14.61749184700327,NA,-14.657735297121354,NA,1.281298791538424,NA,1.2810607321907763,NA,1.019356759110327,NA,1.0184127138021122,NA
9873146,55,v ɯ c y c,5,-24.665725338666142,NA,-Inf,NA,-31.07494453895137,NA,1.0966099130891953,NA,1.0967247419175363,NA,1.0003360075302643,NA,1.000535606459207,NA
9873146,23,ɟ y d o n,5,-21.99388355485576,NA,-22.032124077243957,NA,-21.630787091891495,NA,1.1962433826356678,NA,1.196159913782388,NA,1.0079719201002924,NA,1.0077160801194214,NA
9873146,61,ʃ u ʒ ø ʃ,5,-23.117318159567468,NA,-24.06655854277991,NA,-23.710598665491876,NA,1.1089897910511255,NA,1.1090779138037352,NA,1.0013008717373968,NA,1.0014503747691397,NA
9873146,30,k a k ɯ ɾ,5,-13.852944181894014,NA,-12.144674325482123,NA,-12.165544970347293,NA,1.5676549113274147,NA,1.5669247348407982,NA,1.081113994281714,NA,1.076949339812567,NA
9873146,50,p u h i c,5,-20.780767761626823,NA,-22.05420867071373,NA,-21.930091078441407,NA,1.2416965922463563,NA,1.2415519682913172,NA,1.01241266159024,NA,1.0119605181707314,NA
9873146,57,n ɯ c ø c,5,-24.59275852015271,NA,-Inf,NA,-31.976683335339587,NA,1.0792927943891235,NA,1.079439427988085,NA,1.0003249566724437,NA,1.0005257916572736,NA
9873146,30,b o v a n,5,-16.83581550168471,NA,-13.814124853759685,NA,-13.841845975944103,NA,1.4255332248977568,NA,1.4250378444168188,NA,1.0453074842543126,NA,1.042851145035386,NA
9873146,41,t͡ʃ ø v a ʒ,5,-22.026529225233254,NA,-18.767317689397675,NA,-18.907200437170054,NA,1.2721540242302385,NA,1.271949454860332,NA,1.0142653337379195,NA,1.0136943818059525,NA
9873146,33,ɫ a c e h,5,-18.035397518301707,NA,-Inf,NA,-25.02799923003836,NA,1.3994050843368315,NA,1.3989840913843423,NA,1.0041760500679735,NA,1.0041613512211216,NA
9873146,38,b o ʒ u z,5,-21.370274141785384,NA,-17.449334712896025,NA,-17.52465638865124,NA,1.1916820725344242,NA,1.1916245129596132,NA,1.009300937004208,NA,1.0090117245270502,NA
9873146,58,t e ɾ i n,5,-13.827301603550456,NA,-12.502644627942797,NA,-12.521773624907365,NA,1.5729969938749515,NA,1.5722522702326374,NA,1.0804929495674649,NA,1.0763164691861506,NA
9873146,32,h u h e c,5,-20.54912774061602,NA,-21.77039857112499,NA,-21.665991317549235,NA,1.2458994903446368,NA,1.2457482240849875,NA,1.009202924406593,NA,1.0089254532786238,NA
9873146,59,b u ʃ ɯ z,5,-18.694443256827626,NA,-15.374699720473922,NA,-15.412193074961616,NA,1.228789864159734,NA,1.2286669214026904,NA,1.0123098572091858,NA,1.0118615371614068,NA
9873146,58,b i ɟ ø z,5,-23.142448932022234,NA,-Inf,NA,-20.44554264298711,NA,1.1721298581123756,NA,1.1721097679762331,NA,1.012165565043107,NA,1.011742232357684,NA
9873146,23,t a ɟ e z,5,-19.01299062520888,NA,-Inf,NA,-20.823952022657384,NA,1.4656215227621532,NA,1.465084309540202,NA,1.0269158977146384,NA,1.0257003443047683,NA
9873146,27,n u m ɯ s,5,-16.305931248897558,NA,-20.66468488363234,NA,-20.66177310337561,NA,1.2173321314639536,NA,1.2172245120444172,NA,1.0077581809890988,NA,1.0075488759046425,NA
9873146,100,l i ʒ ɯ v,5,-21.57703454821374,NA,-31.133696426108365,NA,-30.207941372186912,NA,1.1572841132328815,NA,1.157287229154971,NA,1.0003922570709156,NA,1.000588795671445,NA
9873146,58,g ɯ m y z,5,-18.701899271803264,NA,-15.284758444764732,NA,-15.32860458966336,NA,1.1785067564052527,NA,1.1784732245409664,NA,1.00554093342204,NA,1.0054576463094618,NA
9873146,24,n u c e j,5,-19.284139768647485,NA,-Inf,NA,-27.03061959151581,NA,1.2138640602351571,NA,1.213761575091728,NA,1.0046822496364043,NA,1.0046141339376191,NA
9873146,61,m y ɾ a n,5,-14.762040699212914,NA,-11.737473004903014,NA,-11.76464541223868,NA,1.5705486452986173,NA,1.5698011900900524,NA,1.0909056910771144,NA,1.0860056224174448,NA
9873146,100,ɟ y ɟ y c,5,-29.68094473723395,NA,-33.68337874661388,NA,-32.205899752844275,NA,1.0953617399096514,NA,1.095478732648763,NA,1.0001767014017344,NA,1.000384506138849,NA
9873146,29,ɫ a d͡ʒ o h,5,-17.01330714374341,NA,-22.624939743800624,NA,-22.534580136155395,NA,1.3256740594338108,NA,1.3253881497876747,NA,1.0050050745212178,NA,1.0049588515389372,NA
9873146,62,f u c y c,5,-24.885869366241813,NA,-Inf,NA,-29.280536541614147,NA,1.1157787914815611,NA,1.115860462315408,NA,1.0009321097789516,NA,1.001100368974328,NA
9873146,60,ɟ ø ʒ o ʒ,5,-29.203929342940828,NA,-Inf,NA,-29.447557759589778,NA,1.0439095087456904,NA,1.044115390525366,NA,1.0001956309096838,NA,1.000401295176374,NA
9873146,100,b o p o p,5,-19.25272795784617,NA,-15.57498426327942,NA,-15.61426036762116,NA,1.1967740047349058,NA,1.1967095549773488,NA,1.013486997864271,NA,1.0129840432080757,NA
9873146,26,ɫ a m o s,5,-15.135202724992508,NA,-18.53976533327283,NA,-18.547827889801997,NA,1.3788112113885682,NA,1.378427016464903,NA,1.0185489274708253,NA,1.017775753755317,NA
9873146,100,b u m u z,5,-17.951792361056157,NA,-14.843063280742722,NA,-14.878017560925908,NA,1.2405193147630955,NA,1.240376722188641,NA,1.017535691474791,NA,1.016802398896366,NA
9873146,100,t͡ʃ ø ɟ ø z,5,-26.083819330183616,NA,-Inf,NA,-21.52261786831054,NA,1.069838381124956,NA,1.0699952387320184,NA,1.0017666031757022,NA,1.0018897030116924,NA
9873146,67,m y t ø ɾ,5,-17.68011502873577,NA,-14.771169321237188,NA,-14.814804722114031,NA,1.3145632200457231,NA,1.3142753588611862,NA,1.0375461024211106,NA,1.0357780799024574,NA
9873146,61,ɟ i f ɯ ʃ,5,-22.1048454127982,NA,-23.497930488232196,NA,-23.110474694525763,NA,1.1779963095818906,NA,1.177960316405389,NA,1.0083465331409436,NA,1.0080648025533474,NA
9873146,57,p y ʒ u ʃ,5,-21.83320780173249,NA,-21.6575563373154,NA,-21.57229848271923,NA,1.1683953129119478,NA,1.1683770297833889,NA,1.0032800290443638,NA,1.0033013050815458,NA
9873146,35,ɟ e ʒ ɯ ʒ,5,-26.219264087350595,NA,-Inf,NA,-33.17641485659389,NA,1.2272674175690463,NA,1.2271532645061831,NA,1.000599585740761,NA,1.000785798371226,NA
9873146,31,v ɯ ʒ u ʒ,5,-23.911347823237456,NA,-Inf,NA,-27.172143925229605,NA,1.1161267190999808,NA,1.1162057460174144,NA,1.0002707972270364,NA,1.000474478028374,NA
9873146,100,b e v e z,5,-16.966870081071157,NA,-14.397609492998663,NA,-14.44031212076233,NA,1.3929229704223276,NA,1.392511185542819,NA,1.029528725669076,NA,1.0281611900392078,NA
9873146,34,b u ʒ o ʒ,5,-23.76539676955428,NA,-21.96391548170358,NA,-21.79262912069044,NA,1.1538250828724028,NA,1.1538408478098283,NA,1.007399882196474,NA,1.007226945611721,NA
9873146,100,g o ʒ o ʒ,5,-24.62938331993061,NA,-21.44182559607237,NA,-21.448545619983207,NA,1.1224260916219797,NA,1.1224961567900622,NA,1.0013340243108588,NA,1.0014798191749397,NA
9873146,32,b a ʒ ɯ ʒ,5,-21.802442132376388,NA,-Inf,NA,-24.18673784570743,NA,1.3864139275709753,NA,1.3860244830363206,NA,1.0201473136915078,NA,1.0193065798346137,NA
9873146,58,ɟ ø v ɯ ʃ,5,-24.484836572880727,NA,-Inf,NA,-24.564293047048626,NA,1.1249488007486994,NA,1.1250044411600126,NA,1.007870816045076,NA,1.0076134587496162,NA
9873146,100,l i l i c,5,-21.734197850255633,NA,-31.06847061939216,NA,-30.413037420901233,NA,1.2188544098693368,NA,1.2187494709030118,NA,1.0021248087384225,NA,1.002227217500095,NA
9873146,57,ɫ o t y j,5,-17.13637038757993,NA,-21.847842286805907,NA,-21.838930472337697,NA,1.1884962954554696,NA,1.1884444634754057,NA,1.0069809217299424,NA,1.0068236264270505,NA
9873146,100,n e l e s,5,-16.133712940143006,NA,-22.309363966878458,NA,-21.94511758334053,NA,1.3421106100147846,NA,1.3417826732353673,NA,1.0138487784772976,NA,1.0132823171708598,NA
9873146,41,h i ʒ o ʃ,5,-20.809527385524937,NA,-21.758984629549015,NA,-21.594790011980702,NA,1.1730182993086722,NA,1.1729939503390143,NA,1.005756231853628,NA,1.0056643656940627,NA
9873146,64,m u ɾ a n,5,-14.474358626761134,NA,-11.950302324157594,NA,-11.974383816242137,NA,1.564482787413002,NA,1.563745826768253,NA,1.082042701236725,NA,1.077607380125139,NA
9873146,41,c ø z ɯ ɾ,5,-21.71220299840252,NA,-Inf,NA,-19.68550050557094,NA,1.1902183865771947,NA,1.1901414021562249,NA,1.0145089255684994,NA,1.013860174302362,NA
9873146,67,m y d͡ʒ e ʒ,5,-20.07648688346161,NA,-17.21604267519214,NA,-17.334930621591795,NA,1.2872685713504248,NA,1.2870457058049949,NA,1.0318759131224775,NA,1.030408550612966,NA
9873146,100,g ɯ ʃ ɯ ɾ,5,-17.97497909272865,NA,-14.266839235392236,NA,-14.30974193032308,NA,1.245215104159512,NA,1.2450431145777665,NA,1.0154542843243193,NA,1.0147602319695646,NA
9873146,31,d ɯ ʒ o ʒ,5,-23.464882873585843,NA,-Inf,NA,-23.9795220145898,NA,1.1293508774986598,NA,1.1294089752286451,NA,1.0015496170448657,NA,1.0016841358988702,NA
9873146,25,b o j ɯ ʒ,5,-20.84349534209708,NA,-Inf,NA,-21.13094063982574,NA,1.2260955689867723,NA,1.2259830322796048,NA,1.015232344142505,NA,1.0146378960431903,NA
9873146,21,ɟ e ʒ u ʒ,5,-26.43413105782542,NA,-Inf,NA,-29.33912315678841,NA,1.2174662892996293,NA,1.2173699757285252,NA,1.000599585740761,NA,1.000785798371226,NA
9873146,0,l e g a v,5,-18.119190425169464,NA,-25.71501109338958,NA,-25.332981685756884,NA,1.3881772381676205,NA,1.3877683698152172,NA,1.008863681612553,NA,1.0085537534032074,NA
9873146,62,ɟ ø c i c,5,-28.595041653634546,NA,-Inf,NA,-34.34350574803089,NA,1.1361369616670376,NA,1.1361752544079688,NA,1.0003260515161396,NA,1.0005235520380404,NA
9873146,100,l y l y j,5,-21.14695659804238,NA,-Inf,NA,-31.05439759893357,NA,1.1332785539845158,NA,1.1333228701694076,NA,1.00074070885583,NA,1.0009175574376028,NA
9873146,38,n u n o m,5,-16.474531465957043,NA,-19.71804282237854,NA,-19.721411008345388,NA,1.219775413725993,NA,1.2196627522111714,NA,1.0062472053556415,NA,1.0061235827754649,NA
9873146,65,d a d͡ʒ y c,5,-20.390530859618952,NA,-21.37064354819536,NA,-21.197885713347908,NA,1.3547360937852992,NA,1.3544042392735065,NA,1.0112501093178448,NA,1.0108747896025891,NA
9873146,42,ɟ e j ø z,5,-22.82835379958052,NA,-Inf,NA,-24.81298284362385,NA,1.235195590882307,NA,1.2350658781575348,NA,1.009898018351088,NA,1.0095907634262449,NA
9873146,53,l i l y c,5,-22.91076831338442,NA,-Inf,NA,-31.37384119300264,NA,1.1284788898966889,NA,1.1285384476392613,NA,1.0018639675255108,NA,1.0019827037767624,NA
9873146,39,n ø t u j,5,-18.16927071091751,NA,-22.851523275546036,NA,-22.813072474048504,NA,1.1724206207819898,NA,1.1723948121172356,NA,1.0038089132465688,NA,1.0038168140055153,NA
9873146,38,n ɯ l e ɾ,5,-16.520523019156673,NA,-22.578512005763056,NA,-22.1906184306061,NA,1.2705379652284161,NA,1.2703174772901622,NA,1.016447580336092,NA,1.015654592290636,NA
9873146,39,b i f e ʒ,5,-19.56510509226675,NA,-17.233656594746645,NA,-17.35991958085872,NA,1.2770233897314918,NA,1.276818171152988,NA,1.0171636142826754,NA,1.0164683141415962,NA
9873146,54,d͡ʒ e b ɯ ʒ,5,-20.21495022879154,NA,-Inf,NA,-22.87691116711818,NA,1.2686811486325449,NA,1.2684950947185034,NA,1.0124836117672047,NA,1.0120414031131446,NA
9873146,31,b o ʒ e n,5,-19.353746594881077,NA,-15.678950482149968,NA,-15.781459798642668,NA,1.3107776347241384,NA,1.3104887340444304,NA,1.0214541287111476,NA,1.020406306928782,NA
9872930,12,n ø t u j,5,-18.16927071091751,NA,-22.851523275546036,NA,-22.813072474048504,NA,1.1724206207819898,NA,1.1723948121172356,NA,1.0038089132465688,NA,1.0038168140055153,NA
9872930,44,b o ʒ e n,5,-19.353746594881077,NA,-15.678950482149968,NA,-15.781459798642668,NA,1.3107776347241384,NA,1.3104887340444304,NA,1.0214541287111476,NA,1.020406306928782,NA
9872930,38,m u ɾ a n,5,-14.474358626761134,NA,-11.950302324157594,NA,-11.974383816242137,NA,1.564482787413002,NA,1.563745826768253,NA,1.082042701236725,NA,1.077607380125139,NA
9872930,7,b e j o ʒ,5,-19.97163859556905,NA,-16.470032923117923,NA,-16.58974983451702,NA,1.3023238820005048,NA,1.3020822690254312,NA,1.0234430212856789,NA,1.0224209443737986,NA
9872930,7,f u c y c,5,-24.885869366241813,NA,-Inf,NA,-29.280536541614147,NA,1.1157787914815611,NA,1.115860462315408,NA,1.0009321097789516,NA,1.001100368974328,NA
9872930,8,b i f e ʒ,5,-19.56510509226675,NA,-17.233656594746645,NA,-17.35991958085872,NA,1.2770233897314918,NA,1.276818171152988,NA,1.0171636142826754,NA,1.0164683141415962,NA
9872930,7,ɟ i f ɯ ʃ,5,-22.1048454127982,NA,-23.497930488232196,NA,-23.110474694525763,NA,1.1779963095818906,NA,1.177960316405389,NA,1.0083465331409436,NA,1.0080648025533474,NA
9872930,6,g ɯ ʃ ɯ ɾ,5,-17.97497909272865,NA,-14.266839235392236,NA,-14.30974193032308,NA,1.245215104159512,NA,1.2450431145777665,NA,1.0154542843243193,NA,1.0147602319695646,NA
9872930,10,ɫ o c y j,5,-20.834342988819134,NA,-Inf,NA,-27.6512910295423,NA,1.1213426924902457,NA,1.121407789190935,NA,1.002308197629775,NA,1.0024028393006907,NA
9872930,7,n ɯ m ɯ j,5,-16.47599478408919,NA,-22.39373489217684,NA,-22.38175273448392,NA,1.1966103780074966,NA,1.196542055220454,NA,1.0026502266538255,NA,1.0027197340448553,NA
9872930,9,ɟ y f ɯ t͡ʃ,5,-23.521012578915236,NA,-25.37166299204228,NA,-24.957736942410385,NA,1.1507777147848135,NA,1.1507931543712089,NA,1.0033263350439428,NA,1.0033620285817637,NA
9872930,39,k o ɾ i n,5,-15.0837144563174,NA,-13.072652771256037,NA,-13.096986467913933,NA,1.5004623909385104,NA,1.4998431857664714,NA,1.0494536476998977,NA,1.046913855195189,NA
9872930,5,h i ʒ o ʃ,5,-20.809527385524937,NA,-21.758984629549015,NA,-21.594790011980702,NA,1.1730182993086722,NA,1.1729939503390143,NA,1.005756231853628,NA,1.0056643656940627,NA
9872930,5,ɟ ø ʒ o ʒ,5,-29.203929342940828,NA,-Inf,NA,-29.447557759589778,NA,1.0439095087456904,NA,1.044115390525366,NA,1.0001956309096838,NA,1.000401295176374,NA
9872930,9,c ø z ɯ ɾ,5,-21.71220299840252,NA,-Inf,NA,-19.68550050557094,NA,1.1902183865771947,NA,1.1901414021562249,NA,1.0145089255684994,NA,1.013860174302362,NA
9872930,10,n u m ɯ s,5,-16.305931248897558,NA,-20.66468488363234,NA,-20.66177310337561,NA,1.2173321314639536,NA,1.2172245120444172,NA,1.0077581809890988,NA,1.0075488759046425,NA
9872930,78,l i l i c,5,-21.734197850255633,NA,-31.06847061939216,NA,-30.413037420901233,NA,1.2188544098693368,NA,1.2187494709030118,NA,1.0021248087384225,NA,1.002227217500095,NA
9872930,9,g o ʒ o ʒ,5,-24.62938331993061,NA,-21.44182559607237,NA,-21.448545619983207,NA,1.1224260916219797,NA,1.1224961567900622,NA,1.0013340243108588,NA,1.0014798191749397,NA
9872930,7,n u n o m,5,-16.474531465957043,NA,-19.71804282237854,NA,-19.721411008345388,NA,1.219775413725993,NA,1.2196627522111714,NA,1.0062472053556415,NA,1.0061235827754649,NA
9872930,11,g ɯ d͡ʒ e n,5,-17.56731557989134,NA,-14.61749184700327,NA,-14.657735297121354,NA,1.281298791538424,NA,1.2810607321907763,NA,1.019356759110327,NA,1.0184127138021122,NA
9872930,7,l i n u v,5,-18.466975061018218,NA,-24.951618240796765,NA,-24.684255423615568,NA,1.220141875184766,NA,1.220036316043871,NA,1.0121904544298916,NA,1.011755851703082,NA
9872930,13,n i ɾ o h,5,-16.181858470568148,NA,-20.449641425018715,NA,-20.406357405732297,NA,1.2804974089534673,NA,1.2802882607954402,NA,1.016507593530359,NA,1.015847513933592,NA
9872930,8,d͡ʒ e b ɯ ʒ,5,-20.21495022879154,NA,-Inf,NA,-22.87691116711818,NA,1.2686811486325449,NA,1.2684950947185034,NA,1.0124836117672047,NA,1.0120414031131446,NA
9872930,91,s ø ɾ y ɾ,5,-17.707550354797547,NA,-16.169021341758853,NA,-16.205464404636334,NA,1.3319062242337465,NA,1.33158571547973,NA,1.013027665125439,NA,1.0125094354360924,NA
9872930,1,l y l y j,5,-21.14695659804238,NA,-Inf,NA,-31.05439759893357,NA,1.1332785539845158,NA,1.1333228701694076,NA,1.00074070885583,NA,1.0009175574376028,NA
9872930,48,d͡ʒ e t͡ʃ y c,5,-21.506949174184605,NA,-23.436694565711367,NA,-23.25424943879691,NA,1.2256817579040702,NA,1.2255731677132062,NA,1.0104750503657995,NA,1.010138519579413,NA
9872930,18,t͡ʃ ø v e ʒ,5,-22.501198433327293,NA,-19.60154616634259,NA,-19.720161431862618,NA,1.1877047678623542,NA,1.187653908531909,NA,1.007255175976289,NA,1.0070775327862946,NA
9872930,7,b o ʒ e l,5,-21.23324816820471,NA,-18.060919487768725,NA,-18.182879305878316,NA,1.2463498551349634,NA,1.2461951178538924,NA,1.008803329884933,NA,1.008547391347145,NA
9872930,22,b o j ɯ ʒ,5,-20.84349534209708,NA,-Inf,NA,-21.13094063982574,NA,1.2260955689867723,NA,1.2259830322796048,NA,1.015232344142505,NA,1.0146378960431903,NA
9872930,24,t͡ʃ ø v a ʒ,5,-22.026529225233254,NA,-18.767317689397675,NA,-18.907200437170054,NA,1.2721540242302385,NA,1.271949454860332,NA,1.0142653337379195,NA,1.0136943818059525,NA
9872930,20,p u h i c,5,-20.780767761626823,NA,-22.05420867071373,NA,-21.930091078441407,NA,1.2416965922463563,NA,1.2415519682913172,NA,1.01241266159024,NA,1.0119605181707314,NA
9872930,4,d a d͡ʒ y c,5,-20.390530859618952,NA,-21.37064354819536,NA,-21.197885713347908,NA,1.3547360937852992,NA,1.3544042392735065,NA,1.0112501093178448,NA,1.0108747896025891,NA
9872930,5,n u c e j,5,-19.284139768647485,NA,-Inf,NA,-27.03061959151581,NA,1.2138640602351571,NA,1.213761575091728,NA,1.0046822496364043,NA,1.0046141339376191,NA
9872930,51,l e g a v,5,-18.119190425169464,NA,-25.71501109338958,NA,-25.332981685756884,NA,1.3881772381676205,NA,1.3877683698152172,NA,1.008863681612553,NA,1.0085537534032074,NA
9872930,58,t͡ʃ ø z y z,5,-21.128620852346465,NA,-17.361344872511363,NA,-17.40089460771028,NA,1.1286143668362545,NA,1.1286672682108094,NA,1.004828700340673,NA,1.0047832706322961,NA
9872930,1,ɫ a c y j,5,-19.086255322116067,NA,-Inf,NA,-25.538775771876324,NA,1.3230324671869529,NA,1.3227486196407618,NA,1.003067474913099,NA,1.0031221678969575,NA
9872930,1,p y ʒ u ʃ,5,-21.83320780173249,NA,-21.6575563373154,NA,-21.57229848271923,NA,1.1683953129119478,NA,1.1683770297833889,NA,1.0032800290443638,NA,1.0033013050815458,NA
9872930,3,b i j e l,5,-17.450630578939155,NA,-15.174694213804408,NA,-15.223894371415602,NA,1.3089517738471208,NA,1.3086882691733015,NA,1.0209242625509964,NA,1.0200235747731865,NA
9872930,0,ɟ y d o n,5,-21.99388355485576,NA,-22.032124077243957,NA,-21.630787091891495,NA,1.1962433826356678,NA,1.196159913782388,NA,1.0079719201002924,NA,1.0077160801194214,NA
9872930,5,b u ʒ o ʒ,5,-23.76539676955428,NA,-21.96391548170358,NA,-21.79262912069044,NA,1.1538250828724028,NA,1.1538408478098283,NA,1.007399882196474,NA,1.007226945611721,NA
9872930,3,h a ʒ i z,5,-18.940586263929728,NA,-16.033624750362595,NA,-16.176584461461953,NA,1.4424736309368726,NA,1.4419758181306943,NA,1.029251961469784,NA,1.0278844545484396,NA
9872930,2,n ɯ t o j,5,-16.64471865554249,NA,-20.8852803375486,NA,-20.88836208756007,NA,1.1851723324290908,NA,1.185126386083626,NA,1.004463305335078,NA,1.0044398187271149,NA
9872930,1,ɫ a c ø c,5,-23.235335254641484,NA,-Inf,NA,-28.96719851740822,NA,1.2828819495149104,NA,1.2826763461817758,NA,1.0028718440034152,NA,1.002938782604458,NA
9872930,0,ɟ e ʒ ɯ ʒ,5,-26.219264087350595,NA,-Inf,NA,-33.17641485659389,NA,1.2272674175690463,NA,1.2271532645061831,NA,1.000599585740761,NA,1.000785798371226,NA
9872930,3,d ɯ ʒ o ʒ,5,-23.464882873585843,NA,-Inf,NA,-23.9795220145898,NA,1.1293508774986598,NA,1.1294089752286451,NA,1.0015496170448657,NA,1.0016841358988702,NA
9872930,5,ɟ ø c i c,5,-28.595041653634546,NA,-Inf,NA,-34.34350574803089,NA,1.1361369616670376,NA,1.1361752544079688,NA,1.0003260515161396,NA,1.0005235520380404,NA
9872930,22,ɫ o c ø c,5,-24.98342292134455,NA,-Inf,NA,-31.079713775074197,NA,1.0811921748182034,NA,1.081335515731949,NA,1.0021125667200912,NA,1.0022194540081912,NA
9872930,18,ɟ e j ø z,5,-22.82835379958052,NA,-Inf,NA,-24.81298284362385,NA,1.235195590882307,NA,1.2350658781575348,NA,1.009898018351088,NA,1.0095907634262449,NA
9872930,2,b o ʒ ɯ ʒ,5,-23.550529799079456,NA,-Inf,NA,-24.723680424475265,NA,1.1847241528742682,NA,1.1846836525864934,NA,1.0074750485138266,NA,1.007300128463721,NA
9872930,12,k ɯ k a ɾ,5,-13.852944181894015,NA,-12.360407543244856,NA,-12.380543004924991,NA,1.493480237823476,NA,1.492865948681668,NA,1.0526280988311794,NA,1.0498258559342786,NA
9872930,6,n e l e s,5,-16.133712940143006,NA,-22.309363966878458,NA,-21.94511758334053,NA,1.3421106100147846,NA,1.3417826732353673,NA,1.0138487784772976,NA,1.0132823171708598,NA
9872930,13,b o p o p,5,-19.25272795784617,NA,-15.57498426327942,NA,-15.61426036762116,NA,1.1967740047349058,NA,1.1967095549773488,NA,1.013486997864271,NA,1.0129840432080757,NA
9872930,9,l y l i v,5,-20.63415870679363,NA,-Inf,NA,-30.672142465019753,NA,1.2155027860536751,NA,1.2153995796438697,NA,1.002044914920388,NA,1.0021401260542664,NA
9872930,25,k u m y ɾ,5,-16.166729596387306,NA,-13.479655579943335,NA,-13.508482331190027,NA,1.3230272239563277,NA,1.3227231066743448,NA,1.022128398075403,NA,1.021137545740216,NA
9872930,6,b o v a n,5,-16.83581550168471,NA,-13.814124853759685,NA,-13.841845975944103,NA,1.4255332248977568,NA,1.4250378444168188,NA,1.0453074842543126,NA,1.042851145035386,NA
9872930,11,ɟ e ʒ u ʒ,5,-26.43413105782542,NA,-Inf,NA,-29.33912315678841,NA,1.2174662892996293,NA,1.2173699757285252,NA,1.000599585740761,NA,1.000785798371226,NA
9872930,95,ɟ y ɟ y c,5,-29.68094473723395,NA,-33.68337874661388,NA,-32.205899752844275,NA,1.0953617399096514,NA,1.095478732648763,NA,1.0001767014017344,NA,1.000384506138849,NA
9872930,6,ɫ a d͡ʒ o h,5,-17.01330714374341,NA,-22.624939743800624,NA,-22.534580136155395,NA,1.3256740594338108,NA,1.3253881497876747,NA,1.0050050745212178,NA,1.0049588515389372,NA
9872930,43,t ø ɾ o n,5,-17.485988279342866,NA,-15.627675512106372,NA,-15.666950907825106,NA,1.3290088497105506,NA,1.3286945168365425,NA,1.0122008810961551,NA,1.0117169531065573,NA
9872930,2,n ɯ l e ɾ,5,-16.520523019156673,NA,-22.578512005763056,NA,-22.1906184306061,NA,1.2705379652284161,NA,1.2703174772901622,NA,1.016447580336092,NA,1.015654592290636,NA
9872930,2,v ɯ c y c,5,-24.665725338666142,NA,-Inf,NA,-31.07494453895137,NA,1.0966099130891953,NA,1.0967247419175363,NA,1.0003360075302643,NA,1.000535606459207,NA
9872930,2,g ɯ m y z,5,-18.701899271803264,NA,-15.284758444764732,NA,-15.32860458966336,NA,1.1785067564052527,NA,1.1784732245409664,NA,1.00554093342204,NA,1.0054576463094618,NA
9872930,54,t e ɾ i n,5,-13.827301603550456,NA,-12.502644627942797,NA,-12.521773624907365,NA,1.5729969938749515,NA,1.5722522702326374,NA,1.0804929495674649,NA,1.0763164691861506,NA
9872930,3,m y d͡ʒ ɯ ʒ,5,-20.94834362998964,NA,-Inf,NA,-19.765604716524727,NA,1.2335333157803068,NA,1.2334082562856274,NA,1.0297916061850232,NA,1.0284411057530372,NA
9872930,0,l i ʒ ɯ v,5,-21.57703454821374,NA,-31.133696426108365,NA,-30.207941372186912,NA,1.1572841132328815,NA,1.157287229154971,NA,1.0003922570709156,NA,1.000588795671445,NA
9872930,4,t͡ʃ ø ɟ ø z,5,-26.083819330183616,NA,-Inf,NA,-21.52261786831054,NA,1.069838381124956,NA,1.0699952387320184,NA,1.0017666031757022,NA,1.0018897030116924,NA
9872930,1,l i l y c,5,-22.91076831338442,NA,-Inf,NA,-31.37384119300264,NA,1.1284788898966889,NA,1.1285384476392613,NA,1.0018639675255108,NA,1.0019827037767624,NA
9872930,60,m y ɾ a n,5,-14.762040699212914,NA,-11.737473004903014,NA,-11.76464541223868,NA,1.5705486452986173,NA,1.5698011900900524,NA,1.0909056910771144,NA,1.0860056224174448,NA
9872930,2,b a ʒ ɯ ʒ,5,-21.802442132376388,NA,-Inf,NA,-24.18673784570743,NA,1.3864139275709753,NA,1.3860244830363206,NA,1.0201473136915078,NA,1.0193065798346137,NA
9872930,3,ɫ a ʒ a ʒ,5,-19.71086706006132,NA,-20.997350540187433,NA,-21.21655733327964,NA,1.4708414018303289,NA,1.4702934062511663,NA,1.003941564890843,NA,1.003940272651001,NA
9872930,49,s ø ɟ e v,5,-22.79528403658063,NA,-Inf,NA,-24.307406591636536,NA,1.2117460774005275,NA,1.2116501844406864,NA,1.0060152288996411,NA,1.0058751054370156,NA
9872930,45,b u m u z,5,-17.951792361056157,NA,-14.843063280742722,NA,-14.878017560925908,NA,1.2405193147630955,NA,1.240376722188641,NA,1.017535691474791,NA,1.016802398896366,NA
9872930,44,b e v e z,5,-16.966870081071157,NA,-14.397609492998663,NA,-14.44031212076233,NA,1.3929229704223276,NA,1.392511185542819,NA,1.029528725669076,NA,1.0281611900392078,NA
9872930,42,t a ɟ e z,5,-19.01299062520888,NA,-Inf,NA,-20.823952022657384,NA,1.4656215227621532,NA,1.465084309540202,NA,1.0269158977146384,NA,1.0257003443047683,NA
9872930,3,z a ʒ u ʒ,5,-22.21296112594883,NA,-22.467527661364898,NA,-22.468435327208887,NA,1.3256708330824156,NA,1.3253873248250263,NA,1.0043869150779896,NA,1.0043743138247614,NA
9872930,3,b u ʃ ɯ z,5,-18.694443256827626,NA,-15.374699720473922,NA,-15.412193074961616,NA,1.228789864159734,NA,1.2286669214026904,NA,1.0123098572091858,NA,1.0118615371614068,NA
9872930,6,ɟ e g o h,5,-22.32385648599314,NA,-Inf,NA,-29.10574748028316,NA,1.2145067608813798,NA,1.2144132380835384,NA,1.0014568108084176,NA,1.0015956377134012,NA
9872930,82,b i h a z,5,-16.349811613063217,NA,-13.978638446451834,NA,-14.016391150784171,NA,1.3901143932549385,NA,1.3896998755559016,NA,1.0281388334347332,NA,1.0267959716117114,NA
9872930,6,n ɯ c ø c,5,-24.59275852015271,NA,-Inf,NA,-31.976683335339587,NA,1.0792927943891235,NA,1.079439427988085,NA,1.0003249566724437,NA,1.0005257916572736,NA
9872930,53,m y t ø ɾ,5,-17.68011502873577,NA,-14.771169321237188,NA,-14.814804722114031,NA,1.3145632200457231,NA,1.3142753588611862,NA,1.0375461024211106,NA,1.0357780799024574,NA
9872930,53,n y h e j,5,-16.95498764826872,NA,-21.846337471826367,NA,-21.825147364977283,NA,1.2480014323473068,NA,1.2478395741736754,NA,1.0076847714838688,NA,1.007454833667864,NA
9872930,50,b o ʒ u z,5,-21.370274141785384,NA,-17.449334712896025,NA,-17.52465638865124,NA,1.1916820725344242,NA,1.1916245129596132,NA,1.009300937004208,NA,1.0090117245270502,NA
9872930,36,n y g o h,5,-19.02195772176377,NA,-27.137278020652435,NA,-26.404681357779356,NA,1.1333131439367587,NA,1.133360109385657,NA,1.0020494295650315,NA,1.002157274256292,NA
9872930,7,ɫ o t y j,5,-17.13637038757993,NA,-21.847842286805907,NA,-21.838930472337697,NA,1.1884962954554696,NA,1.1884444634754057,NA,1.0069809217299424,NA,1.0068236264270505,NA
9872930,34,m y d͡ʒ e ʒ,5,-20.07648688346161,NA,-17.21604267519214,NA,-17.334930621591795,NA,1.2872685713504248,NA,1.2870457058049949,NA,1.0318759131224775,NA,1.030408550612966,NA
9872930,94,b i ɟ ø z,5,-23.142448932022234,NA,-Inf,NA,-20.44554264298711,NA,1.1721298581123756,NA,1.1721097679762331,NA,1.012165565043107,NA,1.011742232357684,NA
9872930,33,ɟ ø v ɯ ʃ,5,-24.484836572880727,NA,-Inf,NA,-24.564293047048626,NA,1.1249488007486994,NA,1.1250044411600126,NA,1.007870816045076,NA,1.0076134587496162,NA
9872930,33,ɫ a m o s,5,-15.135202724992508,NA,-18.53976533327283,NA,-18.547827889801997,NA,1.3788112113885682,NA,1.378427016464903,NA,1.0185489274708253,NA,1.017775753755317,NA
9872930,27,l e l y j,5,-19.772550808587734,NA,-Inf,NA,-29.3209145608971,NA,1.2343400791144985,NA,1.2342095483700994,NA,1.003248067408103,NA,1.0032923638392548,NA
9872930,94,k a k ɯ ɾ,5,-13.852944181894014,NA,-12.144674325482123,NA,-12.165544970347293,NA,1.5676549113274147,NA,1.5669247348407982,NA,1.081113994281714,NA,1.076949339812567,NA
9872930,1,ʃ u ʒ ø ʃ,5,-23.117318159567468,NA,-24.06655854277991,NA,-23.710598665491876,NA,1.1089897910511255,NA,1.1090779138037352,NA,1.0013008717373968,NA,1.0014503747691397,NA
9872930,71,h u h e c,5,-20.54912774061602,NA,-21.77039857112499,NA,-21.665991317549235,NA,1.2458994903446368,NA,1.2457482240849875,NA,1.009202924406593,NA,1.0089254532786238,NA
9872930,6,v ɯ ʒ u ʒ,5,-23.911347823237456,NA,-Inf,NA,-27.172143925229605,NA,1.1161267190999808,NA,1.1162057460174144,NA,1.0002707972270364,NA,1.000474478028374,NA
9872930,58,b i ɟ y j,5,-21.621839348754172,NA,-23.738323784339784,NA,-23.145271532434343,NA,1.194804014519338,NA,1.1947420726709843,NA,1.0122225483469989,NA,1.0117960739557024,NA
9872930,52,ɫ a c e h,5,-18.035397518301707,NA,-Inf,NA,-25.02799923003836,NA,1.3994050843368315,NA,1.3989840913843423,NA,1.0041760500679735,NA,1.0041613512211216,NA
9872930,26,k ɯ ɾ i n,5,-14.682152744236394,NA,-12.37822264154962,NA,-12.400758782495078,NA,1.4897929801932763,NA,1.4891922342093775,NA,1.0573621548079215,NA,1.054404034344128,NA
9872763,20,n ɯ m ɯ j,5,-16.47599478408919,NA,-22.39373489217684,NA,-22.38175273448392,NA,1.1966103780074966,NA,1.196542055220454,NA,1.0026502266538255,NA,1.0027197340448553,NA
9872763,20,ɫ o c y j,5,-20.834342988819134,NA,-Inf,NA,-27.6512910295423,NA,1.1213426924902457,NA,1.121407789190935,NA,1.002308197629775,NA,1.0024028393006907,NA
9872763,84,l i l i c,5,-21.734197850255633,NA,-31.06847061939216,NA,-30.413037420901233,NA,1.2188544098693368,NA,1.2187494709030118,NA,1.0021248087384225,NA,1.002227217500095,NA
9872763,56,k ɯ ɾ i n,5,-14.682152744236394,NA,-12.37822264154962,NA,-12.400758782495078,NA,1.4897929801932763,NA,1.4891922342093775,NA,1.0573621548079215,NA,1.054404034344128,NA
9872763,29,t͡ʃ ø v e ʒ,5,-22.501198433327293,NA,-19.60154616634259,NA,-19.720161431862618,NA,1.1877047678623542,NA,1.187653908531909,NA,1.007255175976289,NA,1.0070775327862946,NA
9872763,17,b u ʃ ɯ z,5,-18.694443256827626,NA,-15.374699720473922,NA,-15.412193074961616,NA,1.228789864159734,NA,1.2286669214026904,NA,1.0123098572091858,NA,1.0118615371614068,NA
9872763,86,d a d͡ʒ y c,5,-20.390530859618952,NA,-21.37064354819536,NA,-21.197885713347908,NA,1.3547360937852992,NA,1.3544042392735065,NA,1.0112501093178448,NA,1.0108747896025891,NA
9872763,75,m u ɾ a n,5,-14.474358626761134,NA,-11.950302324157594,NA,-11.974383816242137,NA,1.564482787413002,NA,1.563745826768253,NA,1.082042701236725,NA,1.077607380125139,NA
9872763,19,n ɯ c ø c,5,-24.59275852015271,NA,-Inf,NA,-31.976683335339587,NA,1.0792927943891235,NA,1.079439427988085,NA,1.0003249566724437,NA,1.0005257916572736,NA
9872763,93,k o ɾ i n,5,-15.0837144563174,NA,-13.072652771256037,NA,-13.096986467913933,NA,1.5004623909385104,NA,1.4998431857664714,NA,1.0494536476998977,NA,1.046913855195189,NA
9872763,97,ɫ a m o s,5,-15.135202724992508,NA,-18.53976533327283,NA,-18.547827889801997,NA,1.3788112113885682,NA,1.378427016464903,NA,1.0185489274708253,NA,1.017775753755317,NA
9872763,10,t͡ʃ ø v a ʒ,5,-22.026529225233254,NA,-18.767317689397675,NA,-18.907200437170054,NA,1.2721540242302385,NA,1.271949454860332,NA,1.0142653337379195,NA,1.0136943818059525,NA
9872763,34,ɟ y d o n,5,-21.99388355485576,NA,-22.032124077243957,NA,-21.630787091891495,NA,1.1962433826356678,NA,1.196159913782388,NA,1.0079719201002924,NA,1.0077160801194214,NA
9872763,32,b o ʒ e l,5,-21.23324816820471,NA,-18.060919487768725,NA,-18.182879305878316,NA,1.2463498551349634,NA,1.2461951178538924,NA,1.008803329884933,NA,1.008547391347145,NA
9872763,30,ɟ ø v ɯ ʃ,5,-24.484836572880727,NA,-Inf,NA,-24.564293047048626,NA,1.1249488007486994,NA,1.1250044411600126,NA,1.007870816045076,NA,1.0076134587496162,NA
9872763,36,t ø ɾ o n,5,-17.485988279342866,NA,-15.627675512106372,NA,-15.666950907825106,NA,1.3290088497105506,NA,1.3286945168365425,NA,1.0122008810961551,NA,1.0117169531065573,NA
9872763,28,t a ɟ e z,5,-19.01299062520888,NA,-Inf,NA,-20.823952022657384,NA,1.4656215227621532,NA,1.465084309540202,NA,1.0269158977146384,NA,1.0257003443047683,NA
9872763,73,h u h e c,5,-20.54912774061602,NA,-21.77039857112499,NA,-21.665991317549235,NA,1.2458994903446368,NA,1.2457482240849875,NA,1.009202924406593,NA,1.0089254532786238,NA
9872763,36,k u m y ɾ,5,-16.166729596387306,NA,-13.479655579943335,NA,-13.508482331190027,NA,1.3230272239563277,NA,1.3227231066743448,NA,1.022128398075403,NA,1.021137545740216,NA
9872763,23,ɫ a ʒ a ʒ,5,-19.71086706006132,NA,-20.997350540187433,NA,-21.21655733327964,NA,1.4708414018303289,NA,1.4702934062511663,NA,1.003941564890843,NA,1.003940272651001,NA
9872763,12,ɟ i f ɯ ʃ,5,-22.1048454127982,NA,-23.497930488232196,NA,-23.110474694525763,NA,1.1779963095818906,NA,1.177960316405389,NA,1.0083465331409436,NA,1.0080648025533474,NA
9872763,65,n ø t u j,5,-18.16927071091751,NA,-22.851523275546036,NA,-22.813072474048504,NA,1.1724206207819898,NA,1.1723948121172356,NA,1.0038089132465688,NA,1.0038168140055153,NA
9872763,82,g ɯ ʃ ɯ ɾ,5,-17.97497909272865,NA,-14.266839235392236,NA,-14.30974193032308,NA,1.245215104159512,NA,1.2450431145777665,NA,1.0154542843243193,NA,1.0147602319695646,NA
9872763,23,b o ʒ u z,5,-21.370274141785384,NA,-17.449334712896025,NA,-17.52465638865124,NA,1.1916820725344242,NA,1.1916245129596132,NA,1.009300937004208,NA,1.0090117245270502,NA
9872763,62,n ɯ l e ɾ,5,-16.520523019156673,NA,-22.578512005763056,NA,-22.1906184306061,NA,1.2705379652284161,NA,1.2703174772901622,NA,1.016447580336092,NA,1.015654592290636,NA
9872763,31,ɫ a c ø c,5,-23.235335254641484,NA,-Inf,NA,-28.96719851740822,NA,1.2828819495149104,NA,1.2826763461817758,NA,1.0028718440034152,NA,1.002938782604458,NA
9872763,2,ʃ u ʒ ø ʃ,5,-23.117318159567468,NA,-24.06655854277991,NA,-23.710598665491876,NA,1.1089897910511255,NA,1.1090779138037352,NA,1.0013008717373968,NA,1.0014503747691397,NA
9872763,3,l i ʒ ɯ v,5,-21.57703454821374,NA,-31.133696426108365,NA,-30.207941372186912,NA,1.1572841132328815,NA,1.157287229154971,NA,1.0003922570709156,NA,1.000588795671445,NA
9872763,78,b o p o p,5,-19.25272795784617,NA,-15.57498426327942,NA,-15.61426036762116,NA,1.1967740047349058,NA,1.1967095549773488,NA,1.013486997864271,NA,1.0129840432080757,NA
9872763,33,g ɯ d͡ʒ e n,5,-17.56731557989134,NA,-14.61749184700327,NA,-14.657735297121354,NA,1.281298791538424,NA,1.2810607321907763,NA,1.019356759110327,NA,1.0184127138021122,NA
9872763,53,ɫ o c ø c,5,-24.98342292134455,NA,-Inf,NA,-31.079713775074197,NA,1.0811921748182034,NA,1.081335515731949,NA,1.0021125667200912,NA,1.0022194540081912,NA
9872763,46,b o j ɯ ʒ,5,-20.84349534209708,NA,-Inf,NA,-21.13094063982574,NA,1.2260955689867723,NA,1.2259830322796048,NA,1.015232344142505,NA,1.0146378960431903,NA
9872763,27,n u m ɯ s,5,-16.305931248897558,NA,-20.66468488363234,NA,-20.66177310337561,NA,1.2173321314639536,NA,1.2172245120444172,NA,1.0077581809890988,NA,1.0075488759046425,NA
9872763,36,k ɯ k a ɾ,5,-13.852944181894015,NA,-12.360407543244856,NA,-12.380543004924991,NA,1.493480237823476,NA,1.492865948681668,NA,1.0526280988311794,NA,1.0498258559342786,NA
9872763,78,f u c y c,5,-24.885869366241813,NA,-Inf,NA,-29.280536541614147,NA,1.1157787914815611,NA,1.115860462315408,NA,1.0009321097789516,NA,1.001100368974328,NA
9872763,39,g o ʒ o ʒ,5,-24.62938331993061,NA,-21.44182559607237,NA,-21.448545619983207,NA,1.1224260916219797,NA,1.1224961567900622,NA,1.0013340243108588,NA,1.0014798191749397,NA
9872763,34,l i l y c,5,-22.91076831338442,NA,-Inf,NA,-31.37384119300264,NA,1.1284788898966889,NA,1.1285384476392613,NA,1.0018639675255108,NA,1.0019827037767624,NA
9872763,70,b e v e z,5,-16.966870081071157,NA,-14.397609492998663,NA,-14.44031212076233,NA,1.3929229704223276,NA,1.392511185542819,NA,1.029528725669076,NA,1.0281611900392078,NA
9872763,36,g ɯ m y z,5,-18.701899271803264,NA,-15.284758444764732,NA,-15.32860458966336,NA,1.1785067564052527,NA,1.1784732245409664,NA,1.00554093342204,NA,1.0054576463094618,NA
9872763,33,ɟ e j ø z,5,-22.82835379958052,NA,-Inf,NA,-24.81298284362385,NA,1.235195590882307,NA,1.2350658781575348,NA,1.009898018351088,NA,1.0095907634262449,NA
9872763,22,b i ɟ y j,5,-21.621839348754172,NA,-23.738323784339784,NA,-23.145271532434343,NA,1.194804014519338,NA,1.1947420726709843,NA,1.0122225483469989,NA,1.0117960739557024,NA
9872763,39,n u n o m,5,-16.474531465957043,NA,-19.71804282237854,NA,-19.721411008345388,NA,1.219775413725993,NA,1.2196627522111714,NA,1.0062472053556415,NA,1.0061235827754649,NA
9872763,14,b o ʒ ɯ ʒ,5,-23.550529799079456,NA,-Inf,NA,-24.723680424475265,NA,1.1847241528742682,NA,1.1846836525864934,NA,1.0074750485138266,NA,1.007300128463721,NA
9872763,32,b i j e l,5,-17.450630578939155,NA,-15.174694213804408,NA,-15.223894371415602,NA,1.3089517738471208,NA,1.3086882691733015,NA,1.0209242625509964,NA,1.0200235747731865,NA
9872763,20,ɟ y f ɯ t͡ʃ,5,-23.521012578915236,NA,-25.37166299204228,NA,-24.957736942410385,NA,1.1507777147848135,NA,1.1507931543712089,NA,1.0033263350439428,NA,1.0033620285817637,NA
9872763,10,b a ʒ ɯ ʒ,5,-21.802442132376388,NA,-Inf,NA,-24.18673784570743,NA,1.3864139275709753,NA,1.3860244830363206,NA,1.0201473136915078,NA,1.0193065798346137,NA
9872763,69,ɫ a c e h,5,-18.035397518301707,NA,-Inf,NA,-25.02799923003836,NA,1.3994050843368315,NA,1.3989840913843423,NA,1.0041760500679735,NA,1.0041613512211216,NA
9872763,21,l y l i v,5,-20.63415870679363,NA,-Inf,NA,-30.672142465019753,NA,1.2155027860536751,NA,1.2153995796438697,NA,1.002044914920388,NA,1.0021401260542664,NA
9872763,27,ɟ ø ʒ o ʒ,5,-29.203929342940828,NA,-Inf,NA,-29.447557759589778,NA,1.0439095087456904,NA,1.044115390525366,NA,1.0001956309096838,NA,1.000401295176374,NA
9872763,76,l e g a v,5,-18.119190425169464,NA,-25.71501109338958,NA,-25.332981685756884,NA,1.3881772381676205,NA,1.3877683698152172,NA,1.008863681612553,NA,1.0085537534032074,NA
9872763,55,n u c e j,5,-19.284139768647485,NA,-Inf,NA,-27.03061959151581,NA,1.2138640602351571,NA,1.213761575091728,NA,1.0046822496364043,NA,1.0046141339376191,NA
9872763,65,ɟ y ɟ y c,5,-29.68094473723395,NA,-33.68337874661388,NA,-32.205899752844275,NA,1.0953617399096514,NA,1.095478732648763,NA,1.0001767014017344,NA,1.000384506138849,NA
9872763,6,d͡ʒ e b ɯ ʒ,5,-20.21495022879154,NA,-Inf,NA,-22.87691116711818,NA,1.2686811486325449,NA,1.2684950947185034,NA,1.0124836117672047,NA,1.0120414031131446,NA
9872763,32,b e j o ʒ,5,-19.97163859556905,NA,-16.470032923117923,NA,-16.58974983451702,NA,1.3023238820005048,NA,1.3020822690254312,NA,1.0234430212856789,NA,1.0224209443737986,NA
9872763,75,b u m u z,5,-17.951792361056157,NA,-14.843063280742722,NA,-14.878017560925908,NA,1.2405193147630955,NA,1.240376722188641,NA,1.017535691474791,NA,1.016802398896366,NA
9872763,38,s ø ɟ e v,5,-22.79528403658063,NA,-Inf,NA,-24.307406591636536,NA,1.2117460774005275,NA,1.2116501844406864,NA,1.0060152288996411,NA,1.0058751054370156,NA
9872763,47,ɫ o t y j,5,-17.13637038757993,NA,-21.847842286805907,NA,-21.838930472337697,NA,1.1884962954554696,NA,1.1884444634754057,NA,1.0069809217299424,NA,1.0068236264270505,NA
9872763,18,n y g o h,5,-19.02195772176377,NA,-27.137278020652435,NA,-26.404681357779356,NA,1.1333131439367587,NA,1.133360109385657,NA,1.0020494295650315,NA,1.002157274256292,NA
9872763,65,h a ʒ i z,5,-18.940586263929728,NA,-16.033624750362595,NA,-16.176584461461953,NA,1.4424736309368726,NA,1.4419758181306943,NA,1.029251961469784,NA,1.0278844545484396,NA
9872763,31,v ɯ c y c,5,-24.665725338666142,NA,-Inf,NA,-31.07494453895137,NA,1.0966099130891953,NA,1.0967247419175363,NA,1.0003360075302643,NA,1.000535606459207,NA
9872763,28,v ɯ ʒ u ʒ,5,-23.911347823237456,NA,-Inf,NA,-27.172143925229605,NA,1.1161267190999808,NA,1.1162057460174144,NA,1.0002707972270364,NA,1.000474478028374,NA
9872763,18,p y ʒ u ʃ,5,-21.83320780173249,NA,-21.6575563373154,NA,-21.57229848271923,NA,1.1683953129119478,NA,1.1683770297833889,NA,1.0032800290443638,NA,1.0033013050815458,NA
9872763,35,ɫ a c y j,5,-19.086255322116067,NA,-Inf,NA,-25.538775771876324,NA,1.3230324671869529,NA,1.3227486196407618,NA,1.003067474913099,NA,1.0031221678969575,NA
9872763,65,l i n u v,5,-18.466975061018218,NA,-24.951618240796765,NA,-24.684255423615568,NA,1.220141875184766,NA,1.220036316043871,NA,1.0121904544298916,NA,1.011755851703082,NA
9872763,33,c ø z ɯ ɾ,5,-21.71220299840252,NA,-Inf,NA,-19.68550050557094,NA,1.1902183865771947,NA,1.1901414021562249,NA,1.0145089255684994,NA,1.013860174302362,NA
9872763,20,s ø ɾ y ɾ,5,-17.707550354797547,NA,-16.169021341758853,NA,-16.205464404636334,NA,1.3319062242337465,NA,1.33158571547973,NA,1.013027665125439,NA,1.0125094354360924,NA
9872763,59,b o v a n,5,-16.83581550168471,NA,-13.814124853759685,NA,-13.841845975944103,NA,1.4255332248977568,NA,1.4250378444168188,NA,1.0453074842543126,NA,1.042851145035386,NA
9872763,33,b u ʒ o ʒ,5,-23.76539676955428,NA,-21.96391548170358,NA,-21.79262912069044,NA,1.1538250828724028,NA,1.1538408478098283,NA,1.007399882196474,NA,1.007226945611721,NA
9872763,31,z a ʒ u ʒ,5,-22.21296112594883,NA,-22.467527661364898,NA,-22.468435327208887,NA,1.3256708330824156,NA,1.3253873248250263,NA,1.0043869150779896,NA,1.0043743138247614,NA
9872763,99,t e ɾ i n,5,-13.827301603550456,NA,-12.502644627942797,NA,-12.521773624907365,NA,1.5729969938749515,NA,1.5722522702326374,NA,1.0804929495674649,NA,1.0763164691861506,NA
9872763,42,b i h a z,5,-16.349811613063217,NA,-13.978638446451834,NA,-14.016391150784171,NA,1.3901143932549385,NA,1.3896998755559016,NA,1.0281388334347332,NA,1.0267959716117114,NA
9872763,85,t͡ʃ ø z y z,5,-21.128620852346465,NA,-17.361344872511363,NA,-17.40089460771028,NA,1.1286143668362545,NA,1.1286672682108094,NA,1.004828700340673,NA,1.0047832706322961,NA
9872763,13,n y h e j,5,-16.95498764826872,NA,-21.846337471826367,NA,-21.825147364977283,NA,1.2480014323473068,NA,1.2478395741736754,NA,1.0076847714838688,NA,1.007454833667864,NA
9872763,29,d͡ʒ e t͡ʃ y c,5,-21.506949174184605,NA,-23.436694565711367,NA,-23.25424943879691,NA,1.2256817579040702,NA,1.2255731677132062,NA,1.0104750503657995,NA,1.010138519579413,NA
9872763,71,k a k ɯ ɾ,5,-13.852944181894014,NA,-12.144674325482123,NA,-12.165544970347293,NA,1.5676549113274147,NA,1.5669247348407982,NA,1.081113994281714,NA,1.076949339812567,NA
9872763,18,ɟ e g o h,5,-22.32385648599314,NA,-Inf,NA,-29.10574748028316,NA,1.2145067608813798,NA,1.2144132380835384,NA,1.0014568108084176,NA,1.0015956377134012,NA
9872763,28,b i f e ʒ,5,-19.56510509226675,NA,-17.233656594746645,NA,-17.35991958085872,NA,1.2770233897314918,NA,1.276818171152988,NA,1.0171636142826754,NA,1.0164683141415962,NA
9872763,43,m y t ø ɾ,5,-17.68011502873577,NA,-14.771169321237188,NA,-14.814804722114031,NA,1.3145632200457231,NA,1.3142753588611862,NA,1.0375461024211106,NA,1.0357780799024574,NA
9872763,54,l y l y j,5,-21.14695659804238,NA,-Inf,NA,-31.05439759893357,NA,1.1332785539845158,NA,1.1333228701694076,NA,1.00074070885583,NA,1.0009175574376028,NA
9872763,31,t͡ʃ ø ɟ ø z,5,-26.083819330183616,NA,-Inf,NA,-21.52261786831054,NA,1.069838381124956,NA,1.0699952387320184,NA,1.0017666031757022,NA,1.0018897030116924,NA
9872763,12,m y d͡ʒ e ʒ,5,-20.07648688346161,NA,-17.21604267519214,NA,-17.334930621591795,NA,1.2872685713504248,NA,1.2870457058049949,NA,1.0318759131224775,NA,1.030408550612966,NA
9872763,12,ɟ e ʒ ɯ ʒ,5,-26.219264087350595,NA,-Inf,NA,-33.17641485659389,NA,1.2272674175690463,NA,1.2271532645061831,NA,1.000599585740761,NA,1.000785798371226,NA
9872763,19,ɟ e ʒ u ʒ,5,-26.43413105782542,NA,-Inf,NA,-29.33912315678841,NA,1.2174662892996293,NA,1.2173699757285252,NA,1.000599585740761,NA,1.000785798371226,NA
9872763,67,n e l e s,5,-16.133712940143006,NA,-22.309363966878458,NA,-21.94511758334053,NA,1.3421106100147846,NA,1.3417826732353673,NA,1.0138487784772976,NA,1.0132823171708598,NA
9872763,0,h i ʒ o ʃ,5,-20.809527385524937,NA,-21.758984629549015,NA,-21.594790011980702,NA,1.1730182993086722,NA,1.1729939503390143,NA,1.005756231853628,NA,1.0056643656940627,NA
9872763,14,l e l y j,5,-19.772550808587734,NA,-Inf,NA,-29.3209145608971,NA,1.2343400791144985,NA,1.2342095483700994,NA,1.003248067408103,NA,1.0032923638392548,NA
9872763,64,m y ɾ a n,5,-14.762040699212914,NA,-11.737473004903014,NA,-11.76464541223868,NA,1.5705486452986173,NA,1.5698011900900524,NA,1.0909056910771144,NA,1.0860056224174448,NA
9872763,12,m y d͡ʒ ɯ ʒ,5,-20.94834362998964,NA,-Inf,NA,-19.765604716524727,NA,1.2335333157803068,NA,1.2334082562856274,NA,1.0297916061850232,NA,1.0284411057530372,NA
9872763,15,d ɯ ʒ o ʒ,5,-23.464882873585843,NA,-Inf,NA,-23.9795220145898,NA,1.1293508774986598,NA,1.1294089752286451,NA,1.0015496170448657,NA,1.0016841358988702,NA
9872763,65,n i ɾ o h,5,-16.181858470568148,NA,-20.449641425018715,NA,-20.406357405732297,NA,1.2804974089534673,NA,1.2802882607954402,NA,1.016507593530359,NA,1.015847513933592,NA
9872763,59,b i ɟ ø z,5,-23.142448932022234,NA,-Inf,NA,-20.44554264298711,NA,1.1721298581123756,NA,1.1721097679762331,NA,1.012165565043107,NA,1.011742232357684,NA
9872763,35,b o ʒ e n,5,-19.353746594881077,NA,-15.678950482149968,NA,-15.781459798642668,NA,1.3107776347241384,NA,1.3104887340444304,NA,1.0214541287111476,NA,1.020406306928782,NA
9872763,56,p u h i c,5,-20.780767761626823,NA,-22.05420867071373,NA,-21.930091078441407,NA,1.2416965922463563,NA,1.2415519682913172,NA,1.01241266159024,NA,1.0119605181707314,NA
9872763,62,ɟ ø c i c,5,-28.595041653634546,NA,-Inf,NA,-34.34350574803089,NA,1.1361369616670376,NA,1.1361752544079688,NA,1.0003260515161396,NA,1.0005235520380404,NA
9872763,30,n ɯ t o j,5,-16.64471865554249,NA,-20.8852803375486,NA,-20.88836208756007,NA,1.1851723324290908,NA,1.185126386083626,NA,1.004463305335078,NA,1.0044398187271149,NA
9872763,14,ɫ a d͡ʒ o h,5,-17.01330714374341,NA,-22.624939743800624,NA,-22.534580136155395,NA,1.3256740594338108,NA,1.3253881497876747,NA,1.0050050745212178,NA,1.0049588515389372,NA
9872574,33,n e l e s,5,-16.133712940143006,NA,-22.309363966878458,NA,-21.94511758334053,NA,1.3421106100147846,NA,1.3417826732353673,NA,1.0138487784772976,NA,1.0132823171708598,NA
9872574,9,n i ɾ o h,5,-16.181858470568148,NA,-20.449641425018715,NA,-20.406357405732297,NA,1.2804974089534673,NA,1.2802882607954402,NA,1.016507593530359,NA,1.015847513933592,NA
9872574,79,ɟ y d o n,5,-21.99388355485576,NA,-22.032124077243957,NA,-21.630787091891495,NA,1.1962433826356678,NA,1.196159913782388,NA,1.0079719201002924,NA,1.0077160801194214,NA
9872574,73,b i ɟ ø z,5,-23.142448932022234,NA,-Inf,NA,-20.44554264298711,NA,1.1721298581123756,NA,1.1721097679762331,NA,1.012165565043107,NA,1.011742232357684,NA
9872574,33,b i ɟ y j,5,-21.621839348754172,NA,-23.738323784339784,NA,-23.145271532434343,NA,1.194804014519338,NA,1.1947420726709843,NA,1.0122225483469989,NA,1.0117960739557024,NA
9872574,5,b e j o ʒ,5,-19.97163859556905,NA,-16.470032923117923,NA,-16.58974983451702,NA,1.3023238820005048,NA,1.3020822690254312,NA,1.0234430212856789,NA,1.0224209443737986,NA
9872574,28,ɟ e j ø z,5,-22.82835379958052,NA,-Inf,NA,-24.81298284362385,NA,1.235195590882307,NA,1.2350658781575348,NA,1.009898018351088,NA,1.0095907634262449,NA
9872574,7,l e g a v,5,-18.119190425169464,NA,-25.71501109338958,NA,-25.332981685756884,NA,1.3881772381676205,NA,1.3877683698152172,NA,1.008863681612553,NA,1.0085537534032074,NA
9872574,4,b o p o p,5,-19.25272795784617,NA,-15.57498426327942,NA,-15.61426036762116,NA,1.1967740047349058,NA,1.1967095549773488,NA,1.013486997864271,NA,1.0129840432080757,NA
9872574,16,k o ɾ i n,5,-15.0837144563174,NA,-13.072652771256037,NA,-13.096986467913933,NA,1.5004623909385104,NA,1.4998431857664714,NA,1.0494536476998977,NA,1.046913855195189,NA
9872574,11,b u ʒ o ʒ,5,-23.76539676955428,NA,-21.96391548170358,NA,-21.79262912069044,NA,1.1538250828724028,NA,1.1538408478098283,NA,1.007399882196474,NA,1.007226945611721,NA
9872574,7,n u m ɯ s,5,-16.305931248897558,NA,-20.66468488363234,NA,-20.66177310337561,NA,1.2173321314639536,NA,1.2172245120444172,NA,1.0077581809890988,NA,1.0075488759046425,NA
9872574,52,d͡ʒ e t͡ʃ y c,5,-21.506949174184605,NA,-23.436694565711367,NA,-23.25424943879691,NA,1.2256817579040702,NA,1.2255731677132062,NA,1.0104750503657995,NA,1.010138519579413,NA
9872574,9,ɫ a c y j,5,-19.086255322116067,NA,-Inf,NA,-25.538775771876324,NA,1.3230324671869529,NA,1.3227486196407618,NA,1.003067474913099,NA,1.0031221678969575,NA
9872574,5,p y ʒ u ʃ,5,-21.83320780173249,NA,-21.6575563373154,NA,-21.57229848271923,NA,1.1683953129119478,NA,1.1683770297833889,NA,1.0032800290443638,NA,1.0033013050815458,NA
9872574,5,ɫ a c ø c,5,-23.235335254641484,NA,-Inf,NA,-28.96719851740822,NA,1.2828819495149104,NA,1.2826763461817758,NA,1.0028718440034152,NA,1.002938782604458,NA
9872574,11,b i f e ʒ,5,-19.56510509226675,NA,-17.233656594746645,NA,-17.35991958085872,NA,1.2770233897314918,NA,1.276818171152988,NA,1.0171636142826754,NA,1.0164683141415962,NA
9872574,15,n ɯ t o j,5,-16.64471865554249,NA,-20.8852803375486,NA,-20.88836208756007,NA,1.1851723324290908,NA,1.185126386083626,NA,1.004463305335078,NA,1.0044398187271149,NA
9872574,27,k ɯ k a ɾ,5,-13.852944181894015,NA,-12.360407543244856,NA,-12.380543004924991,NA,1.493480237823476,NA,1.492865948681668,NA,1.0526280988311794,NA,1.0498258559342786,NA
9872574,14,n ø t u j,5,-18.16927071091751,NA,-22.851523275546036,NA,-22.813072474048504,NA,1.1724206207819898,NA,1.1723948121172356,NA,1.0038089132465688,NA,1.0038168140055153,NA
9872574,12,d͡ʒ e b ɯ ʒ,5,-20.21495022879154,NA,-Inf,NA,-22.87691116711818,NA,1.2686811486325449,NA,1.2684950947185034,NA,1.0124836117672047,NA,1.0120414031131446,NA
9872574,16,ʃ u ʒ ø ʃ,5,-23.117318159567468,NA,-24.06655854277991,NA,-23.710598665491876,NA,1.1089897910511255,NA,1.1090779138037352,NA,1.0013008717373968,NA,1.0014503747691397,NA
9872574,44,g ɯ m y z,5,-18.701899271803264,NA,-15.284758444764732,NA,-15.32860458966336,NA,1.1785067564052527,NA,1.1784732245409664,NA,1.00554093342204,NA,1.0054576463094618,NA
9872574,9,t͡ʃ ø v e ʒ,5,-22.501198433327293,NA,-19.60154616634259,NA,-19.720161431862618,NA,1.1877047678623542,NA,1.187653908531909,NA,1.007255175976289,NA,1.0070775327862946,NA
9872574,7,b a ʒ ɯ ʒ,5,-21.802442132376388,NA,-Inf,NA,-24.18673784570743,NA,1.3864139275709753,NA,1.3860244830363206,NA,1.0201473136915078,NA,1.0193065798346137,NA
9872574,15,v ɯ ʒ u ʒ,5,-23.911347823237456,NA,-Inf,NA,-27.172143925229605,NA,1.1161267190999808,NA,1.1162057460174144,NA,1.0002707972270364,NA,1.000474478028374,NA
9872574,14,n ɯ m ɯ j,5,-16.47599478408919,NA,-22.39373489217684,NA,-22.38175273448392,NA,1.1966103780074966,NA,1.196542055220454,NA,1.0026502266538255,NA,1.0027197340448553,NA
9872574,8,l i l y c,5,-22.91076831338442,NA,-Inf,NA,-31.37384119300264,NA,1.1284788898966889,NA,1.1285384476392613,NA,1.0018639675255108,NA,1.0019827037767624,NA
9872574,11,l i n u v,5,-18.466975061018218,NA,-24.951618240796765,NA,-24.684255423615568,NA,1.220141875184766,NA,1.220036316043871,NA,1.0121904544298916,NA,1.011755851703082,NA
9872574,13,b o ʒ e n,5,-19.353746594881077,NA,-15.678950482149968,NA,-15.781459798642668,NA,1.3107776347241384,NA,1.3104887340444304,NA,1.0214541287111476,NA,1.020406306928782,NA
9872574,72,k a k ɯ ɾ,5,-13.852944181894014,NA,-12.144674325482123,NA,-12.165544970347293,NA,1.5676549113274147,NA,1.5669247348407982,NA,1.081113994281714,NA,1.076949339812567,NA
9872574,25,ɟ e ʒ ɯ ʒ,5,-26.219264087350595,NA,-Inf,NA,-33.17641485659389,NA,1.2272674175690463,NA,1.2271532645061831,NA,1.000599585740761,NA,1.000785798371226,NA
9872574,20,t ø ɾ o n,5,-17.485988279342866,NA,-15.627675512106372,NA,-15.666950907825106,NA,1.3290088497105506,NA,1.3286945168365425,NA,1.0122008810961551,NA,1.0117169531065573,NA
9872574,2,ɫ a c e h,5,-18.035397518301707,NA,-Inf,NA,-25.02799923003836,NA,1.3994050843368315,NA,1.3989840913843423,NA,1.0041760500679735,NA,1.0041613512211216,NA
9872574,35,c ø z ɯ ɾ,5,-21.71220299840252,NA,-Inf,NA,-19.68550050557094,NA,1.1902183865771947,NA,1.1901414021562249,NA,1.0145089255684994,NA,1.013860174302362,NA
9872574,56,ɟ y ɟ y c,5,-29.68094473723395,NA,-33.68337874661388,NA,-32.205899752844275,NA,1.0953617399096514,NA,1.095478732648763,NA,1.0001767014017344,NA,1.000384506138849,NA
9872574,15,d a d͡ʒ y c,5,-20.390530859618952,NA,-21.37064354819536,NA,-21.197885713347908,NA,1.3547360937852992,NA,1.3544042392735065,NA,1.0112501093178448,NA,1.0108747896025891,NA
9872574,9,n u n o m,5,-16.474531465957043,NA,-19.71804282237854,NA,-19.721411008345388,NA,1.219775413725993,NA,1.2196627522111714,NA,1.0062472053556415,NA,1.0061235827754649,NA
9872574,8,n ɯ l e ɾ,5,-16.520523019156673,NA,-22.578512005763056,NA,-22.1906184306061,NA,1.2705379652284161,NA,1.2703174772901622,NA,1.016447580336092,NA,1.015654592290636,NA
9872574,6,l i ʒ ɯ v,5,-21.57703454821374,NA,-31.133696426108365,NA,-30.207941372186912,NA,1.1572841132328815,NA,1.157287229154971,NA,1.0003922570709156,NA,1.000588795671445,NA
9872574,3,p u h i c,5,-20.780767761626823,NA,-22.05420867071373,NA,-21.930091078441407,NA,1.2416965922463563,NA,1.2415519682913172,NA,1.01241266159024,NA,1.0119605181707314,NA
9872574,11,g ɯ d͡ʒ e n,5,-17.56731557989134,NA,-14.61749184700327,NA,-14.657735297121354,NA,1.281298791538424,NA,1.2810607321907763,NA,1.019356759110327,NA,1.0184127138021122,NA
9872574,59,b u m u z,5,-17.951792361056157,NA,-14.843063280742722,NA,-14.878017560925908,NA,1.2405193147630955,NA,1.240376722188641,NA,1.017535691474791,NA,1.016802398896366,NA
9872574,14,n ɯ c ø c,5,-24.59275852015271,NA,-Inf,NA,-31.976683335339587,NA,1.0792927943891235,NA,1.079439427988085,NA,1.0003249566724437,NA,1.0005257916572736,NA
9872574,27,l e l y j,5,-19.772550808587734,NA,-Inf,NA,-29.3209145608971,NA,1.2343400791144985,NA,1.2342095483700994,NA,1.003248067408103,NA,1.0032923638392548,NA
9872574,63,f u c y c,5,-24.885869366241813,NA,-Inf,NA,-29.280536541614147,NA,1.1157787914815611,NA,1.115860462315408,NA,1.0009321097789516,NA,1.001100368974328,NA
9872574,6,h i ʒ o ʃ,5,-20.809527385524937,NA,-21.758984629549015,NA,-21.594790011980702,NA,1.1730182993086722,NA,1.1729939503390143,NA,1.005756231853628,NA,1.0056643656940627,NA
9872574,14,s ø ɟ e v,5,-22.79528403658063,NA,-Inf,NA,-24.307406591636536,NA,1.2117460774005275,NA,1.2116501844406864,NA,1.0060152288996411,NA,1.0058751054370156,NA
9872574,9,ɟ i f ɯ ʃ,5,-22.1048454127982,NA,-23.497930488232196,NA,-23.110474694525763,NA,1.1779963095818906,NA,1.177960316405389,NA,1.0083465331409436,NA,1.0080648025533474,NA
9872574,7,d ɯ ʒ o ʒ,5,-23.464882873585843,NA,-Inf,NA,-23.9795220145898,NA,1.1293508774986598,NA,1.1294089752286451,NA,1.0015496170448657,NA,1.0016841358988702,NA
9872574,18,h a ʒ i z,5,-18.940586263929728,NA,-16.033624750362595,NA,-16.176584461461953,NA,1.4424736309368726,NA,1.4419758181306943,NA,1.029251961469784,NA,1.0278844545484396,NA
9872574,32,k u m y ɾ,5,-16.166729596387306,NA,-13.479655579943335,NA,-13.508482331190027,NA,1.3230272239563277,NA,1.3227231066743448,NA,1.022128398075403,NA,1.021137545740216,NA
9872574,5,k ɯ ɾ i n,5,-14.682152744236394,NA,-12.37822264154962,NA,-12.400758782495078,NA,1.4897929801932763,NA,1.4891922342093775,NA,1.0573621548079215,NA,1.054404034344128,NA
9872574,12,g o ʒ o ʒ,5,-24.62938331993061,NA,-21.44182559607237,NA,-21.448545619983207,NA,1.1224260916219797,NA,1.1224961567900622,NA,1.0013340243108588,NA,1.0014798191749397,NA
9872574,8,ɫ a m o s,5,-15.135202724992508,NA,-18.53976533327283,NA,-18.547827889801997,NA,1.3788112113885682,NA,1.378427016464903,NA,1.0185489274708253,NA,1.017775753755317,NA
9872574,12,v ɯ c y c,5,-24.665725338666142,NA,-Inf,NA,-31.07494453895137,NA,1.0966099130891953,NA,1.0967247419175363,NA,1.0003360075302643,NA,1.000535606459207,NA
9872574,10,ɟ y f ɯ t͡ʃ,5,-23.521012578915236,NA,-25.37166299204228,NA,-24.957736942410385,NA,1.1507777147848135,NA,1.1507931543712089,NA,1.0033263350439428,NA,1.0033620285817637,NA
9872574,8,b o v a n,5,-16.83581550168471,NA,-13.814124853759685,NA,-13.841845975944103,NA,1.4255332248977568,NA,1.4250378444168188,NA,1.0453074842543126,NA,1.042851145035386,NA
9872574,6,m y d͡ʒ e ʒ,5,-20.07648688346161,NA,-17.21604267519214,NA,-17.334930621591795,NA,1.2872685713504248,NA,1.2870457058049949,NA,1.0318759131224775,NA,1.030408550612966,NA
9872574,4,t͡ʃ ø v a ʒ,5,-22.026529225233254,NA,-18.767317689397675,NA,-18.907200437170054,NA,1.2721540242302385,NA,1.271949454860332,NA,1.0142653337379195,NA,1.0136943818059525,NA
9872574,42,s ø ɾ y ɾ,5,-17.707550354797547,NA,-16.169021341758853,NA,-16.205464404636334,NA,1.3319062242337465,NA,1.33158571547973,NA,1.013027665125439,NA,1.0125094354360924,NA
9872574,12,ɟ ø v ɯ ʃ,5,-24.484836572880727,NA,-Inf,NA,-24.564293047048626,NA,1.1249488007486994,NA,1.1250044411600126,NA,1.007870816045076,NA,1.0076134587496162,NA
9872574,15,ɟ e g o h,5,-22.32385648599314,NA,-Inf,NA,-29.10574748028316,NA,1.2145067608813798,NA,1.2144132380835384,NA,1.0014568108084176,NA,1.0015956377134012,NA
9872574,11,ɟ ø ʒ o ʒ,5,-29.203929342940828,NA,-Inf,NA,-29.447557759589778,NA,1.0439095087456904,NA,1.044115390525366,NA,1.0001956309096838,NA,1.000401295176374,NA
9872574,12,t a ɟ e z,5,-19.01299062520888,NA,-Inf,NA,-20.823952022657384,NA,1.4656215227621532,NA,1.465084309540202,NA,1.0269158977146384,NA,1.0257003443047683,NA
9872574,8,n y h e j,5,-16.95498764826872,NA,-21.846337471826367,NA,-21.825147364977283,NA,1.2480014323473068,NA,1.2478395741736754,NA,1.0076847714838688,NA,1.007454833667864,NA
9872574,9,t͡ʃ ø ɟ ø z,5,-26.083819330183616,NA,-Inf,NA,-21.52261786831054,NA,1.069838381124956,NA,1.0699952387320184,NA,1.0017666031757022,NA,1.0018897030116924,NA
9872574,7,ɫ o t y j,5,-17.13637038757993,NA,-21.847842286805907,NA,-21.838930472337697,NA,1.1884962954554696,NA,1.1884444634754057,NA,1.0069809217299424,NA,1.0068236264270505,NA
9872574,69,t e ɾ i n,5,-13.827301603550456,NA,-12.502644627942797,NA,-12.521773624907365,NA,1.5729969938749515,NA,1.5722522702326374,NA,1.0804929495674649,NA,1.0763164691861506,NA
9872574,2,t͡ʃ ø z y z,5,-21.128620852346465,NA,-17.361344872511363,NA,-17.40089460771028,NA,1.1286143668362545,NA,1.1286672682108094,NA,1.004828700340673,NA,1.0047832706322961,NA
9872574,12,ɟ e ʒ u ʒ,5,-26.43413105782542,NA,-Inf,NA,-29.33912315678841,NA,1.2174662892996293,NA,1.2173699757285252,NA,1.000599585740761,NA,1.000785798371226,NA
9872574,8,b o j ɯ ʒ,5,-20.84349534209708,NA,-Inf,NA,-21.13094063982574,NA,1.2260955689867723,NA,1.2259830322796048,NA,1.015232344142505,NA,1.0146378960431903,NA
9872574,4,m y ɾ a n,5,-14.762040699212914,NA,-11.737473004903014,NA,-11.76464541223868,NA,1.5705486452986173,NA,1.5698011900900524,NA,1.0909056910771144,NA,1.0860056224174448,NA
9872574,9,n y g o h,5,-19.02195772176377,NA,-27.137278020652435,NA,-26.404681357779356,NA,1.1333131439367587,NA,1.133360109385657,NA,1.0020494295650315,NA,1.002157274256292,NA
9872574,10,g ɯ ʃ ɯ ɾ,5,-17.97497909272865,NA,-14.266839235392236,NA,-14.30974193032308,NA,1.245215104159512,NA,1.2450431145777665,NA,1.0154542843243193,NA,1.0147602319695646,NA
9872574,6,ɫ a ʒ a ʒ,5,-19.71086706006132,NA,-20.997350540187433,NA,-21.21655733327964,NA,1.4708414018303289,NA,1.4702934062511663,NA,1.003941564890843,NA,1.003940272651001,NA
9872574,8,ɟ ø c i c,5,-28.595041653634546,NA,-Inf,NA,-34.34350574803089,NA,1.1361369616670376,NA,1.1361752544079688,NA,1.0003260515161396,NA,1.0005235520380404,NA
9872574,8,b u ʃ ɯ z,5,-18.694443256827626,NA,-15.374699720473922,NA,-15.412193074961616,NA,1.228789864159734,NA,1.2286669214026904,NA,1.0123098572091858,NA,1.0118615371614068,NA
9872574,6,l y l y j,5,-21.14695659804238,NA,-Inf,NA,-31.05439759893357,NA,1.1332785539845158,NA,1.1333228701694076,NA,1.00074070885583,NA,1.0009175574376028,NA
9872574,12,ɫ a d͡ʒ o h,5,-17.01330714374341,NA,-22.624939743800624,NA,-22.534580136155395,NA,1.3256740594338108,NA,1.3253881497876747,NA,1.0050050745212178,NA,1.0049588515389372,NA
9872574,10,m y t ø ɾ,5,-17.68011502873577,NA,-14.771169321237188,NA,-14.814804722114031,NA,1.3145632200457231,NA,1.3142753588611862,NA,1.0375461024211106,NA,1.0357780799024574,NA
9872574,35,b i j e l,5,-17.450630578939155,NA,-15.174694213804408,NA,-15.223894371415602,NA,1.3089517738471208,NA,1.3086882691733015,NA,1.0209242625509964,NA,1.0200235747731865,NA
9872574,11,h u h e c,5,-20.54912774061602,NA,-21.77039857112499,NA,-21.665991317549235,NA,1.2458994903446368,NA,1.2457482240849875,NA,1.009202924406593,NA,1.0089254532786238,NA
9872574,10,n u c e j,5,-19.284139768647485,NA,-Inf,NA,-27.03061959151581,NA,1.2138640602351571,NA,1.213761575091728,NA,1.0046822496364043,NA,1.0046141339376191,NA
9872574,15,b o ʒ u z,5,-21.370274141785384,NA,-17.449334712896025,NA,-17.52465638865124,NA,1.1916820725344242,NA,1.1916245129596132,NA,1.009300937004208,NA,1.0090117245270502,NA
9872574,67,b i h a z,5,-16.349811613063217,NA,-13.978638446451834,NA,-14.016391150784171,NA,1.3901143932549385,NA,1.3896998755559016,NA,1.0281388334347332,NA,1.0267959716117114,NA
9872574,16,b e v e z,5,-16.966870081071157,NA,-14.397609492998663,NA,-14.44031212076233,NA,1.3929229704223276,NA,1.392511185542819,NA,1.029528725669076,NA,1.0281611900392078,NA
9872574,10,ɫ o c y j,5,-20.834342988819134,NA,-Inf,NA,-27.6512910295423,NA,1.1213426924902457,NA,1.121407789190935,NA,1.002308197629775,NA,1.0024028393006907,NA
9872574,5,b o ʒ e l,5,-21.23324816820471,NA,-18.060919487768725,NA,-18.182879305878316,NA,1.2463498551349634,NA,1.2461951178538924,NA,1.008803329884933,NA,1.008547391347145,NA
9872574,8,l i l i c,5,-21.734197850255633,NA,-31.06847061939216,NA,-30.413037420901233,NA,1.2188544098693368,NA,1.2187494709030118,NA,1.0021248087384225,NA,1.002227217500095,NA
9872574,6,z a ʒ u ʒ,5,-22.21296112594883,NA,-22.467527661364898,NA,-22.468435327208887,NA,1.3256708330824156,NA,1.3253873248250263,NA,1.0043869150779896,NA,1.0043743138247614,NA
9872574,8,b o ʒ ɯ ʒ,5,-23.550529799079456,NA,-Inf,NA,-24.723680424475265,NA,1.1847241528742682,NA,1.1846836525864934,NA,1.0074750485138266,NA,1.007300128463721,NA
9872574,9,ɫ o c ø c,5,-24.98342292134455,NA,-Inf,NA,-31.079713775074197,NA,1.0811921748182034,NA,1.081335515731949,NA,1.0021125667200912,NA,1.0022194540081912,NA
9872574,8,l y l i v,5,-20.63415870679363,NA,-Inf,NA,-30.672142465019753,NA,1.2155027860536751,NA,1.2153995796438697,NA,1.002044914920388,NA,1.0021401260542664,NA
9872574,11,m y d͡ʒ ɯ ʒ,5,-20.94834362998964,NA,-Inf,NA,-19.765604716524727,NA,1.2335333157803068,NA,1.2334082562856274,NA,1.0297916061850232,NA,1.0284411057530372,NA
9872574,71,m u ɾ a n,5,-14.474358626761134,NA,-11.950302324157594,NA,-11.974383816242137,NA,1.564482787413002,NA,1.563745826768253,NA,1.082042701236725,NA,1.077607380125139,NA
9875953,39,b o ʒ u z,5,-21.370274141785384,NA,-17.449334712896025,NA,-17.52465638865124,NA,1.1916820725344242,NA,1.1916245129596132,NA,1.009300937004208,NA,1.0090117245270502,NA
9875953,20,ɫ a c y j,5,-19.086255322116067,NA,-Inf,NA,-25.538775771876324,NA,1.3230324671869529,NA,1.3227486196407618,NA,1.003067474913099,NA,1.0031221678969575,NA
9875953,30,ɫ o t y j,5,-17.13637038757993,NA,-21.847842286805907,NA,-21.838930472337697,NA,1.1884962954554696,NA,1.1884444634754057,NA,1.0069809217299424,NA,1.0068236264270505,NA
9875953,68,l y l y j,5,-21.14695659804238,NA,-Inf,NA,-31.05439759893357,NA,1.1332785539845158,NA,1.1333228701694076,NA,1.00074070885583,NA,1.0009175574376028,NA
9875953,1,n y g o h,5,-19.02195772176377,NA,-27.137278020652435,NA,-26.404681357779356,NA,1.1333131439367587,NA,1.133360109385657,NA,1.0020494295650315,NA,1.002157274256292,NA
9875953,0,v ɯ ʒ u ʒ,5,-23.911347823237456,NA,-Inf,NA,-27.172143925229605,NA,1.1161267190999808,NA,1.1162057460174144,NA,1.0002707972270364,NA,1.000474478028374,NA
9875953,51,t͡ʃ ø ɟ ø z,5,-26.083819330183616,NA,-Inf,NA,-21.52261786831054,NA,1.069838381124956,NA,1.0699952387320184,NA,1.0017666031757022,NA,1.0018897030116924,NA
9875953,0,ʃ u ʒ ø ʃ,5,-23.117318159567468,NA,-24.06655854277991,NA,-23.710598665491876,NA,1.1089897910511255,NA,1.1090779138037352,NA,1.0013008717373968,NA,1.0014503747691397,NA
9875953,86,b e v e z,5,-16.966870081071157,NA,-14.397609492998663,NA,-14.44031212076233,NA,1.3929229704223276,NA,1.392511185542819,NA,1.029528725669076,NA,1.0281611900392078,NA
9875953,98,b i h a z,5,-16.349811613063217,NA,-13.978638446451834,NA,-14.016391150784171,NA,1.3901143932549385,NA,1.3896998755559016,NA,1.0281388334347332,NA,1.0267959716117114,NA
9875953,8,b o j ɯ ʒ,5,-20.84349534209708,NA,-Inf,NA,-21.13094063982574,NA,1.2260955689867723,NA,1.2259830322796048,NA,1.015232344142505,NA,1.0146378960431903,NA
9875953,6,n ɯ t o j,5,-16.64471865554249,NA,-20.8852803375486,NA,-20.88836208756007,NA,1.1851723324290908,NA,1.185126386083626,NA,1.004463305335078,NA,1.0044398187271149,NA
9875953,100,m u ɾ a n,5,-14.474358626761134,NA,-11.950302324157594,NA,-11.974383816242137,NA,1.564482787413002,NA,1.563745826768253,NA,1.082042701236725,NA,1.077607380125139,NA
9875953,100,ɟ y ɟ y c,5,-29.68094473723395,NA,-33.68337874661388,NA,-32.205899752844275,NA,1.0953617399096514,NA,1.095478732648763,NA,1.0001767014017344,NA,1.000384506138849,NA
9875953,64,g ɯ d͡ʒ e n,5,-17.56731557989134,NA,-14.61749184700327,NA,-14.657735297121354,NA,1.281298791538424,NA,1.2810607321907763,NA,1.019356759110327,NA,1.0184127138021122,NA
9875953,8,b i f e ʒ,5,-19.56510509226675,NA,-17.233656594746645,NA,-17.35991958085872,NA,1.2770233897314918,NA,1.276818171152988,NA,1.0171636142826754,NA,1.0164683141415962,NA
9875953,0,t͡ʃ ø v a ʒ,5,-22.026529225233254,NA,-18.767317689397675,NA,-18.907200437170054,NA,1.2721540242302385,NA,1.271949454860332,NA,1.0142653337379195,NA,1.0136943818059525,NA
9875953,32,ɟ i f ɯ ʃ,5,-22.1048454127982,NA,-23.497930488232196,NA,-23.110474694525763,NA,1.1779963095818906,NA,1.177960316405389,NA,1.0083465331409436,NA,1.0080648025533474,NA
9875953,100,ɟ y d o n,5,-21.99388355485576,NA,-22.032124077243957,NA,-21.630787091891495,NA,1.1962433826356678,NA,1.196159913782388,NA,1.0079719201002924,NA,1.0077160801194214,NA
9875953,8,n y h e j,5,-16.95498764826872,NA,-21.846337471826367,NA,-21.825147364977283,NA,1.2480014323473068,NA,1.2478395741736754,NA,1.0076847714838688,NA,1.007454833667864,NA
9875953,32,d͡ʒ e t͡ʃ y c,5,-21.506949174184605,NA,-23.436694565711367,NA,-23.25424943879691,NA,1.2256817579040702,NA,1.2255731677132062,NA,1.0104750503657995,NA,1.010138519579413,NA
9875953,94,n e l e s,5,-16.133712940143006,NA,-22.309363966878458,NA,-21.94511758334053,NA,1.3421106100147846,NA,1.3417826732353673,NA,1.0138487784772976,NA,1.0132823171708598,NA
9875953,66,l e g a v,5,-18.119190425169464,NA,-25.71501109338958,NA,-25.332981685756884,NA,1.3881772381676205,NA,1.3877683698152172,NA,1.008863681612553,NA,1.0085537534032074,NA
9875953,30,ɫ a d͡ʒ o h,5,-17.01330714374341,NA,-22.624939743800624,NA,-22.534580136155395,NA,1.3256740594338108,NA,1.3253881497876747,NA,1.0050050745212178,NA,1.0049588515389372,NA
9875953,42,f u c y c,5,-24.885869366241813,NA,-Inf,NA,-29.280536541614147,NA,1.1157787914815611,NA,1.115860462315408,NA,1.0009321097789516,NA,1.001100368974328,NA
9875953,9,ɟ e ʒ u ʒ,5,-26.43413105782542,NA,-Inf,NA,-29.33912315678841,NA,1.2174662892996293,NA,1.2173699757285252,NA,1.000599585740761,NA,1.000785798371226,NA
9875953,6,g o ʒ o ʒ,5,-24.62938331993061,NA,-21.44182559607237,NA,-21.448545619983207,NA,1.1224260916219797,NA,1.1224961567900622,NA,1.0013340243108588,NA,1.0014798191749397,NA
9875953,45,k u m y ɾ,5,-16.166729596387306,NA,-13.479655579943335,NA,-13.508482331190027,NA,1.3230272239563277,NA,1.3227231066743448,NA,1.022128398075403,NA,1.021137545740216,NA
9875953,11,s ø ɟ e v,5,-22.79528403658063,NA,-Inf,NA,-24.307406591636536,NA,1.2117460774005275,NA,1.2116501844406864,NA,1.0060152288996411,NA,1.0058751054370156,NA
9875953,42,l i n u v,5,-18.466975061018218,NA,-24.951618240796765,NA,-24.684255423615568,NA,1.220141875184766,NA,1.220036316043871,NA,1.0121904544298916,NA,1.011755851703082,NA
9875953,0,ɟ y f ɯ t͡ʃ,5,-23.521012578915236,NA,-25.37166299204228,NA,-24.957736942410385,NA,1.1507777147848135,NA,1.1507931543712089,NA,1.0033263350439428,NA,1.0033620285817637,NA
9875953,8,h a ʒ i z,5,-18.940586263929728,NA,-16.033624750362595,NA,-16.176584461461953,NA,1.4424736309368726,NA,1.4419758181306943,NA,1.029251961469784,NA,1.0278844545484396,NA
9875953,2,b u ʒ o ʒ,5,-23.76539676955428,NA,-21.96391548170358,NA,-21.79262912069044,NA,1.1538250828724028,NA,1.1538408478098283,NA,1.007399882196474,NA,1.007226945611721,NA
9875953,72,t͡ʃ ø z y z,5,-21.128620852346465,NA,-17.361344872511363,NA,-17.40089460771028,NA,1.1286143668362545,NA,1.1286672682108094,NA,1.004828700340673,NA,1.0047832706322961,NA
9875953,72,n ɯ m ɯ j,5,-16.47599478408919,NA,-22.39373489217684,NA,-22.38175273448392,NA,1.1966103780074966,NA,1.196542055220454,NA,1.0026502266538255,NA,1.0027197340448553,NA
9875953,20,b u ʃ ɯ z,5,-18.694443256827626,NA,-15.374699720473922,NA,-15.412193074961616,NA,1.228789864159734,NA,1.2286669214026904,NA,1.0123098572091858,NA,1.0118615371614068,NA
9875953,6,ɫ a ʒ a ʒ,5,-19.71086706006132,NA,-20.997350540187433,NA,-21.21655733327964,NA,1.4708414018303289,NA,1.4702934062511663,NA,1.003941564890843,NA,1.003940272651001,NA
9875953,5,g ɯ m y z,5,-18.701899271803264,NA,-15.284758444764732,NA,-15.32860458966336,NA,1.1785067564052527,NA,1.1784732245409664,NA,1.00554093342204,NA,1.0054576463094618,NA
9875953,29,ɟ e j ø z,5,-22.82835379958052,NA,-Inf,NA,-24.81298284362385,NA,1.235195590882307,NA,1.2350658781575348,NA,1.009898018351088,NA,1.0095907634262449,NA
9875953,13,c ø z ɯ ɾ,5,-21.71220299840252,NA,-Inf,NA,-19.68550050557094,NA,1.1902183865771947,NA,1.1901414021562249,NA,1.0145089255684994,NA,1.013860174302362,NA
9875953,8,p y ʒ u ʃ,5,-21.83320780173249,NA,-21.6575563373154,NA,-21.57229848271923,NA,1.1683953129119478,NA,1.1683770297833889,NA,1.0032800290443638,NA,1.0033013050815458,NA
9875953,48,t ø ɾ o n,5,-17.485988279342866,NA,-15.627675512106372,NA,-15.666950907825106,NA,1.3290088497105506,NA,1.3286945168365425,NA,1.0122008810961551,NA,1.0117169531065573,NA
9875953,71,s ø ɾ y ɾ,5,-17.707550354797547,NA,-16.169021341758853,NA,-16.205464404636334,NA,1.3319062242337465,NA,1.33158571547973,NA,1.013027665125439,NA,1.0125094354360924,NA
9875953,71,n u n o m,5,-16.474531465957043,NA,-19.71804282237854,NA,-19.721411008345388,NA,1.219775413725993,NA,1.2196627522111714,NA,1.0062472053556415,NA,1.0061235827754649,NA
9875953,96,ɫ a m o s,5,-15.135202724992508,NA,-18.53976533327283,NA,-18.547827889801997,NA,1.3788112113885682,NA,1.378427016464903,NA,1.0185489274708253,NA,1.017775753755317,NA
9875953,71,b i ɟ y j,5,-21.621839348754172,NA,-23.738323784339784,NA,-23.145271532434343,NA,1.194804014519338,NA,1.1947420726709843,NA,1.0122225483469989,NA,1.0117960739557024,NA
9875953,66,h u h e c,5,-20.54912774061602,NA,-21.77039857112499,NA,-21.665991317549235,NA,1.2458994903446368,NA,1.2457482240849875,NA,1.009202924406593,NA,1.0089254532786238,NA
9875953,67,b u m u z,5,-17.951792361056157,NA,-14.843063280742722,NA,-14.878017560925908,NA,1.2405193147630955,NA,1.240376722188641,NA,1.017535691474791,NA,1.016802398896366,NA
9875953,70,k a k ɯ ɾ,5,-13.852944181894014,NA,-12.144674325482123,NA,-12.165544970347293,NA,1.5676549113274147,NA,1.5669247348407982,NA,1.081113994281714,NA,1.076949339812567,NA
9875953,14,b o ʒ e n,5,-19.353746594881077,NA,-15.678950482149968,NA,-15.781459798642668,NA,1.3107776347241384,NA,1.3104887340444304,NA,1.0214541287111476,NA,1.020406306928782,NA
9875953,21,v ɯ c y c,5,-24.665725338666142,NA,-Inf,NA,-31.07494453895137,NA,1.0966099130891953,NA,1.0967247419175363,NA,1.0003360075302643,NA,1.000535606459207,NA
9875953,12,ɟ ø c i c,5,-28.595041653634546,NA,-Inf,NA,-34.34350574803089,NA,1.1361369616670376,NA,1.1361752544079688,NA,1.0003260515161396,NA,1.0005235520380404,NA
9875953,6,ɟ e ʒ ɯ ʒ,5,-26.219264087350595,NA,-Inf,NA,-33.17641485659389,NA,1.2272674175690463,NA,1.2271532645061831,NA,1.000599585740761,NA,1.000785798371226,NA
9875953,66,b o v a n,5,-16.83581550168471,NA,-13.814124853759685,NA,-13.841845975944103,NA,1.4255332248977568,NA,1.4250378444168188,NA,1.0453074842543126,NA,1.042851145035386,NA
9875953,67,g ɯ ʃ ɯ ɾ,5,-17.97497909272865,NA,-14.266839235392236,NA,-14.30974193032308,NA,1.245215104159512,NA,1.2450431145777665,NA,1.0154542843243193,NA,1.0147602319695646,NA
9875953,16,ɫ a c e h,5,-18.035397518301707,NA,-Inf,NA,-25.02799923003836,NA,1.3994050843368315,NA,1.3989840913843423,NA,1.0041760500679735,NA,1.0041613512211216,NA
9875953,2,d ɯ ʒ o ʒ,5,-23.464882873585843,NA,-Inf,NA,-23.9795220145898,NA,1.1293508774986598,NA,1.1294089752286451,NA,1.0015496170448657,NA,1.0016841358988702,NA
9875953,0,b o ʒ ɯ ʒ,5,-23.550529799079456,NA,-Inf,NA,-24.723680424475265,NA,1.1847241528742682,NA,1.1846836525864934,NA,1.0074750485138266,NA,1.007300128463721,NA
9875953,71,t a ɟ e z,5,-19.01299062520888,NA,-Inf,NA,-20.823952022657384,NA,1.4656215227621532,NA,1.465084309540202,NA,1.0269158977146384,NA,1.0257003443047683,NA
9875953,0,z a ʒ u ʒ,5,-22.21296112594883,NA,-22.467527661364898,NA,-22.468435327208887,NA,1.3256708330824156,NA,1.3253873248250263,NA,1.0043869150779896,NA,1.0043743138247614,NA
9875953,62,l e l y j,5,-19.772550808587734,NA,-Inf,NA,-29.3209145608971,NA,1.2343400791144985,NA,1.2342095483700994,NA,1.003248067408103,NA,1.0032923638392548,NA
9875953,10,m y d͡ʒ e ʒ,5,-20.07648688346161,NA,-17.21604267519214,NA,-17.334930621591795,NA,1.2872685713504248,NA,1.2870457058049949,NA,1.0318759131224775,NA,1.030408550612966,NA
9875953,4,b o ʒ e l,5,-21.23324816820471,NA,-18.060919487768725,NA,-18.182879305878316,NA,1.2463498551349634,NA,1.2461951178538924,NA,1.008803329884933,NA,1.008547391347145,NA
9875953,71,n ø t u j,5,-18.16927071091751,NA,-22.851523275546036,NA,-22.813072474048504,NA,1.1724206207819898,NA,1.1723948121172356,NA,1.0038089132465688,NA,1.0038168140055153,NA
9875953,70,b i ɟ ø z,5,-23.142448932022234,NA,-Inf,NA,-20.44554264298711,NA,1.1721298581123756,NA,1.1721097679762331,NA,1.012165565043107,NA,1.011742232357684,NA
9875953,0,b a ʒ ɯ ʒ,5,-21.802442132376388,NA,-Inf,NA,-24.18673784570743,NA,1.3864139275709753,NA,1.3860244830363206,NA,1.0201473136915078,NA,1.0193065798346137,NA
9875953,79,b i j e l,5,-17.450630578939155,NA,-15.174694213804408,NA,-15.223894371415602,NA,1.3089517738471208,NA,1.3086882691733015,NA,1.0209242625509964,NA,1.0200235747731865,NA
9875953,12,b e j o ʒ,5,-19.97163859556905,NA,-16.470032923117923,NA,-16.58974983451702,NA,1.3023238820005048,NA,1.3020822690254312,NA,1.0234430212856789,NA,1.0224209443737986,NA
9875953,61,ɫ o c ø c,5,-24.98342292134455,NA,-Inf,NA,-31.079713775074197,NA,1.0811921748182034,NA,1.081335515731949,NA,1.0021125667200912,NA,1.0022194540081912,NA
9875953,63,p u h i c,5,-20.780767761626823,NA,-22.05420867071373,NA,-21.930091078441407,NA,1.2416965922463563,NA,1.2415519682913172,NA,1.01241266159024,NA,1.0119605181707314,NA
9875953,80,l i l i c,5,-21.734197850255633,NA,-31.06847061939216,NA,-30.413037420901233,NA,1.2188544098693368,NA,1.2187494709030118,NA,1.0021248087384225,NA,1.002227217500095,NA
9875953,85,m y ɾ a n,5,-14.762040699212914,NA,-11.737473004903014,NA,-11.76464541223868,NA,1.5705486452986173,NA,1.5698011900900524,NA,1.0909056910771144,NA,1.0860056224174448,NA
9875953,68,ɫ a c ø c,5,-23.235335254641484,NA,-Inf,NA,-28.96719851740822,NA,1.2828819495149104,NA,1.2826763461817758,NA,1.0028718440034152,NA,1.002938782604458,NA
9875953,4,h i ʒ o ʃ,5,-20.809527385524937,NA,-21.758984629549015,NA,-21.594790011980702,NA,1.1730182993086722,NA,1.1729939503390143,NA,1.005756231853628,NA,1.0056643656940627,NA
9875953,66,k ɯ ɾ i n,5,-14.682152744236394,NA,-12.37822264154962,NA,-12.400758782495078,NA,1.4897929801932763,NA,1.4891922342093775,NA,1.0573621548079215,NA,1.054404034344128,NA
9875953,9,d͡ʒ e b ɯ ʒ,5,-20.21495022879154,NA,-Inf,NA,-22.87691116711818,NA,1.2686811486325449,NA,1.2684950947185034,NA,1.0124836117672047,NA,1.0120414031131446,NA
9875953,11,t͡ʃ ø v e ʒ,5,-22.501198433327293,NA,-19.60154616634259,NA,-19.720161431862618,NA,1.1877047678623542,NA,1.187653908531909,NA,1.007255175976289,NA,1.0070775327862946,NA
9875953,19,ɟ e g o h,5,-22.32385648599314,NA,-Inf,NA,-29.10574748028316,NA,1.2145067608813798,NA,1.2144132380835384,NA,1.0014568108084176,NA,1.0015956377134012,NA
9875953,0,ɟ ø ʒ o ʒ,5,-29.203929342940828,NA,-Inf,NA,-29.447557759589778,NA,1.0439095087456904,NA,1.044115390525366,NA,1.0001956309096838,NA,1.000401295176374,NA
9875953,0,ɟ ø v ɯ ʃ,5,-24.484836572880727,NA,-Inf,NA,-24.564293047048626,NA,1.1249488007486994,NA,1.1250044411600126,NA,1.007870816045076,NA,1.0076134587496162,NA
9875953,0,l i ʒ ɯ v,5,-21.57703454821374,NA,-31.133696426108365,NA,-30.207941372186912,NA,1.1572841132328815,NA,1.157287229154971,NA,1.0003922570709156,NA,1.000588795671445,NA
9875953,51,n ɯ l e ɾ,5,-16.520523019156673,NA,-22.578512005763056,NA,-22.1906184306061,NA,1.2705379652284161,NA,1.2703174772901622,NA,1.016447580336092,NA,1.015654592290636,NA
9875953,64,k o ɾ i n,5,-15.0837144563174,NA,-13.072652771256037,NA,-13.096986467913933,NA,1.5004623909385104,NA,1.4998431857664714,NA,1.0494536476998977,NA,1.046913855195189,NA
9875953,64,t e ɾ i n,5,-13.827301603550456,NA,-12.502644627942797,NA,-12.521773624907365,NA,1.5729969938749515,NA,1.5722522702326374,NA,1.0804929495674649,NA,1.0763164691861506,NA
9875953,60,k ɯ k a ɾ,5,-13.852944181894015,NA,-12.360407543244856,NA,-12.380543004924991,NA,1.493480237823476,NA,1.492865948681668,NA,1.0526280988311794,NA,1.0498258559342786,NA
9875953,27,ɫ o c y j,5,-20.834342988819134,NA,-Inf,NA,-27.6512910295423,NA,1.1213426924902457,NA,1.121407789190935,NA,1.002308197629775,NA,1.0024028393006907,NA
9875953,31,n i ɾ o h,5,-16.181858470568148,NA,-20.449641425018715,NA,-20.406357405732297,NA,1.2804974089534673,NA,1.2802882607954402,NA,1.016507593530359,NA,1.015847513933592,NA
9875953,59,b o p o p,5,-19.25272795784617,NA,-15.57498426327942,NA,-15.61426036762116,NA,1.1967740047349058,NA,1.1967095549773488,NA,1.013486997864271,NA,1.0129840432080757,NA
9875953,22,m y d͡ʒ ɯ ʒ,5,-20.94834362998964,NA,-Inf,NA,-19.765604716524727,NA,1.2335333157803068,NA,1.2334082562856274,NA,1.0297916061850232,NA,1.0284411057530372,NA
9875953,40,l y l i v,5,-20.63415870679363,NA,-Inf,NA,-30.672142465019753,NA,1.2155027860536751,NA,1.2153995796438697,NA,1.002044914920388,NA,1.0021401260542664,NA
9875953,16,d a d͡ʒ y c,5,-20.390530859618952,NA,-21.37064354819536,NA,-21.197885713347908,NA,1.3547360937852992,NA,1.3544042392735065,NA,1.0112501093178448,NA,1.0108747896025891,NA
9875953,56,n ɯ c ø c,5,-24.59275852015271,NA,-Inf,NA,-31.976683335339587,NA,1.0792927943891235,NA,1.079439427988085,NA,1.0003249566724437,NA,1.0005257916572736,NA
9875953,53,n u c e j,5,-19.284139768647485,NA,-Inf,NA,-27.03061959151581,NA,1.2138640602351571,NA,1.213761575091728,NA,1.0046822496364043,NA,1.0046141339376191,NA
9875953,42,m y t ø ɾ,5,-17.68011502873577,NA,-14.771169321237188,NA,-14.814804722114031,NA,1.3145632200457231,NA,1.3142753588611862,NA,1.0375461024211106,NA,1.0357780799024574,NA
9875953,18,n u m ɯ s,5,-16.305931248897558,NA,-20.66468488363234,NA,-20.66177310337561,NA,1.2173321314639536,NA,1.2172245120444172,NA,1.0077581809890988,NA,1.0075488759046425,NA
9875953,60,l i l y c,5,-22.91076831338442,NA,-Inf,NA,-31.37384119300264,NA,1.1284788898966889,NA,1.1285384476392613,NA,1.0018639675255108,NA,1.0019827037767624,NA
9877087,53,ɫ a c ø c,5,-23.235335254641484,NA,-Inf,NA,-28.96719851740822,NA,1.2828819495149104,NA,1.2826763461817758,NA,1.0028718440034152,NA,1.002938782604458,NA
9877087,82,ɫ a m o s,5,-15.135202724992508,NA,-18.53976533327283,NA,-18.547827889801997,NA,1.3788112113885682,NA,1.378427016464903,NA,1.0185489274708253,NA,1.017775753755317,NA
9877087,30,l i ʒ ɯ v,5,-21.57703454821374,NA,-31.133696426108365,NA,-30.207941372186912,NA,1.1572841132328815,NA,1.157287229154971,NA,1.0003922570709156,NA,1.000588795671445,NA
9877087,76,d a d͡ʒ y c,5,-20.390530859618952,NA,-21.37064354819536,NA,-21.197885713347908,NA,1.3547360937852992,NA,1.3544042392735065,NA,1.0112501093178448,NA,1.0108747896025891,NA
9877087,79,t͡ʃ ø v a ʒ,5,-22.026529225233254,NA,-18.767317689397675,NA,-18.907200437170054,NA,1.2721540242302385,NA,1.271949454860332,NA,1.0142653337379195,NA,1.0136943818059525,NA
9877087,100,b i h a z,5,-16.349811613063217,NA,-13.978638446451834,NA,-14.016391150784171,NA,1.3901143932549385,NA,1.3896998755559016,NA,1.0281388334347332,NA,1.0267959716117114,NA
9877087,93,m y ɾ a n,5,-14.762040699212914,NA,-11.737473004903014,NA,-11.76464541223868,NA,1.5705486452986173,NA,1.5698011900900524,NA,1.0909056910771144,NA,1.0860056224174448,NA
9877087,100,k a k ɯ ɾ,5,-13.852944181894014,NA,-12.144674325482123,NA,-12.165544970347293,NA,1.5676549113274147,NA,1.5669247348407982,NA,1.081113994281714,NA,1.076949339812567,NA
9877087,17,p y ʒ u ʃ,5,-21.83320780173249,NA,-21.6575563373154,NA,-21.57229848271923,NA,1.1683953129119478,NA,1.1683770297833889,NA,1.0032800290443638,NA,1.0033013050815458,NA
9877087,22,b a ʒ ɯ ʒ,5,-21.802442132376388,NA,-Inf,NA,-24.18673784570743,NA,1.3864139275709753,NA,1.3860244830363206,NA,1.0201473136915078,NA,1.0193065798346137,NA
9877087,75,k ɯ ɾ i n,5,-14.682152744236394,NA,-12.37822264154962,NA,-12.400758782495078,NA,1.4897929801932763,NA,1.4891922342093775,NA,1.0573621548079215,NA,1.054404034344128,NA
9877087,0,ɟ ø ʒ o ʒ,5,-29.203929342940828,NA,-Inf,NA,-29.447557759589778,NA,1.0439095087456904,NA,1.044115390525366,NA,1.0001956309096838,NA,1.000401295176374,NA
9877087,25,d ɯ ʒ o ʒ,5,-23.464882873585843,NA,-Inf,NA,-23.9795220145898,NA,1.1293508774986598,NA,1.1294089752286451,NA,1.0015496170448657,NA,1.0016841358988702,NA
9877087,63,g ɯ ʃ ɯ ɾ,5,-17.97497909272865,NA,-14.266839235392236,NA,-14.30974193032308,NA,1.245215104159512,NA,1.2450431145777665,NA,1.0154542843243193,NA,1.0147602319695646,NA
9877087,5,ɟ e ʒ ɯ ʒ,5,-26.219264087350595,NA,-Inf,NA,-33.17641485659389,NA,1.2272674175690463,NA,1.2271532645061831,NA,1.000599585740761,NA,1.000785798371226,NA
9877087,61,h a ʒ i z,5,-18.940586263929728,NA,-16.033624750362595,NA,-16.176584461461953,NA,1.4424736309368726,NA,1.4419758181306943,NA,1.029251961469784,NA,1.0278844545484396,NA
9877087,11,g o ʒ o ʒ,5,-24.62938331993061,NA,-21.44182559607237,NA,-21.448545619983207,NA,1.1224260916219797,NA,1.1224961567900622,NA,1.0013340243108588,NA,1.0014798191749397,NA
9877087,0,z a ʒ u ʒ,5,-22.21296112594883,NA,-22.467527661364898,NA,-22.468435327208887,NA,1.3256708330824156,NA,1.3253873248250263,NA,1.0043869150779896,NA,1.0043743138247614,NA
9877087,51,f u c y c,5,-24.885869366241813,NA,-Inf,NA,-29.280536541614147,NA,1.1157787914815611,NA,1.115860462315408,NA,1.0009321097789516,NA,1.001100368974328,NA
9877087,74,b o ʒ u z,5,-21.370274141785384,NA,-17.449334712896025,NA,-17.52465638865124,NA,1.1916820725344242,NA,1.1916245129596132,NA,1.009300937004208,NA,1.0090117245270502,NA
9877087,0,b e j o ʒ,5,-19.97163859556905,NA,-16.470032923117923,NA,-16.58974983451702,NA,1.3023238820005048,NA,1.3020822690254312,NA,1.0234430212856789,NA,1.0224209443737986,NA
9877087,85,b u m u z,5,-17.951792361056157,NA,-14.843063280742722,NA,-14.878017560925908,NA,1.2405193147630955,NA,1.240376722188641,NA,1.017535691474791,NA,1.016802398896366,NA
9877087,57,ɫ o c y j,5,-20.834342988819134,NA,-Inf,NA,-27.6512910295423,NA,1.1213426924902457,NA,1.121407789190935,NA,1.002308197629775,NA,1.0024028393006907,NA
9877087,35,ɟ ø v ɯ ʃ,5,-24.484836572880727,NA,-Inf,NA,-24.564293047048626,NA,1.1249488007486994,NA,1.1250044411600126,NA,1.007870816045076,NA,1.0076134587496162,NA
9877087,40,ɫ a c e h,5,-18.035397518301707,NA,-Inf,NA,-25.02799923003836,NA,1.3994050843368315,NA,1.3989840913843423,NA,1.0041760500679735,NA,1.0041613512211216,NA
9877087,100,b i j e l,5,-17.450630578939155,NA,-15.174694213804408,NA,-15.223894371415602,NA,1.3089517738471208,NA,1.3086882691733015,NA,1.0209242625509964,NA,1.0200235747731865,NA
9877087,57,n u c e j,5,-19.284139768647485,NA,-Inf,NA,-27.03061959151581,NA,1.2138640602351571,NA,1.213761575091728,NA,1.0046822496364043,NA,1.0046141339376191,NA
9877087,43,l e g a v,5,-18.119190425169464,NA,-25.71501109338958,NA,-25.332981685756884,NA,1.3881772381676205,NA,1.3877683698152172,NA,1.008863681612553,NA,1.0085537534032074,NA
9877087,3,ɫ a ʒ a ʒ,5,-19.71086706006132,NA,-20.997350540187433,NA,-21.21655733327964,NA,1.4708414018303289,NA,1.4702934062511663,NA,1.003941564890843,NA,1.003940272651001,NA
9877087,4,b u ʒ o ʒ,5,-23.76539676955428,NA,-21.96391548170358,NA,-21.79262912069044,NA,1.1538250828724028,NA,1.1538408478098283,NA,1.007399882196474,NA,1.007226945611721,NA
9877087,29,n ɯ l e ɾ,5,-16.520523019156673,NA,-22.578512005763056,NA,-22.1906184306061,NA,1.2705379652284161,NA,1.2703174772901622,NA,1.016447580336092,NA,1.015654592290636,NA
9877087,30,c ø z ɯ ɾ,5,-21.71220299840252,NA,-Inf,NA,-19.68550050557094,NA,1.1902183865771947,NA,1.1901414021562249,NA,1.0145089255684994,NA,1.013860174302362,NA
9877087,43,ɫ a c y j,5,-19.086255322116067,NA,-Inf,NA,-25.538775771876324,NA,1.3230324671869529,NA,1.3227486196407618,NA,1.003067474913099,NA,1.0031221678969575,NA
9877087,25,g ɯ d͡ʒ e n,5,-17.56731557989134,NA,-14.61749184700327,NA,-14.657735297121354,NA,1.281298791538424,NA,1.2810607321907763,NA,1.019356759110327,NA,1.0184127138021122,NA
9877087,95,k o ɾ i n,5,-15.0837144563174,NA,-13.072652771256037,NA,-13.096986467913933,NA,1.5004623909385104,NA,1.4998431857664714,NA,1.0494536476998977,NA,1.046913855195189,NA
9877087,0,ʃ u ʒ ø ʃ,5,-23.117318159567468,NA,-24.06655854277991,NA,-23.710598665491876,NA,1.1089897910511255,NA,1.1090779138037352,NA,1.0013008717373968,NA,1.0014503747691397,NA
9877087,0,v ɯ ʒ u ʒ,5,-23.911347823237456,NA,-Inf,NA,-27.172143925229605,NA,1.1161267190999808,NA,1.1162057460174144,NA,1.0002707972270364,NA,1.000474478028374,NA
9877087,100,m u ɾ a n,5,-14.474358626761134,NA,-11.950302324157594,NA,-11.974383816242137,NA,1.564482787413002,NA,1.563745826768253,NA,1.082042701236725,NA,1.077607380125139,NA
9877087,15,h i ʒ o ʃ,5,-20.809527385524937,NA,-21.758984629549015,NA,-21.594790011980702,NA,1.1730182993086722,NA,1.1729939503390143,NA,1.005756231853628,NA,1.0056643656940627,NA
9877087,40,h u h e c,5,-20.54912774061602,NA,-21.77039857112499,NA,-21.665991317549235,NA,1.2458994903446368,NA,1.2457482240849875,NA,1.009202924406593,NA,1.0089254532786238,NA
9877087,41,b o v a n,5,-16.83581550168471,NA,-13.814124853759685,NA,-13.841845975944103,NA,1.4255332248977568,NA,1.4250378444168188,NA,1.0453074842543126,NA,1.042851145035386,NA
9877087,38,b i ɟ y j,5,-21.621839348754172,NA,-23.738323784339784,NA,-23.145271532434343,NA,1.194804014519338,NA,1.1947420726709843,NA,1.0122225483469989,NA,1.0117960739557024,NA
9877087,1,b o ʒ ɯ ʒ,5,-23.550529799079456,NA,-Inf,NA,-24.723680424475265,NA,1.1847241528742682,NA,1.1846836525864934,NA,1.0074750485138266,NA,1.007300128463721,NA
9877087,45,ɟ y d o n,5,-21.99388355485576,NA,-22.032124077243957,NA,-21.630787091891495,NA,1.1962433826356678,NA,1.196159913782388,NA,1.0079719201002924,NA,1.0077160801194214,NA
9877087,36,n y h e j,5,-16.95498764826872,NA,-21.846337471826367,NA,-21.825147364977283,NA,1.2480014323473068,NA,1.2478395741736754,NA,1.0076847714838688,NA,1.007454833667864,NA
9877087,54,b o p o p,5,-19.25272795784617,NA,-15.57498426327942,NA,-15.61426036762116,NA,1.1967740047349058,NA,1.1967095549773488,NA,1.013486997864271,NA,1.0129840432080757,NA
9877087,39,ɟ e j ø z,5,-22.82835379958052,NA,-Inf,NA,-24.81298284362385,NA,1.235195590882307,NA,1.2350658781575348,NA,1.009898018351088,NA,1.0095907634262449,NA
9877087,62,t͡ʃ ø z y z,5,-21.128620852346465,NA,-17.361344872511363,NA,-17.40089460771028,NA,1.1286143668362545,NA,1.1286672682108094,NA,1.004828700340673,NA,1.0047832706322961,NA
9877087,40,d͡ʒ e t͡ʃ y c,5,-21.506949174184605,NA,-23.436694565711367,NA,-23.25424943879691,NA,1.2256817579040702,NA,1.2255731677132062,NA,1.0104750503657995,NA,1.010138519579413,NA
9877087,42,b o ʒ e l,5,-21.23324816820471,NA,-18.060919487768725,NA,-18.182879305878316,NA,1.2463498551349634,NA,1.2461951178538924,NA,1.008803329884933,NA,1.008547391347145,NA
9877087,0,b i f e ʒ,5,-19.56510509226675,NA,-17.233656594746645,NA,-17.35991958085872,NA,1.2770233897314918,NA,1.276818171152988,NA,1.0171636142826754,NA,1.0164683141415962,NA
9877087,49,t͡ʃ ø ɟ ø z,5,-26.083819330183616,NA,-Inf,NA,-21.52261786831054,NA,1.069838381124956,NA,1.0699952387320184,NA,1.0017666031757022,NA,1.0018897030116924,NA
9877087,47,s ø ɟ e v,5,-22.79528403658063,NA,-Inf,NA,-24.307406591636536,NA,1.2117460774005275,NA,1.2116501844406864,NA,1.0060152288996411,NA,1.0058751054370156,NA
9877087,41,ɟ e g o h,5,-22.32385648599314,NA,-Inf,NA,-29.10574748028316,NA,1.2145067608813798,NA,1.2144132380835384,NA,1.0014568108084176,NA,1.0015956377134012,NA
9877087,43,l i l i c,5,-21.734197850255633,NA,-31.06847061939216,NA,-30.413037420901233,NA,1.2188544098693368,NA,1.2187494709030118,NA,1.0021248087384225,NA,1.002227217500095,NA
9877087,61,t a ɟ e z,5,-19.01299062520888,NA,-Inf,NA,-20.823952022657384,NA,1.4656215227621532,NA,1.465084309540202,NA,1.0269158977146384,NA,1.0257003443047683,NA
9877087,0,t͡ʃ ø v e ʒ,5,-22.501198433327293,NA,-19.60154616634259,NA,-19.720161431862618,NA,1.1877047678623542,NA,1.187653908531909,NA,1.007255175976289,NA,1.0070775327862946,NA
9877087,28,l y l y j,5,-21.14695659804238,NA,-Inf,NA,-31.05439759893357,NA,1.1332785539845158,NA,1.1333228701694076,NA,1.00074070885583,NA,1.0009175574376028,NA
9877087,32,n u n o m,5,-16.474531465957043,NA,-19.71804282237854,NA,-19.721411008345388,NA,1.219775413725993,NA,1.2196627522111714,NA,1.0062472053556415,NA,1.0061235827754649,NA
9877087,33,b u ʃ ɯ z,5,-18.694443256827626,NA,-15.374699720473922,NA,-15.412193074961616,NA,1.228789864159734,NA,1.2286669214026904,NA,1.0123098572091858,NA,1.0118615371614068,NA
9877087,8,ɟ y f ɯ t͡ʃ,5,-23.521012578915236,NA,-25.37166299204228,NA,-24.957736942410385,NA,1.1507777147848135,NA,1.1507931543712089,NA,1.0033263350439428,NA,1.0033620285817637,NA
9877087,36,ɫ o c ø c,5,-24.98342292134455,NA,-Inf,NA,-31.079713775074197,NA,1.0811921748182034,NA,1.081335515731949,NA,1.0021125667200912,NA,1.0022194540081912,NA
9877087,1,k ɯ k a ɾ,5,-13.852944181894015,NA,-12.360407543244856,NA,-12.380543004924991,NA,1.493480237823476,NA,1.492865948681668,NA,1.0526280988311794,NA,1.0498258559342786,NA
9877087,57,k u m y ɾ,5,-16.166729596387306,NA,-13.479655579943335,NA,-13.508482331190027,NA,1.3230272239563277,NA,1.3227231066743448,NA,1.022128398075403,NA,1.021137545740216,NA
9877087,16,l y l i v,5,-20.63415870679363,NA,-Inf,NA,-30.672142465019753,NA,1.2155027860536751,NA,1.2153995796438697,NA,1.002044914920388,NA,1.0021401260542664,NA
9877087,37,ɟ ø c i c,5,-28.595041653634546,NA,-Inf,NA,-34.34350574803089,NA,1.1361369616670376,NA,1.1361752544079688,NA,1.0003260515161396,NA,1.0005235520380404,NA
9877087,14,n y g o h,5,-19.02195772176377,NA,-27.137278020652435,NA,-26.404681357779356,NA,1.1333131439367587,NA,1.133360109385657,NA,1.0020494295650315,NA,1.002157274256292,NA
9877087,0,b o j ɯ ʒ,5,-20.84349534209708,NA,-Inf,NA,-21.13094063982574,NA,1.2260955689867723,NA,1.2259830322796048,NA,1.015232344142505,NA,1.0146378960431903,NA
9877087,89,t e ɾ i n,5,-13.827301603550456,NA,-12.502644627942797,NA,-12.521773624907365,NA,1.5729969938749515,NA,1.5722522702326374,NA,1.0804929495674649,NA,1.0763164691861506,NA
9877087,43,p u h i c,5,-20.780767761626823,NA,-22.05420867071373,NA,-21.930091078441407,NA,1.2416965922463563,NA,1.2415519682913172,NA,1.01241266159024,NA,1.0119605181707314,NA
9877087,18,m y t ø ɾ,5,-17.68011502873577,NA,-14.771169321237188,NA,-14.814804722114031,NA,1.3145632200457231,NA,1.3142753588611862,NA,1.0375461024211106,NA,1.0357780799024574,NA
9877087,0,l e l y j,5,-19.772550808587734,NA,-Inf,NA,-29.3209145608971,NA,1.2343400791144985,NA,1.2342095483700994,NA,1.003248067408103,NA,1.0032923638392548,NA
9877087,66,t ø ɾ o n,5,-17.485988279342866,NA,-15.627675512106372,NA,-15.666950907825106,NA,1.3290088497105506,NA,1.3286945168365425,NA,1.0122008810961551,NA,1.0117169531065573,NA
9877087,30,l i l y c,5,-22.91076831338442,NA,-Inf,NA,-31.37384119300264,NA,1.1284788898966889,NA,1.1285384476392613,NA,1.0018639675255108,NA,1.0019827037767624,NA
9877087,3,n ɯ t o j,5,-16.64471865554249,NA,-20.8852803375486,NA,-20.88836208756007,NA,1.1851723324290908,NA,1.185126386083626,NA,1.004463305335078,NA,1.0044398187271149,NA
9877087,42,ɟ y ɟ y c,5,-29.68094473723395,NA,-33.68337874661388,NA,-32.205899752844275,NA,1.0953617399096514,NA,1.095478732648763,NA,1.0001767014017344,NA,1.000384506138849,NA
9877087,25,m y d͡ʒ e ʒ,5,-20.07648688346161,NA,-17.21604267519214,NA,-17.334930621591795,NA,1.2872685713504248,NA,1.2870457058049949,NA,1.0318759131224775,NA,1.030408550612966,NA
9877087,0,m y d͡ʒ ɯ ʒ,5,-20.94834362998964,NA,-Inf,NA,-19.765604716524727,NA,1.2335333157803068,NA,1.2334082562856274,NA,1.0297916061850232,NA,1.0284411057530372,NA
9877087,10,g ɯ m y z,5,-18.701899271803264,NA,-15.284758444764732,NA,-15.32860458966336,NA,1.1785067564052527,NA,1.1784732245409664,NA,1.00554093342204,NA,1.0054576463094618,NA
9877087,4,ɟ i f ɯ ʃ,5,-22.1048454127982,NA,-23.497930488232196,NA,-23.110474694525763,NA,1.1779963095818906,NA,1.177960316405389,NA,1.0083465331409436,NA,1.0080648025533474,NA
9877087,17,l i n u v,5,-18.466975061018218,NA,-24.951618240796765,NA,-24.684255423615568,NA,1.220141875184766,NA,1.220036316043871,NA,1.0121904544298916,NA,1.011755851703082,NA
9877087,3,n i ɾ o h,5,-16.181858470568148,NA,-20.449641425018715,NA,-20.406357405732297,NA,1.2804974089534673,NA,1.2802882607954402,NA,1.016507593530359,NA,1.015847513933592,NA
9877087,22,n ɯ c ø c,5,-24.59275852015271,NA,-Inf,NA,-31.976683335339587,NA,1.0792927943891235,NA,1.079439427988085,NA,1.0003249566724437,NA,1.0005257916572736,NA
9877087,3,n ɯ m ɯ j,5,-16.47599478408919,NA,-22.39373489217684,NA,-22.38175273448392,NA,1.1966103780074966,NA,1.196542055220454,NA,1.0026502266538255,NA,1.0027197340448553,NA
9877087,3,ɟ e ʒ u ʒ,5,-26.43413105782542,NA,-Inf,NA,-29.33912315678841,NA,1.2174662892996293,NA,1.2173699757285252,NA,1.000599585740761,NA,1.000785798371226,NA
9877087,100,b i ɟ ø z,5,-23.142448932022234,NA,-Inf,NA,-20.44554264298711,NA,1.1721298581123756,NA,1.1721097679762331,NA,1.012165565043107,NA,1.011742232357684,NA
9877087,67,s ø ɾ y ɾ,5,-17.707550354797547,NA,-16.169021341758853,NA,-16.205464404636334,NA,1.3319062242337465,NA,1.33158571547973,NA,1.013027665125439,NA,1.0125094354360924,NA
9877087,28,b o ʒ e n,5,-19.353746594881077,NA,-15.678950482149968,NA,-15.781459798642668,NA,1.3107776347241384,NA,1.3104887340444304,NA,1.0214541287111476,NA,1.020406306928782,NA
9877087,53,b e v e z,5,-16.966870081071157,NA,-14.397609492998663,NA,-14.44031212076233,NA,1.3929229704223276,NA,1.392511185542819,NA,1.029528725669076,NA,1.0281611900392078,NA
9877087,0,d͡ʒ e b ɯ ʒ,5,-20.21495022879154,NA,-Inf,NA,-22.87691116711818,NA,1.2686811486325449,NA,1.2684950947185034,NA,1.0124836117672047,NA,1.0120414031131446,NA
9877087,30,ɫ o t y j,5,-17.13637038757993,NA,-21.847842286805907,NA,-21.838930472337697,NA,1.1884962954554696,NA,1.1884444634754057,NA,1.0069809217299424,NA,1.0068236264270505,NA
9877087,82,n e l e s,5,-16.133712940143006,NA,-22.309363966878458,NA,-21.94511758334053,NA,1.3421106100147846,NA,1.3417826732353673,NA,1.0138487784772976,NA,1.0132823171708598,NA
9877087,0,v ɯ c y c,5,-24.665725338666142,NA,-Inf,NA,-31.07494453895137,NA,1.0966099130891953,NA,1.0967247419175363,NA,1.0003360075302643,NA,1.000535606459207,NA
9877087,24,n u m ɯ s,5,-16.305931248897558,NA,-20.66468488363234,NA,-20.66177310337561,NA,1.2173321314639536,NA,1.2172245120444172,NA,1.0077581809890988,NA,1.0075488759046425,NA
9877087,2,ɫ a d͡ʒ o h,5,-17.01330714374341,NA,-22.624939743800624,NA,-22.534580136155395,NA,1.3256740594338108,NA,1.3253881497876747,NA,1.0050050745212178,NA,1.0049588515389372,NA
9877087,0,n ø t u j,5,-18.16927071091751,NA,-22.851523275546036,NA,-22.813072474048504,NA,1.1724206207819898,NA,1.1723948121172356,NA,1.0038089132465688,NA,1.0038168140055153,NA
9877842,0,t͡ʃ ø v a ʒ,5,-22.026529225233254,NA,-18.767317689397675,NA,-18.907200437170054,NA,1.2721540242302385,NA,1.271949454860332,NA,1.0142653337379195,NA,1.0136943818059525,NA
9877842,0,n u c e j,5,-19.284139768647485,NA,-Inf,NA,-27.03061959151581,NA,1.2138640602351571,NA,1.213761575091728,NA,1.0046822496364043,NA,1.0046141339376191,NA
9877842,0,ɟ y f ɯ t͡ʃ,5,-23.521012578915236,NA,-25.37166299204228,NA,-24.957736942410385,NA,1.1507777147848135,NA,1.1507931543712089,NA,1.0033263350439428,NA,1.0033620285817637,NA
9877842,70,t͡ʃ ø ɟ ø z,5,-26.083819330183616,NA,-Inf,NA,-21.52261786831054,NA,1.069838381124956,NA,1.0699952387320184,NA,1.0017666031757022,NA,1.0018897030116924,NA
9877842,0,ɟ ø ʒ o ʒ,5,-29.203929342940828,NA,-Inf,NA,-29.447557759589778,NA,1.0439095087456904,NA,1.044115390525366,NA,1.0001956309096838,NA,1.000401295176374,NA
9877842,0,n ɯ l e ɾ,5,-16.520523019156673,NA,-22.578512005763056,NA,-22.1906184306061,NA,1.2705379652284161,NA,1.2703174772901622,NA,1.016447580336092,NA,1.015654592290636,NA
9877842,0,b o ʒ ɯ ʒ,5,-23.550529799079456,NA,-Inf,NA,-24.723680424475265,NA,1.1847241528742682,NA,1.1846836525864934,NA,1.0074750485138266,NA,1.007300128463721,NA
9877842,77,b i h a z,5,-16.349811613063217,NA,-13.978638446451834,NA,-14.016391150784171,NA,1.3901143932549385,NA,1.3896998755559016,NA,1.0281388334347332,NA,1.0267959716117114,NA
9877842,37,ɫ o t y j,5,-17.13637038757993,NA,-21.847842286805907,NA,-21.838930472337697,NA,1.1884962954554696,NA,1.1884444634754057,NA,1.0069809217299424,NA,1.0068236264270505,NA
9877842,11,p y ʒ u ʃ,5,-21.83320780173249,NA,-21.6575563373154,NA,-21.57229848271923,NA,1.1683953129119478,NA,1.1683770297833889,NA,1.0032800290443638,NA,1.0033013050815458,NA
9877842,39,t͡ʃ ø v e ʒ,5,-22.501198433327293,NA,-19.60154616634259,NA,-19.720161431862618,NA,1.1877047678623542,NA,1.187653908531909,NA,1.007255175976289,NA,1.0070775327862946,NA
9877842,33,ɟ y d o n,5,-21.99388355485576,NA,-22.032124077243957,NA,-21.630787091891495,NA,1.1962433826356678,NA,1.196159913782388,NA,1.0079719201002924,NA,1.0077160801194214,NA
9877842,67,l i l i c,5,-21.734197850255633,NA,-31.06847061939216,NA,-30.413037420901233,NA,1.2188544098693368,NA,1.2187494709030118,NA,1.0021248087384225,NA,1.002227217500095,NA
9877842,63,n e l e s,5,-16.133712940143006,NA,-22.309363966878458,NA,-21.94511758334053,NA,1.3421106100147846,NA,1.3417826732353673,NA,1.0138487784772976,NA,1.0132823171708598,NA
9877842,33,b o ʒ e l,5,-21.23324816820471,NA,-18.060919487768725,NA,-18.182879305878316,NA,1.2463498551349634,NA,1.2461951178538924,NA,1.008803329884933,NA,1.008547391347145,NA
9877842,81,m y ɾ a n,5,-14.762040699212914,NA,-11.737473004903014,NA,-11.76464541223868,NA,1.5705486452986173,NA,1.5698011900900524,NA,1.0909056910771144,NA,1.0860056224174448,NA
9877842,31,t a ɟ e z,5,-19.01299062520888,NA,-Inf,NA,-20.823952022657384,NA,1.4656215227621532,NA,1.465084309540202,NA,1.0269158977146384,NA,1.0257003443047683,NA
9877842,38,g ɯ m y z,5,-18.701899271803264,NA,-15.284758444764732,NA,-15.32860458966336,NA,1.1785067564052527,NA,1.1784732245409664,NA,1.00554093342204,NA,1.0054576463094618,NA
9877842,29,n ɯ t o j,5,-16.64471865554249,NA,-20.8852803375486,NA,-20.88836208756007,NA,1.1851723324290908,NA,1.185126386083626,NA,1.004463305335078,NA,1.0044398187271149,NA
9877842,19,n ø t u j,5,-18.16927071091751,NA,-22.851523275546036,NA,-22.813072474048504,NA,1.1724206207819898,NA,1.1723948121172356,NA,1.0038089132465688,NA,1.0038168140055153,NA
9877842,63,k ɯ k a ɾ,5,-13.852944181894015,NA,-12.360407543244856,NA,-12.380543004924991,NA,1.493480237823476,NA,1.492865948681668,NA,1.0526280988311794,NA,1.0498258559342786,NA
9877842,44,d a d͡ʒ y c,5,-20.390530859618952,NA,-21.37064354819536,NA,-21.197885713347908,NA,1.3547360937852992,NA,1.3544042392735065,NA,1.0112501093178448,NA,1.0108747896025891,NA
9877842,3,n u m ɯ s,5,-16.305931248897558,NA,-20.66468488363234,NA,-20.66177310337561,NA,1.2173321314639536,NA,1.2172245120444172,NA,1.0077581809890988,NA,1.0075488759046425,NA
9877842,3,d͡ʒ e t͡ʃ y c,5,-21.506949174184605,NA,-23.436694565711367,NA,-23.25424943879691,NA,1.2256817579040702,NA,1.2255731677132062,NA,1.0104750503657995,NA,1.010138519579413,NA
9877842,14,ɟ y ɟ y c,5,-29.68094473723395,NA,-33.68337874661388,NA,-32.205899752844275,NA,1.0953617399096514,NA,1.095478732648763,NA,1.0001767014017344,NA,1.000384506138849,NA
9877842,2,b a ʒ ɯ ʒ,5,-21.802442132376388,NA,-Inf,NA,-24.18673784570743,NA,1.3864139275709753,NA,1.3860244830363206,NA,1.0201473136915078,NA,1.0193065798346137,NA
9877842,74,s ø ɟ e v,5,-22.79528403658063,NA,-Inf,NA,-24.307406591636536,NA,1.2117460774005275,NA,1.2116501844406864,NA,1.0060152288996411,NA,1.0058751054370156,NA
9877842,69,s ø ɾ y ɾ,5,-17.707550354797547,NA,-16.169021341758853,NA,-16.205464404636334,NA,1.3319062242337465,NA,1.33158571547973,NA,1.013027665125439,NA,1.0125094354360924,NA
9877842,27,h u h e c,5,-20.54912774061602,NA,-21.77039857112499,NA,-21.665991317549235,NA,1.2458994903446368,NA,1.2457482240849875,NA,1.009202924406593,NA,1.0089254532786238,NA
9877842,11,l i ʒ ɯ v,5,-21.57703454821374,NA,-31.133696426108365,NA,-30.207941372186912,NA,1.1572841132328815,NA,1.157287229154971,NA,1.0003922570709156,NA,1.000588795671445,NA
9877842,73,b u m u z,5,-17.951792361056157,NA,-14.843063280742722,NA,-14.878017560925908,NA,1.2405193147630955,NA,1.240376722188641,NA,1.017535691474791,NA,1.016802398896366,NA
9877842,68,k o ɾ i n,5,-15.0837144563174,NA,-13.072652771256037,NA,-13.096986467913933,NA,1.5004623909385104,NA,1.4998431857664714,NA,1.0494536476998977,NA,1.046913855195189,NA
9877842,13,b i f e ʒ,5,-19.56510509226675,NA,-17.233656594746645,NA,-17.35991958085872,NA,1.2770233897314918,NA,1.276818171152988,NA,1.0171636142826754,NA,1.0164683141415962,NA
9877842,1,b o p o p,5,-19.25272795784617,NA,-15.57498426327942,NA,-15.61426036762116,NA,1.1967740047349058,NA,1.1967095549773488,NA,1.013486997864271,NA,1.0129840432080757,NA
9877842,69,ɟ ø v ɯ ʃ,5,-24.484836572880727,NA,-Inf,NA,-24.564293047048626,NA,1.1249488007486994,NA,1.1250044411600126,NA,1.007870816045076,NA,1.0076134587496162,NA
9877842,13,m u ɾ a n,5,-14.474358626761134,NA,-11.950302324157594,NA,-11.974383816242137,NA,1.564482787413002,NA,1.563745826768253,NA,1.082042701236725,NA,1.077607380125139,NA
9877842,37,ɟ e ʒ ɯ ʒ,5,-26.219264087350595,NA,-Inf,NA,-33.17641485659389,NA,1.2272674175690463,NA,1.2271532645061831,NA,1.000599585740761,NA,1.000785798371226,NA
9877842,69,k a k ɯ ɾ,5,-13.852944181894014,NA,-12.144674325482123,NA,-12.165544970347293,NA,1.5676549113274147,NA,1.5669247348407982,NA,1.081113994281714,NA,1.076949339812567,NA
9877842,64,b o v a n,5,-16.83581550168471,NA,-13.814124853759685,NA,-13.841845975944103,NA,1.4255332248977568,NA,1.4250378444168188,NA,1.0453074842543126,NA,1.042851145035386,NA
9877842,66,ɫ a c ø c,5,-23.235335254641484,NA,-Inf,NA,-28.96719851740822,NA,1.2828819495149104,NA,1.2826763461817758,NA,1.0028718440034152,NA,1.002938782604458,NA
9877842,32,b o ʒ e n,5,-19.353746594881077,NA,-15.678950482149968,NA,-15.781459798642668,NA,1.3107776347241384,NA,1.3104887340444304,NA,1.0214541287111476,NA,1.020406306928782,NA
9877842,22,v ɯ ʒ u ʒ,5,-23.911347823237456,NA,-Inf,NA,-27.172143925229605,NA,1.1161267190999808,NA,1.1162057460174144,NA,1.0002707972270364,NA,1.000474478028374,NA
9877842,72,m y d͡ʒ e ʒ,5,-20.07648688346161,NA,-17.21604267519214,NA,-17.334930621591795,NA,1.2872685713504248,NA,1.2870457058049949,NA,1.0318759131224775,NA,1.030408550612966,NA
9877842,21,b i j e l,5,-17.450630578939155,NA,-15.174694213804408,NA,-15.223894371415602,NA,1.3089517738471208,NA,1.3086882691733015,NA,1.0209242625509964,NA,1.0200235747731865,NA
9877842,70,b e v e z,5,-16.966870081071157,NA,-14.397609492998663,NA,-14.44031212076233,NA,1.3929229704223276,NA,1.392511185542819,NA,1.029528725669076,NA,1.0281611900392078,NA
9877842,11,l y l i v,5,-20.63415870679363,NA,-Inf,NA,-30.672142465019753,NA,1.2155027860536751,NA,1.2153995796438697,NA,1.002044914920388,NA,1.0021401260542664,NA
9877842,1,g o ʒ o ʒ,5,-24.62938331993061,NA,-21.44182559607237,NA,-21.448545619983207,NA,1.1224260916219797,NA,1.1224961567900622,NA,1.0013340243108588,NA,1.0014798191749397,NA
9877842,38,p u h i c,5,-20.780767761626823,NA,-22.05420867071373,NA,-21.930091078441407,NA,1.2416965922463563,NA,1.2415519682913172,NA,1.01241266159024,NA,1.0119605181707314,NA
9877842,56,ɫ a m o s,5,-15.135202724992508,NA,-18.53976533327283,NA,-18.547827889801997,NA,1.3788112113885682,NA,1.378427016464903,NA,1.0185489274708253,NA,1.017775753755317,NA
9877842,36,n y h e j,5,-16.95498764826872,NA,-21.846337471826367,NA,-21.825147364977283,NA,1.2480014323473068,NA,1.2478395741736754,NA,1.0076847714838688,NA,1.007454833667864,NA
9877842,70,ɟ e j ø z,5,-22.82835379958052,NA,-Inf,NA,-24.81298284362385,NA,1.235195590882307,NA,1.2350658781575348,NA,1.009898018351088,NA,1.0095907634262449,NA
9877842,20,ɫ o c ø c,5,-24.98342292134455,NA,-Inf,NA,-31.079713775074197,NA,1.0811921748182034,NA,1.081335515731949,NA,1.0021125667200912,NA,1.0022194540081912,NA
9877842,13,b o ʒ u z,5,-21.370274141785384,NA,-17.449334712896025,NA,-17.52465638865124,NA,1.1916820725344242,NA,1.1916245129596132,NA,1.009300937004208,NA,1.0090117245270502,NA
9877842,6,t ø ɾ o n,5,-17.485988279342866,NA,-15.627675512106372,NA,-15.666950907825106,NA,1.3290088497105506,NA,1.3286945168365425,NA,1.0122008810961551,NA,1.0117169531065573,NA
9877842,35,l y l y j,5,-21.14695659804238,NA,-Inf,NA,-31.05439759893357,NA,1.1332785539845158,NA,1.1333228701694076,NA,1.00074070885583,NA,1.0009175574376028,NA
9877842,28,l i n u v,5,-18.466975061018218,NA,-24.951618240796765,NA,-24.684255423615568,NA,1.220141875184766,NA,1.220036316043871,NA,1.0121904544298916,NA,1.011755851703082,NA
9877842,29,n ɯ m ɯ j,5,-16.47599478408919,NA,-22.39373489217684,NA,-22.38175273448392,NA,1.1966103780074966,NA,1.196542055220454,NA,1.0026502266538255,NA,1.0027197340448553,NA
9877842,9,ɟ i f ɯ ʃ,5,-22.1048454127982,NA,-23.497930488232196,NA,-23.110474694525763,NA,1.1779963095818906,NA,1.177960316405389,NA,1.0083465331409436,NA,1.0080648025533474,NA
9877842,21,b i ɟ y j,5,-21.621839348754172,NA,-23.738323784339784,NA,-23.145271532434343,NA,1.194804014519338,NA,1.1947420726709843,NA,1.0122225483469989,NA,1.0117960739557024,NA
9877842,1,ɫ a ʒ a ʒ,5,-19.71086706006132,NA,-20.997350540187433,NA,-21.21655733327964,NA,1.4708414018303289,NA,1.4702934062511663,NA,1.003941564890843,NA,1.003940272651001,NA
9877842,10,ʃ u ʒ ø ʃ,5,-23.117318159567468,NA,-24.06655854277991,NA,-23.710598665491876,NA,1.1089897910511255,NA,1.1090779138037352,NA,1.0013008717373968,NA,1.0014503747691397,NA
9877842,11,b u ʒ o ʒ,5,-23.76539676955428,NA,-21.96391548170358,NA,-21.79262912069044,NA,1.1538250828724028,NA,1.1538408478098283,NA,1.007399882196474,NA,1.007226945611721,NA
9877842,55,ɫ o c y j,5,-20.834342988819134,NA,-Inf,NA,-27.6512910295423,NA,1.1213426924902457,NA,1.121407789190935,NA,1.002308197629775,NA,1.0024028393006907,NA
9877842,43,k ɯ ɾ i n,5,-14.682152744236394,NA,-12.37822264154962,NA,-12.400758782495078,NA,1.4897929801932763,NA,1.4891922342093775,NA,1.0573621548079215,NA,1.054404034344128,NA
9877842,15,b o j ɯ ʒ,5,-20.84349534209708,NA,-Inf,NA,-21.13094063982574,NA,1.2260955689867723,NA,1.2259830322796048,NA,1.015232344142505,NA,1.0146378960431903,NA
9877842,16,d͡ʒ e b ɯ ʒ,5,-20.21495022879154,NA,-Inf,NA,-22.87691116711818,NA,1.2686811486325449,NA,1.2684950947185034,NA,1.0124836117672047,NA,1.0120414031131446,NA
9877842,72,l i l y c,5,-22.91076831338442,NA,-Inf,NA,-31.37384119300264,NA,1.1284788898966889,NA,1.1285384476392613,NA,1.0018639675255108,NA,1.0019827037767624,NA
9877842,65,k u m y ɾ,5,-16.166729596387306,NA,-13.479655579943335,NA,-13.508482331190027,NA,1.3230272239563277,NA,1.3227231066743448,NA,1.022128398075403,NA,1.021137545740216,NA
9877842,33,n ɯ c ø c,5,-24.59275852015271,NA,-Inf,NA,-31.976683335339587,NA,1.0792927943891235,NA,1.079439427988085,NA,1.0003249566724437,NA,1.0005257916572736,NA
9877842,71,g ɯ d͡ʒ e n,5,-17.56731557989134,NA,-14.61749184700327,NA,-14.657735297121354,NA,1.281298791538424,NA,1.2810607321907763,NA,1.019356759110327,NA,1.0184127138021122,NA
9877842,81,b i ɟ ø z,5,-23.142448932022234,NA,-Inf,NA,-20.44554264298711,NA,1.1721298581123756,NA,1.1721097679762331,NA,1.012165565043107,NA,1.011742232357684,NA
9877842,26,ɟ e ʒ u ʒ,5,-26.43413105782542,NA,-Inf,NA,-29.33912315678841,NA,1.2174662892996293,NA,1.2173699757285252,NA,1.000599585740761,NA,1.000785798371226,NA
9877842,34,h a ʒ i z,5,-18.940586263929728,NA,-16.033624750362595,NA,-16.176584461461953,NA,1.4424736309368726,NA,1.4419758181306943,NA,1.029251961469784,NA,1.0278844545484396,NA
9877842,32,b u ʃ ɯ z,5,-18.694443256827626,NA,-15.374699720473922,NA,-15.412193074961616,NA,1.228789864159734,NA,1.2286669214026904,NA,1.0123098572091858,NA,1.0118615371614068,NA
9877842,7,d ɯ ʒ o ʒ,5,-23.464882873585843,NA,-Inf,NA,-23.9795220145898,NA,1.1293508774986598,NA,1.1294089752286451,NA,1.0015496170448657,NA,1.0016841358988702,NA
9877842,11,n u n o m,5,-16.474531465957043,NA,-19.71804282237854,NA,-19.721411008345388,NA,1.219775413725993,NA,1.2196627522111714,NA,1.0062472053556415,NA,1.0061235827754649,NA
9877842,8,n i ɾ o h,5,-16.181858470568148,NA,-20.449641425018715,NA,-20.406357405732297,NA,1.2804974089534673,NA,1.2802882607954402,NA,1.016507593530359,NA,1.015847513933592,NA
9877842,78,b e j o ʒ,5,-19.97163859556905,NA,-16.470032923117923,NA,-16.58974983451702,NA,1.3023238820005048,NA,1.3020822690254312,NA,1.0234430212856789,NA,1.0224209443737986,NA
9877842,68,l e g a v,5,-18.119190425169464,NA,-25.71501109338958,NA,-25.332981685756884,NA,1.3881772381676205,NA,1.3877683698152172,NA,1.008863681612553,NA,1.0085537534032074,NA
9877842,28,v ɯ c y c,5,-24.665725338666142,NA,-Inf,NA,-31.07494453895137,NA,1.0966099130891953,NA,1.0967247419175363,NA,1.0003360075302643,NA,1.000535606459207,NA
9877842,14,z a ʒ u ʒ,5,-22.21296112594883,NA,-22.467527661364898,NA,-22.468435327208887,NA,1.3256708330824156,NA,1.3253873248250263,NA,1.0043869150779896,NA,1.0043743138247614,NA
9877842,85,t͡ʃ ø z y z,5,-21.128620852346465,NA,-17.361344872511363,NA,-17.40089460771028,NA,1.1286143668362545,NA,1.1286672682108094,NA,1.004828700340673,NA,1.0047832706322961,NA
9877842,83,g ɯ ʃ ɯ ɾ,5,-17.97497909272865,NA,-14.266839235392236,NA,-14.30974193032308,NA,1.245215104159512,NA,1.2450431145777665,NA,1.0154542843243193,NA,1.0147602319695646,NA
9877842,64,m y t ø ɾ,5,-17.68011502873577,NA,-14.771169321237188,NA,-14.814804722114031,NA,1.3145632200457231,NA,1.3142753588611862,NA,1.0375461024211106,NA,1.0357780799024574,NA
9877842,67,l e l y j,5,-19.772550808587734,NA,-Inf,NA,-29.3209145608971,NA,1.2343400791144985,NA,1.2342095483700994,NA,1.003248067408103,NA,1.0032923638392548,NA
9877842,72,n y g o h,5,-19.02195772176377,NA,-27.137278020652435,NA,-26.404681357779356,NA,1.1333131439367587,NA,1.133360109385657,NA,1.0020494295650315,NA,1.002157274256292,NA
9877842,18,ɟ e g o h,5,-22.32385648599314,NA,-Inf,NA,-29.10574748028316,NA,1.2145067608813798,NA,1.2144132380835384,NA,1.0014568108084176,NA,1.0015956377134012,NA
9877842,80,ɟ ø c i c,5,-28.595041653634546,NA,-Inf,NA,-34.34350574803089,NA,1.1361369616670376,NA,1.1361752544079688,NA,1.0003260515161396,NA,1.0005235520380404,NA
9877842,35,ɫ a c e h,5,-18.035397518301707,NA,-Inf,NA,-25.02799923003836,NA,1.3994050843368315,NA,1.3989840913843423,NA,1.0041760500679735,NA,1.0041613512211216,NA
9877842,75,t e ɾ i n,5,-13.827301603550456,NA,-12.502644627942797,NA,-12.521773624907365,NA,1.5729969938749515,NA,1.5722522702326374,NA,1.0804929495674649,NA,1.0763164691861506,NA
9877842,20,h i ʒ o ʃ,5,-20.809527385524937,NA,-21.758984629549015,NA,-21.594790011980702,NA,1.1730182993086722,NA,1.1729939503390143,NA,1.005756231853628,NA,1.0056643656940627,NA
9877842,23,ɫ a d͡ʒ o h,5,-17.01330714374341,NA,-22.624939743800624,NA,-22.534580136155395,NA,1.3256740594338108,NA,1.3253881497876747,NA,1.0050050745212178,NA,1.0049588515389372,NA
9877842,88,f u c y c,5,-24.885869366241813,NA,-Inf,NA,-29.280536541614147,NA,1.1157787914815611,NA,1.115860462315408,NA,1.0009321097789516,NA,1.001100368974328,NA
9877842,72,m y d͡ʒ ɯ ʒ,5,-20.94834362998964,NA,-Inf,NA,-19.765604716524727,NA,1.2335333157803068,NA,1.2334082562856274,NA,1.0297916061850232,NA,1.0284411057530372,NA
9877842,80,c ø z ɯ ɾ,5,-21.71220299840252,NA,-Inf,NA,-19.68550050557094,NA,1.1902183865771947,NA,1.1901414021562249,NA,1.0145089255684994,NA,1.013860174302362,NA
9877842,24,ɫ a c y j,5,-19.086255322116067,NA,-Inf,NA,-25.538775771876324,NA,1.3230324671869529,NA,1.3227486196407618,NA,1.003067474913099,NA,1.0031221678969575,NA
9880139,69,ɫ a m o s,5,-15.135202724992508,NA,-18.53976533327283,NA,-18.547827889801997,NA,1.3788112113885682,NA,1.378427016464903,NA,1.0185489274708253,NA,1.017775753755317,NA
9880139,47,d͡ʒ e t͡ʃ y c,5,-21.506949174184605,NA,-23.436694565711367,NA,-23.25424943879691,NA,1.2256817579040702,NA,1.2255731677132062,NA,1.0104750503657995,NA,1.010138519579413,NA
9880139,34,l i ʒ ɯ v,5,-21.57703454821374,NA,-31.133696426108365,NA,-30.207941372186912,NA,1.1572841132328815,NA,1.157287229154971,NA,1.0003922570709156,NA,1.000588795671445,NA
9880139,50,ɟ ø v ɯ ʃ,5,-24.484836572880727,NA,-Inf,NA,-24.564293047048626,NA,1.1249488007486994,NA,1.1250044411600126,NA,1.007870816045076,NA,1.0076134587496162,NA
9880139,54,n ɯ c ø c,5,-24.59275852015271,NA,-Inf,NA,-31.976683335339587,NA,1.0792927943891235,NA,1.079439427988085,NA,1.0003249566724437,NA,1.0005257916572736,NA
9880139,48,n ø t u j,5,-18.16927071091751,NA,-22.851523275546036,NA,-22.813072474048504,NA,1.1724206207819898,NA,1.1723948121172356,NA,1.0038089132465688,NA,1.0038168140055153,NA
9880139,55,l e l y j,5,-19.772550808587734,NA,-Inf,NA,-29.3209145608971,NA,1.2343400791144985,NA,1.2342095483700994,NA,1.003248067408103,NA,1.0032923638392548,NA
9880139,58,g ɯ m y z,5,-18.701899271803264,NA,-15.284758444764732,NA,-15.32860458966336,NA,1.1785067564052527,NA,1.1784732245409664,NA,1.00554093342204,NA,1.0054576463094618,NA
9880139,68,g ɯ ʃ ɯ ɾ,5,-17.97497909272865,NA,-14.266839235392236,NA,-14.30974193032308,NA,1.245215104159512,NA,1.2450431145777665,NA,1.0154542843243193,NA,1.0147602319695646,NA
9880139,67,b o p o p,5,-19.25272795784617,NA,-15.57498426327942,NA,-15.61426036762116,NA,1.1967740047349058,NA,1.1967095549773488,NA,1.013486997864271,NA,1.0129840432080757,NA
9880139,34,ʃ u ʒ ø ʃ,5,-23.117318159567468,NA,-24.06655854277991,NA,-23.710598665491876,NA,1.1089897910511255,NA,1.1090779138037352,NA,1.0013008717373968,NA,1.0014503747691397,NA
9880139,64,ɟ ø c i c,5,-28.595041653634546,NA,-Inf,NA,-34.34350574803089,NA,1.1361369616670376,NA,1.1361752544079688,NA,1.0003260515161396,NA,1.0005235520380404,NA
9880139,66,ɟ y d o n,5,-21.99388355485576,NA,-22.032124077243957,NA,-21.630787091891495,NA,1.1962433826356678,NA,1.196159913782388,NA,1.0079719201002924,NA,1.0077160801194214,NA
9880139,71,n y g o h,5,-19.02195772176377,NA,-27.137278020652435,NA,-26.404681357779356,NA,1.1333131439367587,NA,1.133360109385657,NA,1.0020494295650315,NA,1.002157274256292,NA
9880139,20,d ɯ ʒ o ʒ,5,-23.464882873585843,NA,-Inf,NA,-23.9795220145898,NA,1.1293508774986598,NA,1.1294089752286451,NA,1.0015496170448657,NA,1.0016841358988702,NA
9880139,28,b i ɟ y j,5,-21.621839348754172,NA,-23.738323784339784,NA,-23.145271532434343,NA,1.194804014519338,NA,1.1947420726709843,NA,1.0122225483469989,NA,1.0117960739557024,NA
9880139,22,ɫ o c y j,5,-20.834342988819134,NA,-Inf,NA,-27.6512910295423,NA,1.1213426924902457,NA,1.121407789190935,NA,1.002308197629775,NA,1.0024028393006907,NA
9880139,32,f u c y c,5,-24.885869366241813,NA,-Inf,NA,-29.280536541614147,NA,1.1157787914815611,NA,1.115860462315408,NA,1.0009321097789516,NA,1.001100368974328,NA
9880139,66,t a ɟ e z,5,-19.01299062520888,NA,-Inf,NA,-20.823952022657384,NA,1.4656215227621532,NA,1.465084309540202,NA,1.0269158977146384,NA,1.0257003443047683,NA
9880139,47,b o v a n,5,-16.83581550168471,NA,-13.814124853759685,NA,-13.841845975944103,NA,1.4255332248977568,NA,1.4250378444168188,NA,1.0453074842543126,NA,1.042851145035386,NA
9880139,57,l i l y c,5,-22.91076831338442,NA,-Inf,NA,-31.37384119300264,NA,1.1284788898966889,NA,1.1285384476392613,NA,1.0018639675255108,NA,1.0019827037767624,NA
9880139,60,m y d͡ʒ ɯ ʒ,5,-20.94834362998964,NA,-Inf,NA,-19.765604716524727,NA,1.2335333157803068,NA,1.2334082562856274,NA,1.0297916061850232,NA,1.0284411057530372,NA
9880139,60,v ɯ c y c,5,-24.665725338666142,NA,-Inf,NA,-31.07494453895137,NA,1.0966099130891953,NA,1.0967247419175363,NA,1.0003360075302643,NA,1.000535606459207,NA
9880139,42,ɟ e ʒ ɯ ʒ,5,-26.219264087350595,NA,-Inf,NA,-33.17641485659389,NA,1.2272674175690463,NA,1.2271532645061831,NA,1.000599585740761,NA,1.000785798371226,NA
9880139,43,d͡ʒ e b ɯ ʒ,5,-20.21495022879154,NA,-Inf,NA,-22.87691116711818,NA,1.2686811486325449,NA,1.2684950947185034,NA,1.0124836117672047,NA,1.0120414031131446,NA
9880139,55,ɫ a c y j,5,-19.086255322116067,NA,-Inf,NA,-25.538775771876324,NA,1.3230324671869529,NA,1.3227486196407618,NA,1.003067474913099,NA,1.0031221678969575,NA
9880139,54,ɫ a d͡ʒ o h,5,-17.01330714374341,NA,-22.624939743800624,NA,-22.534580136155395,NA,1.3256740594338108,NA,1.3253881497876747,NA,1.0050050745212178,NA,1.0049588515389372,NA
9880139,58,c ø z ɯ ɾ,5,-21.71220299840252,NA,-Inf,NA,-19.68550050557094,NA,1.1902183865771947,NA,1.1901414021562249,NA,1.0145089255684994,NA,1.013860174302362,NA
9880139,67,n i ɾ o h,5,-16.181858470568148,NA,-20.449641425018715,NA,-20.406357405732297,NA,1.2804974089534673,NA,1.2802882607954402,NA,1.016507593530359,NA,1.015847513933592,NA
9880139,36,ɟ y f ɯ t͡ʃ,5,-23.521012578915236,NA,-25.37166299204228,NA,-24.957736942410385,NA,1.1507777147848135,NA,1.1507931543712089,NA,1.0033263350439428,NA,1.0033620285817637,NA
9880139,32,s ø ɾ y ɾ,5,-17.707550354797547,NA,-16.169021341758853,NA,-16.205464404636334,NA,1.3319062242337465,NA,1.33158571547973,NA,1.013027665125439,NA,1.0125094354360924,NA
9880139,70,ɫ o c ø c,5,-24.98342292134455,NA,-Inf,NA,-31.079713775074197,NA,1.0811921748182034,NA,1.081335515731949,NA,1.0021125667200912,NA,1.0022194540081912,NA
9880139,55,b e v e z,5,-16.966870081071157,NA,-14.397609492998663,NA,-14.44031212076233,NA,1.3929229704223276,NA,1.392511185542819,NA,1.029528725669076,NA,1.0281611900392078,NA
9880139,70,l e g a v,5,-18.119190425169464,NA,-25.71501109338958,NA,-25.332981685756884,NA,1.3881772381676205,NA,1.3877683698152172,NA,1.008863681612553,NA,1.0085537534032074,NA
9880139,28,l y l i v,5,-20.63415870679363,NA,-Inf,NA,-30.672142465019753,NA,1.2155027860536751,NA,1.2153995796438697,NA,1.002044914920388,NA,1.0021401260542664,NA
9880139,27,ɫ a c ø c,5,-23.235335254641484,NA,-Inf,NA,-28.96719851740822,NA,1.2828819495149104,NA,1.2826763461817758,NA,1.0028718440034152,NA,1.002938782604458,NA
9880139,23,ɟ ø ʒ o ʒ,5,-29.203929342940828,NA,-Inf,NA,-29.447557759589778,NA,1.0439095087456904,NA,1.044115390525366,NA,1.0001956309096838,NA,1.000401295176374,NA
9880139,22,t ø ɾ o n,5,-17.485988279342866,NA,-15.627675512106372,NA,-15.666950907825106,NA,1.3290088497105506,NA,1.3286945168365425,NA,1.0122008810961551,NA,1.0117169531065573,NA
9880139,15,b o j ɯ ʒ,5,-20.84349534209708,NA,-Inf,NA,-21.13094063982574,NA,1.2260955689867723,NA,1.2259830322796048,NA,1.015232344142505,NA,1.0146378960431903,NA
9880139,6,p y ʒ u ʃ,5,-21.83320780173249,NA,-21.6575563373154,NA,-21.57229848271923,NA,1.1683953129119478,NA,1.1683770297833889,NA,1.0032800290443638,NA,1.0033013050815458,NA
9880139,64,l i n u v,5,-18.466975061018218,NA,-24.951618240796765,NA,-24.684255423615568,NA,1.220141875184766,NA,1.220036316043871,NA,1.0121904544298916,NA,1.011755851703082,NA
9880139,62,h i ʒ o ʃ,5,-20.809527385524937,NA,-21.758984629549015,NA,-21.594790011980702,NA,1.1730182993086722,NA,1.1729939503390143,NA,1.005756231853628,NA,1.0056643656940627,NA
9880139,26,n u n o m,5,-16.474531465957043,NA,-19.71804282237854,NA,-19.721411008345388,NA,1.219775413725993,NA,1.2196627522111714,NA,1.0062472053556415,NA,1.0061235827754649,NA
9880139,35,n ɯ l e ɾ,5,-16.520523019156673,NA,-22.578512005763056,NA,-22.1906184306061,NA,1.2705379652284161,NA,1.2703174772901622,NA,1.016447580336092,NA,1.015654592290636,NA
9880139,69,ɟ y ɟ y c,5,-29.68094473723395,NA,-33.68337874661388,NA,-32.205899752844275,NA,1.0953617399096514,NA,1.095478732648763,NA,1.0001767014017344,NA,1.000384506138849,NA
9880139,75,k a k ɯ ɾ,5,-13.852944181894014,NA,-12.144674325482123,NA,-12.165544970347293,NA,1.5676549113274147,NA,1.5669247348407982,NA,1.081113994281714,NA,1.076949339812567,NA
9880139,97,b i ɟ ø z,5,-23.142448932022234,NA,-Inf,NA,-20.44554264298711,NA,1.1721298581123756,NA,1.1721097679762331,NA,1.012165565043107,NA,1.011742232357684,NA
9880139,96,m y ɾ a n,5,-14.762040699212914,NA,-11.737473004903014,NA,-11.76464541223868,NA,1.5705486452986173,NA,1.5698011900900524,NA,1.0909056910771144,NA,1.0860056224174448,NA
9880139,96,k o ɾ i n,5,-15.0837144563174,NA,-13.072652771256037,NA,-13.096986467913933,NA,1.5004623909385104,NA,1.4998431857664714,NA,1.0494536476998977,NA,1.046913855195189,NA
9880139,26,ɫ a ʒ a ʒ,5,-19.71086706006132,NA,-20.997350540187433,NA,-21.21655733327964,NA,1.4708414018303289,NA,1.4702934062511663,NA,1.003941564890843,NA,1.003940272651001,NA
9880139,31,z a ʒ u ʒ,5,-22.21296112594883,NA,-22.467527661364898,NA,-22.468435327208887,NA,1.3256708330824156,NA,1.3253873248250263,NA,1.0043869150779896,NA,1.0043743138247614,NA
9880139,60,b i j e l,5,-17.450630578939155,NA,-15.174694213804408,NA,-15.223894371415602,NA,1.3089517738471208,NA,1.3086882691733015,NA,1.0209242625509964,NA,1.0200235747731865,NA
9880139,70,n u c e j,5,-19.284139768647485,NA,-Inf,NA,-27.03061959151581,NA,1.2138640602351571,NA,1.213761575091728,NA,1.0046822496364043,NA,1.0046141339376191,NA
9880139,70,k ɯ k a ɾ,5,-13.852944181894015,NA,-12.360407543244856,NA,-12.380543004924991,NA,1.493480237823476,NA,1.492865948681668,NA,1.0526280988311794,NA,1.0498258559342786,NA
9880139,72,n y h e j,5,-16.95498764826872,NA,-21.846337471826367,NA,-21.825147364977283,NA,1.2480014323473068,NA,1.2478395741736754,NA,1.0076847714838688,NA,1.007454833667864,NA
9880139,78,m y t ø ɾ,5,-17.68011502873577,NA,-14.771169321237188,NA,-14.814804722114031,NA,1.3145632200457231,NA,1.3142753588611862,NA,1.0375461024211106,NA,1.0357780799024574,NA
9880139,76,b o ʒ e n,5,-19.353746594881077,NA,-15.678950482149968,NA,-15.781459798642668,NA,1.3107776347241384,NA,1.3104887340444304,NA,1.0214541287111476,NA,1.020406306928782,NA
9880139,19,n ɯ t o j,5,-16.64471865554249,NA,-20.8852803375486,NA,-20.88836208756007,NA,1.1851723324290908,NA,1.185126386083626,NA,1.004463305335078,NA,1.0044398187271149,NA
9880139,53,b u m u z,5,-17.951792361056157,NA,-14.843063280742722,NA,-14.878017560925908,NA,1.2405193147630955,NA,1.240376722188641,NA,1.017535691474791,NA,1.016802398896366,NA
9880139,73,ɫ a c e h,5,-18.035397518301707,NA,-Inf,NA,-25.02799923003836,NA,1.3994050843368315,NA,1.3989840913843423,NA,1.0041760500679735,NA,1.0041613512211216,NA
9880139,16,b u ʒ o ʒ,5,-23.76539676955428,NA,-21.96391548170358,NA,-21.79262912069044,NA,1.1538250828724028,NA,1.1538408478098283,NA,1.007399882196474,NA,1.007226945611721,NA
9880139,25,b e j o ʒ,5,-19.97163859556905,NA,-16.470032923117923,NA,-16.58974983451702,NA,1.3023238820005048,NA,1.3020822690254312,NA,1.0234430212856789,NA,1.0224209443737986,NA
9880139,63,t͡ʃ ø z y z,5,-21.128620852346465,NA,-17.361344872511363,NA,-17.40089460771028,NA,1.1286143668362545,NA,1.1286672682108094,NA,1.004828700340673,NA,1.0047832706322961,NA
9880139,14,b a ʒ ɯ ʒ,5,-21.802442132376388,NA,-Inf,NA,-24.18673784570743,NA,1.3864139275709753,NA,1.3860244830363206,NA,1.0201473136915078,NA,1.0193065798346137,NA
9880139,19,p u h i c,5,-20.780767761626823,NA,-22.05420867071373,NA,-21.930091078441407,NA,1.2416965922463563,NA,1.2415519682913172,NA,1.01241266159024,NA,1.0119605181707314,NA
9880139,18,ɟ e j ø z,5,-22.82835379958052,NA,-Inf,NA,-24.81298284362385,NA,1.235195590882307,NA,1.2350658781575348,NA,1.009898018351088,NA,1.0095907634262449,NA
9880139,79,m u ɾ a n,5,-14.474358626761134,NA,-11.950302324157594,NA,-11.974383816242137,NA,1.564482787413002,NA,1.563745826768253,NA,1.082042701236725,NA,1.077607380125139,NA
9880139,22,ɫ o t y j,5,-17.13637038757993,NA,-21.847842286805907,NA,-21.838930472337697,NA,1.1884962954554696,NA,1.1884444634754057,NA,1.0069809217299424,NA,1.0068236264270505,NA
9880139,25,g ɯ d͡ʒ e n,5,-17.56731557989134,NA,-14.61749184700327,NA,-14.657735297121354,NA,1.281298791538424,NA,1.2810607321907763,NA,1.019356759110327,NA,1.0184127138021122,NA
9880139,65,b i h a z,5,-16.349811613063217,NA,-13.978638446451834,NA,-14.016391150784171,NA,1.3901143932549385,NA,1.3896998755559016,NA,1.0281388334347332,NA,1.0267959716117114,NA
9880139,72,ɟ e g o h,5,-22.32385648599314,NA,-Inf,NA,-29.10574748028316,NA,1.2145067608813798,NA,1.2144132380835384,NA,1.0014568108084176,NA,1.0015956377134012,NA
9880139,28,g o ʒ o ʒ,5,-24.62938331993061,NA,-21.44182559607237,NA,-21.448545619983207,NA,1.1224260916219797,NA,1.1224961567900622,NA,1.0013340243108588,NA,1.0014798191749397,NA
9880139,30,t͡ʃ ø v e ʒ,5,-22.501198433327293,NA,-19.60154616634259,NA,-19.720161431862618,NA,1.1877047678623542,NA,1.187653908531909,NA,1.007255175976289,NA,1.0070775327862946,NA
9880139,31,m y d͡ʒ e ʒ,5,-20.07648688346161,NA,-17.21604267519214,NA,-17.334930621591795,NA,1.2872685713504248,NA,1.2870457058049949,NA,1.0318759131224775,NA,1.030408550612966,NA
9880139,67,b i f e ʒ,5,-19.56510509226675,NA,-17.233656594746645,NA,-17.35991958085872,NA,1.2770233897314918,NA,1.276818171152988,NA,1.0171636142826754,NA,1.0164683141415962,NA
9880139,54,b u ʃ ɯ z,5,-18.694443256827626,NA,-15.374699720473922,NA,-15.412193074961616,NA,1.228789864159734,NA,1.2286669214026904,NA,1.0123098572091858,NA,1.0118615371614068,NA
9880139,2,v ɯ ʒ u ʒ,5,-23.911347823237456,NA,-Inf,NA,-27.172143925229605,NA,1.1161267190999808,NA,1.1162057460174144,NA,1.0002707972270364,NA,1.000474478028374,NA
9880139,3,t͡ʃ ø v a ʒ,5,-22.026529225233254,NA,-18.767317689397675,NA,-18.907200437170054,NA,1.2721540242302385,NA,1.271949454860332,NA,1.0142653337379195,NA,1.0136943818059525,NA
9880139,67,s ø ɟ e v,5,-22.79528403658063,NA,-Inf,NA,-24.307406591636536,NA,1.2117460774005275,NA,1.2116501844406864,NA,1.0060152288996411,NA,1.0058751054370156,NA
9880139,55,n e l e s,5,-16.133712940143006,NA,-22.309363966878458,NA,-21.94511758334053,NA,1.3421106100147846,NA,1.3417826732353673,NA,1.0138487784772976,NA,1.0132823171708598,NA
9880139,10,ɟ e ʒ u ʒ,5,-26.43413105782542,NA,-Inf,NA,-29.33912315678841,NA,1.2174662892996293,NA,1.2173699757285252,NA,1.000599585740761,NA,1.000785798371226,NA
9880139,77,n ɯ m ɯ j,5,-16.47599478408919,NA,-22.39373489217684,NA,-22.38175273448392,NA,1.1966103780074966,NA,1.196542055220454,NA,1.0026502266538255,NA,1.0027197340448553,NA
9880139,63,l y l y j,5,-21.14695659804238,NA,-Inf,NA,-31.05439759893357,NA,1.1332785539845158,NA,1.1333228701694076,NA,1.00074070885583,NA,1.0009175574376028,NA
9880139,64,k u m y ɾ,5,-16.166729596387306,NA,-13.479655579943335,NA,-13.508482331190027,NA,1.3230272239563277,NA,1.3227231066743448,NA,1.022128398075403,NA,1.021137545740216,NA
9880139,67,h u h e c,5,-20.54912774061602,NA,-21.77039857112499,NA,-21.665991317549235,NA,1.2458994903446368,NA,1.2457482240849875,NA,1.009202924406593,NA,1.0089254532786238,NA
9880139,22,b o ʒ e l,5,-21.23324816820471,NA,-18.060919487768725,NA,-18.182879305878316,NA,1.2463498551349634,NA,1.2461951178538924,NA,1.008803329884933,NA,1.008547391347145,NA
9880139,5,ɟ i f ɯ ʃ,5,-22.1048454127982,NA,-23.497930488232196,NA,-23.110474694525763,NA,1.1779963095818906,NA,1.177960316405389,NA,1.0083465331409436,NA,1.0080648025533474,NA
9880139,15,d a d͡ʒ y c,5,-20.390530859618952,NA,-21.37064354819536,NA,-21.197885713347908,NA,1.3547360937852992,NA,1.3544042392735065,NA,1.0112501093178448,NA,1.0108747896025891,NA
9880139,27,n u m ɯ s,5,-16.305931248897558,NA,-20.66468488363234,NA,-20.66177310337561,NA,1.2173321314639536,NA,1.2172245120444172,NA,1.0077581809890988,NA,1.0075488759046425,NA
9880139,78,l i l i c,5,-21.734197850255633,NA,-31.06847061939216,NA,-30.413037420901233,NA,1.2188544098693368,NA,1.2187494709030118,NA,1.0021248087384225,NA,1.002227217500095,NA
9880139,72,t e ɾ i n,5,-13.827301603550456,NA,-12.502644627942797,NA,-12.521773624907365,NA,1.5729969938749515,NA,1.5722522702326374,NA,1.0804929495674649,NA,1.0763164691861506,NA
9880139,78,t͡ʃ ø ɟ ø z,5,-26.083819330183616,NA,-Inf,NA,-21.52261786831054,NA,1.069838381124956,NA,1.0699952387320184,NA,1.0017666031757022,NA,1.0018897030116924,NA
9880139,75,h a ʒ i z,5,-18.940586263929728,NA,-16.033624750362595,NA,-16.176584461461953,NA,1.4424736309368726,NA,1.4419758181306943,NA,1.029251961469784,NA,1.0278844545484396,NA
9880139,23,b o ʒ ɯ ʒ,5,-23.550529799079456,NA,-Inf,NA,-24.723680424475265,NA,1.1847241528742682,NA,1.1846836525864934,NA,1.0074750485138266,NA,1.007300128463721,NA
9880139,24,b o ʒ u z,5,-21.370274141785384,NA,-17.449334712896025,NA,-17.52465638865124,NA,1.1916820725344242,NA,1.1916245129596132,NA,1.009300937004208,NA,1.0090117245270502,NA
9880139,63,k ɯ ɾ i n,5,-14.682152744236394,NA,-12.37822264154962,NA,-12.400758782495078,NA,1.4897929801932763,NA,1.4891922342093775,NA,1.0573621548079215,NA,1.054404034344128,NA
9872014,58,t͡ʃ ø ɟ y z,5,-24.87512157612903,NA,-22.11753265394216,NA,-21.28303150118376,NA,1.0902953872221697,NA,1.090415010076083,NA,1.0022148482989617,NA,1.00231031519471,NA
9872014,14,v ɯ ʒ u v,5,-21.86808593813512,NA,-Inf,NA,-26.703531252513827,NA,1.126951629435814,NA,1.1270081147295898,NA,1.000727269349632,NA,1.000902377044206,NA
9872014,67,m y ɾ i ɾ,5,-15.182460061139956,NA,-12.93841945288009,NA,-12.964678761998291,NA,1.495928832346916,NA,1.4953164266216838,NA,1.0626490882923791,NA,1.0594042295798347,NA
9872014,59,t i m y ɾ,5,-15.294846811552397,NA,-13.660054019068708,NA,-13.685647803861627,NA,1.3091233520227514,NA,1.3088432638048708,NA,1.0122665021223751,NA,1.011794088919323,NA
9872014,27,b i ʒ a ʒ,5,-21.12842071217421,NA,-20.462820259132272,NA,-20.59539447720862,NA,1.344139167411924,NA,1.3438104200605814,NA,1.013475717377768,NA,1.0129733469207105,NA
9872014,38,g u ʒ i ʒ,5,-23.367105446041258,NA,-22.71019322061325,NA,-22.662694231245467,NA,1.214496991418963,NA,1.2143994984214512,NA,1.0018219484717603,NA,1.001942235984122,NA
9872014,72,m y z a ʒ,5,-19.26885615927756,NA,-16.145731724613096,NA,-16.288993267502523,NA,1.397336491187185,NA,1.3969153080698635,NA,1.0416189337331847,NA,1.0396162450988709,NA
9872014,98,t i t e n,5,-13.939688353962891,NA,-13.031948462442172,NA,-13.050716201785225,NA,1.4094012502297124,NA,1.4089409685681276,NA,1.034895013822322,NA,1.0331065768439232,NA
9872014,23,ɫ o t o s,5,-16.650452551067872,NA,-19.86130929042026,NA,-19.87178226056184,NA,1.1968532583423572,NA,1.1967836503746367,NA,1.0076982350654493,NA,1.0074960391662156,NA
9872014,23,l y v ø h,5,-22.081365336981623,NA,-Inf,NA,-30.783197051114545,NA,1.123537673674444,NA,1.123602990586653,NA,1.0013626948653658,NA,1.0015085655369462,NA
9872014,3,d ɯ ʒ a ʒ,5,-21.716795206882775,NA,-Inf,NA,-23.190543246412652,NA,1.298705256665564,NA,1.2984551045728236,NA,1.0026417382010682,NA,1.002708745557405,NA
9872014,75,n u c ø c,5,-24.807625490627537,NA,-Inf,NA,-31.30367927011791,NA,1.090233002361394,NA,1.0903607082649016,NA,1.000704421139502,NA,1.0008852996567954,NA
9872014,74,n e p y j,5,-16.98879234295367,NA,-21.717938967258256,NA,-21.69222912574372,NA,1.2636746444640563,NA,1.2634932080325365,NA,1.0096114935791205,NA,1.0093200333401624,NA
9872014,28,ɟ y ʒ i l,5,-25.474223572256346,NA,-26.086164584076812,NA,-25.658577276474528,NA,1.194726574470686,NA,1.1946604814688004,NA,1.001869088084923,NA,1.001974463736933,NA
9872014,84,m e t ø ɾ,5,-16.305709239281132,NA,-14.332928742029557,NA,-14.370439435773992,NA,1.415624745175706,NA,1.415162037061878,NA,1.0262030905848891,NA,1.0250322748512253,NA
9872014,16,l e l ø c,5,-23.921630741113155,NA,-Inf,NA,-32.749337306429,NA,1.1941895614424562,NA,1.1941372749111134,NA,1.0030524364984192,NA,1.0031089785467553,NA
9872014,56,c ø j a ʒ,5,-23.630776844730175,NA,-Inf,NA,-22.239940954309937,NA,1.2565841996509106,NA,1.2564064248544844,NA,1.012129479451536,NA,1.0116719887342391,NA
9872014,37,k a t ø ɾ,5,-15.581196584717304,NA,-14.400670214601377,NA,-14.436010397238292,NA,1.5237210169792808,NA,1.5230713014199444,NA,1.059134654867906,NA,1.0562306009407805,NA
9872014,36,k o ɫ ɯ ɾ,5,-15.746838565630412,NA,-13.10667453460241,NA,-13.133460503117467,NA,1.3892399649311546,NA,1.3888182062736574,NA,1.0364363220655193,NA,1.0346301929585895,NA
9872014,3,l i l i v,5,-19.457588243664848,NA,-29.20991366924059,NA,-28.687492054822933,NA,1.2303966335406769,NA,1.2302676592286446,NA,1.003298594196525,NA,1.0033275292550925,NA
9872014,75,v ø ʒ ɯ h,5,-23.024241178401727,NA,-Inf,NA,-30.45570700382361,NA,1.1036756719502918,NA,1.1037711769871554,NA,1.0001956309096838,NA,1.000401295176374,NA
9872014,0,b e ɟ e ʒ,5,-22.756632689956056,NA,-Inf,NA,-24.058032387919113,NA,1.345476034124718,NA,1.3451525821532777,NA,1.0127182103550003,NA,1.0122651834486156,NA
9872014,27,ɟ y ʒ u ʒ,5,-27.80853684728006,NA,-29.28500826667853,NA,-28.708564247230676,NA,1.1164047641696466,NA,1.1164832975278336,NA,1.0001090155892292,NA,1.0003211623361203,NA
9872014,41,d͡ʒ o c ø c,5,-26.257085578225187,NA,-Inf,NA,-31.597534878858212,NA,1.087742629560516,NA,1.0878746424072625,NA,1.0005961022486871,NA,1.000782672398996,NA
9872014,68,ɟ i ɟ ø c,5,-29.71307202815976,NA,-Inf,NA,-34.785338500309926,NA,1.0897985812994395,NA,1.0899270408894737,NA,1.0001090155892292,NA,1.0003211623361203,NA
9872014,71,n ɯ c i c,5,-22.207490302969337,NA,-Inf,NA,-31.27784518309206,NA,1.190125320458985,NA,1.1900702225959,NA,1.000651008188583,NA,1.0008314338114397,NA
9872014,65,p o c y z,5,-22.132396809934985,NA,-Inf,NA,-22.792875288841223,NA,1.1404551220852177,NA,1.1404879493119304,NA,1.0044867211475823,NA,1.0044629596393846,NA
9872014,2,g ɯ ʃ e ʒ,5,-20.680133976363813,NA,-18.215759687198577,NA,-18.34658379874023,NA,1.2236976698046218,NA,1.2235845791944204,NA,1.0074075246463592,NA,1.007225242015273,NA
9872014,34,z a ʒ o h,5,-20.01616939621291,NA,-23.3231454652614,NA,-23.200842055018715,NA,1.3161703693104103,NA,1.3159010409835006,NA,1.0043869150779896,NA,1.0043743138247614,NA
9872014,39,d͡ʒ o ʒ u ʒ,5,-24.29401030874191,NA,-24.243601785484508,NA,-24.17251025107207,NA,1.127716441668515,NA,1.127775417851205,NA,1.0007051178379167,NA,1.0008859248512416,NA
9872014,40,ɟ y ɟ e c,5,-28.306538947779316,NA,-Inf,NA,-32.95524219839198,NA,1.1788422801113725,NA,1.1788073260166032,NA,1.0007066108268936,NA,1.0008808204183293,NA
9872014,72,n y n u s,5,-16.715340873276865,NA,-20.662916646783795,NA,-20.659392548169652,NA,1.2376893062998182,NA,1.237547081745812,NA,1.0108372213398642,NA,1.0104573725021138,NA
9872014,68,g ɯ ʃ ø z,5,-20.868114892104145,NA,-17.68946998702973,NA,-17.66557104382508,NA,1.1365191714352605,NA,1.1365603636332933,NA,1.0043221992368574,NA,1.0043105088894526,NA
9872014,38,g ɯ k o ʒ,5,-20.74619112225676,NA,-16.915237145151256,NA,-17.041707617482654,NA,1.1737865511481944,NA,1.1737670683301502,NA,1.0095969845870632,NA,1.0093013998750595,NA
9872014,33,ɟ i ʒ ɯ ʒ,5,-26.41709941367645,NA,-Inf,NA,-33.307818772675844,NA,1.1410997399260654,NA,1.1411346658902664,NA,1.0003270467676877,NA,1.0005276672406118,NA
9872014,63,k a k u ɾ,5,-14.067811152368842,NA,-12.708404717891712,NA,-12.729721104711002,NA,1.5578537830579977,NA,1.5571414460631403,NA,1.0749244666982,NA,1.071116634968564,NA
9872014,69,m y m y ɾ,5,-16.704255115308886,NA,-13.020817250140125,NA,-13.053521821836997,NA,1.3152884044924409,NA,1.3149976658456903,NA,1.0360942196571266,NA,1.0343698974546898,NA
9872014,98,t i k a n,5,-13.448013540026771,NA,-12.360180704819967,NA,-12.378790372777791,NA,1.4875821102169142,NA,1.486979033124867,NA,1.045676820009706,NA,1.0431959745683663,NA
9872014,77,m y k o ʒ,5,-19.93043596815668,NA,-16.300780365266558,NA,-16.417412400213216,NA,1.2520745572399474,NA,1.2519196738829383,NA,1.0326605479495878,NA,1.031153503453037,NA
9872014,74,n u ʒ ɯ ʒ,5,-22.62968325066944,NA,-Inf,NA,-29.197550883061453,NA,1.14000794273881,NA,1.140044772486502,NA,1.0008134367287314,NA,1.0009885521090411,NA
9872014,18,l e ʒ ɯ ʒ,5,-23.42246110699022,NA,-Inf,NA,-31.37937590764058,NA,1.2326268805400291,NA,1.2325034590587125,NA,1.000599585740761,NA,1.000785798371226,NA
9872014,72,n i l i s,5,-16.529383592794712,NA,-21.972909806953865,NA,-21.72458759793683,NA,1.262837912142731,NA,1.2626465045153608,NA,1.0115151948241032,NA,1.0110619225343378,NA
9872014,45,f u ʒ a ʒ,5,-22.57009892571624,NA,-23.084878726681055,NA,-23.104809642140214,NA,1.283281237699766,NA,1.283057751040734,NA,1.0022636671308394,NA,1.002350487946775,NA
9872014,72,k a n i n,5,-13.587711962107177,NA,-12.244157249014869,NA,-12.2628318923973,NA,1.6359797029730567,NA,1.6351267738613084,NA,1.0856556606918544,NA,1.0812238961757654,NA
9872014,42,t͡ʃ ø j u ʒ,5,-22.924149578450105,NA,-20.79768766887971,NA,-20.742784223544646,NA,1.135233466329589,NA,1.13527898588403,NA,1.004608462527747,NA,1.0045783180618666,NA
9872014,2,b o ʒ a ʒ,5,-22.204003844457393,NA,-19.321037408784147,NA,-19.52975317079178,NA,1.3229086648122703,NA,1.3226166484342836,NA,1.008762800579713,NA,1.0085081234147557,NA
9872014,5,b i j u ʒ,5,-19.982779180288727,NA,-18.35629998851609,NA,-18.296720384198927,NA,1.2375249433170086,NA,1.237393515128245,NA,1.019368047964322,NA,1.0185609454976876,NA
9872014,32,g a d͡ʒ ɯ ʃ,5,-18.1433036565909,NA,-15.499386284508248,NA,-15.553373615329928,NA,1.387167586098868,NA,1.3867697858340529,NA,1.015460105386242,NA,1.014803618740054,NA
9872014,40,ɟ ø c e c,5,-28.397206327308695,NA,-Inf,NA,-33.97421042400016,NA,1.1292419818961106,NA,1.1292928245120586,NA,1.000652103032279,NA,1.0008291941922065,NA
9872014,63,n u t i v,5,-16.447775065614174,NA,-21.189892153387195,NA,-21.184203947153694,NA,1.2797613550678195,NA,1.27954636548282,NA,1.0249284051823029,NA,1.0237745264935774,NA
9872014,45,t͡ʃ ø v a n,5,-18.701602767562907,NA,-15.100178717825774,NA,-15.129210912490072,NA,1.3444722505099906,NA,1.3441170867989016,NA,1.0395669313903486,NA,1.0374122129692265,NA
9872014,42,ɟ y ɟ ø c,5,-30.88964249128854,NA,-Inf,NA,-34.02337567467023,NA,1.0749047338124378,NA,1.0750589613046984,NA,1.0000545077946146,NA,1.0002695361099974,NA
9872014,2,b u z e ʒ,5,-20.09685568317635,NA,-17.84329781622566,NA,-17.964161616964663,NA,1.276667630723205,NA,1.2764627987655124,NA,1.0139315296225708,NA,1.0134023197983453,NA
9872014,45,g o ɟ i ʒ,5,-24.90517828366109,NA,-25.463316038560684,NA,-25.0238451006757,NA,1.213844639629624,NA,1.21374827950693,NA,1.001203603704403,NA,1.001357562313273,NA
9872014,26,v ø l i v,5,-21.2450194600926,NA,-Inf,NA,-31.53443408186967,NA,1.1757448274064406,NA,1.1757104148958002,NA,1.0014998369742418,NA,1.0016238637930377,NA
9872014,64,n i n u v,5,-16.587473487694577,NA,-20.74289718035614,NA,-20.73475916364208,NA,1.2346503203991448,NA,1.234519670994152,NA,1.015385861708921,NA,1.0147833558081725,NA
9872014,2,b u ɟ y ʒ,5,-25.21776219641355,NA,-24.02607612181347,NA,-23.4120433072708,NA,1.1548681109073993,NA,1.1548819472629457,NA,1.0073371474025232,NA,1.007168032552784,NA
9872014,21,l i v ø h,5,-20.904794873852836,NA,-Inf,NA,-30.017786917374448,NA,1.1384315211614455,NA,1.138471070171428,NA,1.0021258039899703,NA,1.0022313327026664,NA
9872014,72,k o ɾ a n,5,-14.411209921897514,NA,-12.294347060400495,NA,-12.318134780608212,NA,1.5780166675354677,NA,1.5772563021989838,NA,1.0788840359427352,NA,1.0746155597877969,NA
9872014,96,n ø m o s,5,-18.203872787484933,NA,-22.19842578179625,NA,-22.165436338076113,NA,1.1411016056561956,NA,1.141128679586091,NA,1.0035204518715182,NA,1.0035409822204415,NA
9872014,87,m a k a n,5,-13.008346846234591,NA,-11.28043634275908,NA,-11.300021336865491,NA,1.6891002822706591,NA,1.6881485735739905,NA,1.0828270821289048,NA,1.078388901097211,NA
9872014,13,b u j u ʒ,5,-20.87166757096573,NA,-19.733680700888875,NA,-19.668499765417735,NA,1.2165652379443916,NA,1.21647007222167,NA,1.0105687883162064,NA,1.0102253180186327,NA
9872014,45,g ɯ d͡ʒ i l,5,-19.64465247954083,NA,-16.929800719720177,NA,-16.98778054263725,NA,1.223765991720176,NA,1.2236495458961485,NA,1.0081634508787554,NA,1.007928985502199,NA
9872014,96,z o ɟ i t,5,-20.9589136182378,NA,-22.968824668964604,NA,-22.49812583794652,NA,1.2408518651515077,NA,1.2406922707790116,NA,1.0084540930642174,NA,1.0081503933184568,NA
9872014,70,n ɯ t y j,5,-16.745705986388092,NA,-22.3564259100322,NA,-22.34000437551107,NA,1.1865969150263898,NA,1.1865483757315416,NA,1.0045937259415338,NA,1.0045620755887812,NA
9872014,3,b u ʒ u ʒ,5,-23.578702027948104,NA,-22.55607533141792,NA,-22.360285906391308,NA,1.1751938218318876,NA,1.175170692528559,NA,1.0072042512867905,NA,1.0070435603192218,NA
9872014,5,b e v a ʒ,5,-18.887323500746025,NA,-15.872593466040806,NA,-16.021901122917775,NA,1.460613178860639,NA,1.460082582720464,NA,1.0349086258500086,NA,1.033249828288036,NA
9872014,14,l e m i m,5,-16.284865608541942,NA,-21.681059717316177,NA,-21.31860352956532,NA,1.380102008877493,NA,1.3797039565377944,NA,1.023384257708429,NA,1.022273629864209,NA
9872014,66,n ɯ m ø h,5,-18.510789566710663,NA,-25.526286904340548,NA,-25.20620087924542,NA,1.139300164226838,NA,1.1393380184036568,NA,1.0014200635832908,NA,1.0015627469235224,NA
9872014,34,ɟ ø ɟ i n,5,-26.154797849000957,NA,-Inf,NA,-25.981965253358386,NA,1.207646283033087,NA,1.2075351451808032,NA,1.0123140448014616,NA,1.0117616811066352,NA
9872014,7,b i j o ʒ,5,-20.1694739218949,NA,-16.17150934468403,NA,-16.29228988361789,NA,1.2161562043575238,NA,1.2160636704095142,NA,1.0185949627078428,NA,1.0178290236238705,NA
9872014,73,n ɯ ʒ a v,5,-19.02502844047022,NA,-Inf,NA,-25.556872791643976,NA,1.278077157040375,NA,1.277858856769651,NA,1.005851378448144,NA,1.0057071346124649,NA
9872014,13,ɫ a m i v,5,-15.108322670255824,NA,-19.84096460834095,NA,-19.840167964977656,NA,1.45267848057084,NA,1.452164539040134,NA,1.022668785041178,NA,1.0216640887099704,NA
9872014,34,g a ɟ e ʒ,5,-22.959255290632175,NA,-Inf,NA,-23.771850826744977,NA,1.408639434555404,NA,1.4082066800608468,NA,1.0072505448133169,NA,1.0070846951102934,NA
9872014,8,ɫ a ɾ u j,5,-14.988213898012642,NA,-18.225237785879074,NA,-18.23265340120377,NA,1.4806633127456936,NA,1.48010342214873,NA,1.0515741074637193,NA,1.0490474569155095,NA
9872014,30,g ɯ d͡ʒ u z,5,-19.58384312679565,NA,-16.64152559173808,NA,-16.684403427045364,NA,1.1622032293487097,NA,1.1621965111059591,NA,1.0059499347177645,NA,1.0058336162439705,NA
9872014,6,l e l i c,5,-21.536362523929785,NA,-31.435382275761945,NA,-30.66420479306158,NA,1.3050220875123175,NA,1.3047680695189283,NA,1.0033784880145589,NA,1.0034146207009211,NA
9872014,38,k o n ø ɾ,5,-17.468982673500772,NA,-15.665847293331234,NA,-15.67041392566706,NA,1.3263918658517442,NA,1.3260835017678103,NA,1.0230245152622903,NA,1.0220198569868446,NA
9872014,66,c ø d ø l,5,-25.273737592608967,NA,-Inf,NA,-27.063517981829783,NA,1.0636055587079187,NA,1.0637759789037924,NA,1.0001114910985065,NA,1.0003233777080158,NA
9872014,68,n u t a s,5,-14.726567453647792,NA,-18.016363167590757,NA,-18.02466558703151,NA,1.375248465052452,NA,1.3748549722517678,NA,1.0268849669602398,NA,1.0255614198293237,NA
9872014,35,ɟ ø c ø c,5,-30.98030987081792,NA,-Inf,NA,-35.04234390027842,NA,1.025304435597176,NA,1.0255444598001535,NA,1,1,1.0002179098838746,1
9872014,28,ɫ o c e c,5,-22.400319377835324,NA,-Inf,NA,-30.01158029879595,NA,1.185129721117138,NA,1.185083880443854,NA,1.0027646697523702,NA,1.0028307383165231,NA
9872014,16,l e g o h,5,-19.527053505632765,NA,-27.75113638166346,NA,-27.308708531329852,NA,1.2198662238523628,NA,1.2197634326360676,NA,1.0014568108084176,NA,1.0015956377134012,NA
9872014,6,b e ʒ a ʒ,5,-20.93058538584836,NA,-19.48837816175328,NA,-19.69732468362156,NA,1.4303068450549048,NA,1.4298290186764984,NA,1.014235691359507,NA,1.013693300711423,NA
9872014,25,l y g ɯ ʒ,5,-22.883384054348497,NA,-Inf,NA,-31.210086947359827,NA,1.1381062907638022,NA,1.1381463270545598,NA,1.0003964076179663,NA,1.000592585698109,NA
9872014,75,n e n u v,5,-16.389638161368726,NA,-20.325068448436717,NA,-20.31731129385749,NA,1.3208179980421255,NA,1.320538269610069,NA,1.0235487936312362,NA,1.0225154110321275,NA
9872014,8,f u m o ʒ,5,-21.086399553296257,NA,-19.904477032559072,NA,-20.00660012235896,NA,1.162493303534497,NA,1.16249350220586,NA,1.0069418990854422,NA,1.006788724097161,NA
9872014,21,ɫ a n y j,5,-15.527981142957266,NA,-20.048631415631327,NA,-20.029886559218973,NA,1.394546693721347,NA,1.394138324722925,NA,1.0266470238072245,NA,1.0254534974166822,NA
9872014,45,t͡ʃ ø j u z,5,-20.529026950681207,NA,-17.342610045374,NA,-17.381051887526098,NA,1.151992514259162,NA,1.1520031350348077,NA,1.0064343510181284,NA,1.0062899141251958,NA
9872014,75,n ɯ ʒ ɯ v,5,-20.37155439509228,NA,-Inf,NA,-29.078542120513493,NA,1.1398926451023728,NA,1.1399258609218608,NA,1.0003901669756716,NA,1.0005869200881068,NA
9872014,18,l y g a v,5,-19.4935962146241,NA,-Inf,NA,-27.80790591371226,NA,1.2871157130376376,NA,1.2868816916145254,NA,1.008373111461021,NA,1.0080891173681017,NA
9872014,26,ɫ a g a v,5,-15.754122332862629,NA,-20.553058174302627,NA,-20.559783658839276,NA,1.4882072475199175,NA,1.487625321159881,NA,1.011899048999812,NA,1.011429504802159,NA
9872014,4,b e v u z,5,-18.05359379807402,NA,-15.116452617134565,NA,-15.154527759561976,NA,1.3293865865827923,NA,1.3290904472457938,NA,1.027526083033521,NA,1.0262694472757412,NA
9872014,34,f u c ø c,5,-26.0945671202964,NA,-Inf,NA,-30.40486528288016,NA,1.0953217853843475,NA,1.0954406909713434,NA,1.0008668994757235,NA,1.001039240543495,NA
9872014,29,b a ɟ ø z,5,-22.46994439760235,NA,-Inf,NA,-18.968121900756447,NA,1.3525891302094293,NA,1.3522568267997628,NA,1.0208335147527232,NA,1.0199546011622187,NA
9872014,33,j o b u ʒ,5,-21.05836231257191,NA,-20.278068086553,NA,-20.20804314631168,NA,1.1710790683578258,NA,1.171062773355354,NA,1.0066664843883977,NA,1.006528208768726,NA
9872070,65,n y n u s,5,-16.715340873276865,NA,-20.662916646783795,NA,-20.659392548169652,NA,1.2376893062998182,NA,1.237547081745812,NA,1.0108372213398642,NA,1.0104573725021138,NA
9872070,21,g a ɟ e ʒ,5,-22.959255290632175,NA,-Inf,NA,-23.771850826744977,NA,1.408639434555404,NA,1.4082066800608468,NA,1.0072505448133169,NA,1.0070846951102934,NA
9872070,60,ɫ a ɾ u j,5,-14.988213898012642,NA,-18.225237785879074,NA,-18.23265340120377,NA,1.4806633127456936,NA,1.48010342214873,NA,1.0515741074637193,NA,1.0490474569155095,NA
9872070,34,b i j o ʒ,5,-20.1694739218949,NA,-16.17150934468403,NA,-16.29228988361789,NA,1.2161562043575238,NA,1.2160636704095142,NA,1.0185949627078428,NA,1.0178290236238705,NA
9872070,89,t i t e n,5,-13.939688353962891,NA,-13.031948462442172,NA,-13.050716201785225,NA,1.4094012502297124,NA,1.4089409685681276,NA,1.034895013822322,NA,1.0331065768439232,NA
9872070,71,n u c ø c,5,-24.807625490627537,NA,-Inf,NA,-31.30367927011791,NA,1.090233002361394,NA,1.0903607082649016,NA,1.000704421139502,NA,1.0008852996567954,NA
9872070,0,n ɯ m ø h,5,-18.510789566710663,NA,-25.526286904340548,NA,-25.20620087924542,NA,1.139300164226838,NA,1.1393380184036568,NA,1.0014200635832908,NA,1.0015627469235224,NA
9872070,72,n i n u v,5,-16.587473487694577,NA,-20.74289718035614,NA,-20.73475916364208,NA,1.2346503203991448,NA,1.234519670994152,NA,1.015385861708921,NA,1.0147833558081725,NA
9872070,81,m y z a ʒ,5,-19.26885615927756,NA,-16.145731724613096,NA,-16.288993267502523,NA,1.397336491187185,NA,1.3969153080698635,NA,1.0416189337331847,NA,1.0396162450988709,NA
9872070,5,f u ʒ a ʒ,5,-22.57009892571624,NA,-23.084878726681055,NA,-23.104809642140214,NA,1.283281237699766,NA,1.283057751040734,NA,1.0022636671308394,NA,1.002350487946775,NA
9872070,36,ɟ y ɟ e c,5,-28.306538947779316,NA,-Inf,NA,-32.95524219839198,NA,1.1788422801113725,NA,1.1788073260166032,NA,1.0007066108268936,NA,1.0008808204183293,NA
9872070,75,c ø j a ʒ,5,-23.630776844730175,NA,-Inf,NA,-22.239940954309937,NA,1.2565841996509106,NA,1.2564064248544844,NA,1.012129479451536,NA,1.0116719887342391,NA
9872070,72,c ø d ø l,5,-25.273737592608967,NA,-Inf,NA,-27.063517981829783,NA,1.0636055587079187,NA,1.0637759789037924,NA,1.0001114910985065,NA,1.0003233777080158,NA
9872070,65,ɟ ø c ø c,5,-30.98030987081792,NA,-Inf,NA,-35.04234390027842,NA,1.025304435597176,NA,1.0255444598001535,NA,1,1,1.0002179098838746,1
9872070,84,t i m y ɾ,5,-15.294846811552397,NA,-13.660054019068708,NA,-13.685647803861627,NA,1.3091233520227514,NA,1.3088432638048708,NA,1.0122665021223751,NA,1.011794088919323,NA
9872070,8,n ɯ ʒ a v,5,-19.02502844047022,NA,-Inf,NA,-25.556872791643976,NA,1.278077157040375,NA,1.277858856769651,NA,1.005851378448144,NA,1.0057071346124649,NA
9872070,26,f u m o ʒ,5,-21.086399553296257,NA,-19.904477032559072,NA,-20.00660012235896,NA,1.162493303534497,NA,1.16249350220586,NA,1.0069418990854422,NA,1.006788724097161,NA
9872070,91,l e m i m,5,-16.284865608541942,NA,-21.681059717316177,NA,-21.31860352956532,NA,1.380102008877493,NA,1.3797039565377944,NA,1.023384257708429,NA,1.022273629864209,NA
9872070,14,ɟ y ʒ i l,5,-25.474223572256346,NA,-26.086164584076812,NA,-25.658577276474528,NA,1.194726574470686,NA,1.1946604814688004,NA,1.001869088084923,NA,1.001974463736933,NA
9872070,31,v ø l i v,5,-21.2450194600926,NA,-Inf,NA,-31.53443408186967,NA,1.1757448274064406,NA,1.1757104148958002,NA,1.0014998369742418,NA,1.0016238637930377,NA
9872070,26,t͡ʃ ø j u ʒ,5,-22.924149578450105,NA,-20.79768766887971,NA,-20.742784223544646,NA,1.135233466329589,NA,1.13527898588403,NA,1.004608462527747,NA,1.0045783180618666,NA
9872070,30,m y k o ʒ,5,-19.93043596815668,NA,-16.300780365266558,NA,-16.417412400213216,NA,1.2520745572399474,NA,1.2519196738829383,NA,1.0326605479495878,NA,1.031153503453037,NA
9872070,28,l e g o h,5,-19.527053505632765,NA,-27.75113638166346,NA,-27.308708531329852,NA,1.2198662238523628,NA,1.2197634326360676,NA,1.0014568108084176,NA,1.0015956377134012,NA
9872070,23,d͡ʒ o c ø c,5,-26.257085578225187,NA,-Inf,NA,-31.597534878858212,NA,1.087742629560516,NA,1.0878746424072625,NA,1.0005961022486871,NA,1.000782672398996,NA
9872070,23,b i ʒ a ʒ,5,-21.12842071217421,NA,-20.462820259132272,NA,-20.59539447720862,NA,1.344139167411924,NA,1.3438104200605814,NA,1.013475717377768,NA,1.0129733469207105,NA
9872070,22,ɟ i ʒ ɯ ʒ,5,-26.41709941367645,NA,-Inf,NA,-33.307818772675844,NA,1.1410997399260654,NA,1.1411346658902664,NA,1.0003270467676877,NA,1.0005276672406118,NA
9872070,19,g ɯ ʃ ø z,5,-20.868114892104145,NA,-17.68946998702973,NA,-17.66557104382508,NA,1.1365191714352605,NA,1.1365603636332933,NA,1.0043221992368574,NA,1.0043105088894526,NA
9872070,66,ɟ y ɟ ø c,5,-30.88964249128854,NA,-Inf,NA,-34.02337567467023,NA,1.0749047338124378,NA,1.0750589613046984,NA,1.0000545077946146,NA,1.0002695361099974,NA
9872070,21,n ɯ ʒ ɯ v,5,-20.37155439509228,NA,-Inf,NA,-29.078542120513493,NA,1.1398926451023728,NA,1.1399258609218608,NA,1.0003901669756716,NA,1.0005869200881068,NA
9872070,100,t i k a n,5,-13.448013540026771,NA,-12.360180704819967,NA,-12.378790372777791,NA,1.4875821102169142,NA,1.486979033124867,NA,1.045676820009706,NA,1.0431959745683663,NA
9872070,31,n ɯ c i c,5,-22.207490302969337,NA,-Inf,NA,-31.27784518309206,NA,1.190125320458985,NA,1.1900702225959,NA,1.000651008188583,NA,1.0008314338114397,NA
9872070,33,ɟ y ʒ u ʒ,5,-27.80853684728006,NA,-29.28500826667853,NA,-28.708564247230676,NA,1.1164047641696466,NA,1.1164832975278336,NA,1.0001090155892292,NA,1.0003211623361203,NA
9872070,69,b e v a ʒ,5,-18.887323500746025,NA,-15.872593466040806,NA,-16.021901122917775,NA,1.460613178860639,NA,1.460082582720464,NA,1.0349086258500086,NA,1.033249828288036,NA
9872070,86,ɫ o c e c,5,-22.400319377835324,NA,-Inf,NA,-30.01158029879595,NA,1.185129721117138,NA,1.185083880443854,NA,1.0027646697523702,NA,1.0028307383165231,NA
9872070,76,m y ɾ i ɾ,5,-15.182460061139956,NA,-12.93841945288009,NA,-12.964678761998291,NA,1.495928832346916,NA,1.4953164266216838,NA,1.0626490882923791,NA,1.0594042295798347,NA
9872070,28,l y v ø h,5,-22.081365336981623,NA,-Inf,NA,-30.783197051114545,NA,1.123537673674444,NA,1.123602990586653,NA,1.0013626948653658,NA,1.0015085655369462,NA
9872070,40,t͡ʃ ø ɟ y z,5,-24.87512157612903,NA,-22.11753265394216,NA,-21.28303150118376,NA,1.0902953872221697,NA,1.090415010076083,NA,1.0022148482989617,NA,1.00231031519471,NA
9872070,67,ɟ ø c e c,5,-28.397206327308695,NA,-Inf,NA,-33.97421042400016,NA,1.1292419818961106,NA,1.1292928245120586,NA,1.000652103032279,NA,1.0008291941922065,NA
9872070,0,v ø ʒ ɯ h,5,-23.024241178401727,NA,-Inf,NA,-30.45570700382361,NA,1.1036756719502918,NA,1.1037711769871554,NA,1.0001956309096838,NA,1.000401295176374,NA
9872070,68,ɟ i ɟ ø c,5,-29.71307202815976,NA,-Inf,NA,-34.785338500309926,NA,1.0897985812994395,NA,1.0899270408894737,NA,1.0001090155892292,NA,1.0003211623361203,NA
9872070,100,b e v u z,5,-18.05359379807402,NA,-15.116452617134565,NA,-15.154527759561976,NA,1.3293865865827923,NA,1.3290904472457938,NA,1.027526083033521,NA,1.0262694472757412,NA
9872070,100,k o ɾ a n,5,-14.411209921897514,NA,-12.294347060400495,NA,-12.318134780608212,NA,1.5780166675354677,NA,1.5772563021989838,NA,1.0788840359427352,NA,1.0746155597877969,NA
9872070,22,d͡ʒ o ʒ u ʒ,5,-24.29401030874191,NA,-24.243601785484508,NA,-24.17251025107207,NA,1.127716441668515,NA,1.127775417851205,NA,1.0007051178379167,NA,1.0008859248512416,NA
9872070,36,f u c ø c,5,-26.0945671202964,NA,-Inf,NA,-30.40486528288016,NA,1.0953217853843475,NA,1.0954406909713434,NA,1.0008668994757235,NA,1.001039240543495,NA
9872070,85,b u z e ʒ,5,-20.09685568317635,NA,-17.84329781622566,NA,-17.964161616964663,NA,1.276667630723205,NA,1.2764627987655124,NA,1.0139315296225708,NA,1.0134023197983453,NA
9872070,100,l e l i c,5,-21.536362523929785,NA,-31.435382275761945,NA,-30.66420479306158,NA,1.3050220875123175,NA,1.3047680695189283,NA,1.0033784880145589,NA,1.0034146207009211,NA
9872070,67,n u t i v,5,-16.447775065614174,NA,-21.189892153387195,NA,-21.184203947153694,NA,1.2797613550678195,NA,1.27954636548282,NA,1.0249284051823029,NA,1.0237745264935774,NA
9872070,24,g ɯ d͡ʒ i l,5,-19.64465247954083,NA,-16.929800719720177,NA,-16.98778054263725,NA,1.223765991720176,NA,1.2236495458961485,NA,1.0081634508787554,NA,1.007928985502199,NA
9872070,75,t͡ʃ ø j u z,5,-20.529026950681207,NA,-17.342610045374,NA,-17.381051887526098,NA,1.151992514259162,NA,1.1520031350348077,NA,1.0064343510181284,NA,1.0062899141251958,NA
9872070,4,g o ɟ i ʒ,5,-24.90517828366109,NA,-25.463316038560684,NA,-25.0238451006757,NA,1.213844639629624,NA,1.21374827950693,NA,1.001203603704403,NA,1.001357562313273,NA
9872070,10,n u ʒ ɯ ʒ,5,-22.62968325066944,NA,-Inf,NA,-29.197550883061453,NA,1.14000794273881,NA,1.140044772486502,NA,1.0008134367287314,NA,1.0009885521090411,NA
9872070,14,b u ʒ u ʒ,5,-23.578702027948104,NA,-22.55607533141792,NA,-22.360285906391308,NA,1.1751938218318876,NA,1.175170692528559,NA,1.0072042512867905,NA,1.0070435603192218,NA
9872070,32,g ɯ k o ʒ,5,-20.74619112225676,NA,-16.915237145151256,NA,-17.041707617482654,NA,1.1737865511481944,NA,1.1737670683301502,NA,1.0095969845870632,NA,1.0093013998750595,NA
9872070,27,v ɯ ʒ u v,5,-21.86808593813512,NA,-Inf,NA,-26.703531252513827,NA,1.126951629435814,NA,1.1270081147295898,NA,1.000727269349632,NA,1.000902377044206,NA
9872070,70,ɫ a g a v,5,-15.754122332862629,NA,-20.553058174302627,NA,-20.559783658839276,NA,1.4882072475199175,NA,1.487625321159881,NA,1.011899048999812,NA,1.011429504802159,NA
9872070,69,l i l i v,5,-19.457588243664848,NA,-29.20991366924059,NA,-28.687492054822933,NA,1.2303966335406769,NA,1.2302676592286446,NA,1.003298594196525,NA,1.0033275292550925,NA
9872070,71,n e p y j,5,-16.98879234295367,NA,-21.717938967258256,NA,-21.69222912574372,NA,1.2636746444640563,NA,1.2634932080325365,NA,1.0096114935791205,NA,1.0093200333401624,NA
9872070,100,m a k a n,5,-13.008346846234591,NA,-11.28043634275908,NA,-11.300021336865491,NA,1.6891002822706591,NA,1.6881485735739905,NA,1.0828270821289048,NA,1.078388901097211,NA
9872070,65,g ɯ d͡ʒ u z,5,-19.58384312679565,NA,-16.64152559173808,NA,-16.684403427045364,NA,1.1622032293487097,NA,1.1621965111059591,NA,1.0059499347177645,NA,1.0058336162439705,NA
9872070,72,k a t ø ɾ,5,-15.581196584717304,NA,-14.400670214601377,NA,-14.436010397238292,NA,1.5237210169792808,NA,1.5230713014199444,NA,1.059134654867906,NA,1.0562306009407805,NA
9872070,25,g a d͡ʒ ɯ ʃ,5,-18.1433036565909,NA,-15.499386284508248,NA,-15.553373615329928,NA,1.387167586098868,NA,1.3867697858340529,NA,1.015460105386242,NA,1.014803618740054,NA
9872070,69,l y g a v,5,-19.4935962146241,NA,-Inf,NA,-27.80790591371226,NA,1.2871157130376376,NA,1.2868816916145254,NA,1.008373111461021,NA,1.0080891173681017,NA
9872070,55,n ø m o s,5,-18.203872787484933,NA,-22.19842578179625,NA,-22.165436338076113,NA,1.1411016056561956,NA,1.141128679586091,NA,1.0035204518715182,NA,1.0035409822204415,NA
9872070,42,z a ʒ o h,5,-20.01616939621291,NA,-23.3231454652614,NA,-23.200842055018715,NA,1.3161703693104103,NA,1.3159010409835006,NA,1.0043869150779896,NA,1.0043743138247614,NA
9872070,39,j o b u ʒ,5,-21.05836231257191,NA,-20.278068086553,NA,-20.20804314631168,NA,1.1710790683578258,NA,1.171062773355354,NA,1.0066664843883977,NA,1.006528208768726,NA
9872070,34,b i j u ʒ,5,-19.982779180288727,NA,-18.35629998851609,NA,-18.296720384198927,NA,1.2375249433170086,NA,1.237393515128245,NA,1.019368047964322,NA,1.0185609454976876,NA
9872070,71,ɟ ø ɟ i n,5,-26.154797849000957,NA,-Inf,NA,-25.981965253358386,NA,1.207646283033087,NA,1.2075351451808032,NA,1.0123140448014616,NA,1.0117616811066352,NA
9872070,81,m y m y ɾ,5,-16.704255115308886,NA,-13.020817250140125,NA,-13.053521821836997,NA,1.3152884044924409,NA,1.3149976658456903,NA,1.0360942196571266,NA,1.0343698974546898,NA
9872070,100,ɫ o t o s,5,-16.650452551067872,NA,-19.86130929042026,NA,-19.87178226056184,NA,1.1968532583423572,NA,1.1967836503746367,NA,1.0076982350654493,NA,1.0074960391662156,NA
9872070,0,g ɯ ʃ e ʒ,5,-20.680133976363813,NA,-18.215759687198577,NA,-18.34658379874023,NA,1.2236976698046218,NA,1.2235845791944204,NA,1.0074075246463592,NA,1.007225242015273,NA
9872070,74,l e l ø c,5,-23.921630741113155,NA,-Inf,NA,-32.749337306429,NA,1.1941895614424562,NA,1.1941372749111134,NA,1.0030524364984192,NA,1.0031089785467553,NA
9872070,88,n e n u v,5,-16.389638161368726,NA,-20.325068448436717,NA,-20.31731129385749,NA,1.3208179980421255,NA,1.320538269610069,NA,1.0235487936312362,NA,1.0225154110321275,NA
9872070,16,b u j u ʒ,5,-20.87166757096573,NA,-19.733680700888875,NA,-19.668499765417735,NA,1.2165652379443916,NA,1.21647007222167,NA,1.0105687883162064,NA,1.0102253180186327,NA
9872070,100,ɫ a m i v,5,-15.108322670255824,NA,-19.84096460834095,NA,-19.840167964977656,NA,1.45267848057084,NA,1.452164539040134,NA,1.022668785041178,NA,1.0216640887099704,NA
9872070,100,b a ɟ ø z,5,-22.46994439760235,NA,-Inf,NA,-18.968121900756447,NA,1.3525891302094293,NA,1.3522568267997628,NA,1.0208335147527232,NA,1.0199546011622187,NA
9872070,100,k a k u ɾ,5,-14.067811152368842,NA,-12.708404717891712,NA,-12.729721104711002,NA,1.5578537830579977,NA,1.5571414460631403,NA,1.0749244666982,NA,1.071116634968564,NA
9872070,0,b e ʒ a ʒ,5,-20.93058538584836,NA,-19.48837816175328,NA,-19.69732468362156,NA,1.4303068450549048,NA,1.4298290186764984,NA,1.014235691359507,NA,1.013693300711423,NA
9872070,100,k a n i n,5,-13.587711962107177,NA,-12.244157249014869,NA,-12.2628318923973,NA,1.6359797029730567,NA,1.6351267738613084,NA,1.0856556606918544,NA,1.0812238961757654,NA
9872070,100,z o ɟ i t,5,-20.9589136182378,NA,-22.968824668964604,NA,-22.49812583794652,NA,1.2408518651515077,NA,1.2406922707790116,NA,1.0084540930642174,NA,1.0081503933184568,NA
9872070,23,b o ʒ a ʒ,5,-22.204003844457393,NA,-19.321037408784147,NA,-19.52975317079178,NA,1.3229086648122703,NA,1.3226166484342836,NA,1.008762800579713,NA,1.0085081234147557,NA
9872070,67,m e t ø ɾ,5,-16.305709239281132,NA,-14.332928742029557,NA,-14.370439435773992,NA,1.415624745175706,NA,1.415162037061878,NA,1.0262030905848891,NA,1.0250322748512253,NA
9872070,98,k o n ø ɾ,5,-17.468982673500772,NA,-15.665847293331234,NA,-15.67041392566706,NA,1.3263918658517442,NA,1.3260835017678103,NA,1.0230245152622903,NA,1.0220198569868446,NA
9872070,100,n u t a s,5,-14.726567453647792,NA,-18.016363167590757,NA,-18.02466558703151,NA,1.375248465052452,NA,1.3748549722517678,NA,1.0268849669602398,NA,1.0255614198293237,NA
9872070,100,n i l i s,5,-16.529383592794712,NA,-21.972909806953865,NA,-21.72458759793683,NA,1.262837912142731,NA,1.2626465045153608,NA,1.0115151948241032,NA,1.0110619225343378,NA
9872070,27,l i v ø h,5,-20.904794873852836,NA,-Inf,NA,-30.017786917374448,NA,1.1384315211614455,NA,1.138471070171428,NA,1.0021258039899703,NA,1.0022313327026664,NA
9872070,32,d ɯ ʒ a ʒ,5,-21.716795206882775,NA,-Inf,NA,-23.190543246412652,NA,1.298705256665564,NA,1.2984551045728236,NA,1.0026417382010682,NA,1.002708745557405,NA
9872070,0,l e ʒ ɯ ʒ,5,-23.42246110699022,NA,-Inf,NA,-31.37937590764058,NA,1.2326268805400291,NA,1.2325034590587125,NA,1.000599585740761,NA,1.000785798371226,NA
9872070,18,n ɯ t y j,5,-16.745705986388092,NA,-22.3564259100322,NA,-22.34000437551107,NA,1.1865969150263898,NA,1.1865483757315416,NA,1.0045937259415338,NA,1.0045620755887812,NA
9872070,66,p o c y z,5,-22.132396809934985,NA,-Inf,NA,-22.792875288841223,NA,1.1404551220852177,NA,1.1404879493119304,NA,1.0044867211475823,NA,1.0044629596393846,NA
9872070,32,b e ɟ e ʒ,5,-22.756632689956056,NA,-Inf,NA,-24.058032387919113,NA,1.345476034124718,NA,1.3451525821532777,NA,1.0127182103550003,NA,1.0122651834486156,NA
9872070,30,ɫ a n y j,5,-15.527981142957266,NA,-20.048631415631327,NA,-20.029886559218973,NA,1.394546693721347,NA,1.394138324722925,NA,1.0266470238072245,NA,1.0254534974166822,NA
9872070,33,b u ɟ y ʒ,5,-25.21776219641355,NA,-24.02607612181347,NA,-23.4120433072708,NA,1.1548681109073993,NA,1.1548819472629457,NA,1.0073371474025232,NA,1.007168032552784,NA
9872070,25,g u ʒ i ʒ,5,-23.367105446041258,NA,-22.71019322061325,NA,-22.662694231245467,NA,1.214496991418963,NA,1.2143994984214512,NA,1.0018219484717603,NA,1.001942235984122,NA
9872070,0,l y g ɯ ʒ,5,-22.883384054348497,NA,-Inf,NA,-31.210086947359827,NA,1.1381062907638022,NA,1.1381463270545598,NA,1.0003964076179663,NA,1.000592585698109,NA
9872070,71,t͡ʃ ø v a n,5,-18.701602767562907,NA,-15.100178717825774,NA,-15.129210912490072,NA,1.3444722505099906,NA,1.3441170867989016,NA,1.0395669313903486,NA,1.0374122129692265,NA
9872070,37,k o ɫ ɯ ɾ,5,-15.746838565630412,NA,-13.10667453460241,NA,-13.133460503117467,NA,1.3892399649311546,NA,1.3888182062736574,NA,1.0364363220655193,NA,1.0346301929585895,NA
9872421,21,b e ʒ a ʒ,5,-20.93058538584836,NA,-19.48837816175328,NA,-19.69732468362156,NA,1.4303068450549048,NA,1.4298290186764984,NA,1.014235691359507,NA,1.013693300711423,NA
9872421,27,v ø l i v,5,-21.2450194600926,NA,-Inf,NA,-31.53443408186967,NA,1.1757448274064406,NA,1.1757104148958002,NA,1.0014998369742418,NA,1.0016238637930377,NA
9872421,19,b e ɟ e ʒ,5,-22.756632689956056,NA,-Inf,NA,-24.058032387919113,NA,1.345476034124718,NA,1.3451525821532777,NA,1.0127182103550003,NA,1.0122651834486156,NA
9872421,64,ɫ o c e c,5,-22.400319377835324,NA,-Inf,NA,-30.01158029879595,NA,1.185129721117138,NA,1.185083880443854,NA,1.0027646697523702,NA,1.0028307383165231,NA
9872421,75,p o c y z,5,-22.132396809934985,NA,-Inf,NA,-22.792875288841223,NA,1.1404551220852177,NA,1.1404879493119304,NA,1.0044867211475823,NA,1.0044629596393846,NA
9872421,22,j o b u ʒ,5,-21.05836231257191,NA,-20.278068086553,NA,-20.20804314631168,NA,1.1710790683578258,NA,1.171062773355354,NA,1.0066664843883977,NA,1.006528208768726,NA
9872421,18,ɟ y ʒ i l,5,-25.474223572256346,NA,-26.086164584076812,NA,-25.658577276474528,NA,1.194726574470686,NA,1.1946604814688004,NA,1.001869088084923,NA,1.001974463736933,NA
9872421,16,d͡ʒ o ʒ u ʒ,5,-24.29401030874191,NA,-24.243601785484508,NA,-24.17251025107207,NA,1.127716441668515,NA,1.127775417851205,NA,1.0007051178379167,NA,1.0008859248512416,NA
9872421,14,g u ʒ i ʒ,5,-23.367105446041258,NA,-22.71019322061325,NA,-22.662694231245467,NA,1.214496991418963,NA,1.2143994984214512,NA,1.0018219484717603,NA,1.001942235984122,NA
9872421,16,b u ɟ y ʒ,5,-25.21776219641355,NA,-24.02607612181347,NA,-23.4120433072708,NA,1.1548681109073993,NA,1.1548819472629457,NA,1.0073371474025232,NA,1.007168032552784,NA
9872421,60,ɫ a m i v,5,-15.108322670255824,NA,-19.84096460834095,NA,-19.840167964977656,NA,1.45267848057084,NA,1.452164539040134,NA,1.022668785041178,NA,1.0216640887099704,NA
9872421,16,f u m o ʒ,5,-21.086399553296257,NA,-19.904477032559072,NA,-20.00660012235896,NA,1.162493303534497,NA,1.16249350220586,NA,1.0069418990854422,NA,1.006788724097161,NA
9872421,16,l e ʒ ɯ ʒ,5,-23.42246110699022,NA,-Inf,NA,-31.37937590764058,NA,1.2326268805400291,NA,1.2325034590587125,NA,1.000599585740761,NA,1.000785798371226,NA
9872421,17,z a ʒ o h,5,-20.01616939621291,NA,-23.3231454652614,NA,-23.200842055018715,NA,1.3161703693104103,NA,1.3159010409835006,NA,1.0043869150779896,NA,1.0043743138247614,NA
9872421,18,d ɯ ʒ a ʒ,5,-21.716795206882775,NA,-Inf,NA,-23.190543246412652,NA,1.298705256665564,NA,1.2984551045728236,NA,1.0026417382010682,NA,1.002708745557405,NA
9872421,75,m y m y ɾ,5,-16.704255115308886,NA,-13.020817250140125,NA,-13.053521821836997,NA,1.3152884044924409,NA,1.3149976658456903,NA,1.0360942196571266,NA,1.0343698974546898,NA
9872421,17,m y z a ʒ,5,-19.26885615927756,NA,-16.145731724613096,NA,-16.288993267502523,NA,1.397336491187185,NA,1.3969153080698635,NA,1.0416189337331847,NA,1.0396162450988709,NA
9872421,62,g ɯ d͡ʒ u z,5,-19.58384312679565,NA,-16.64152559173808,NA,-16.684403427045364,NA,1.1622032293487097,NA,1.1621965111059591,NA,1.0059499347177645,NA,1.0058336162439705,NA
9872421,38,n u t i v,5,-16.447775065614174,NA,-21.189892153387195,NA,-21.184203947153694,NA,1.2797613550678195,NA,1.27954636548282,NA,1.0249284051823029,NA,1.0237745264935774,NA
9872421,68,n i n u v,5,-16.587473487694577,NA,-20.74289718035614,NA,-20.73475916364208,NA,1.2346503203991448,NA,1.234519670994152,NA,1.015385861708921,NA,1.0147833558081725,NA
9872421,31,b o ʒ a ʒ,5,-22.204003844457393,NA,-19.321037408784147,NA,-19.52975317079178,NA,1.3229086648122703,NA,1.3226166484342836,NA,1.008762800579713,NA,1.0085081234147557,NA
9872421,30,n e p y j,5,-16.98879234295367,NA,-21.717938967258256,NA,-21.69222912574372,NA,1.2636746444640563,NA,1.2634932080325365,NA,1.0096114935791205,NA,1.0093200333401624,NA
9872421,72,l e m i m,5,-16.284865608541942,NA,-21.681059717316177,NA,-21.31860352956532,NA,1.380102008877493,NA,1.3797039565377944,NA,1.023384257708429,NA,1.022273629864209,NA
9872421,70,ɫ a g a v,5,-15.754122332862629,NA,-20.553058174302627,NA,-20.559783658839276,NA,1.4882072475199175,NA,1.487625321159881,NA,1.011899048999812,NA,1.011429504802159,NA
9872421,79,l e l i c,5,-21.536362523929785,NA,-31.435382275761945,NA,-30.66420479306158,NA,1.3050220875123175,NA,1.3047680695189283,NA,1.0033784880145589,NA,1.0034146207009211,NA
9872421,32,b e v a ʒ,5,-18.887323500746025,NA,-15.872593466040806,NA,-16.021901122917775,NA,1.460613178860639,NA,1.460082582720464,NA,1.0349086258500086,NA,1.033249828288036,NA
9872421,68,ɟ ø c ø c,5,-30.98030987081792,NA,-Inf,NA,-35.04234390027842,NA,1.025304435597176,NA,1.0255444598001535,NA,1,1,1.0002179098838746,1
9872421,30,b u ʒ u ʒ,5,-23.578702027948104,NA,-22.55607533141792,NA,-22.360285906391308,NA,1.1751938218318876,NA,1.175170692528559,NA,1.0072042512867905,NA,1.0070435603192218,NA
9872421,70,t͡ʃ ø ɟ y z,5,-24.87512157612903,NA,-22.11753265394216,NA,-21.28303150118376,NA,1.0902953872221697,NA,1.090415010076083,NA,1.0022148482989617,NA,1.00231031519471,NA
9872421,29,l i v ø h,5,-20.904794873852836,NA,-Inf,NA,-30.017786917374448,NA,1.1384315211614455,NA,1.138471070171428,NA,1.0021258039899703,NA,1.0022313327026664,NA
9872421,24,b u j u ʒ,5,-20.87166757096573,NA,-19.733680700888875,NA,-19.668499765417735,NA,1.2165652379443916,NA,1.21647007222167,NA,1.0105687883162064,NA,1.0102253180186327,NA
9872421,76,t͡ʃ ø v a n,5,-18.701602767562907,NA,-15.100178717825774,NA,-15.129210912490072,NA,1.3444722505099906,NA,1.3441170867989016,NA,1.0395669313903486,NA,1.0374122129692265,NA
9872421,23,g o ɟ i ʒ,5,-24.90517828366109,NA,-25.463316038560684,NA,-25.0238451006757,NA,1.213844639629624,NA,1.21374827950693,NA,1.001203603704403,NA,1.001357562313273,NA
9872421,70,t i t e n,5,-13.939688353962891,NA,-13.031948462442172,NA,-13.050716201785225,NA,1.4094012502297124,NA,1.4089409685681276,NA,1.034895013822322,NA,1.0331065768439232,NA
9872421,18,b u z e ʒ,5,-20.09685568317635,NA,-17.84329781622566,NA,-17.964161616964663,NA,1.276667630723205,NA,1.2764627987655124,NA,1.0139315296225708,NA,1.0134023197983453,NA
9872421,22,l y v ø h,5,-22.081365336981623,NA,-Inf,NA,-30.783197051114545,NA,1.123537673674444,NA,1.123602990586653,NA,1.0013626948653658,NA,1.0015085655369462,NA
9872421,99,k o ɾ a n,5,-14.411209921897514,NA,-12.294347060400495,NA,-12.318134780608212,NA,1.5780166675354677,NA,1.5772563021989838,NA,1.0788840359427352,NA,1.0746155597877969,NA
9872421,27,m y k o ʒ,5,-19.93043596815668,NA,-16.300780365266558,NA,-16.417412400213216,NA,1.2520745572399474,NA,1.2519196738829383,NA,1.0326605479495878,NA,1.031153503453037,NA
9872421,35,n ɯ ʒ ɯ v,5,-20.37155439509228,NA,-Inf,NA,-29.078542120513493,NA,1.1398926451023728,NA,1.1399258609218608,NA,1.0003901669756716,NA,1.0005869200881068,NA
9872421,68,ɟ ø ɟ i n,5,-26.154797849000957,NA,-Inf,NA,-25.981965253358386,NA,1.207646283033087,NA,1.2075351451808032,NA,1.0123140448014616,NA,1.0117616811066352,NA
9872421,72,g a d͡ʒ ɯ ʃ,5,-18.1433036565909,NA,-15.499386284508248,NA,-15.553373615329928,NA,1.387167586098868,NA,1.3867697858340529,NA,1.015460105386242,NA,1.014803618740054,NA
9872421,66,b e v u z,5,-18.05359379807402,NA,-15.116452617134565,NA,-15.154527759561976,NA,1.3293865865827923,NA,1.3290904472457938,NA,1.027526083033521,NA,1.0262694472757412,NA
9872421,30,n ɯ c i c,5,-22.207490302969337,NA,-Inf,NA,-31.27784518309206,NA,1.190125320458985,NA,1.1900702225959,NA,1.000651008188583,NA,1.0008314338114397,NA
9872421,30,g ɯ k o ʒ,5,-20.74619112225676,NA,-16.915237145151256,NA,-17.041707617482654,NA,1.1737865511481944,NA,1.1737670683301502,NA,1.0095969845870632,NA,1.0093013998750595,NA
9872421,100,t i m y ɾ,5,-15.294846811552397,NA,-13.660054019068708,NA,-13.685647803861627,NA,1.3091233520227514,NA,1.3088432638048708,NA,1.0122665021223751,NA,1.011794088919323,NA
9872421,70,t i k a n,5,-13.448013540026771,NA,-12.360180704819967,NA,-12.378790372777791,NA,1.4875821102169142,NA,1.486979033124867,NA,1.045676820009706,NA,1.0431959745683663,NA
9872421,25,n u ʒ ɯ ʒ,5,-22.62968325066944,NA,-Inf,NA,-29.197550883061453,NA,1.14000794273881,NA,1.140044772486502,NA,1.0008134367287314,NA,1.0009885521090411,NA
9872421,20,l e g o h,5,-19.527053505632765,NA,-27.75113638166346,NA,-27.308708531329852,NA,1.2198662238523628,NA,1.2197634326360676,NA,1.0014568108084176,NA,1.0015956377134012,NA
9872421,79,ɟ ø c e c,5,-28.397206327308695,NA,-Inf,NA,-33.97421042400016,NA,1.1292419818961106,NA,1.1292928245120586,NA,1.000652103032279,NA,1.0008291941922065,NA
9872421,33,n ø m o s,5,-18.203872787484933,NA,-22.19842578179625,NA,-22.165436338076113,NA,1.1411016056561956,NA,1.141128679586091,NA,1.0035204518715182,NA,1.0035409822204415,NA
9872421,29,l y g ɯ ʒ,5,-22.883384054348497,NA,-Inf,NA,-31.210086947359827,NA,1.1381062907638022,NA,1.1381463270545598,NA,1.0003964076179663,NA,1.000592585698109,NA
9872421,80,ɟ i ɟ ø c,5,-29.71307202815976,NA,-Inf,NA,-34.785338500309926,NA,1.0897985812994395,NA,1.0899270408894737,NA,1.0001090155892292,NA,1.0003211623361203,NA
9872421,33,b i j o ʒ,5,-20.1694739218949,NA,-16.17150934468403,NA,-16.29228988361789,NA,1.2161562043575238,NA,1.2160636704095142,NA,1.0185949627078428,NA,1.0178290236238705,NA
9872421,100,m y ɾ i ɾ,5,-15.182460061139956,NA,-12.93841945288009,NA,-12.964678761998291,NA,1.495928832346916,NA,1.4953164266216838,NA,1.0626490882923791,NA,1.0594042295798347,NA
9872421,33,n e n u v,5,-16.389638161368726,NA,-20.325068448436717,NA,-20.31731129385749,NA,1.3208179980421255,NA,1.320538269610069,NA,1.0235487936312362,NA,1.0225154110321275,NA
9872421,74,l y g a v,5,-19.4935962146241,NA,-Inf,NA,-27.80790591371226,NA,1.2871157130376376,NA,1.2868816916145254,NA,1.008373111461021,NA,1.0080891173681017,NA
9872421,100,k a t ø ɾ,5,-15.581196584717304,NA,-14.400670214601377,NA,-14.436010397238292,NA,1.5237210169792808,NA,1.5230713014199444,NA,1.059134654867906,NA,1.0562306009407805,NA
9872421,100,ɫ o t o s,5,-16.650452551067872,NA,-19.86130929042026,NA,-19.87178226056184,NA,1.1968532583423572,NA,1.1967836503746367,NA,1.0076982350654493,NA,1.0074960391662156,NA
9872421,66,k o n ø ɾ,5,-17.468982673500772,NA,-15.665847293331234,NA,-15.67041392566706,NA,1.3263918658517442,NA,1.3260835017678103,NA,1.0230245152622903,NA,1.0220198569868446,NA
9872421,40,d͡ʒ o c ø c,5,-26.257085578225187,NA,-Inf,NA,-31.597534878858212,NA,1.087742629560516,NA,1.0878746424072625,NA,1.0005961022486871,NA,1.000782672398996,NA
9872421,34,t͡ʃ ø j u ʒ,5,-22.924149578450105,NA,-20.79768766887971,NA,-20.742784223544646,NA,1.135233466329589,NA,1.13527898588403,NA,1.004608462527747,NA,1.0045783180618666,NA
9872421,32,ɫ a n y j,5,-15.527981142957266,NA,-20.048631415631327,NA,-20.029886559218973,NA,1.394546693721347,NA,1.394138324722925,NA,1.0266470238072245,NA,1.0254534974166822,NA
9872421,25,ɟ i ʒ ɯ ʒ,5,-26.41709941367645,NA,-Inf,NA,-33.307818772675844,NA,1.1410997399260654,NA,1.1411346658902664,NA,1.0003270467676877,NA,1.0005276672406118,NA
9872421,21,n ɯ ʒ a v,5,-19.02502844047022,NA,-Inf,NA,-25.556872791643976,NA,1.278077157040375,NA,1.277858856769651,NA,1.005851378448144,NA,1.0057071346124649,NA
9872421,37,g ɯ ʃ ø z,5,-20.868114892104145,NA,-17.68946998702973,NA,-17.66557104382508,NA,1.1365191714352605,NA,1.1365603636332933,NA,1.0043221992368574,NA,1.0043105088894526,NA
9872421,37,n ɯ m ø h,5,-18.510789566710663,NA,-25.526286904340548,NA,-25.20620087924542,NA,1.139300164226838,NA,1.1393380184036568,NA,1.0014200635832908,NA,1.0015627469235224,NA
9872421,75,n i l i s,5,-16.529383592794712,NA,-21.972909806953865,NA,-21.72458759793683,NA,1.262837912142731,NA,1.2626465045153608,NA,1.0115151948241032,NA,1.0110619225343378,NA
9872421,27,ɟ y ɟ ø c,5,-30.88964249128854,NA,-Inf,NA,-34.02337567467023,NA,1.0749047338124378,NA,1.0750589613046984,NA,1.0000545077946146,NA,1.0002695361099974,NA
9872421,74,m e t ø ɾ,5,-16.305709239281132,NA,-14.332928742029557,NA,-14.370439435773992,NA,1.415624745175706,NA,1.415162037061878,NA,1.0262030905848891,NA,1.0250322748512253,NA
9872421,71,k a k u ɾ,5,-14.067811152368842,NA,-12.708404717891712,NA,-12.729721104711002,NA,1.5578537830579977,NA,1.5571414460631403,NA,1.0749244666982,NA,1.071116634968564,NA
9872421,31,n ɯ t y j,5,-16.745705986388092,NA,-22.3564259100322,NA,-22.34000437551107,NA,1.1865969150263898,NA,1.1865483757315416,NA,1.0045937259415338,NA,1.0045620755887812,NA
9872421,71,n u c ø c,5,-24.807625490627537,NA,-Inf,NA,-31.30367927011791,NA,1.090233002361394,NA,1.0903607082649016,NA,1.000704421139502,NA,1.0008852996567954,NA
9872421,33,v ø ʒ ɯ h,5,-23.024241178401727,NA,-Inf,NA,-30.45570700382361,NA,1.1036756719502918,NA,1.1037711769871554,NA,1.0001956309096838,NA,1.000401295176374,NA
9872421,25,f u ʒ a ʒ,5,-22.57009892571624,NA,-23.084878726681055,NA,-23.104809642140214,NA,1.283281237699766,NA,1.283057751040734,NA,1.0022636671308394,NA,1.002350487946775,NA
9872421,24,g ɯ ʃ e ʒ,5,-20.680133976363813,NA,-18.215759687198577,NA,-18.34658379874023,NA,1.2236976698046218,NA,1.2235845791944204,NA,1.0074075246463592,NA,1.007225242015273,NA
9872421,72,m a k a n,5,-13.008346846234591,NA,-11.28043634275908,NA,-11.300021336865491,NA,1.6891002822706591,NA,1.6881485735739905,NA,1.0828270821289048,NA,1.078388901097211,NA
9872421,67,g ɯ d͡ʒ i l,5,-19.64465247954083,NA,-16.929800719720177,NA,-16.98778054263725,NA,1.223765991720176,NA,1.2236495458961485,NA,1.0081634508787554,NA,1.007928985502199,NA
9872421,33,ɫ a ɾ u j,5,-14.988213898012642,NA,-18.225237785879074,NA,-18.23265340120377,NA,1.4806633127456936,NA,1.48010342214873,NA,1.0515741074637193,NA,1.0490474569155095,NA
9872421,30,c ø d ø l,5,-25.273737592608967,NA,-Inf,NA,-27.063517981829783,NA,1.0636055587079187,NA,1.0637759789037924,NA,1.0001114910985065,NA,1.0003233777080158,NA
9872421,21,v ɯ ʒ u v,5,-21.86808593813512,NA,-Inf,NA,-26.703531252513827,NA,1.126951629435814,NA,1.1270081147295898,NA,1.000727269349632,NA,1.000902377044206,NA
9872421,21,b i ʒ a ʒ,5,-21.12842071217421,NA,-20.462820259132272,NA,-20.59539447720862,NA,1.344139167411924,NA,1.3438104200605814,NA,1.013475717377768,NA,1.0129733469207105,NA
9872421,22,g a ɟ e ʒ,5,-22.959255290632175,NA,-Inf,NA,-23.771850826744977,NA,1.408639434555404,NA,1.4082066800608468,NA,1.0072505448133169,NA,1.0070846951102934,NA
9872421,100,k a n i n,5,-13.587711962107177,NA,-12.244157249014869,NA,-12.2628318923973,NA,1.6359797029730567,NA,1.6351267738613084,NA,1.0856556606918544,NA,1.0812238961757654,NA
9872421,24,c ø j a ʒ,5,-23.630776844730175,NA,-Inf,NA,-22.239940954309937,NA,1.2565841996509106,NA,1.2564064248544844,NA,1.012129479451536,NA,1.0116719887342391,NA
9872421,23,b i j u ʒ,5,-19.982779180288727,NA,-18.35629998851609,NA,-18.296720384198927,NA,1.2375249433170086,NA,1.237393515128245,NA,1.019368047964322,NA,1.0185609454976876,NA
9872421,67,l e l ø c,5,-23.921630741113155,NA,-Inf,NA,-32.749337306429,NA,1.1941895614424562,NA,1.1941372749111134,NA,1.0030524364984192,NA,1.0031089785467553,NA
9872421,73,l i l i v,5,-19.457588243664848,NA,-29.20991366924059,NA,-28.687492054822933,NA,1.2303966335406769,NA,1.2302676592286446,NA,1.003298594196525,NA,1.0033275292550925,NA
9872421,80,b a ɟ ø z,5,-22.46994439760235,NA,-Inf,NA,-18.968121900756447,NA,1.3525891302094293,NA,1.3522568267997628,NA,1.0208335147527232,NA,1.0199546011622187,NA
9872421,64,t͡ʃ ø j u z,5,-20.529026950681207,NA,-17.342610045374,NA,-17.381051887526098,NA,1.151992514259162,NA,1.1520031350348077,NA,1.0064343510181284,NA,1.0062899141251958,NA
9872421,65,k o ɫ ɯ ɾ,5,-15.746838565630412,NA,-13.10667453460241,NA,-13.133460503117467,NA,1.3892399649311546,NA,1.3888182062736574,NA,1.0364363220655193,NA,1.0346301929585895,NA
9872421,20,ɟ y ʒ u ʒ,5,-27.80853684728006,NA,-29.28500826667853,NA,-28.708564247230676,NA,1.1164047641696466,NA,1.1164832975278336,NA,1.0001090155892292,NA,1.0003211623361203,NA
9872421,75,n u t a s,5,-14.726567453647792,NA,-18.016363167590757,NA,-18.02466558703151,NA,1.375248465052452,NA,1.3748549722517678,NA,1.0268849669602398,NA,1.0255614198293237,NA
9872421,28,z o ɟ i t,5,-20.9589136182378,NA,-22.968824668964604,NA,-22.49812583794652,NA,1.2408518651515077,NA,1.2406922707790116,NA,1.0084540930642174,NA,1.0081503933184568,NA
9872421,40,ɟ y ɟ e c,5,-28.306538947779316,NA,-Inf,NA,-32.95524219839198,NA,1.1788422801113725,NA,1.1788073260166032,NA,1.0007066108268936,NA,1.0008808204183293,NA
9872421,27,f u c ø c,5,-26.0945671202964,NA,-Inf,NA,-30.40486528288016,NA,1.0953217853843475,NA,1.0954406909713434,NA,1.0008668994757235,NA,1.001039240543495,NA
9872421,26,n y n u s,5,-16.715340873276865,NA,-20.662916646783795,NA,-20.659392548169652,NA,1.2376893062998182,NA,1.237547081745812,NA,1.0108372213398642,NA,1.0104573725021138,NA
9872467,80,n e p y j,5,-16.98879234295367,NA,-21.717938967258256,NA,-21.69222912574372,NA,1.2636746444640563,NA,1.2634932080325365,NA,1.0096114935791205,NA,1.0093200333401624,NA
9872467,18,g u ʒ i ʒ,5,-23.367105446041258,NA,-22.71019322061325,NA,-22.662694231245467,NA,1.214496991418963,NA,1.2143994984214512,NA,1.0018219484717603,NA,1.001942235984122,NA
9872467,68,ɫ a n y j,5,-15.527981142957266,NA,-20.048631415631327,NA,-20.029886559218973,NA,1.394546693721347,NA,1.394138324722925,NA,1.0266470238072245,NA,1.0254534974166822,NA
9872467,17,b e v a ʒ,5,-18.887323500746025,NA,-15.872593466040806,NA,-16.021901122917775,NA,1.460613178860639,NA,1.460082582720464,NA,1.0349086258500086,NA,1.033249828288036,NA
9872467,24,g ɯ ʃ ø z,5,-20.868114892104145,NA,-17.68946998702973,NA,-17.66557104382508,NA,1.1365191714352605,NA,1.1365603636332933,NA,1.0043221992368574,NA,1.0043105088894526,NA
9872467,42,p o c y z,5,-22.132396809934985,NA,-Inf,NA,-22.792875288841223,NA,1.1404551220852177,NA,1.1404879493119304,NA,1.0044867211475823,NA,1.0044629596393846,NA
9872467,32,ɫ a ɾ u j,5,-14.988213898012642,NA,-18.225237785879074,NA,-18.23265340120377,NA,1.4806633127456936,NA,1.48010342214873,NA,1.0515741074637193,NA,1.0490474569155095,NA
9872467,63,k o n ø ɾ,5,-17.468982673500772,NA,-15.665847293331234,NA,-15.67041392566706,NA,1.3263918658517442,NA,1.3260835017678103,NA,1.0230245152622903,NA,1.0220198569868446,NA
9872467,62,l i v ø h,5,-20.904794873852836,NA,-Inf,NA,-30.017786917374448,NA,1.1384315211614455,NA,1.138471070171428,NA,1.0021258039899703,NA,1.0022313327026664,NA
9872467,66,d͡ʒ o ʒ u ʒ,5,-24.29401030874191,NA,-24.243601785484508,NA,-24.17251025107207,NA,1.127716441668515,NA,1.127775417851205,NA,1.0007051178379167,NA,1.0008859248512416,NA
9872467,31,z a ʒ o h,5,-20.01616939621291,NA,-23.3231454652614,NA,-23.200842055018715,NA,1.3161703693104103,NA,1.3159010409835006,NA,1.0043869150779896,NA,1.0043743138247614,NA
9872467,34,ɟ y ʒ u ʒ,5,-27.80853684728006,NA,-29.28500826667853,NA,-28.708564247230676,NA,1.1164047641696466,NA,1.1164832975278336,NA,1.0001090155892292,NA,1.0003211623361203,NA
9872467,62,t i t e n,5,-13.939688353962891,NA,-13.031948462442172,NA,-13.050716201785225,NA,1.4094012502297124,NA,1.4089409685681276,NA,1.034895013822322,NA,1.0331065768439232,NA
9872467,31,n u ʒ ɯ ʒ,5,-22.62968325066944,NA,-Inf,NA,-29.197550883061453,NA,1.14000794273881,NA,1.140044772486502,NA,1.0008134367287314,NA,1.0009885521090411,NA
9872467,21,l e ʒ ɯ ʒ,5,-23.42246110699022,NA,-Inf,NA,-31.37937590764058,NA,1.2326268805400291,NA,1.2325034590587125,NA,1.000599585740761,NA,1.000785798371226,NA
9872467,43,t i m y ɾ,5,-15.294846811552397,NA,-13.660054019068708,NA,-13.685647803861627,NA,1.3091233520227514,NA,1.3088432638048708,NA,1.0122665021223751,NA,1.011794088919323,NA
9872467,39,l e l i c,5,-21.536362523929785,NA,-31.435382275761945,NA,-30.66420479306158,NA,1.3050220875123175,NA,1.3047680695189283,NA,1.0033784880145589,NA,1.0034146207009211,NA
9872467,63,n ɯ m ø h,5,-18.510789566710663,NA,-25.526286904340548,NA,-25.20620087924542,NA,1.139300164226838,NA,1.1393380184036568,NA,1.0014200635832908,NA,1.0015627469235224,NA
9872467,64,t͡ʃ ø v a n,5,-18.701602767562907,NA,-15.100178717825774,NA,-15.129210912490072,NA,1.3444722505099906,NA,1.3441170867989016,NA,1.0395669313903486,NA,1.0374122129692265,NA
9872467,37,f u ʒ a ʒ,5,-22.57009892571624,NA,-23.084878726681055,NA,-23.104809642140214,NA,1.283281237699766,NA,1.283057751040734,NA,1.0022636671308394,NA,1.002350487946775,NA
9872467,27,b e ʒ a ʒ,5,-20.93058538584836,NA,-19.48837816175328,NA,-19.69732468362156,NA,1.4303068450549048,NA,1.4298290186764984,NA,1.014235691359507,NA,1.013693300711423,NA
9872467,29,l e l ø c,5,-23.921630741113155,NA,-Inf,NA,-32.749337306429,NA,1.1941895614424562,NA,1.1941372749111134,NA,1.0030524364984192,NA,1.0031089785467553,NA
9872467,58,b u ʒ u ʒ,5,-23.578702027948104,NA,-22.55607533141792,NA,-22.360285906391308,NA,1.1751938218318876,NA,1.175170692528559,NA,1.0072042512867905,NA,1.0070435603192218,NA
9872467,62,l y v ø h,5,-22.081365336981623,NA,-Inf,NA,-30.783197051114545,NA,1.123537673674444,NA,1.123602990586653,NA,1.0013626948653658,NA,1.0015085655369462,NA
9872467,62,b o ʒ a ʒ,5,-22.204003844457393,NA,-19.321037408784147,NA,-19.52975317079178,NA,1.3229086648122703,NA,1.3226166484342836,NA,1.008762800579713,NA,1.0085081234147557,NA
9872467,86,l e g o h,5,-19.527053505632765,NA,-27.75113638166346,NA,-27.308708531329852,NA,1.2198662238523628,NA,1.2197634326360676,NA,1.0014568108084176,NA,1.0015956377134012,NA
9872467,68,f u c ø c,5,-26.0945671202964,NA,-Inf,NA,-30.40486528288016,NA,1.0953217853843475,NA,1.0954406909713434,NA,1.0008668994757235,NA,1.001039240543495,NA
9872467,71,n u t i v,5,-16.447775065614174,NA,-21.189892153387195,NA,-21.184203947153694,NA,1.2797613550678195,NA,1.27954636548282,NA,1.0249284051823029,NA,1.0237745264935774,NA
9872467,68,n u t a s,5,-14.726567453647792,NA,-18.016363167590757,NA,-18.02466558703151,NA,1.375248465052452,NA,1.3748549722517678,NA,1.0268849669602398,NA,1.0255614198293237,NA
9872467,59,m y m y ɾ,5,-16.704255115308886,NA,-13.020817250140125,NA,-13.053521821836997,NA,1.3152884044924409,NA,1.3149976658456903,NA,1.0360942196571266,NA,1.0343698974546898,NA
9872467,55,ɟ ø c ø c,5,-30.98030987081792,NA,-Inf,NA,-35.04234390027842,NA,1.025304435597176,NA,1.0255444598001535,NA,1,1,1.0002179098838746,1
9872467,82,ɫ a m i v,5,-15.108322670255824,NA,-19.84096460834095,NA,-19.840167964977656,NA,1.45267848057084,NA,1.452164539040134,NA,1.022668785041178,NA,1.0216640887099704,NA
9872467,41,g ɯ d͡ʒ u z,5,-19.58384312679565,NA,-16.64152559173808,NA,-16.684403427045364,NA,1.1622032293487097,NA,1.1621965111059591,NA,1.0059499347177645,NA,1.0058336162439705,NA
9872467,86,ɫ a g a v,5,-15.754122332862629,NA,-20.553058174302627,NA,-20.559783658839276,NA,1.4882072475199175,NA,1.487625321159881,NA,1.011899048999812,NA,1.011429504802159,NA
9872467,66,n ø m o s,5,-18.203872787484933,NA,-22.19842578179625,NA,-22.165436338076113,NA,1.1411016056561956,NA,1.141128679586091,NA,1.0035204518715182,NA,1.0035409822204415,NA
9872467,73,c ø j a ʒ,5,-23.630776844730175,NA,-Inf,NA,-22.239940954309937,NA,1.2565841996509106,NA,1.2564064248544844,NA,1.012129479451536,NA,1.0116719887342391,NA
9872467,73,m y z a ʒ,5,-19.26885615927756,NA,-16.145731724613096,NA,-16.288993267502523,NA,1.397336491187185,NA,1.3969153080698635,NA,1.0416189337331847,NA,1.0396162450988709,NA
9872467,37,ɟ y ɟ ø c,5,-30.88964249128854,NA,-Inf,NA,-34.02337567467023,NA,1.0749047338124378,NA,1.0750589613046984,NA,1.0000545077946146,NA,1.0002695361099974,NA
9872467,21,b i j u ʒ,5,-19.982779180288727,NA,-18.35629998851609,NA,-18.296720384198927,NA,1.2375249433170086,NA,1.237393515128245,NA,1.019368047964322,NA,1.0185609454976876,NA
9872467,28,m y k o ʒ,5,-19.93043596815668,NA,-16.300780365266558,NA,-16.417412400213216,NA,1.2520745572399474,NA,1.2519196738829383,NA,1.0326605479495878,NA,1.031153503453037,NA
9872467,60,l y g a v,5,-19.4935962146241,NA,-Inf,NA,-27.80790591371226,NA,1.2871157130376376,NA,1.2868816916145254,NA,1.008373111461021,NA,1.0080891173681017,NA
9872467,26,v ɯ ʒ u v,5,-21.86808593813512,NA,-Inf,NA,-26.703531252513827,NA,1.126951629435814,NA,1.1270081147295898,NA,1.000727269349632,NA,1.000902377044206,NA
9872467,80,k o ɾ a n,5,-14.411209921897514,NA,-12.294347060400495,NA,-12.318134780608212,NA,1.5780166675354677,NA,1.5772563021989838,NA,1.0788840359427352,NA,1.0746155597877969,NA
9872467,82,ɫ o t o s,5,-16.650452551067872,NA,-19.86130929042026,NA,-19.87178226056184,NA,1.1968532583423572,NA,1.1967836503746367,NA,1.0076982350654493,NA,1.0074960391662156,NA
9872467,33,ɟ i ʒ ɯ ʒ,5,-26.41709941367645,NA,-Inf,NA,-33.307818772675844,NA,1.1410997399260654,NA,1.1411346658902664,NA,1.0003270467676877,NA,1.0005276672406118,NA
9872467,28,d ɯ ʒ a ʒ,5,-21.716795206882775,NA,-Inf,NA,-23.190543246412652,NA,1.298705256665564,NA,1.2984551045728236,NA,1.0026417382010682,NA,1.002708745557405,NA
9872467,71,ɟ y ɟ e c,5,-28.306538947779316,NA,-Inf,NA,-32.95524219839198,NA,1.1788422801113725,NA,1.1788073260166032,NA,1.0007066108268936,NA,1.0008808204183293,NA
9872467,38,b u z e ʒ,5,-20.09685568317635,NA,-17.84329781622566,NA,-17.964161616964663,NA,1.276667630723205,NA,1.2764627987655124,NA,1.0139315296225708,NA,1.0134023197983453,NA
9872467,64,b i j o ʒ,5,-20.1694739218949,NA,-16.17150934468403,NA,-16.29228988361789,NA,1.2161562043575238,NA,1.2160636704095142,NA,1.0185949627078428,NA,1.0178290236238705,NA
9872467,29,ɫ o c e c,5,-22.400319377835324,NA,-Inf,NA,-30.01158029879595,NA,1.185129721117138,NA,1.185083880443854,NA,1.0027646697523702,NA,1.0028307383165231,NA
9872467,21,m e t ø ɾ,5,-16.305709239281132,NA,-14.332928742029557,NA,-14.370439435773992,NA,1.415624745175706,NA,1.415162037061878,NA,1.0262030905848891,NA,1.0250322748512253,NA
9872467,38,n y n u s,5,-16.715340873276865,NA,-20.662916646783795,NA,-20.659392548169652,NA,1.2376893062998182,NA,1.237547081745812,NA,1.0108372213398642,NA,1.0104573725021138,NA
9872467,61,b i ʒ a ʒ,5,-21.12842071217421,NA,-20.462820259132272,NA,-20.59539447720862,NA,1.344139167411924,NA,1.3438104200605814,NA,1.013475717377768,NA,1.0129733469207105,NA
9872467,60,ɟ ø ɟ i n,5,-26.154797849000957,NA,-Inf,NA,-25.981965253358386,NA,1.207646283033087,NA,1.2075351451808032,NA,1.0123140448014616,NA,1.0117616811066352,NA
9872467,72,n i l i s,5,-16.529383592794712,NA,-21.972909806953865,NA,-21.72458759793683,NA,1.262837912142731,NA,1.2626465045153608,NA,1.0115151948241032,NA,1.0110619225343378,NA
9872467,89,g a d͡ʒ ɯ ʃ,5,-18.1433036565909,NA,-15.499386284508248,NA,-15.553373615329928,NA,1.387167586098868,NA,1.3867697858340529,NA,1.015460105386242,NA,1.014803618740054,NA
9872467,82,g o ɟ i ʒ,5,-24.90517828366109,NA,-25.463316038560684,NA,-25.0238451006757,NA,1.213844639629624,NA,1.21374827950693,NA,1.001203603704403,NA,1.001357562313273,NA
9872467,97,m a k a n,5,-13.008346846234591,NA,-11.28043634275908,NA,-11.300021336865491,NA,1.6891002822706591,NA,1.6881485735739905,NA,1.0828270821289048,NA,1.078388901097211,NA
9872467,77,l e m i m,5,-16.284865608541942,NA,-21.681059717316177,NA,-21.31860352956532,NA,1.380102008877493,NA,1.3797039565377944,NA,1.023384257708429,NA,1.022273629864209,NA
9872467,97,b u j u ʒ,5,-20.87166757096573,NA,-19.733680700888875,NA,-19.668499765417735,NA,1.2165652379443916,NA,1.21647007222167,NA,1.0105687883162064,NA,1.0102253180186327,NA
9872467,62,n ɯ c i c,5,-22.207490302969337,NA,-Inf,NA,-31.27784518309206,NA,1.190125320458985,NA,1.1900702225959,NA,1.000651008188583,NA,1.0008314338114397,NA
9872467,93,b e ɟ e ʒ,5,-22.756632689956056,NA,-Inf,NA,-24.058032387919113,NA,1.345476034124718,NA,1.3451525821532777,NA,1.0127182103550003,NA,1.0122651834486156,NA
9872467,86,b a ɟ ø z,5,-22.46994439760235,NA,-Inf,NA,-18.968121900756447,NA,1.3525891302094293,NA,1.3522568267997628,NA,1.0208335147527232,NA,1.0199546011622187,NA
9872467,75,l y g ɯ ʒ,5,-22.883384054348497,NA,-Inf,NA,-31.210086947359827,NA,1.1381062907638022,NA,1.1381463270545598,NA,1.0003964076179663,NA,1.000592585698109,NA
9872467,91,b e v u z,5,-18.05359379807402,NA,-15.116452617134565,NA,-15.154527759561976,NA,1.3293865865827923,NA,1.3290904472457938,NA,1.027526083033521,NA,1.0262694472757412,NA
9872467,37,l i l i v,5,-19.457588243664848,NA,-29.20991366924059,NA,-28.687492054822933,NA,1.2303966335406769,NA,1.2302676592286446,NA,1.003298594196525,NA,1.0033275292550925,NA
9872467,23,n ɯ ʒ a v,5,-19.02502844047022,NA,-Inf,NA,-25.556872791643976,NA,1.278077157040375,NA,1.277858856769651,NA,1.005851378448144,NA,1.0057071346124649,NA
9872467,73,g a ɟ e ʒ,5,-22.959255290632175,NA,-Inf,NA,-23.771850826744977,NA,1.408639434555404,NA,1.4082066800608468,NA,1.0072505448133169,NA,1.0070846951102934,NA
9872467,35,n u c ø c,5,-24.807625490627537,NA,-Inf,NA,-31.30367927011791,NA,1.090233002361394,NA,1.0903607082649016,NA,1.000704421139502,NA,1.0008852996567954,NA
9872467,20,n i n u v,5,-16.587473487694577,NA,-20.74289718035614,NA,-20.73475916364208,NA,1.2346503203991448,NA,1.234519670994152,NA,1.015385861708921,NA,1.0147833558081725,NA
9872467,30,d͡ʒ o c ø c,5,-26.257085578225187,NA,-Inf,NA,-31.597534878858212,NA,1.087742629560516,NA,1.0878746424072625,NA,1.0005961022486871,NA,1.000782672398996,NA
9872467,57,v ø l i v,5,-21.2450194600926,NA,-Inf,NA,-31.53443408186967,NA,1.1757448274064406,NA,1.1757104148958002,NA,1.0014998369742418,NA,1.0016238637930377,NA
9872467,39,n ɯ ʒ ɯ v,5,-20.37155439509228,NA,-Inf,NA,-29.078542120513493,NA,1.1398926451023728,NA,1.1399258609218608,NA,1.0003901669756716,NA,1.0005869200881068,NA
9872467,84,b u ɟ y ʒ,5,-25.21776219641355,NA,-24.02607612181347,NA,-23.4120433072708,NA,1.1548681109073993,NA,1.1548819472629457,NA,1.0073371474025232,NA,1.007168032552784,NA
9872467,74,k a t ø ɾ,5,-15.581196584717304,NA,-14.400670214601377,NA,-14.436010397238292,NA,1.5237210169792808,NA,1.5230713014199444,NA,1.059134654867906,NA,1.0562306009407805,NA
9872467,31,n ɯ t y j,5,-16.745705986388092,NA,-22.3564259100322,NA,-22.34000437551107,NA,1.1865969150263898,NA,1.1865483757315416,NA,1.0045937259415338,NA,1.0045620755887812,NA
9872467,89,ɟ y ʒ i l,5,-25.474223572256346,NA,-26.086164584076812,NA,-25.658577276474528,NA,1.194726574470686,NA,1.1946604814688004,NA,1.001869088084923,NA,1.001974463736933,NA
9872467,70,k o ɫ ɯ ɾ,5,-15.746838565630412,NA,-13.10667453460241,NA,-13.133460503117467,NA,1.3892399649311546,NA,1.3888182062736574,NA,1.0364363220655193,NA,1.0346301929585895,NA
9872467,92,g ɯ d͡ʒ i l,5,-19.64465247954083,NA,-16.929800719720177,NA,-16.98778054263725,NA,1.223765991720176,NA,1.2236495458961485,NA,1.0081634508787554,NA,1.007928985502199,NA
9872467,36,z o ɟ i t,5,-20.9589136182378,NA,-22.968824668964604,NA,-22.49812583794652,NA,1.2408518651515077,NA,1.2406922707790116,NA,1.0084540930642174,NA,1.0081503933184568,NA
9872467,83,j o b u ʒ,5,-21.05836231257191,NA,-20.278068086553,NA,-20.20804314631168,NA,1.1710790683578258,NA,1.171062773355354,NA,1.0066664843883977,NA,1.006528208768726,NA
9872467,39,n e n u v,5,-16.389638161368726,NA,-20.325068448436717,NA,-20.31731129385749,NA,1.3208179980421255,NA,1.320538269610069,NA,1.0235487936312362,NA,1.0225154110321275,NA
9872467,78,t͡ʃ ø j u z,5,-20.529026950681207,NA,-17.342610045374,NA,-17.381051887526098,NA,1.151992514259162,NA,1.1520031350348077,NA,1.0064343510181284,NA,1.0062899141251958,NA
9872467,36,g ɯ ʃ e ʒ,5,-20.680133976363813,NA,-18.215759687198577,NA,-18.34658379874023,NA,1.2236976698046218,NA,1.2235845791944204,NA,1.0074075246463592,NA,1.007225242015273,NA
9872467,70,ɟ ø c e c,5,-28.397206327308695,NA,-Inf,NA,-33.97421042400016,NA,1.1292419818961106,NA,1.1292928245120586,NA,1.000652103032279,NA,1.0008291941922065,NA
9872467,37,t͡ʃ ø j u ʒ,5,-22.924149578450105,NA,-20.79768766887971,NA,-20.742784223544646,NA,1.135233466329589,NA,1.13527898588403,NA,1.004608462527747,NA,1.0045783180618666,NA
9872467,71,m y ɾ i ɾ,5,-15.182460061139956,NA,-12.93841945288009,NA,-12.964678761998291,NA,1.495928832346916,NA,1.4953164266216838,NA,1.0626490882923791,NA,1.0594042295798347,NA
9872467,31,ɟ i ɟ ø c,5,-29.71307202815976,NA,-Inf,NA,-34.785338500309926,NA,1.0897985812994395,NA,1.0899270408894737,NA,1.0001090155892292,NA,1.0003211623361203,NA
9872467,65,k a k u ɾ,5,-14.067811152368842,NA,-12.708404717891712,NA,-12.729721104711002,NA,1.5578537830579977,NA,1.5571414460631403,NA,1.0749244666982,NA,1.071116634968564,NA
9872467,76,c ø d ø l,5,-25.273737592608967,NA,-Inf,NA,-27.063517981829783,NA,1.0636055587079187,NA,1.0637759789037924,NA,1.0001114910985065,NA,1.0003233777080158,NA
9872467,35,f u m o ʒ,5,-21.086399553296257,NA,-19.904477032559072,NA,-20.00660012235896,NA,1.162493303534497,NA,1.16249350220586,NA,1.0069418990854422,NA,1.006788724097161,NA
9872467,81,t i k a n,5,-13.448013540026771,NA,-12.360180704819967,NA,-12.378790372777791,NA,1.4875821102169142,NA,1.486979033124867,NA,1.045676820009706,NA,1.0431959745683663,NA
9872467,64,k a n i n,5,-13.587711962107177,NA,-12.244157249014869,NA,-12.2628318923973,NA,1.6359797029730567,NA,1.6351267738613084,NA,1.0856556606918544,NA,1.0812238961757654,NA
9872467,31,t͡ʃ ø ɟ y z,5,-24.87512157612903,NA,-22.11753265394216,NA,-21.28303150118376,NA,1.0902953872221697,NA,1.090415010076083,NA,1.0022148482989617,NA,1.00231031519471,NA
9872467,41,g ɯ k o ʒ,5,-20.74619112225676,NA,-16.915237145151256,NA,-17.041707617482654,NA,1.1737865511481944,NA,1.1737670683301502,NA,1.0095969845870632,NA,1.0093013998750595,NA
9872467,66,v ø ʒ ɯ h,5,-23.024241178401727,NA,-Inf,NA,-30.45570700382361,NA,1.1036756719502918,NA,1.1037711769871554,NA,1.0001956309096838,NA,1.000401295176374,NA
9872585,17,g a d͡ʒ ɯ ʃ,5,-18.1433036565909,NA,-15.499386284508248,NA,-15.553373615329928,NA,1.387167586098868,NA,1.3867697858340529,NA,1.015460105386242,NA,1.014803618740054,NA
9872585,17,p o c y z,5,-22.132396809934985,NA,-Inf,NA,-22.792875288841223,NA,1.1404551220852177,NA,1.1404879493119304,NA,1.0044867211475823,NA,1.0044629596393846,NA
9872585,18,n ø m o s,5,-18.203872787484933,NA,-22.19842578179625,NA,-22.165436338076113,NA,1.1411016056561956,NA,1.141128679586091,NA,1.0035204518715182,NA,1.0035409822204415,NA
9872585,14,g a ɟ e ʒ,5,-22.959255290632175,NA,-Inf,NA,-23.771850826744977,NA,1.408639434555404,NA,1.4082066800608468,NA,1.0072505448133169,NA,1.0070846951102934,NA
9872585,11,l e m i m,5,-16.284865608541942,NA,-21.681059717316177,NA,-21.31860352956532,NA,1.380102008877493,NA,1.3797039565377944,NA,1.023384257708429,NA,1.022273629864209,NA
9872585,37,t i t e n,5,-13.939688353962891,NA,-13.031948462442172,NA,-13.050716201785225,NA,1.4094012502297124,NA,1.4089409685681276,NA,1.034895013822322,NA,1.0331065768439232,NA
9872585,38,ɟ ø c e c,5,-28.397206327308695,NA,-Inf,NA,-33.97421042400016,NA,1.1292419818961106,NA,1.1292928245120586,NA,1.000652103032279,NA,1.0008291941922065,NA
9872585,34,n i n u v,5,-16.587473487694577,NA,-20.74289718035614,NA,-20.73475916364208,NA,1.2346503203991448,NA,1.234519670994152,NA,1.015385861708921,NA,1.0147833558081725,NA
9872585,29,ɟ i ʒ ɯ ʒ,5,-26.41709941367645,NA,-Inf,NA,-33.307818772675844,NA,1.1410997399260654,NA,1.1411346658902664,NA,1.0003270467676877,NA,1.0005276672406118,NA
9872585,47,k a n i n,5,-13.587711962107177,NA,-12.244157249014869,NA,-12.2628318923973,NA,1.6359797029730567,NA,1.6351267738613084,NA,1.0856556606918544,NA,1.0812238961757654,NA
9872585,28,c ø j a ʒ,5,-23.630776844730175,NA,-Inf,NA,-22.239940954309937,NA,1.2565841996509106,NA,1.2564064248544844,NA,1.012129479451536,NA,1.0116719887342391,NA
9872585,26,l i v ø h,5,-20.904794873852836,NA,-Inf,NA,-30.017786917374448,NA,1.1384315211614455,NA,1.138471070171428,NA,1.0021258039899703,NA,1.0022313327026664,NA
9872585,32,k o n ø ɾ,5,-17.468982673500772,NA,-15.665847293331234,NA,-15.67041392566706,NA,1.3263918658517442,NA,1.3260835017678103,NA,1.0230245152622903,NA,1.0220198569868446,NA
9872585,34,t i k a n,5,-13.448013540026771,NA,-12.360180704819967,NA,-12.378790372777791,NA,1.4875821102169142,NA,1.486979033124867,NA,1.045676820009706,NA,1.0431959745683663,NA
9872585,28,k a k u ɾ,5,-14.067811152368842,NA,-12.708404717891712,NA,-12.729721104711002,NA,1.5578537830579977,NA,1.5571414460631403,NA,1.0749244666982,NA,1.071116634968564,NA
9872585,23,l y g ɯ ʒ,5,-22.883384054348497,NA,-Inf,NA,-31.210086947359827,NA,1.1381062907638022,NA,1.1381463270545598,NA,1.0003964076179663,NA,1.000592585698109,NA
9872585,18,f u m o ʒ,5,-21.086399553296257,NA,-19.904477032559072,NA,-20.00660012235896,NA,1.162493303534497,NA,1.16249350220586,NA,1.0069418990854422,NA,1.006788724097161,NA
9872585,24,g ɯ k o ʒ,5,-20.74619112225676,NA,-16.915237145151256,NA,-17.041707617482654,NA,1.1737865511481944,NA,1.1737670683301502,NA,1.0095969845870632,NA,1.0093013998750595,NA
9872585,29,n ɯ m ø h,5,-18.510789566710663,NA,-25.526286904340548,NA,-25.20620087924542,NA,1.139300164226838,NA,1.1393380184036568,NA,1.0014200635832908,NA,1.0015627469235224,NA
9872585,26,k o ɫ ɯ ɾ,5,-15.746838565630412,NA,-13.10667453460241,NA,-13.133460503117467,NA,1.3892399649311546,NA,1.3888182062736574,NA,1.0364363220655193,NA,1.0346301929585895,NA
9872585,26,ɟ ø c ø c,5,-30.98030987081792,NA,-Inf,NA,-35.04234390027842,NA,1.025304435597176,NA,1.0255444598001535,NA,1,1,1.0002179098838746,1
9872585,29,n e n u v,5,-16.389638161368726,NA,-20.325068448436717,NA,-20.31731129385749,NA,1.3208179980421255,NA,1.320538269610069,NA,1.0235487936312362,NA,1.0225154110321275,NA
9872585,31,n u c ø c,5,-24.807625490627537,NA,-Inf,NA,-31.30367927011791,NA,1.090233002361394,NA,1.0903607082649016,NA,1.000704421139502,NA,1.0008852996567954,NA
9872585,33,l i l i v,5,-19.457588243664848,NA,-29.20991366924059,NA,-28.687492054822933,NA,1.2303966335406769,NA,1.2302676592286446,NA,1.003298594196525,NA,1.0033275292550925,NA
9872585,26,b e v a ʒ,5,-18.887323500746025,NA,-15.872593466040806,NA,-16.021901122917775,NA,1.460613178860639,NA,1.460082582720464,NA,1.0349086258500086,NA,1.033249828288036,NA
9872585,35,b u j u ʒ,5,-20.87166757096573,NA,-19.733680700888875,NA,-19.668499765417735,NA,1.2165652379443916,NA,1.21647007222167,NA,1.0105687883162064,NA,1.0102253180186327,NA
9872585,37,b i j o ʒ,5,-20.1694739218949,NA,-16.17150934468403,NA,-16.29228988361789,NA,1.2161562043575238,NA,1.2160636704095142,NA,1.0185949627078428,NA,1.0178290236238705,NA
9872585,40,d͡ʒ o c ø c,5,-26.257085578225187,NA,-Inf,NA,-31.597534878858212,NA,1.087742629560516,NA,1.0878746424072625,NA,1.0005961022486871,NA,1.000782672398996,NA
9872585,38,ɫ o t o s,5,-16.650452551067872,NA,-19.86130929042026,NA,-19.87178226056184,NA,1.1968532583423572,NA,1.1967836503746367,NA,1.0076982350654493,NA,1.0074960391662156,NA
9872585,39,g ɯ d͡ʒ u z,5,-19.58384312679565,NA,-16.64152559173808,NA,-16.684403427045364,NA,1.1622032293487097,NA,1.1621965111059591,NA,1.0059499347177645,NA,1.0058336162439705,NA
9872585,35,f u ʒ a ʒ,5,-22.57009892571624,NA,-23.084878726681055,NA,-23.104809642140214,NA,1.283281237699766,NA,1.283057751040734,NA,1.0022636671308394,NA,1.002350487946775,NA
9872585,35,k a t ø ɾ,5,-15.581196584717304,NA,-14.400670214601377,NA,-14.436010397238292,NA,1.5237210169792808,NA,1.5230713014199444,NA,1.059134654867906,NA,1.0562306009407805,NA
9872585,43,m y k o ʒ,5,-19.93043596815668,NA,-16.300780365266558,NA,-16.417412400213216,NA,1.2520745572399474,NA,1.2519196738829383,NA,1.0326605479495878,NA,1.031153503453037,NA
9872585,35,t͡ʃ ø ɟ y z,5,-24.87512157612903,NA,-22.11753265394216,NA,-21.28303150118376,NA,1.0902953872221697,NA,1.090415010076083,NA,1.0022148482989617,NA,1.00231031519471,NA
9872585,31,ɫ a ɾ u j,5,-14.988213898012642,NA,-18.225237785879074,NA,-18.23265340120377,NA,1.4806633127456936,NA,1.48010342214873,NA,1.0515741074637193,NA,1.0490474569155095,NA
9872585,26,b u ɟ y ʒ,5,-25.21776219641355,NA,-24.02607612181347,NA,-23.4120433072708,NA,1.1548681109073993,NA,1.1548819472629457,NA,1.0073371474025232,NA,1.007168032552784,NA
9872585,24,n y n u s,5,-16.715340873276865,NA,-20.662916646783795,NA,-20.659392548169652,NA,1.2376893062998182,NA,1.237547081745812,NA,1.0108372213398642,NA,1.0104573725021138,NA
9872585,14,m y z a ʒ,5,-19.26885615927756,NA,-16.145731724613096,NA,-16.288993267502523,NA,1.397336491187185,NA,1.3969153080698635,NA,1.0416189337331847,NA,1.0396162450988709,NA
9872585,13,b u z e ʒ,5,-20.09685568317635,NA,-17.84329781622566,NA,-17.964161616964663,NA,1.276667630723205,NA,1.2764627987655124,NA,1.0139315296225708,NA,1.0134023197983453,NA
9872585,31,g ɯ ʃ e ʒ,5,-20.680133976363813,NA,-18.215759687198577,NA,-18.34658379874023,NA,1.2236976698046218,NA,1.2235845791944204,NA,1.0074075246463592,NA,1.007225242015273,NA
9872585,26,n i l i s,5,-16.529383592794712,NA,-21.972909806953865,NA,-21.72458759793683,NA,1.262837912142731,NA,1.2626465045153608,NA,1.0115151948241032,NA,1.0110619225343378,NA
9872585,22,b e v u z,5,-18.05359379807402,NA,-15.116452617134565,NA,-15.154527759561976,NA,1.3293865865827923,NA,1.3290904472457938,NA,1.027526083033521,NA,1.0262694472757412,NA
9872585,22,ɟ y ʒ u ʒ,5,-27.80853684728006,NA,-29.28500826667853,NA,-28.708564247230676,NA,1.1164047641696466,NA,1.1164832975278336,NA,1.0001090155892292,NA,1.0003211623361203,NA
9872585,21,ɟ y ɟ ø c,5,-30.88964249128854,NA,-Inf,NA,-34.02337567467023,NA,1.0749047338124378,NA,1.0750589613046984,NA,1.0000545077946146,NA,1.0002695361099974,NA
9872585,22,n u t a s,5,-14.726567453647792,NA,-18.016363167590757,NA,-18.02466558703151,NA,1.375248465052452,NA,1.3748549722517678,NA,1.0268849669602398,NA,1.0255614198293237,NA
9872585,22,d ɯ ʒ a ʒ,5,-21.716795206882775,NA,-Inf,NA,-23.190543246412652,NA,1.298705256665564,NA,1.2984551045728236,NA,1.0026417382010682,NA,1.002708745557405,NA
9872585,70,n u ʒ ɯ ʒ,5,-22.62968325066944,NA,-Inf,NA,-29.197550883061453,NA,1.14000794273881,NA,1.140044772486502,NA,1.0008134367287314,NA,1.0009885521090411,NA
9872585,89,m a k a n,5,-13.008346846234591,NA,-11.28043634275908,NA,-11.300021336865491,NA,1.6891002822706591,NA,1.6881485735739905,NA,1.0828270821289048,NA,1.078388901097211,NA
9872585,88,v ø l i v,5,-21.2450194600926,NA,-Inf,NA,-31.53443408186967,NA,1.1757448274064406,NA,1.1757104148958002,NA,1.0014998369742418,NA,1.0016238637930377,NA
9872585,87,t͡ʃ ø v a n,5,-18.701602767562907,NA,-15.100178717825774,NA,-15.129210912490072,NA,1.3444722505099906,NA,1.3441170867989016,NA,1.0395669313903486,NA,1.0374122129692265,NA
9872585,72,m y m y ɾ,5,-16.704255115308886,NA,-13.020817250140125,NA,-13.053521821836997,NA,1.3152884044924409,NA,1.3149976658456903,NA,1.0360942196571266,NA,1.0343698974546898,NA
9872585,76,b i j u ʒ,5,-19.982779180288727,NA,-18.35629998851609,NA,-18.296720384198927,NA,1.2375249433170086,NA,1.237393515128245,NA,1.019368047964322,NA,1.0185609454976876,NA
9872585,69,z o ɟ i t,5,-20.9589136182378,NA,-22.968824668964604,NA,-22.49812583794652,NA,1.2408518651515077,NA,1.2406922707790116,NA,1.0084540930642174,NA,1.0081503933184568,NA
9872585,67,b e ʒ a ʒ,5,-20.93058538584836,NA,-19.48837816175328,NA,-19.69732468362156,NA,1.4303068450549048,NA,1.4298290186764984,NA,1.014235691359507,NA,1.013693300711423,NA
9872585,82,b a ɟ ø z,5,-22.46994439760235,NA,-Inf,NA,-18.968121900756447,NA,1.3525891302094293,NA,1.3522568267997628,NA,1.0208335147527232,NA,1.0199546011622187,NA
9872585,86,l e l i c,5,-21.536362523929785,NA,-31.435382275761945,NA,-30.66420479306158,NA,1.3050220875123175,NA,1.3047680695189283,NA,1.0033784880145589,NA,1.0034146207009211,NA
9872585,85,l e g o h,5,-19.527053505632765,NA,-27.75113638166346,NA,-27.308708531329852,NA,1.2198662238523628,NA,1.2197634326360676,NA,1.0014568108084176,NA,1.0015956377134012,NA
9872585,84,ɟ ø ɟ i n,5,-26.154797849000957,NA,-Inf,NA,-25.981965253358386,NA,1.207646283033087,NA,1.2075351451808032,NA,1.0123140448014616,NA,1.0117616811066352,NA
9872585,88,ɫ a g a v,5,-15.754122332862629,NA,-20.553058174302627,NA,-20.559783658839276,NA,1.4882072475199175,NA,1.487625321159881,NA,1.011899048999812,NA,1.011429504802159,NA
9872585,89,g o ɟ i ʒ,5,-24.90517828366109,NA,-25.463316038560684,NA,-25.0238451006757,NA,1.213844639629624,NA,1.21374827950693,NA,1.001203603704403,NA,1.001357562313273,NA
9872585,92,d͡ʒ o ʒ u ʒ,5,-24.29401030874191,NA,-24.243601785484508,NA,-24.17251025107207,NA,1.127716441668515,NA,1.127775417851205,NA,1.0007051178379167,NA,1.0008859248512416,NA
9872585,93,b o ʒ a ʒ,5,-22.204003844457393,NA,-19.321037408784147,NA,-19.52975317079178,NA,1.3229086648122703,NA,1.3226166484342836,NA,1.008762800579713,NA,1.0085081234147557,NA
9872585,74,g ɯ d͡ʒ i l,5,-19.64465247954083,NA,-16.929800719720177,NA,-16.98778054263725,NA,1.223765991720176,NA,1.2236495458961485,NA,1.0081634508787554,NA,1.007928985502199,NA
9872585,98,m y ɾ i ɾ,5,-15.182460061139956,NA,-12.93841945288009,NA,-12.964678761998291,NA,1.495928832346916,NA,1.4953164266216838,NA,1.0626490882923791,NA,1.0594042295798347,NA
9872585,94,z a ʒ o h,5,-20.01616939621291,NA,-23.3231454652614,NA,-23.200842055018715,NA,1.3161703693104103,NA,1.3159010409835006,NA,1.0043869150779896,NA,1.0043743138247614,NA
9872585,97,g ɯ ʃ ø z,5,-20.868114892104145,NA,-17.68946998702973,NA,-17.66557104382508,NA,1.1365191714352605,NA,1.1365603636332933,NA,1.0043221992368574,NA,1.0043105088894526,NA
9872585,94,j o b u ʒ,5,-21.05836231257191,NA,-20.278068086553,NA,-20.20804314631168,NA,1.1710790683578258,NA,1.171062773355354,NA,1.0066664843883977,NA,1.006528208768726,NA
9872585,94,l e l ø c,5,-23.921630741113155,NA,-Inf,NA,-32.749337306429,NA,1.1941895614424562,NA,1.1941372749111134,NA,1.0030524364984192,NA,1.0031089785467553,NA
9872585,94,ɟ y ɟ e c,5,-28.306538947779316,NA,-Inf,NA,-32.95524219839198,NA,1.1788422801113725,NA,1.1788073260166032,NA,1.0007066108268936,NA,1.0008808204183293,NA
9872585,93,v ø ʒ ɯ h,5,-23.024241178401727,NA,-Inf,NA,-30.45570700382361,NA,1.1036756719502918,NA,1.1037711769871554,NA,1.0001956309096838,NA,1.000401295176374,NA
9872585,95,n ɯ ʒ ɯ v,5,-20.37155439509228,NA,-Inf,NA,-29.078542120513493,NA,1.1398926451023728,NA,1.1399258609218608,NA,1.0003901669756716,NA,1.0005869200881068,NA
9872585,95,t͡ʃ ø j u ʒ,5,-22.924149578450105,NA,-20.79768766887971,NA,-20.742784223544646,NA,1.135233466329589,NA,1.13527898588403,NA,1.004608462527747,NA,1.0045783180618666,NA
9872585,95,l y v ø h,5,-22.081365336981623,NA,-Inf,NA,-30.783197051114545,NA,1.123537673674444,NA,1.123602990586653,NA,1.0013626948653658,NA,1.0015085655369462,NA
9872585,97,f u c ø c,5,-26.0945671202964,NA,-Inf,NA,-30.40486528288016,NA,1.0953217853843475,NA,1.0954406909713434,NA,1.0008668994757235,NA,1.001039240543495,NA
9872585,99,ɫ a n y j,5,-15.527981142957266,NA,-20.048631415631327,NA,-20.029886559218973,NA,1.394546693721347,NA,1.394138324722925,NA,1.0266470238072245,NA,1.0254534974166822,NA
9872585,100,n ɯ t y j,5,-16.745705986388092,NA,-22.3564259100322,NA,-22.34000437551107,NA,1.1865969150263898,NA,1.1865483757315416,NA,1.0045937259415338,NA,1.0045620755887812,NA
9872585,88,n u t i v,5,-16.447775065614174,NA,-21.189892153387195,NA,-21.184203947153694,NA,1.2797613550678195,NA,1.27954636548282,NA,1.0249284051823029,NA,1.0237745264935774,NA
9872585,85,ɫ a m i v,5,-15.108322670255824,NA,-19.84096460834095,NA,-19.840167964977656,NA,1.45267848057084,NA,1.452164539040134,NA,1.022668785041178,NA,1.0216640887099704,NA
9872585,51,t i m y ɾ,5,-15.294846811552397,NA,-13.660054019068708,NA,-13.685647803861627,NA,1.3091233520227514,NA,1.3088432638048708,NA,1.0122665021223751,NA,1.011794088919323,NA
9872585,15,l e ʒ ɯ ʒ,5,-23.42246110699022,NA,-Inf,NA,-31.37937590764058,NA,1.2326268805400291,NA,1.2325034590587125,NA,1.000599585740761,NA,1.000785798371226,NA
9872585,14,ɟ i ɟ ø c,5,-29.71307202815976,NA,-Inf,NA,-34.785338500309926,NA,1.0897985812994395,NA,1.0899270408894737,NA,1.0001090155892292,NA,1.0003211623361203,NA
9872585,10,l y g a v,5,-19.4935962146241,NA,-Inf,NA,-27.80790591371226,NA,1.2871157130376376,NA,1.2868816916145254,NA,1.008373111461021,NA,1.0080891173681017,NA
9872585,14,b e ɟ e ʒ,5,-22.756632689956056,NA,-Inf,NA,-24.058032387919113,NA,1.345476034124718,NA,1.3451525821532777,NA,1.0127182103550003,NA,1.0122651834486156,NA
9872585,12,t͡ʃ ø j u z,5,-20.529026950681207,NA,-17.342610045374,NA,-17.381051887526098,NA,1.151992514259162,NA,1.1520031350348077,NA,1.0064343510181284,NA,1.0062899141251958,NA
9872585,9,ɫ o c e c,5,-22.400319377835324,NA,-Inf,NA,-30.01158029879595,NA,1.185129721117138,NA,1.185083880443854,NA,1.0027646697523702,NA,1.0028307383165231,NA
9872585,10,b i ʒ a ʒ,5,-21.12842071217421,NA,-20.462820259132272,NA,-20.59539447720862,NA,1.344139167411924,NA,1.3438104200605814,NA,1.013475717377768,NA,1.0129733469207105,NA
9872585,11,b u ʒ u ʒ,5,-23.578702027948104,NA,-22.55607533141792,NA,-22.360285906391308,NA,1.1751938218318876,NA,1.175170692528559,NA,1.0072042512867905,NA,1.0070435603192218,NA
9872585,10,n ɯ c i c,5,-22.207490302969337,NA,-Inf,NA,-31.27784518309206,NA,1.190125320458985,NA,1.1900702225959,NA,1.000651008188583,NA,1.0008314338114397,NA
9872585,10,g u ʒ i ʒ,5,-23.367105446041258,NA,-22.71019322061325,NA,-22.662694231245467,NA,1.214496991418963,NA,1.2143994984214512,NA,1.0018219484717603,NA,1.001942235984122,NA
9872585,9,ɟ y ʒ i l,5,-25.474223572256346,NA,-26.086164584076812,NA,-25.658577276474528,NA,1.194726574470686,NA,1.1946604814688004,NA,1.001869088084923,NA,1.001974463736933,NA
9872585,7,c ø d ø l,5,-25.273737592608967,NA,-Inf,NA,-27.063517981829783,NA,1.0636055587079187,NA,1.0637759789037924,NA,1.0001114910985065,NA,1.0003233777080158,NA
9872585,9,m e t ø ɾ,5,-16.305709239281132,NA,-14.332928742029557,NA,-14.370439435773992,NA,1.415624745175706,NA,1.415162037061878,NA,1.0262030905848891,NA,1.0250322748512253,NA
9872585,32,n e p y j,5,-16.98879234295367,NA,-21.717938967258256,NA,-21.69222912574372,NA,1.2636746444640563,NA,1.2634932080325365,NA,1.0096114935791205,NA,1.0093200333401624,NA
9872585,90,v ɯ ʒ u v,5,-21.86808593813512,NA,-Inf,NA,-26.703531252513827,NA,1.126951629435814,NA,1.1270081147295898,NA,1.000727269349632,NA,1.000902377044206,NA
9872585,90,k o ɾ a n,5,-14.411209921897514,NA,-12.294347060400495,NA,-12.318134780608212,NA,1.5780166675354677,NA,1.5772563021989838,NA,1.0788840359427352,NA,1.0746155597877969,NA
9872585,92,n ɯ ʒ a v,5,-19.02502844047022,NA,-Inf,NA,-25.556872791643976,NA,1.278077157040375,NA,1.277858856769651,NA,1.005851378448144,NA,1.0057071346124649,NA
9872662,52,g a d͡ʒ ɯ ʃ,5,-18.1433036565909,NA,-15.499386284508248,NA,-15.553373615329928,NA,1.387167586098868,NA,1.3867697858340529,NA,1.015460105386242,NA,1.014803618740054,NA
9872662,76,k a k u ɾ,5,-14.067811152368842,NA,-12.708404717891712,NA,-12.729721104711002,NA,1.5578537830579977,NA,1.5571414460631403,NA,1.0749244666982,NA,1.071116634968564,NA
9872662,22,l y g ɯ ʒ,5,-22.883384054348497,NA,-Inf,NA,-31.210086947359827,NA,1.1381062907638022,NA,1.1381463270545598,NA,1.0003964076179663,NA,1.000592585698109,NA
9872662,60,b e v u z,5,-18.05359379807402,NA,-15.116452617134565,NA,-15.154527759561976,NA,1.3293865865827923,NA,1.3290904472457938,NA,1.027526083033521,NA,1.0262694472757412,NA
9872662,63,k a t ø ɾ,5,-15.581196584717304,NA,-14.400670214601377,NA,-14.436010397238292,NA,1.5237210169792808,NA,1.5230713014199444,NA,1.059134654867906,NA,1.0562306009407805,NA
9872662,62,n e n u v,5,-16.389638161368726,NA,-20.325068448436717,NA,-20.31731129385749,NA,1.3208179980421255,NA,1.320538269610069,NA,1.0235487936312362,NA,1.0225154110321275,NA
9872662,39,n u c ø c,5,-24.807625490627537,NA,-Inf,NA,-31.30367927011791,NA,1.090233002361394,NA,1.0903607082649016,NA,1.000704421139502,NA,1.0008852996567954,NA
9872662,35,n ɯ t y j,5,-16.745705986388092,NA,-22.3564259100322,NA,-22.34000437551107,NA,1.1865969150263898,NA,1.1865483757315416,NA,1.0045937259415338,NA,1.0045620755887812,NA
9872662,23,d ɯ ʒ a ʒ,5,-21.716795206882775,NA,-Inf,NA,-23.190543246412652,NA,1.298705256665564,NA,1.2984551045728236,NA,1.0026417382010682,NA,1.002708745557405,NA
9872662,41,ɟ ø ɟ i n,5,-26.154797849000957,NA,-Inf,NA,-25.981965253358386,NA,1.207646283033087,NA,1.2075351451808032,NA,1.0123140448014616,NA,1.0117616811066352,NA
9872662,85,m a k a n,5,-13.008346846234591,NA,-11.28043634275908,NA,-11.300021336865491,NA,1.6891002822706591,NA,1.6881485735739905,NA,1.0828270821289048,NA,1.078388901097211,NA
9872662,30,l e ʒ ɯ ʒ,5,-23.42246110699022,NA,-Inf,NA,-31.37937590764058,NA,1.2326268805400291,NA,1.2325034590587125,NA,1.000599585740761,NA,1.000785798371226,NA
9872662,52,l i v ø h,5,-20.904794873852836,NA,-Inf,NA,-30.017786917374448,NA,1.1384315211614455,NA,1.138471070171428,NA,1.0021258039899703,NA,1.0022313327026664,NA
9872662,29,k o ɫ ɯ ɾ,5,-15.746838565630412,NA,-13.10667453460241,NA,-13.133460503117467,NA,1.3892399649311546,NA,1.3888182062736574,NA,1.0364363220655193,NA,1.0346301929585895,NA
9872662,28,l y v ø h,5,-22.081365336981623,NA,-Inf,NA,-30.783197051114545,NA,1.123537673674444,NA,1.123602990586653,NA,1.0013626948653658,NA,1.0015085655369462,NA
9872662,83,m y ɾ i ɾ,5,-15.182460061139956,NA,-12.93841945288009,NA,-12.964678761998291,NA,1.495928832346916,NA,1.4953164266216838,NA,1.0626490882923791,NA,1.0594042295798347,NA
9872662,30,b u z e ʒ,5,-20.09685568317635,NA,-17.84329781622566,NA,-17.964161616964663,NA,1.276667630723205,NA,1.2764627987655124,NA,1.0139315296225708,NA,1.0134023197983453,NA
9872662,53,f u ʒ a ʒ,5,-22.57009892571624,NA,-23.084878726681055,NA,-23.104809642140214,NA,1.283281237699766,NA,1.283057751040734,NA,1.0022636671308394,NA,1.002350487946775,NA
9872662,32,n i n u v,5,-16.587473487694577,NA,-20.74289718035614,NA,-20.73475916364208,NA,1.2346503203991448,NA,1.234519670994152,NA,1.015385861708921,NA,1.0147833558081725,NA
9872662,32,g ɯ ʃ ø z,5,-20.868114892104145,NA,-17.68946998702973,NA,-17.66557104382508,NA,1.1365191714352605,NA,1.1365603636332933,NA,1.0043221992368574,NA,1.0043105088894526,NA
9872662,29,v ɯ ʒ u v,5,-21.86808593813512,NA,-Inf,NA,-26.703531252513827,NA,1.126951629435814,NA,1.1270081147295898,NA,1.000727269349632,NA,1.000902377044206,NA
9872662,32,b a ɟ ø z,5,-22.46994439760235,NA,-Inf,NA,-18.968121900756447,NA,1.3525891302094293,NA,1.3522568267997628,NA,1.0208335147527232,NA,1.0199546011622187,NA
9872662,78,ɫ o t o s,5,-16.650452551067872,NA,-19.86130929042026,NA,-19.87178226056184,NA,1.1968532583423572,NA,1.1967836503746367,NA,1.0076982350654493,NA,1.0074960391662156,NA
9872662,60,g a ɟ e ʒ,5,-22.959255290632175,NA,-Inf,NA,-23.771850826744977,NA,1.408639434555404,NA,1.4082066800608468,NA,1.0072505448133169,NA,1.0070846951102934,NA
9872662,34,d͡ʒ o c ø c,5,-26.257085578225187,NA,-Inf,NA,-31.597534878858212,NA,1.087742629560516,NA,1.0878746424072625,NA,1.0005961022486871,NA,1.000782672398996,NA
9872662,26,b e ɟ e ʒ,5,-22.756632689956056,NA,-Inf,NA,-24.058032387919113,NA,1.345476034124718,NA,1.3451525821532777,NA,1.0127182103550003,NA,1.0122651834486156,NA
9872662,52,b o ʒ a ʒ,5,-22.204003844457393,NA,-19.321037408784147,NA,-19.52975317079178,NA,1.3229086648122703,NA,1.3226166484342836,NA,1.008762800579713,NA,1.0085081234147557,NA
9872662,52,g ɯ d͡ʒ u z,5,-19.58384312679565,NA,-16.64152559173808,NA,-16.684403427045364,NA,1.1622032293487097,NA,1.1621965111059591,NA,1.0059499347177645,NA,1.0058336162439705,NA
9872662,44,b i ʒ a ʒ,5,-21.12842071217421,NA,-20.462820259132272,NA,-20.59539447720862,NA,1.344139167411924,NA,1.3438104200605814,NA,1.013475717377768,NA,1.0129733469207105,NA
9872662,34,l e l ø c,5,-23.921630741113155,NA,-Inf,NA,-32.749337306429,NA,1.1941895614424562,NA,1.1941372749111134,NA,1.0030524364984192,NA,1.0031089785467553,NA
9872662,73,l e m i m,5,-16.284865608541942,NA,-21.681059717316177,NA,-21.31860352956532,NA,1.380102008877493,NA,1.3797039565377944,NA,1.023384257708429,NA,1.022273629864209,NA
9872662,47,ɟ y ʒ u ʒ,5,-27.80853684728006,NA,-29.28500826667853,NA,-28.708564247230676,NA,1.1164047641696466,NA,1.1164832975278336,NA,1.0001090155892292,NA,1.0003211623361203,NA
9872662,36,n ɯ ʒ ɯ v,5,-20.37155439509228,NA,-Inf,NA,-29.078542120513493,NA,1.1398926451023728,NA,1.1399258609218608,NA,1.0003901669756716,NA,1.0005869200881068,NA
9872662,38,g o ɟ i ʒ,5,-24.90517828366109,NA,-25.463316038560684,NA,-25.0238451006757,NA,1.213844639629624,NA,1.21374827950693,NA,1.001203603704403,NA,1.001357562313273,NA
9872662,56,ɫ o c e c,5,-22.400319377835324,NA,-Inf,NA,-30.01158029879595,NA,1.185129721117138,NA,1.185083880443854,NA,1.0027646697523702,NA,1.0028307383165231,NA
9872662,45,d͡ʒ o ʒ u ʒ,5,-24.29401030874191,NA,-24.243601785484508,NA,-24.17251025107207,NA,1.127716441668515,NA,1.127775417851205,NA,1.0007051178379167,NA,1.0008859248512416,NA
9872662,80,t i m y ɾ,5,-15.294846811552397,NA,-13.660054019068708,NA,-13.685647803861627,NA,1.3091233520227514,NA,1.3088432638048708,NA,1.0122665021223751,NA,1.011794088919323,NA
9872662,73,k a n i n,5,-13.587711962107177,NA,-12.244157249014869,NA,-12.2628318923973,NA,1.6359797029730567,NA,1.6351267738613084,NA,1.0856556606918544,NA,1.0812238961757654,NA
9872662,49,j o b u ʒ,5,-21.05836231257191,NA,-20.278068086553,NA,-20.20804314631168,NA,1.1710790683578258,NA,1.171062773355354,NA,1.0066664843883977,NA,1.006528208768726,NA
9872662,49,z a ʒ o h,5,-20.01616939621291,NA,-23.3231454652614,NA,-23.200842055018715,NA,1.3161703693104103,NA,1.3159010409835006,NA,1.0043869150779896,NA,1.0043743138247614,NA
9872662,49,n u t a s,5,-14.726567453647792,NA,-18.016363167590757,NA,-18.02466558703151,NA,1.375248465052452,NA,1.3748549722517678,NA,1.0268849669602398,NA,1.0255614198293237,NA
9872662,76,l y g a v,5,-19.4935962146241,NA,-Inf,NA,-27.80790591371226,NA,1.2871157130376376,NA,1.2868816916145254,NA,1.008373111461021,NA,1.0080891173681017,NA
9872662,34,c ø j a ʒ,5,-23.630776844730175,NA,-Inf,NA,-22.239940954309937,NA,1.2565841996509106,NA,1.2564064248544844,NA,1.012129479451536,NA,1.0116719887342391,NA
9872662,53,l e g o h,5,-19.527053505632765,NA,-27.75113638166346,NA,-27.308708531329852,NA,1.2198662238523628,NA,1.2197634326360676,NA,1.0014568108084176,NA,1.0015956377134012,NA
9872662,73,b i j o ʒ,5,-20.1694739218949,NA,-16.17150934468403,NA,-16.29228988361789,NA,1.2161562043575238,NA,1.2160636704095142,NA,1.0185949627078428,NA,1.0178290236238705,NA
9872662,69,n y n u s,5,-16.715340873276865,NA,-20.662916646783795,NA,-20.659392548169652,NA,1.2376893062998182,NA,1.237547081745812,NA,1.0108372213398642,NA,1.0104573725021138,NA
9872662,28,t͡ʃ ø ɟ y z,5,-24.87512157612903,NA,-22.11753265394216,NA,-21.28303150118376,NA,1.0902953872221697,NA,1.090415010076083,NA,1.0022148482989617,NA,1.00231031519471,NA
9872662,30,f u c ø c,5,-26.0945671202964,NA,-Inf,NA,-30.40486528288016,NA,1.0953217853843475,NA,1.0954406909713434,NA,1.0008668994757235,NA,1.001039240543495,NA
9872662,38,n ø m o s,5,-18.203872787484933,NA,-22.19842578179625,NA,-22.165436338076113,NA,1.1411016056561956,NA,1.141128679586091,NA,1.0035204518715182,NA,1.0035409822204415,NA
9872662,22,z o ɟ i t,5,-20.9589136182378,NA,-22.968824668964604,NA,-22.49812583794652,NA,1.2408518651515077,NA,1.2406922707790116,NA,1.0084540930642174,NA,1.0081503933184568,NA
9872662,25,t͡ʃ ø v a n,5,-18.701602767562907,NA,-15.100178717825774,NA,-15.129210912490072,NA,1.3444722505099906,NA,1.3441170867989016,NA,1.0395669313903486,NA,1.0374122129692265,NA
9872662,32,l i l i v,5,-19.457588243664848,NA,-29.20991366924059,NA,-28.687492054822933,NA,1.2303966335406769,NA,1.2302676592286446,NA,1.003298594196525,NA,1.0033275292550925,NA
9872662,26,t͡ʃ ø j u ʒ,5,-22.924149578450105,NA,-20.79768766887971,NA,-20.742784223544646,NA,1.135233466329589,NA,1.13527898588403,NA,1.004608462527747,NA,1.0045783180618666,NA
9872662,29,g ɯ ʃ e ʒ,5,-20.680133976363813,NA,-18.215759687198577,NA,-18.34658379874023,NA,1.2236976698046218,NA,1.2235845791944204,NA,1.0074075246463592,NA,1.007225242015273,NA
9872662,30,v ø ʒ ɯ h,5,-23.024241178401727,NA,-Inf,NA,-30.45570700382361,NA,1.1036756719502918,NA,1.1037711769871554,NA,1.0001956309096838,NA,1.000401295176374,NA
9872662,57,t i k a n,5,-13.448013540026771,NA,-12.360180704819967,NA,-12.378790372777791,NA,1.4875821102169142,NA,1.486979033124867,NA,1.045676820009706,NA,1.0431959745683663,NA
9872662,28,l e l i c,5,-21.536362523929785,NA,-31.435382275761945,NA,-30.66420479306158,NA,1.3050220875123175,NA,1.3047680695189283,NA,1.0033784880145589,NA,1.0034146207009211,NA
9872662,27,n ɯ c i c,5,-22.207490302969337,NA,-Inf,NA,-31.27784518309206,NA,1.190125320458985,NA,1.1900702225959,NA,1.000651008188583,NA,1.0008314338114397,NA
9872662,25,ɟ y ɟ e c,5,-28.306538947779316,NA,-Inf,NA,-32.95524219839198,NA,1.1788422801113725,NA,1.1788073260166032,NA,1.0007066108268936,NA,1.0008808204183293,NA
9872662,31,g ɯ d͡ʒ i l,5,-19.64465247954083,NA,-16.929800719720177,NA,-16.98778054263725,NA,1.223765991720176,NA,1.2236495458961485,NA,1.0081634508787554,NA,1.007928985502199,NA
9872662,31,v ø l i v,5,-21.2450194600926,NA,-Inf,NA,-31.53443408186967,NA,1.1757448274064406,NA,1.1757104148958002,NA,1.0014998369742418,NA,1.0016238637930377,NA
9872662,28,n ɯ m ø h,5,-18.510789566710663,NA,-25.526286904340548,NA,-25.20620087924542,NA,1.139300164226838,NA,1.1393380184036568,NA,1.0014200635832908,NA,1.0015627469235224,NA
9872662,29,g ɯ k o ʒ,5,-20.74619112225676,NA,-16.915237145151256,NA,-17.041707617482654,NA,1.1737865511481944,NA,1.1737670683301502,NA,1.0095969845870632,NA,1.0093013998750595,NA
9872662,32,ɫ a ɾ u j,5,-14.988213898012642,NA,-18.225237785879074,NA,-18.23265340120377,NA,1.4806633127456936,NA,1.48010342214873,NA,1.0515741074637193,NA,1.0490474569155095,NA
9872662,32,ɟ y ɟ ø c,5,-30.88964249128854,NA,-Inf,NA,-34.02337567467023,NA,1.0749047338124378,NA,1.0750589613046984,NA,1.0000545077946146,NA,1.0002695361099974,NA
9872662,29,b e ʒ a ʒ,5,-20.93058538584836,NA,-19.48837816175328,NA,-19.69732468362156,NA,1.4303068450549048,NA,1.4298290186764984,NA,1.014235691359507,NA,1.013693300711423,NA
9872662,27,g u ʒ i ʒ,5,-23.367105446041258,NA,-22.71019322061325,NA,-22.662694231245467,NA,1.214496991418963,NA,1.2143994984214512,NA,1.0018219484717603,NA,1.001942235984122,NA
9872662,78,ɫ a g a v,5,-15.754122332862629,NA,-20.553058174302627,NA,-20.559783658839276,NA,1.4882072475199175,NA,1.487625321159881,NA,1.011899048999812,NA,1.011429504802159,NA
9872662,71,k o ɾ a n,5,-14.411209921897514,NA,-12.294347060400495,NA,-12.318134780608212,NA,1.5780166675354677,NA,1.5772563021989838,NA,1.0788840359427352,NA,1.0746155597877969,NA
9872662,22,f u m o ʒ,5,-21.086399553296257,NA,-19.904477032559072,NA,-20.00660012235896,NA,1.162493303534497,NA,1.16249350220586,NA,1.0069418990854422,NA,1.006788724097161,NA
9872662,31,n i l i s,5,-16.529383592794712,NA,-21.972909806953865,NA,-21.72458759793683,NA,1.262837912142731,NA,1.2626465045153608,NA,1.0115151948241032,NA,1.0110619225343378,NA
9872662,26,n e p y j,5,-16.98879234295367,NA,-21.717938967258256,NA,-21.69222912574372,NA,1.2636746444640563,NA,1.2634932080325365,NA,1.0096114935791205,NA,1.0093200333401624,NA
9872662,70,k o n ø ɾ,5,-17.468982673500772,NA,-15.665847293331234,NA,-15.67041392566706,NA,1.3263918658517442,NA,1.3260835017678103,NA,1.0230245152622903,NA,1.0220198569868446,NA
9872662,61,p o c y z,5,-22.132396809934985,NA,-Inf,NA,-22.792875288841223,NA,1.1404551220852177,NA,1.1404879493119304,NA,1.0044867211475823,NA,1.0044629596393846,NA
9872662,23,ɟ ø c ø c,5,-30.98030987081792,NA,-Inf,NA,-35.04234390027842,NA,1.025304435597176,NA,1.0255444598001535,NA,1,1,1.0002179098838746,1
9872662,24,ɟ i ɟ ø c,5,-29.71307202815976,NA,-Inf,NA,-34.785338500309926,NA,1.0897985812994395,NA,1.0899270408894737,NA,1.0001090155892292,NA,1.0003211623361203,NA
9872662,26,c ø d ø l,5,-25.273737592608967,NA,-Inf,NA,-27.063517981829783,NA,1.0636055587079187,NA,1.0637759789037924,NA,1.0001114910985065,NA,1.0003233777080158,NA
9872662,30,ɟ ø c e c,5,-28.397206327308695,NA,-Inf,NA,-33.97421042400016,NA,1.1292419818961106,NA,1.1292928245120586,NA,1.000652103032279,NA,1.0008291941922065,NA
9872662,36,m y k o ʒ,5,-19.93043596815668,NA,-16.300780365266558,NA,-16.417412400213216,NA,1.2520745572399474,NA,1.2519196738829383,NA,1.0326605479495878,NA,1.031153503453037,NA
9872662,32,n ɯ ʒ a v,5,-19.02502844047022,NA,-Inf,NA,-25.556872791643976,NA,1.278077157040375,NA,1.277858856769651,NA,1.005851378448144,NA,1.0057071346124649,NA
9872662,41,b u ʒ u ʒ,5,-23.578702027948104,NA,-22.55607533141792,NA,-22.360285906391308,NA,1.1751938218318876,NA,1.175170692528559,NA,1.0072042512867905,NA,1.0070435603192218,NA
9872662,28,ɟ y ʒ i l,5,-25.474223572256346,NA,-26.086164584076812,NA,-25.658577276474528,NA,1.194726574470686,NA,1.1946604814688004,NA,1.001869088084923,NA,1.001974463736933,NA
9872662,35,b e v a ʒ,5,-18.887323500746025,NA,-15.872593466040806,NA,-16.021901122917775,NA,1.460613178860639,NA,1.460082582720464,NA,1.0349086258500086,NA,1.033249828288036,NA
9872662,27,b u j u ʒ,5,-20.87166757096573,NA,-19.733680700888875,NA,-19.668499765417735,NA,1.2165652379443916,NA,1.21647007222167,NA,1.0105687883162064,NA,1.0102253180186327,NA
9872662,33,b i j u ʒ,5,-19.982779180288727,NA,-18.35629998851609,NA,-18.296720384198927,NA,1.2375249433170086,NA,1.237393515128245,NA,1.019368047964322,NA,1.0185609454976876,NA
9872662,29,t͡ʃ ø j u z,5,-20.529026950681207,NA,-17.342610045374,NA,-17.381051887526098,NA,1.151992514259162,NA,1.1520031350348077,NA,1.0064343510181284,NA,1.0062899141251958,NA
9872662,31,m y m y ɾ,5,-16.704255115308886,NA,-13.020817250140125,NA,-13.053521821836997,NA,1.3152884044924409,NA,1.3149976658456903,NA,1.0360942196571266,NA,1.0343698974546898,NA
9872662,33,ɫ a m i v,5,-15.108322670255824,NA,-19.84096460834095,NA,-19.840167964977656,NA,1.45267848057084,NA,1.452164539040134,NA,1.022668785041178,NA,1.0216640887099704,NA
9872662,36,b u ɟ y ʒ,5,-25.21776219641355,NA,-24.02607612181347,NA,-23.4120433072708,NA,1.1548681109073993,NA,1.1548819472629457,NA,1.0073371474025232,NA,1.007168032552784,NA
9872662,28,t i t e n,5,-13.939688353962891,NA,-13.031948462442172,NA,-13.050716201785225,NA,1.4094012502297124,NA,1.4089409685681276,NA,1.034895013822322,NA,1.0331065768439232,NA
9872662,30,m e t ø ɾ,5,-16.305709239281132,NA,-14.332928742029557,NA,-14.370439435773992,NA,1.415624745175706,NA,1.415162037061878,NA,1.0262030905848891,NA,1.0250322748512253,NA
9872662,37,ɟ i ʒ ɯ ʒ,5,-26.41709941367645,NA,-Inf,NA,-33.307818772675844,NA,1.1410997399260654,NA,1.1411346658902664,NA,1.0003270467676877,NA,1.0005276672406118,NA
9872662,34,ɫ a n y j,5,-15.527981142957266,NA,-20.048631415631327,NA,-20.029886559218973,NA,1.394546693721347,NA,1.394138324722925,NA,1.0266470238072245,NA,1.0254534974166822,NA
9872662,42,m y z a ʒ,5,-19.26885615927756,NA,-16.145731724613096,NA,-16.288993267502523,NA,1.397336491187185,NA,1.3969153080698635,NA,1.0416189337331847,NA,1.0396162450988709,NA
9872662,39,n u ʒ ɯ ʒ,5,-22.62968325066944,NA,-Inf,NA,-29.197550883061453,NA,1.14000794273881,NA,1.140044772486502,NA,1.0008134367287314,NA,1.0009885521090411,NA
9872662,39,n u t i v,5,-16.447775065614174,NA,-21.189892153387195,NA,-21.184203947153694,NA,1.2797613550678195,NA,1.27954636548282,NA,1.0249284051823029,NA,1.0237745264935774,NA
9872701,61,n i l i s,5,-16.529383592794712,NA,-21.972909806953865,NA,-21.72458759793683,NA,1.262837912142731,NA,1.2626465045153608,NA,1.0115151948241032,NA,1.0110619225343378,NA
9872701,36,f u c ø c,5,-26.0945671202964,NA,-Inf,NA,-30.40486528288016,NA,1.0953217853843475,NA,1.0954406909713434,NA,1.0008668994757235,NA,1.001039240543495,NA
9872701,66,ɟ ø c ø c,5,-30.98030987081792,NA,-Inf,NA,-35.04234390027842,NA,1.025304435597176,NA,1.0255444598001535,NA,1,1,1.0002179098838746,1
9872701,0,n ø m o s,5,-18.203872787484933,NA,-22.19842578179625,NA,-22.165436338076113,NA,1.1411016056561956,NA,1.141128679586091,NA,1.0035204518715182,NA,1.0035409822204415,NA
9872701,100,ɫ a n y j,5,-15.527981142957266,NA,-20.048631415631327,NA,-20.029886559218973,NA,1.394546693721347,NA,1.394138324722925,NA,1.0266470238072245,NA,1.0254534974166822,NA
9872701,100,l e m i m,5,-16.284865608541942,NA,-21.681059717316177,NA,-21.31860352956532,NA,1.380102008877493,NA,1.3797039565377944,NA,1.023384257708429,NA,1.022273629864209,NA
9872701,0,t͡ʃ ø j u ʒ,5,-22.924149578450105,NA,-20.79768766887971,NA,-20.742784223544646,NA,1.135233466329589,NA,1.13527898588403,NA,1.004608462527747,NA,1.0045783180618666,NA
9872701,66,t i t e n,5,-13.939688353962891,NA,-13.031948462442172,NA,-13.050716201785225,NA,1.4094012502297124,NA,1.4089409685681276,NA,1.034895013822322,NA,1.0331065768439232,NA
9872701,12,g o ɟ i ʒ,5,-24.90517828366109,NA,-25.463316038560684,NA,-25.0238451006757,NA,1.213844639629624,NA,1.21374827950693,NA,1.001203603704403,NA,1.001357562313273,NA
9872701,64,k a k u ɾ,5,-14.067811152368842,NA,-12.708404717891712,NA,-12.729721104711002,NA,1.5578537830579977,NA,1.5571414460631403,NA,1.0749244666982,NA,1.071116634968564,NA
9872701,100,m y ɾ i ɾ,5,-15.182460061139956,NA,-12.93841945288009,NA,-12.964678761998291,NA,1.495928832346916,NA,1.4953164266216838,NA,1.0626490882923791,NA,1.0594042295798347,NA
9872701,0,g ɯ ʃ ø z,5,-20.868114892104145,NA,-17.68946998702973,NA,-17.66557104382508,NA,1.1365191714352605,NA,1.1365603636332933,NA,1.0043221992368574,NA,1.0043105088894526,NA
9872701,92,m a k a n,5,-13.008346846234591,NA,-11.28043634275908,NA,-11.300021336865491,NA,1.6891002822706591,NA,1.6881485735739905,NA,1.0828270821289048,NA,1.078388901097211,NA
9872701,94,l y v ø h,5,-22.081365336981623,NA,-Inf,NA,-30.783197051114545,NA,1.123537673674444,NA,1.123602990586653,NA,1.0013626948653658,NA,1.0015085655369462,NA
9872701,0,n ɯ c i c,5,-22.207490302969337,NA,-Inf,NA,-31.27784518309206,NA,1.190125320458985,NA,1.1900702225959,NA,1.000651008188583,NA,1.0008314338114397,NA
9872701,99,g ɯ d͡ʒ u z,5,-19.58384312679565,NA,-16.64152559173808,NA,-16.684403427045364,NA,1.1622032293487097,NA,1.1621965111059591,NA,1.0059499347177645,NA,1.0058336162439705,NA
9872701,0,v ø ʒ ɯ h,5,-23.024241178401727,NA,-Inf,NA,-30.45570700382361,NA,1.1036756719502918,NA,1.1037711769871554,NA,1.0001956309096838,NA,1.000401295176374,NA
9872701,94,ɟ i ʒ ɯ ʒ,5,-26.41709941367645,NA,-Inf,NA,-33.307818772675844,NA,1.1410997399260654,NA,1.1411346658902664,NA,1.0003270467676877,NA,1.0005276672406118,NA
9872701,9,t͡ʃ ø v a n,5,-18.701602767562907,NA,-15.100178717825774,NA,-15.129210912490072,NA,1.3444722505099906,NA,1.3441170867989016,NA,1.0395669313903486,NA,1.0374122129692265,NA
9872701,82,b u z e ʒ,5,-20.09685568317635,NA,-17.84329781622566,NA,-17.964161616964663,NA,1.276667630723205,NA,1.2764627987655124,NA,1.0139315296225708,NA,1.0134023197983453,NA
9872701,84,l y g ɯ ʒ,5,-22.883384054348497,NA,-Inf,NA,-31.210086947359827,NA,1.1381062907638022,NA,1.1381463270545598,NA,1.0003964076179663,NA,1.000592585698109,NA
9872701,65,l i l i v,5,-19.457588243664848,NA,-29.20991366924059,NA,-28.687492054822933,NA,1.2303966335406769,NA,1.2302676592286446,NA,1.003298594196525,NA,1.0033275292550925,NA
9872701,100,g ɯ d͡ʒ i l,5,-19.64465247954083,NA,-16.929800719720177,NA,-16.98778054263725,NA,1.223765991720176,NA,1.2236495458961485,NA,1.0081634508787554,NA,1.007928985502199,NA
9872701,77,ɟ i ɟ ø c,5,-29.71307202815976,NA,-Inf,NA,-34.785338500309926,NA,1.0897985812994395,NA,1.0899270408894737,NA,1.0001090155892292,NA,1.0003211623361203,NA
9872701,0,f u m o ʒ,5,-21.086399553296257,NA,-19.904477032559072,NA,-20.00660012235896,NA,1.162493303534497,NA,1.16249350220586,NA,1.0069418990854422,NA,1.006788724097161,NA
9872701,59,ɫ o t o s,5,-16.650452551067872,NA,-19.86130929042026,NA,-19.87178226056184,NA,1.1968532583423572,NA,1.1967836503746367,NA,1.0076982350654493,NA,1.0074960391662156,NA
9872701,61,ɫ a m i v,5,-15.108322670255824,NA,-19.84096460834095,NA,-19.840167964977656,NA,1.45267848057084,NA,1.452164539040134,NA,1.022668785041178,NA,1.0216640887099704,NA
9872701,0,n y n u s,5,-16.715340873276865,NA,-20.662916646783795,NA,-20.659392548169652,NA,1.2376893062998182,NA,1.237547081745812,NA,1.0108372213398642,NA,1.0104573725021138,NA
9872701,75,c ø j a ʒ,5,-23.630776844730175,NA,-Inf,NA,-22.239940954309937,NA,1.2565841996509106,NA,1.2564064248544844,NA,1.012129479451536,NA,1.0116719887342391,NA
9872701,100,b u j u ʒ,5,-20.87166757096573,NA,-19.733680700888875,NA,-19.668499765417735,NA,1.2165652379443916,NA,1.21647007222167,NA,1.0105687883162064,NA,1.0102253180186327,NA
9872701,100,g a d͡ʒ ɯ ʃ,5,-18.1433036565909,NA,-15.499386284508248,NA,-15.553373615329928,NA,1.387167586098868,NA,1.3867697858340529,NA,1.015460105386242,NA,1.014803618740054,NA
9872701,3,t i k a n,5,-13.448013540026771,NA,-12.360180704819967,NA,-12.378790372777791,NA,1.4875821102169142,NA,1.486979033124867,NA,1.045676820009706,NA,1.0431959745683663,NA
9872701,17,g u ʒ i ʒ,5,-23.367105446041258,NA,-22.71019322061325,NA,-22.662694231245467,NA,1.214496991418963,NA,1.2143994984214512,NA,1.0018219484717603,NA,1.001942235984122,NA
9872701,100,m e t ø ɾ,5,-16.305709239281132,NA,-14.332928742029557,NA,-14.370439435773992,NA,1.415624745175706,NA,1.415162037061878,NA,1.0262030905848891,NA,1.0250322748512253,NA
9872701,0,n e p y j,5,-16.98879234295367,NA,-21.717938967258256,NA,-21.69222912574372,NA,1.2636746444640563,NA,1.2634932080325365,NA,1.0096114935791205,NA,1.0093200333401624,NA
9872701,87,b e v a ʒ,5,-18.887323500746025,NA,-15.872593466040806,NA,-16.021901122917775,NA,1.460613178860639,NA,1.460082582720464,NA,1.0349086258500086,NA,1.033249828288036,NA
9872701,100,b a ɟ ø z,5,-22.46994439760235,NA,-Inf,NA,-18.968121900756447,NA,1.3525891302094293,NA,1.3522568267997628,NA,1.0208335147527232,NA,1.0199546011622187,NA
9872701,0,ɫ a ɾ u j,5,-14.988213898012642,NA,-18.225237785879074,NA,-18.23265340120377,NA,1.4806633127456936,NA,1.48010342214873,NA,1.0515741074637193,NA,1.0490474569155095,NA
9872701,70,ɫ a g a v,5,-15.754122332862629,NA,-20.553058174302627,NA,-20.559783658839276,NA,1.4882072475199175,NA,1.487625321159881,NA,1.011899048999812,NA,1.011429504802159,NA
9872701,91,k o n ø ɾ,5,-17.468982673500772,NA,-15.665847293331234,NA,-15.67041392566706,NA,1.3263918658517442,NA,1.3260835017678103,NA,1.0230245152622903,NA,1.0220198569868446,NA
9872701,73,l e l i c,5,-21.536362523929785,NA,-31.435382275761945,NA,-30.66420479306158,NA,1.3050220875123175,NA,1.3047680695189283,NA,1.0033784880145589,NA,1.0034146207009211,NA
9872701,0,l e g o h,5,-19.527053505632765,NA,-27.75113638166346,NA,-27.308708531329852,NA,1.2198662238523628,NA,1.2197634326360676,NA,1.0014568108084176,NA,1.0015956377134012,NA
9872701,0,d ɯ ʒ a ʒ,5,-21.716795206882775,NA,-Inf,NA,-23.190543246412652,NA,1.298705256665564,NA,1.2984551045728236,NA,1.0026417382010682,NA,1.002708745557405,NA
9872701,27,t͡ʃ ø j u z,5,-20.529026950681207,NA,-17.342610045374,NA,-17.381051887526098,NA,1.151992514259162,NA,1.1520031350348077,NA,1.0064343510181284,NA,1.0062899141251958,NA
9872701,100,l y g a v,5,-19.4935962146241,NA,-Inf,NA,-27.80790591371226,NA,1.2871157130376376,NA,1.2868816916145254,NA,1.008373111461021,NA,1.0080891173681017,NA
9872701,81,ɟ ø ɟ i n,5,-26.154797849000957,NA,-Inf,NA,-25.981965253358386,NA,1.207646283033087,NA,1.2075351451808032,NA,1.0123140448014616,NA,1.0117616811066352,NA
9872701,91,ɟ y ɟ ø c,5,-30.88964249128854,NA,-Inf,NA,-34.02337567467023,NA,1.0749047338124378,NA,1.0750589613046984,NA,1.0000545077946146,NA,1.0002695361099974,NA
9872701,16,n ɯ ʒ a v,5,-19.02502844047022,NA,-Inf,NA,-25.556872791643976,NA,1.278077157040375,NA,1.277858856769651,NA,1.005851378448144,NA,1.0057071346124649,NA
9872701,0,g a ɟ e ʒ,5,-22.959255290632175,NA,-Inf,NA,-23.771850826744977,NA,1.408639434555404,NA,1.4082066800608468,NA,1.0072505448133169,NA,1.0070846951102934,NA
9872701,84,z o ɟ i t,5,-20.9589136182378,NA,-22.968824668964604,NA,-22.49812583794652,NA,1.2408518651515077,NA,1.2406922707790116,NA,1.0084540930642174,NA,1.0081503933184568,NA
9872701,0,v ɯ ʒ u v,5,-21.86808593813512,NA,-Inf,NA,-26.703531252513827,NA,1.126951629435814,NA,1.1270081147295898,NA,1.000727269349632,NA,1.000902377044206,NA
9872701,100,l i v ø h,5,-20.904794873852836,NA,-Inf,NA,-30.017786917374448,NA,1.1384315211614455,NA,1.138471070171428,NA,1.0021258039899703,NA,1.0022313327026664,NA
9872701,0,b o ʒ a ʒ,5,-22.204003844457393,NA,-19.321037408784147,NA,-19.52975317079178,NA,1.3229086648122703,NA,1.3226166484342836,NA,1.008762800579713,NA,1.0085081234147557,NA
9872701,0,d͡ʒ o ʒ u ʒ,5,-24.29401030874191,NA,-24.243601785484508,NA,-24.17251025107207,NA,1.127716441668515,NA,1.127775417851205,NA,1.0007051178379167,NA,1.0008859248512416,NA
9872701,28,n e n u v,5,-16.389638161368726,NA,-20.325068448436717,NA,-20.31731129385749,NA,1.3208179980421255,NA,1.320538269610069,NA,1.0235487936312362,NA,1.0225154110321275,NA
9872701,90,b i j u ʒ,5,-19.982779180288727,NA,-18.35629998851609,NA,-18.296720384198927,NA,1.2375249433170086,NA,1.237393515128245,NA,1.019368047964322,NA,1.0185609454976876,NA
9872701,60,t i m y ɾ,5,-15.294846811552397,NA,-13.660054019068708,NA,-13.685647803861627,NA,1.3091233520227514,NA,1.3088432638048708,NA,1.0122665021223751,NA,1.011794088919323,NA
9872701,62,m y m y ɾ,5,-16.704255115308886,NA,-13.020817250140125,NA,-13.053521821836997,NA,1.3152884044924409,NA,1.3149976658456903,NA,1.0360942196571266,NA,1.0343698974546898,NA
9872701,90,ɟ ø c e c,5,-28.397206327308695,NA,-Inf,NA,-33.97421042400016,NA,1.1292419818961106,NA,1.1292928245120586,NA,1.000652103032279,NA,1.0008291941922065,NA
9872701,5,f u ʒ a ʒ,5,-22.57009892571624,NA,-23.084878726681055,NA,-23.104809642140214,NA,1.283281237699766,NA,1.283057751040734,NA,1.0022636671308394,NA,1.002350487946775,NA
9872701,0,n u ʒ ɯ ʒ,5,-22.62968325066944,NA,-Inf,NA,-29.197550883061453,NA,1.14000794273881,NA,1.140044772486502,NA,1.0008134367287314,NA,1.0009885521090411,NA
9872701,13,m y k o ʒ,5,-19.93043596815668,NA,-16.300780365266558,NA,-16.417412400213216,NA,1.2520745572399474,NA,1.2519196738829383,NA,1.0326605479495878,NA,1.031153503453037,NA
9872701,86,k a t ø ɾ,5,-15.581196584717304,NA,-14.400670214601377,NA,-14.436010397238292,NA,1.5237210169792808,NA,1.5230713014199444,NA,1.059134654867906,NA,1.0562306009407805,NA
9872701,100,n ɯ ʒ ɯ v,5,-20.37155439509228,NA,-Inf,NA,-29.078542120513493,NA,1.1398926451023728,NA,1.1399258609218608,NA,1.0003901669756716,NA,1.0005869200881068,NA
9872701,17,n i n u v,5,-16.587473487694577,NA,-20.74289718035614,NA,-20.73475916364208,NA,1.2346503203991448,NA,1.234519670994152,NA,1.015385861708921,NA,1.0147833558081725,NA
9872701,0,ɟ y ʒ i l,5,-25.474223572256346,NA,-26.086164584076812,NA,-25.658577276474528,NA,1.194726574470686,NA,1.1946604814688004,NA,1.001869088084923,NA,1.001974463736933,NA
9872701,5,g ɯ k o ʒ,5,-20.74619112225676,NA,-16.915237145151256,NA,-17.041707617482654,NA,1.1737865511481944,NA,1.1737670683301502,NA,1.0095969845870632,NA,1.0093013998750595,NA
9872701,87,b e ʒ a ʒ,5,-20.93058538584836,NA,-19.48837816175328,NA,-19.69732468362156,NA,1.4303068450549048,NA,1.4298290186764984,NA,1.014235691359507,NA,1.013693300711423,NA
9872701,100,l e l ø c,5,-23.921630741113155,NA,-Inf,NA,-32.749337306429,NA,1.1941895614424562,NA,1.1941372749111134,NA,1.0030524364984192,NA,1.0031089785467553,NA
9872701,6,l e ʒ ɯ ʒ,5,-23.42246110699022,NA,-Inf,NA,-31.37937590764058,NA,1.2326268805400291,NA,1.2325034590587125,NA,1.000599585740761,NA,1.000785798371226,NA
9872701,62,n u t a s,5,-14.726567453647792,NA,-18.016363167590757,NA,-18.02466558703151,NA,1.375248465052452,NA,1.3748549722517678,NA,1.0268849669602398,NA,1.0255614198293237,NA
9872701,68,n u t i v,5,-16.447775065614174,NA,-21.189892153387195,NA,-21.184203947153694,NA,1.2797613550678195,NA,1.27954636548282,NA,1.0249284051823029,NA,1.0237745264935774,NA
9872701,0,c ø d ø l,5,-25.273737592608967,NA,-Inf,NA,-27.063517981829783,NA,1.0636055587079187,NA,1.0637759789037924,NA,1.0001114910985065,NA,1.0003233777080158,NA
9872701,98,k o ɫ ɯ ɾ,5,-15.746838565630412,NA,-13.10667453460241,NA,-13.133460503117467,NA,1.3892399649311546,NA,1.3888182062736574,NA,1.0364363220655193,NA,1.0346301929585895,NA
9872701,13,v ø l i v,5,-21.2450194600926,NA,-Inf,NA,-31.53443408186967,NA,1.1757448274064406,NA,1.1757104148958002,NA,1.0014998369742418,NA,1.0016238637930377,NA
9872701,15,b i ʒ a ʒ,5,-21.12842071217421,NA,-20.462820259132272,NA,-20.59539447720862,NA,1.344139167411924,NA,1.3438104200605814,NA,1.013475717377768,NA,1.0129733469207105,NA
9872701,9,g ɯ ʃ e ʒ,5,-20.680133976363813,NA,-18.215759687198577,NA,-18.34658379874023,NA,1.2236976698046218,NA,1.2235845791944204,NA,1.0074075246463592,NA,1.007225242015273,NA
9872701,64,m y z a ʒ,5,-19.26885615927756,NA,-16.145731724613096,NA,-16.288993267502523,NA,1.397336491187185,NA,1.3969153080698635,NA,1.0416189337331847,NA,1.0396162450988709,NA
9872701,0,j o b u ʒ,5,-21.05836231257191,NA,-20.278068086553,NA,-20.20804314631168,NA,1.1710790683578258,NA,1.171062773355354,NA,1.0066664843883977,NA,1.006528208768726,NA
9872701,0,ɟ y ʒ u ʒ,5,-27.80853684728006,NA,-29.28500826667853,NA,-28.708564247230676,NA,1.1164047641696466,NA,1.1164832975278336,NA,1.0001090155892292,NA,1.0003211623361203,NA
9872701,0,b u ʒ u ʒ,5,-23.578702027948104,NA,-22.55607533141792,NA,-22.360285906391308,NA,1.1751938218318876,NA,1.175170692528559,NA,1.0072042512867905,NA,1.0070435603192218,NA
9872701,84,p o c y z,5,-22.132396809934985,NA,-Inf,NA,-22.792875288841223,NA,1.1404551220852177,NA,1.1404879493119304,NA,1.0044867211475823,NA,1.0044629596393846,NA
9872701,100,ɟ y ɟ e c,5,-28.306538947779316,NA,-Inf,NA,-32.95524219839198,NA,1.1788422801113725,NA,1.1788073260166032,NA,1.0007066108268936,NA,1.0008808204183293,NA
9872701,100,d͡ʒ o c ø c,5,-26.257085578225187,NA,-Inf,NA,-31.597534878858212,NA,1.087742629560516,NA,1.0878746424072625,NA,1.0005961022486871,NA,1.000782672398996,NA
9872701,64,k o ɾ a n,5,-14.411209921897514,NA,-12.294347060400495,NA,-12.318134780608212,NA,1.5780166675354677,NA,1.5772563021989838,NA,1.0788840359427352,NA,1.0746155597877969,NA
9872701,100,n u c ø c,5,-24.807625490627537,NA,-Inf,NA,-31.30367927011791,NA,1.090233002361394,NA,1.0903607082649016,NA,1.000704421139502,NA,1.0008852996567954,NA
9872701,0,z a ʒ o h,5,-20.01616939621291,NA,-23.3231454652614,NA,-23.200842055018715,NA,1.3161703693104103,NA,1.3159010409835006,NA,1.0043869150779896,NA,1.0043743138247614,NA
9872701,65,b e v u z,5,-18.05359379807402,NA,-15.116452617134565,NA,-15.154527759561976,NA,1.3293865865827923,NA,1.3290904472457938,NA,1.027526083033521,NA,1.0262694472757412,NA
9872701,100,t͡ʃ ø ɟ y z,5,-24.87512157612903,NA,-22.11753265394216,NA,-21.28303150118376,NA,1.0902953872221697,NA,1.090415010076083,NA,1.0022148482989617,NA,1.00231031519471,NA
9872701,19,n ɯ t y j,5,-16.745705986388092,NA,-22.3564259100322,NA,-22.34000437551107,NA,1.1865969150263898,NA,1.1865483757315416,NA,1.0045937259415338,NA,1.0045620755887812,NA
9872701,64,k a n i n,5,-13.587711962107177,NA,-12.244157249014869,NA,-12.2628318923973,NA,1.6359797029730567,NA,1.6351267738613084,NA,1.0856556606918544,NA,1.0812238961757654,NA
9872701,14,b u ɟ y ʒ,5,-25.21776219641355,NA,-24.02607612181347,NA,-23.4120433072708,NA,1.1548681109073993,NA,1.1548819472629457,NA,1.0073371474025232,NA,1.007168032552784,NA
9872701,3,n ɯ m ø h,5,-18.510789566710663,NA,-25.526286904340548,NA,-25.20620087924542,NA,1.139300164226838,NA,1.1393380184036568,NA,1.0014200635832908,NA,1.0015627469235224,NA
9872701,100,b e ɟ e ʒ,5,-22.756632689956056,NA,-Inf,NA,-24.058032387919113,NA,1.345476034124718,NA,1.3451525821532777,NA,1.0127182103550003,NA,1.0122651834486156,NA
9872701,0,b i j o ʒ,5,-20.1694739218949,NA,-16.17150934468403,NA,-16.29228988361789,NA,1.2161562043575238,NA,1.2160636704095142,NA,1.0185949627078428,NA,1.0178290236238705,NA
9872701,100,ɫ o c e c,5,-22.400319377835324,NA,-Inf,NA,-30.01158029879595,NA,1.185129721117138,NA,1.185083880443854,NA,1.0027646697523702,NA,1.0028307383165231,NA
9872763,38,z a ʒ o h,5,-20.01616939621291,NA,-23.3231454652614,NA,-23.200842055018715,NA,1.3161703693104103,NA,1.3159010409835006,NA,1.0043869150779896,NA,1.0043743138247614,NA
9872763,32,g ɯ d͡ʒ i l,5,-19.64465247954083,NA,-16.929800719720177,NA,-16.98778054263725,NA,1.223765991720176,NA,1.2236495458961485,NA,1.0081634508787554,NA,1.007928985502199,NA
9872763,57,ɟ ø c e c,5,-28.397206327308695,NA,-Inf,NA,-33.97421042400016,NA,1.1292419818961106,NA,1.1292928245120586,NA,1.000652103032279,NA,1.0008291941922065,NA
9872763,68,ɟ y ɟ e c,5,-28.306538947779316,NA,-Inf,NA,-32.95524219839198,NA,1.1788422801113725,NA,1.1788073260166032,NA,1.0007066108268936,NA,1.0008808204183293,NA
9872763,55,ɟ ø ɟ i n,5,-26.154797849000957,NA,-Inf,NA,-25.981965253358386,NA,1.207646283033087,NA,1.2075351451808032,NA,1.0123140448014616,NA,1.0117616811066352,NA
9872763,58,ɫ o c e c,5,-22.400319377835324,NA,-Inf,NA,-30.01158029879595,NA,1.185129721117138,NA,1.185083880443854,NA,1.0027646697523702,NA,1.0028307383165231,NA
9872763,20,ɫ a n y j,5,-15.527981142957266,NA,-20.048631415631327,NA,-20.029886559218973,NA,1.394546693721347,NA,1.394138324722925,NA,1.0266470238072245,NA,1.0254534974166822,NA
9872763,25,b e ʒ a ʒ,5,-20.93058538584836,NA,-19.48837816175328,NA,-19.69732468362156,NA,1.4303068450549048,NA,1.4298290186764984,NA,1.014235691359507,NA,1.013693300711423,NA
9872763,53,n u c ø c,5,-24.807625490627537,NA,-Inf,NA,-31.30367927011791,NA,1.090233002361394,NA,1.0903607082649016,NA,1.000704421139502,NA,1.0008852996567954,NA
9872763,29,n ɯ m ø h,5,-18.510789566710663,NA,-25.526286904340548,NA,-25.20620087924542,NA,1.139300164226838,NA,1.1393380184036568,NA,1.0014200635832908,NA,1.0015627469235224,NA
9872763,80,ɫ o t o s,5,-16.650452551067872,NA,-19.86130929042026,NA,-19.87178226056184,NA,1.1968532583423572,NA,1.1967836503746367,NA,1.0076982350654493,NA,1.0074960391662156,NA
9872763,50,z o ɟ i t,5,-20.9589136182378,NA,-22.968824668964604,NA,-22.49812583794652,NA,1.2408518651515077,NA,1.2406922707790116,NA,1.0084540930642174,NA,1.0081503933184568,NA
9872763,30,b e ɟ e ʒ,5,-22.756632689956056,NA,-Inf,NA,-24.058032387919113,NA,1.345476034124718,NA,1.3451525821532777,NA,1.0127182103550003,NA,1.0122651834486156,NA
9872763,59,ɫ a m i v,5,-15.108322670255824,NA,-19.84096460834095,NA,-19.840167964977656,NA,1.45267848057084,NA,1.452164539040134,NA,1.022668785041178,NA,1.0216640887099704,NA
9872763,12,b i j o ʒ,5,-20.1694739218949,NA,-16.17150934468403,NA,-16.29228988361789,NA,1.2161562043575238,NA,1.2160636704095142,NA,1.0185949627078428,NA,1.0178290236238705,NA
9872763,55,ɟ i ɟ ø c,5,-29.71307202815976,NA,-Inf,NA,-34.785338500309926,NA,1.0897985812994395,NA,1.0899270408894737,NA,1.0001090155892292,NA,1.0003211623361203,NA
9872763,86,k o ɾ a n,5,-14.411209921897514,NA,-12.294347060400495,NA,-12.318134780608212,NA,1.5780166675354677,NA,1.5772563021989838,NA,1.0788840359427352,NA,1.0746155597877969,NA
9872763,65,m y m y ɾ,5,-16.704255115308886,NA,-13.020817250140125,NA,-13.053521821836997,NA,1.3152884044924409,NA,1.3149976658456903,NA,1.0360942196571266,NA,1.0343698974546898,NA
9872763,59,t͡ʃ ø v a n,5,-18.701602767562907,NA,-15.100178717825774,NA,-15.129210912490072,NA,1.3444722505099906,NA,1.3441170867989016,NA,1.0395669313903486,NA,1.0374122129692265,NA
9872763,29,g ɯ ʃ ø z,5,-20.868114892104145,NA,-17.68946998702973,NA,-17.66557104382508,NA,1.1365191714352605,NA,1.1365603636332933,NA,1.0043221992368574,NA,1.0043105088894526,NA
9872763,57,b a ɟ ø z,5,-22.46994439760235,NA,-Inf,NA,-18.968121900756447,NA,1.3525891302094293,NA,1.3522568267997628,NA,1.0208335147527232,NA,1.0199546011622187,NA
9872763,20,n ɯ ʒ a v,5,-19.02502844047022,NA,-Inf,NA,-25.556872791643976,NA,1.278077157040375,NA,1.277858856769651,NA,1.005851378448144,NA,1.0057071346124649,NA
9872763,7,v ø ʒ ɯ h,5,-23.024241178401727,NA,-Inf,NA,-30.45570700382361,NA,1.1036756719502918,NA,1.1037711769871554,NA,1.0001956309096838,NA,1.000401295176374,NA
9872763,63,n y n u s,5,-16.715340873276865,NA,-20.662916646783795,NA,-20.659392548169652,NA,1.2376893062998182,NA,1.237547081745812,NA,1.0108372213398642,NA,1.0104573725021138,NA
9872763,11,n e p y j,5,-16.98879234295367,NA,-21.717938967258256,NA,-21.69222912574372,NA,1.2636746444640563,NA,1.2634932080325365,NA,1.0096114935791205,NA,1.0093200333401624,NA
9872763,62,m e t ø ɾ,5,-16.305709239281132,NA,-14.332928742029557,NA,-14.370439435773992,NA,1.415624745175706,NA,1.415162037061878,NA,1.0262030905848891,NA,1.0250322748512253,NA
9872763,10,d ɯ ʒ a ʒ,5,-21.716795206882775,NA,-Inf,NA,-23.190543246412652,NA,1.298705256665564,NA,1.2984551045728236,NA,1.0026417382010682,NA,1.002708745557405,NA
9872763,12,t͡ʃ ø j u ʒ,5,-22.924149578450105,NA,-20.79768766887971,NA,-20.742784223544646,NA,1.135233466329589,NA,1.13527898588403,NA,1.004608462527747,NA,1.0045783180618666,NA
9872763,13,g a ɟ e ʒ,5,-22.959255290632175,NA,-Inf,NA,-23.771850826744977,NA,1.408639434555404,NA,1.4082066800608468,NA,1.0072505448133169,NA,1.0070846951102934,NA
9872763,12,f u m o ʒ,5,-21.086399553296257,NA,-19.904477032559072,NA,-20.00660012235896,NA,1.162493303534497,NA,1.16249350220586,NA,1.0069418990854422,NA,1.006788724097161,NA
9872763,32,k o ɫ ɯ ɾ,5,-15.746838565630412,NA,-13.10667453460241,NA,-13.133460503117467,NA,1.3892399649311546,NA,1.3888182062736574,NA,1.0364363220655193,NA,1.0346301929585895,NA
9872763,87,k o n ø ɾ,5,-17.468982673500772,NA,-15.665847293331234,NA,-15.67041392566706,NA,1.3263918658517442,NA,1.3260835017678103,NA,1.0230245152622903,NA,1.0220198569868446,NA
9872763,6,ɟ y ʒ u ʒ,5,-27.80853684728006,NA,-29.28500826667853,NA,-28.708564247230676,NA,1.1164047641696466,NA,1.1164832975278336,NA,1.0001090155892292,NA,1.0003211623361203,NA
9872763,19,n e n u v,5,-16.389638161368726,NA,-20.325068448436717,NA,-20.31731129385749,NA,1.3208179980421255,NA,1.320538269610069,NA,1.0235487936312362,NA,1.0225154110321275,NA
9872763,5,g ɯ k o ʒ,5,-20.74619112225676,NA,-16.915237145151256,NA,-17.041707617482654,NA,1.1737865511481944,NA,1.1737670683301502,NA,1.0095969845870632,NA,1.0093013998750595,NA
9872763,2,j o b u ʒ,5,-21.05836231257191,NA,-20.278068086553,NA,-20.20804314631168,NA,1.1710790683578258,NA,1.171062773355354,NA,1.0066664843883977,NA,1.006528208768726,NA
9872763,6,b i j u ʒ,5,-19.982779180288727,NA,-18.35629998851609,NA,-18.296720384198927,NA,1.2375249433170086,NA,1.237393515128245,NA,1.019368047964322,NA,1.0185609454976876,NA
9872763,2,b o ʒ a ʒ,5,-22.204003844457393,NA,-19.321037408784147,NA,-19.52975317079178,NA,1.3229086648122703,NA,1.3226166484342836,NA,1.008762800579713,NA,1.0085081234147557,NA
9872763,71,t i m y ɾ,5,-15.294846811552397,NA,-13.660054019068708,NA,-13.685647803861627,NA,1.3091233520227514,NA,1.3088432638048708,NA,1.0122665021223751,NA,1.011794088919323,NA
9872763,23,l y g a v,5,-19.4935962146241,NA,-Inf,NA,-27.80790591371226,NA,1.2871157130376376,NA,1.2868816916145254,NA,1.008373111461021,NA,1.0080891173681017,NA
9872763,100,n i l i s,5,-16.529383592794712,NA,-21.972909806953865,NA,-21.72458759793683,NA,1.262837912142731,NA,1.2626465045153608,NA,1.0115151948241032,NA,1.0110619225343378,NA
9872763,35,l e g o h,5,-19.527053505632765,NA,-27.75113638166346,NA,-27.308708531329852,NA,1.2198662238523628,NA,1.2197634326360676,NA,1.0014568108084176,NA,1.0015956377134012,NA
9872763,77,n u t a s,5,-14.726567453647792,NA,-18.016363167590757,NA,-18.02466558703151,NA,1.375248465052452,NA,1.3748549722517678,NA,1.0268849669602398,NA,1.0255614198293237,NA
9872763,20,v ø l i v,5,-21.2450194600926,NA,-Inf,NA,-31.53443408186967,NA,1.1757448274064406,NA,1.1757104148958002,NA,1.0014998369742418,NA,1.0016238637930377,NA
9872763,8,b e v a ʒ,5,-18.887323500746025,NA,-15.872593466040806,NA,-16.021901122917775,NA,1.460613178860639,NA,1.460082582720464,NA,1.0349086258500086,NA,1.033249828288036,NA
9872763,9,p o c y z,5,-22.132396809934985,NA,-Inf,NA,-22.792875288841223,NA,1.1404551220852177,NA,1.1404879493119304,NA,1.0044867211475823,NA,1.0044629596393846,NA
9872763,8,l i v ø h,5,-20.904794873852836,NA,-Inf,NA,-30.017786917374448,NA,1.1384315211614455,NA,1.138471070171428,NA,1.0021258039899703,NA,1.0022313327026664,NA
9872763,10,l e ʒ ɯ ʒ,5,-23.42246110699022,NA,-Inf,NA,-31.37937590764058,NA,1.2326268805400291,NA,1.2325034590587125,NA,1.000599585740761,NA,1.000785798371226,NA
9872763,9,g u ʒ i ʒ,5,-23.367105446041258,NA,-22.71019322061325,NA,-22.662694231245467,NA,1.214496991418963,NA,1.2143994984214512,NA,1.0018219484717603,NA,1.001942235984122,NA
9872763,10,g ɯ ʃ e ʒ,5,-20.680133976363813,NA,-18.215759687198577,NA,-18.34658379874023,NA,1.2236976698046218,NA,1.2235845791944204,NA,1.0074075246463592,NA,1.007225242015273,NA
9872763,8,b u ɟ y ʒ,5,-25.21776219641355,NA,-24.02607612181347,NA,-23.4120433072708,NA,1.1548681109073993,NA,1.1548819472629457,NA,1.0073371474025232,NA,1.007168032552784,NA
9872763,65,ɟ ø c ø c,5,-30.98030987081792,NA,-Inf,NA,-35.04234390027842,NA,1.025304435597176,NA,1.0255444598001535,NA,1,1,1.0002179098838746,1
9872763,8,b u z e ʒ,5,-20.09685568317635,NA,-17.84329781622566,NA,-17.964161616964663,NA,1.276667630723205,NA,1.2764627987655124,NA,1.0139315296225708,NA,1.0134023197983453,NA
9872763,10,g o ɟ i ʒ,5,-24.90517828366109,NA,-25.463316038560684,NA,-25.0238451006757,NA,1.213844639629624,NA,1.21374827950693,NA,1.001203603704403,NA,1.001357562313273,NA
9872763,10,m y z a ʒ,5,-19.26885615927756,NA,-16.145731724613096,NA,-16.288993267502523,NA,1.397336491187185,NA,1.3969153080698635,NA,1.0416189337331847,NA,1.0396162450988709,NA
9872763,59,n i n u v,5,-16.587473487694577,NA,-20.74289718035614,NA,-20.73475916364208,NA,1.2346503203991448,NA,1.234519670994152,NA,1.015385861708921,NA,1.0147833558081725,NA
9872763,11,n u ʒ ɯ ʒ,5,-22.62968325066944,NA,-Inf,NA,-29.197550883061453,NA,1.14000794273881,NA,1.140044772486502,NA,1.0008134367287314,NA,1.0009885521090411,NA
9872763,9,b u j u ʒ,5,-20.87166757096573,NA,-19.733680700888875,NA,-19.668499765417735,NA,1.2165652379443916,NA,1.21647007222167,NA,1.0105687883162064,NA,1.0102253180186327,NA
9872763,25,ɫ a ɾ u j,5,-14.988213898012642,NA,-18.225237785879074,NA,-18.23265340120377,NA,1.4806633127456936,NA,1.48010342214873,NA,1.0515741074637193,NA,1.0490474569155095,NA
9872763,18,n ɯ t y j,5,-16.745705986388092,NA,-22.3564259100322,NA,-22.34000437551107,NA,1.1865969150263898,NA,1.1865483757315416,NA,1.0045937259415338,NA,1.0045620755887812,NA
9872763,62,b e v u z,5,-18.05359379807402,NA,-15.116452617134565,NA,-15.154527759561976,NA,1.3293865865827923,NA,1.3290904472457938,NA,1.027526083033521,NA,1.0262694472757412,NA
9872763,28,n ɯ ʒ ɯ v,5,-20.37155439509228,NA,-Inf,NA,-29.078542120513493,NA,1.1398926451023728,NA,1.1399258609218608,NA,1.0003901669756716,NA,1.0005869200881068,NA
9872763,8,b i ʒ a ʒ,5,-21.12842071217421,NA,-20.462820259132272,NA,-20.59539447720862,NA,1.344139167411924,NA,1.3438104200605814,NA,1.013475717377768,NA,1.0129733469207105,NA
9872763,77,k a t ø ɾ,5,-15.581196584717304,NA,-14.400670214601377,NA,-14.436010397238292,NA,1.5237210169792808,NA,1.5230713014199444,NA,1.059134654867906,NA,1.0562306009407805,NA
9872763,4,ɟ i ʒ ɯ ʒ,5,-26.41709941367645,NA,-Inf,NA,-33.307818772675844,NA,1.1410997399260654,NA,1.1411346658902664,NA,1.0003270467676877,NA,1.0005276672406118,NA
9872763,64,l e m i m,5,-16.284865608541942,NA,-21.681059717316177,NA,-21.31860352956532,NA,1.380102008877493,NA,1.3797039565377944,NA,1.023384257708429,NA,1.022273629864209,NA
9872763,40,ɟ y ɟ ø c,5,-30.88964249128854,NA,-Inf,NA,-34.02337567467023,NA,1.0749047338124378,NA,1.0750589613046984,NA,1.0000545077946146,NA,1.0002695361099974,NA
9872763,13,d͡ʒ o ʒ u ʒ,5,-24.29401030874191,NA,-24.243601785484508,NA,-24.17251025107207,NA,1.127716441668515,NA,1.127775417851205,NA,1.0007051178379167,NA,1.0008859248512416,NA
9872763,1,ɟ y ʒ i l,5,-25.474223572256346,NA,-26.086164584076812,NA,-25.658577276474528,NA,1.194726574470686,NA,1.1946604814688004,NA,1.001869088084923,NA,1.001974463736933,NA
9872763,65,l e l i c,5,-21.536362523929785,NA,-31.435382275761945,NA,-30.66420479306158,NA,1.3050220875123175,NA,1.3047680695189283,NA,1.0033784880145589,NA,1.0034146207009211,NA
9872763,13,v ɯ ʒ u v,5,-21.86808593813512,NA,-Inf,NA,-26.703531252513827,NA,1.126951629435814,NA,1.1270081147295898,NA,1.000727269349632,NA,1.000902377044206,NA
9872763,54,c ø d ø l,5,-25.273737592608967,NA,-Inf,NA,-27.063517981829783,NA,1.0636055587079187,NA,1.0637759789037924,NA,1.0001114910985065,NA,1.0003233777080158,NA
9872763,39,n ø m o s,5,-18.203872787484933,NA,-22.19842578179625,NA,-22.165436338076113,NA,1.1411016056561956,NA,1.141128679586091,NA,1.0035204518715182,NA,1.0035409822204415,NA
9872763,57,n u t i v,5,-16.447775065614174,NA,-21.189892153387195,NA,-21.184203947153694,NA,1.2797613550678195,NA,1.27954636548282,NA,1.0249284051823029,NA,1.0237745264935774,NA
9872763,53,t i k a n,5,-13.448013540026771,NA,-12.360180704819967,NA,-12.378790372777791,NA,1.4875821102169142,NA,1.486979033124867,NA,1.045676820009706,NA,1.0431959745683663,NA
9872763,55,ɫ a g a v,5,-15.754122332862629,NA,-20.553058174302627,NA,-20.559783658839276,NA,1.4882072475199175,NA,1.487625321159881,NA,1.011899048999812,NA,1.011429504802159,NA
9872763,69,k a k u ɾ,5,-14.067811152368842,NA,-12.708404717891712,NA,-12.729721104711002,NA,1.5578537830579977,NA,1.5571414460631403,NA,1.0749244666982,NA,1.071116634968564,NA
9872763,86,m a k a n,5,-13.008346846234591,NA,-11.28043634275908,NA,-11.300021336865491,NA,1.6891002822706591,NA,1.6881485735739905,NA,1.0828270821289048,NA,1.078388901097211,NA
9872763,16,m y k o ʒ,5,-19.93043596815668,NA,-16.300780365266558,NA,-16.417412400213216,NA,1.2520745572399474,NA,1.2519196738829383,NA,1.0326605479495878,NA,1.031153503453037,NA
9872763,11,l y g ɯ ʒ,5,-22.883384054348497,NA,-Inf,NA,-31.210086947359827,NA,1.1381062907638022,NA,1.1381463270545598,NA,1.0003964076179663,NA,1.000592585698109,NA
9872763,42,m y ɾ i ɾ,5,-15.182460061139956,NA,-12.93841945288009,NA,-12.964678761998291,NA,1.495928832346916,NA,1.4953164266216838,NA,1.0626490882923791,NA,1.0594042295798347,NA
9872763,11,c ø j a ʒ,5,-23.630776844730175,NA,-Inf,NA,-22.239940954309937,NA,1.2565841996509106,NA,1.2564064248544844,NA,1.012129479451536,NA,1.0116719887342391,NA
9872763,1,l y v ø h,5,-22.081365336981623,NA,-Inf,NA,-30.783197051114545,NA,1.123537673674444,NA,1.123602990586653,NA,1.0013626948653658,NA,1.0015085655369462,NA
9872763,38,g a d͡ʒ ɯ ʃ,5,-18.1433036565909,NA,-15.499386284508248,NA,-15.553373615329928,NA,1.387167586098868,NA,1.3867697858340529,NA,1.015460105386242,NA,1.014803618740054,NA
9872763,89,k a n i n,5,-13.587711962107177,NA,-12.244157249014869,NA,-12.2628318923973,NA,1.6359797029730567,NA,1.6351267738613084,NA,1.0856556606918544,NA,1.0812238961757654,NA
9872763,10,t͡ʃ ø j u z,5,-20.529026950681207,NA,-17.342610045374,NA,-17.381051887526098,NA,1.151992514259162,NA,1.1520031350348077,NA,1.0064343510181284,NA,1.0062899141251958,NA
9872763,2,n ɯ c i c,5,-22.207490302969337,NA,-Inf,NA,-31.27784518309206,NA,1.190125320458985,NA,1.1900702225959,NA,1.000651008188583,NA,1.0008314338114397,NA
9872763,14,f u ʒ a ʒ,5,-22.57009892571624,NA,-23.084878726681055,NA,-23.104809642140214,NA,1.283281237699766,NA,1.283057751040734,NA,1.0022636671308394,NA,1.002350487946775,NA
9872763,19,b u ʒ u ʒ,5,-23.578702027948104,NA,-22.55607533141792,NA,-22.360285906391308,NA,1.1751938218318876,NA,1.175170692528559,NA,1.0072042512867905,NA,1.0070435603192218,NA
9872763,64,l i l i v,5,-19.457588243664848,NA,-29.20991366924059,NA,-28.687492054822933,NA,1.2303966335406769,NA,1.2302676592286446,NA,1.003298594196525,NA,1.0033275292550925,NA
9872763,8,g ɯ d͡ʒ u z,5,-19.58384312679565,NA,-16.64152559173808,NA,-16.684403427045364,NA,1.1622032293487097,NA,1.1621965111059591,NA,1.0059499347177645,NA,1.0058336162439705,NA
9872763,45,f u c ø c,5,-26.0945671202964,NA,-Inf,NA,-30.40486528288016,NA,1.0953217853843475,NA,1.0954406909713434,NA,1.0008668994757235,NA,1.001039240543495,NA
9872763,29,l e l ø c,5,-23.921630741113155,NA,-Inf,NA,-32.749337306429,NA,1.1941895614424562,NA,1.1941372749111134,NA,1.0030524364984192,NA,1.0031089785467553,NA
9872763,66,t i t e n,5,-13.939688353962891,NA,-13.031948462442172,NA,-13.050716201785225,NA,1.4094012502297124,NA,1.4089409685681276,NA,1.034895013822322,NA,1.0331065768439232,NA
9872763,10,d͡ʒ o c ø c,5,-26.257085578225187,NA,-Inf,NA,-31.597534878858212,NA,1.087742629560516,NA,1.0878746424072625,NA,1.0005961022486871,NA,1.000782672398996,NA
9872763,11,t͡ʃ ø ɟ y z,5,-24.87512157612903,NA,-22.11753265394216,NA,-21.28303150118376,NA,1.0902953872221697,NA,1.090415010076083,NA,1.0022148482989617,NA,1.00231031519471,NA
9872759,74,l e l ø c,5,-23.921630741113155,NA,-Inf,NA,-32.749337306429,NA,1.1941895614424562,NA,1.1941372749111134,NA,1.0030524364984192,NA,1.0031089785467553,NA
9872759,75,ɟ i ɟ ø c,5,-29.71307202815976,NA,-Inf,NA,-34.785338500309926,NA,1.0897985812994395,NA,1.0899270408894737,NA,1.0001090155892292,NA,1.0003211623361203,NA
9872759,26,t͡ʃ ø j u ʒ,5,-22.924149578450105,NA,-20.79768766887971,NA,-20.742784223544646,NA,1.135233466329589,NA,1.13527898588403,NA,1.004608462527747,NA,1.0045783180618666,NA
9872759,76,n e p y j,5,-16.98879234295367,NA,-21.717938967258256,NA,-21.69222912574372,NA,1.2636746444640563,NA,1.2634932080325365,NA,1.0096114935791205,NA,1.0093200333401624,NA
9872759,76,l y v ø h,5,-22.081365336981623,NA,-Inf,NA,-30.783197051114545,NA,1.123537673674444,NA,1.123602990586653,NA,1.0013626948653658,NA,1.0015085655369462,NA
9872759,100,k a t ø ɾ,5,-15.581196584717304,NA,-14.400670214601377,NA,-14.436010397238292,NA,1.5237210169792808,NA,1.5230713014199444,NA,1.059134654867906,NA,1.0562306009407805,NA
9872759,57,v ø l i v,5,-21.2450194600926,NA,-Inf,NA,-31.53443408186967,NA,1.1757448274064406,NA,1.1757104148958002,NA,1.0014998369742418,NA,1.0016238637930377,NA
9872759,28,b i j u ʒ,5,-19.982779180288727,NA,-18.35629998851609,NA,-18.296720384198927,NA,1.2375249433170086,NA,1.237393515128245,NA,1.019368047964322,NA,1.0185609454976876,NA
9872759,22,b u ʒ u ʒ,5,-23.578702027948104,NA,-22.55607533141792,NA,-22.360285906391308,NA,1.1751938218318876,NA,1.175170692528559,NA,1.0072042512867905,NA,1.0070435603192218,NA
9872759,24,b e ʒ a ʒ,5,-20.93058538584836,NA,-19.48837816175328,NA,-19.69732468362156,NA,1.4303068450549048,NA,1.4298290186764984,NA,1.014235691359507,NA,1.013693300711423,NA
9872759,95,b e v u z,5,-18.05359379807402,NA,-15.116452617134565,NA,-15.154527759561976,NA,1.3293865865827923,NA,1.3290904472457938,NA,1.027526083033521,NA,1.0262694472757412,NA
9872759,61,t͡ʃ ø v a n,5,-18.701602767562907,NA,-15.100178717825774,NA,-15.129210912490072,NA,1.3444722505099906,NA,1.3441170867989016,NA,1.0395669313903486,NA,1.0374122129692265,NA
9872759,96,n e n u v,5,-16.389638161368726,NA,-20.325068448436717,NA,-20.31731129385749,NA,1.3208179980421255,NA,1.320538269610069,NA,1.0235487936312362,NA,1.0225154110321275,NA
9872759,38,b u j u ʒ,5,-20.87166757096573,NA,-19.733680700888875,NA,-19.668499765417735,NA,1.2165652379443916,NA,1.21647007222167,NA,1.0105687883162064,NA,1.0102253180186327,NA
9872759,76,t i t e n,5,-13.939688353962891,NA,-13.031948462442172,NA,-13.050716201785225,NA,1.4094012502297124,NA,1.4089409685681276,NA,1.034895013822322,NA,1.0331065768439232,NA
9872759,100,c ø d ø l,5,-25.273737592608967,NA,-Inf,NA,-27.063517981829783,NA,1.0636055587079187,NA,1.0637759789037924,NA,1.0001114910985065,NA,1.0003233777080158,NA
9872759,100,ɟ y ɟ ø c,5,-30.88964249128854,NA,-Inf,NA,-34.02337567467023,NA,1.0749047338124378,NA,1.0750589613046984,NA,1.0000545077946146,NA,1.0002695361099974,NA
9872759,26,b i ʒ a ʒ,5,-21.12842071217421,NA,-20.462820259132272,NA,-20.59539447720862,NA,1.344139167411924,NA,1.3438104200605814,NA,1.013475717377768,NA,1.0129733469207105,NA
9872759,100,n u t i v,5,-16.447775065614174,NA,-21.189892153387195,NA,-21.184203947153694,NA,1.2797613550678195,NA,1.27954636548282,NA,1.0249284051823029,NA,1.0237745264935774,NA
9872759,100,l e l i c,5,-21.536362523929785,NA,-31.435382275761945,NA,-30.66420479306158,NA,1.3050220875123175,NA,1.3047680695189283,NA,1.0033784880145589,NA,1.0034146207009211,NA
9872759,100,b a ɟ ø z,5,-22.46994439760235,NA,-Inf,NA,-18.968121900756447,NA,1.3525891302094293,NA,1.3522568267997628,NA,1.0208335147527232,NA,1.0199546011622187,NA
9872759,57,g ɯ d͡ʒ i l,5,-19.64465247954083,NA,-16.929800719720177,NA,-16.98778054263725,NA,1.223765991720176,NA,1.2236495458961485,NA,1.0081634508787554,NA,1.007928985502199,NA
9872759,61,n ɯ t y j,5,-16.745705986388092,NA,-22.3564259100322,NA,-22.34000437551107,NA,1.1865969150263898,NA,1.1865483757315416,NA,1.0045937259415338,NA,1.0045620755887812,NA
9872759,40,m y z a ʒ,5,-19.26885615927756,NA,-16.145731724613096,NA,-16.288993267502523,NA,1.397336491187185,NA,1.3969153080698635,NA,1.0416189337331847,NA,1.0396162450988709,NA
9872759,17,v ø ʒ ɯ h,5,-23.024241178401727,NA,-Inf,NA,-30.45570700382361,NA,1.1036756719502918,NA,1.1037711769871554,NA,1.0001956309096838,NA,1.000401295176374,NA
9872759,9,b u z e ʒ,5,-20.09685568317635,NA,-17.84329781622566,NA,-17.964161616964663,NA,1.276667630723205,NA,1.2764627987655124,NA,1.0139315296225708,NA,1.0134023197983453,NA
9872759,77,d͡ʒ o c ø c,5,-26.257085578225187,NA,-Inf,NA,-31.597534878858212,NA,1.087742629560516,NA,1.0878746424072625,NA,1.0005961022486871,NA,1.000782672398996,NA
9872759,75,n i n u v,5,-16.587473487694577,NA,-20.74289718035614,NA,-20.73475916364208,NA,1.2346503203991448,NA,1.234519670994152,NA,1.015385861708921,NA,1.0147833558081725,NA
9872759,99,m a k a n,5,-13.008346846234591,NA,-11.28043634275908,NA,-11.300021336865491,NA,1.6891002822706591,NA,1.6881485735739905,NA,1.0828270821289048,NA,1.078388901097211,NA
9872759,95,l e g o h,5,-19.527053505632765,NA,-27.75113638166346,NA,-27.308708531329852,NA,1.2198662238523628,NA,1.2197634326360676,NA,1.0014568108084176,NA,1.0015956377134012,NA
9872759,42,l y g ɯ ʒ,5,-22.883384054348497,NA,-Inf,NA,-31.210086947359827,NA,1.1381062907638022,NA,1.1381463270545598,NA,1.0003964076179663,NA,1.000592585698109,NA
9872759,99,k a k u ɾ,5,-14.067811152368842,NA,-12.708404717891712,NA,-12.729721104711002,NA,1.5578537830579977,NA,1.5571414460631403,NA,1.0749244666982,NA,1.071116634968564,NA
9872759,37,n u ʒ ɯ ʒ,5,-22.62968325066944,NA,-Inf,NA,-29.197550883061453,NA,1.14000794273881,NA,1.140044772486502,NA,1.0008134367287314,NA,1.0009885521090411,NA
9872759,19,ɟ i ʒ ɯ ʒ,5,-26.41709941367645,NA,-Inf,NA,-33.307818772675844,NA,1.1410997399260654,NA,1.1411346658902664,NA,1.0003270467676877,NA,1.0005276672406118,NA
9872759,15,l e ʒ ɯ ʒ,5,-23.42246110699022,NA,-Inf,NA,-31.37937590764058,NA,1.2326268805400291,NA,1.2325034590587125,NA,1.000599585740761,NA,1.000785798371226,NA
9872759,77,n y n u s,5,-16.715340873276865,NA,-20.662916646783795,NA,-20.659392548169652,NA,1.2376893062998182,NA,1.237547081745812,NA,1.0108372213398642,NA,1.0104573725021138,NA
9872759,94,l y g a v,5,-19.4935962146241,NA,-Inf,NA,-27.80790591371226,NA,1.2871157130376376,NA,1.2868816916145254,NA,1.008373111461021,NA,1.0080891173681017,NA
9872759,57,t͡ʃ ø ɟ y z,5,-24.87512157612903,NA,-22.11753265394216,NA,-21.28303150118376,NA,1.0902953872221697,NA,1.090415010076083,NA,1.0022148482989617,NA,1.00231031519471,NA
9872759,42,f u m o ʒ,5,-21.086399553296257,NA,-19.904477032559072,NA,-20.00660012235896,NA,1.162493303534497,NA,1.16249350220586,NA,1.0069418990854422,NA,1.006788724097161,NA
9872759,95,ɫ o t o s,5,-16.650452551067872,NA,-19.86130929042026,NA,-19.87178226056184,NA,1.1968532583423572,NA,1.1967836503746367,NA,1.0076982350654493,NA,1.0074960391662156,NA
9872759,95,n u c ø c,5,-24.807625490627537,NA,-Inf,NA,-31.30367927011791,NA,1.090233002361394,NA,1.0903607082649016,NA,1.000704421139502,NA,1.0008852996567954,NA
9872759,42,c ø j a ʒ,5,-23.630776844730175,NA,-Inf,NA,-22.239940954309937,NA,1.2565841996509106,NA,1.2564064248544844,NA,1.012129479451536,NA,1.0116719887342391,NA
9872759,39,b o ʒ a ʒ,5,-22.204003844457393,NA,-19.321037408784147,NA,-19.52975317079178,NA,1.3229086648122703,NA,1.3226166484342836,NA,1.008762800579713,NA,1.0085081234147557,NA
9872759,75,k o n ø ɾ,5,-17.468982673500772,NA,-15.665847293331234,NA,-15.67041392566706,NA,1.3263918658517442,NA,1.3260835017678103,NA,1.0230245152622903,NA,1.0220198569868446,NA
9872759,74,n ɯ m ø h,5,-18.510789566710663,NA,-25.526286904340548,NA,-25.20620087924542,NA,1.139300164226838,NA,1.1393380184036568,NA,1.0014200635832908,NA,1.0015627469235224,NA
9872759,74,m e t ø ɾ,5,-16.305709239281132,NA,-14.332928742029557,NA,-14.370439435773992,NA,1.415624745175706,NA,1.415162037061878,NA,1.0262030905848891,NA,1.0250322748512253,NA
9872759,42,b u ɟ y ʒ,5,-25.21776219641355,NA,-24.02607612181347,NA,-23.4120433072708,NA,1.1548681109073993,NA,1.1548819472629457,NA,1.0073371474025232,NA,1.007168032552784,NA
9872759,97,n u t a s,5,-14.726567453647792,NA,-18.016363167590757,NA,-18.02466558703151,NA,1.375248465052452,NA,1.3748549722517678,NA,1.0268849669602398,NA,1.0255614198293237,NA
9872759,56,t͡ʃ ø j u z,5,-20.529026950681207,NA,-17.342610045374,NA,-17.381051887526098,NA,1.151992514259162,NA,1.1520031350348077,NA,1.0064343510181284,NA,1.0062899141251958,NA
9872759,39,ɟ y ʒ u ʒ,5,-27.80853684728006,NA,-29.28500826667853,NA,-28.708564247230676,NA,1.1164047641696466,NA,1.1164832975278336,NA,1.0001090155892292,NA,1.0003211623361203,NA
9872759,75,f u c ø c,5,-26.0945671202964,NA,-Inf,NA,-30.40486528288016,NA,1.0953217853843475,NA,1.0954406909713434,NA,1.0008668994757235,NA,1.001039240543495,NA
9872759,97,ɫ a m i v,5,-15.108322670255824,NA,-19.84096460834095,NA,-19.840167964977656,NA,1.45267848057084,NA,1.452164539040134,NA,1.022668785041178,NA,1.0216640887099704,NA
9872759,93,n ø m o s,5,-18.203872787484933,NA,-22.19842578179625,NA,-22.165436338076113,NA,1.1411016056561956,NA,1.141128679586091,NA,1.0035204518715182,NA,1.0035409822204415,NA
9872759,75,l i v ø h,5,-20.904794873852836,NA,-Inf,NA,-30.017786917374448,NA,1.1384315211614455,NA,1.138471070171428,NA,1.0021258039899703,NA,1.0022313327026664,NA
9872759,25,v ɯ ʒ u v,5,-21.86808593813512,NA,-Inf,NA,-26.703531252513827,NA,1.126951629435814,NA,1.1270081147295898,NA,1.000727269349632,NA,1.000902377044206,NA
9872759,8,g o ɟ i ʒ,5,-24.90517828366109,NA,-25.463316038560684,NA,-25.0238451006757,NA,1.213844639629624,NA,1.21374827950693,NA,1.001203603704403,NA,1.001357562313273,NA
9872759,4,d ɯ ʒ a ʒ,5,-21.716795206882775,NA,-Inf,NA,-23.190543246412652,NA,1.298705256665564,NA,1.2984551045728236,NA,1.0026417382010682,NA,1.002708745557405,NA
9872759,100,t i m y ɾ,5,-15.294846811552397,NA,-13.660054019068708,NA,-13.685647803861627,NA,1.3091233520227514,NA,1.3088432638048708,NA,1.0122665021223751,NA,1.011794088919323,NA
9872759,100,g ɯ d͡ʒ u z,5,-19.58384312679565,NA,-16.64152559173808,NA,-16.684403427045364,NA,1.1622032293487097,NA,1.1621965111059591,NA,1.0059499347177645,NA,1.0058336162439705,NA
9872759,100,g a d͡ʒ ɯ ʃ,5,-18.1433036565909,NA,-15.499386284508248,NA,-15.553373615329928,NA,1.387167586098868,NA,1.3867697858340529,NA,1.015460105386242,NA,1.014803618740054,NA
9872759,57,n ɯ c i c,5,-22.207490302969337,NA,-Inf,NA,-31.27784518309206,NA,1.190125320458985,NA,1.1900702225959,NA,1.000651008188583,NA,1.0008314338114397,NA
9872759,95,ɫ o c e c,5,-22.400319377835324,NA,-Inf,NA,-30.01158029879595,NA,1.185129721117138,NA,1.185083880443854,NA,1.0027646697523702,NA,1.0028307383165231,NA
9872759,99,l e m i m,5,-16.284865608541942,NA,-21.681059717316177,NA,-21.31860352956532,NA,1.380102008877493,NA,1.3797039565377944,NA,1.023384257708429,NA,1.022273629864209,NA
9872759,99,m y ɾ i ɾ,5,-15.182460061139956,NA,-12.93841945288009,NA,-12.964678761998291,NA,1.495928832346916,NA,1.4953164266216838,NA,1.0626490882923791,NA,1.0594042295798347,NA
9872759,37,n ɯ ʒ ɯ v,5,-20.37155439509228,NA,-Inf,NA,-29.078542120513493,NA,1.1398926451023728,NA,1.1399258609218608,NA,1.0003901669756716,NA,1.0005869200881068,NA
9872759,36,g u ʒ i ʒ,5,-23.367105446041258,NA,-22.71019322061325,NA,-22.662694231245467,NA,1.214496991418963,NA,1.2143994984214512,NA,1.0018219484717603,NA,1.001942235984122,NA
9872759,36,g ɯ k o ʒ,5,-20.74619112225676,NA,-16.915237145151256,NA,-17.041707617482654,NA,1.1737865511481944,NA,1.1737670683301502,NA,1.0095969845870632,NA,1.0093013998750595,NA
9872759,100,k o ɫ ɯ ɾ,5,-15.746838565630412,NA,-13.10667453460241,NA,-13.133460503117467,NA,1.3892399649311546,NA,1.3888182062736574,NA,1.0364363220655193,NA,1.0346301929585895,NA
9872759,99,ɟ y ɟ e c,5,-28.306538947779316,NA,-Inf,NA,-32.95524219839198,NA,1.1788422801113725,NA,1.1788073260166032,NA,1.0007066108268936,NA,1.0008808204183293,NA
9872759,41,b e ɟ e ʒ,5,-22.756632689956056,NA,-Inf,NA,-24.058032387919113,NA,1.345476034124718,NA,1.3451525821532777,NA,1.0127182103550003,NA,1.0122651834486156,NA
9872759,32,b e v a ʒ,5,-18.887323500746025,NA,-15.872593466040806,NA,-16.021901122917775,NA,1.460613178860639,NA,1.460082582720464,NA,1.0349086258500086,NA,1.033249828288036,NA
9872759,38,j o b u ʒ,5,-21.05836231257191,NA,-20.278068086553,NA,-20.20804314631168,NA,1.1710790683578258,NA,1.171062773355354,NA,1.0066664843883977,NA,1.006528208768726,NA
9872759,36,n ɯ ʒ a v,5,-19.02502844047022,NA,-Inf,NA,-25.556872791643976,NA,1.278077157040375,NA,1.277858856769651,NA,1.005851378448144,NA,1.0057071346124649,NA
9872759,75,k a n i n,5,-13.587711962107177,NA,-12.244157249014869,NA,-12.2628318923973,NA,1.6359797029730567,NA,1.6351267738613084,NA,1.0856556606918544,NA,1.0812238961757654,NA
9872759,25,f u ʒ a ʒ,5,-22.57009892571624,NA,-23.084878726681055,NA,-23.104809642140214,NA,1.283281237699766,NA,1.283057751040734,NA,1.0022636671308394,NA,1.002350487946775,NA
9872759,100,m y m y ɾ,5,-16.704255115308886,NA,-13.020817250140125,NA,-13.053521821836997,NA,1.3152884044924409,NA,1.3149976658456903,NA,1.0360942196571266,NA,1.0343698974546898,NA
9872759,59,g ɯ ʃ ø z,5,-20.868114892104145,NA,-17.68946998702973,NA,-17.66557104382508,NA,1.1365191714352605,NA,1.1365603636332933,NA,1.0043221992368574,NA,1.0043105088894526,NA
9872759,86,ɫ a ɾ u j,5,-14.988213898012642,NA,-18.225237785879074,NA,-18.23265340120377,NA,1.4806633127456936,NA,1.48010342214873,NA,1.0515741074637193,NA,1.0490474569155095,NA
9872759,38,ɟ y ʒ i l,5,-25.474223572256346,NA,-26.086164584076812,NA,-25.658577276474528,NA,1.194726574470686,NA,1.1946604814688004,NA,1.001869088084923,NA,1.001974463736933,NA
9872759,74,l i l i v,5,-19.457588243664848,NA,-29.20991366924059,NA,-28.687492054822933,NA,1.2303966335406769,NA,1.2302676592286446,NA,1.003298594196525,NA,1.0033275292550925,NA
9872759,74,ɟ ø ɟ i n,5,-26.154797849000957,NA,-Inf,NA,-25.981965253358386,NA,1.207646283033087,NA,1.2075351451808032,NA,1.0123140448014616,NA,1.0117616811066352,NA
9872759,23,d͡ʒ o ʒ u ʒ,5,-24.29401030874191,NA,-24.243601785484508,NA,-24.17251025107207,NA,1.127716441668515,NA,1.127775417851205,NA,1.0007051178379167,NA,1.0008859248512416,NA
9872759,99,n i l i s,5,-16.529383592794712,NA,-21.972909806953865,NA,-21.72458759793683,NA,1.262837912142731,NA,1.2626465045153608,NA,1.0115151948241032,NA,1.0110619225343378,NA
9872759,41,g a ɟ e ʒ,5,-22.959255290632175,NA,-Inf,NA,-23.771850826744977,NA,1.408639434555404,NA,1.4082066800608468,NA,1.0072505448133169,NA,1.0070846951102934,NA
9872759,41,b i j o ʒ,5,-20.1694739218949,NA,-16.17150934468403,NA,-16.29228988361789,NA,1.2161562043575238,NA,1.2160636704095142,NA,1.0185949627078428,NA,1.0178290236238705,NA
9872759,39,z a ʒ o h,5,-20.01616939621291,NA,-23.3231454652614,NA,-23.200842055018715,NA,1.3161703693104103,NA,1.3159010409835006,NA,1.0043869150779896,NA,1.0043743138247614,NA
9872759,100,k o ɾ a n,5,-14.411209921897514,NA,-12.294347060400495,NA,-12.318134780608212,NA,1.5780166675354677,NA,1.5772563021989838,NA,1.0788840359427352,NA,1.0746155597877969,NA
9872759,100,t i k a n,5,-13.448013540026771,NA,-12.360180704819967,NA,-12.378790372777791,NA,1.4875821102169142,NA,1.486979033124867,NA,1.045676820009706,NA,1.0431959745683663,NA
9872759,72,z o ɟ i t,5,-20.9589136182378,NA,-22.968824668964604,NA,-22.49812583794652,NA,1.2408518651515077,NA,1.2406922707790116,NA,1.0084540930642174,NA,1.0081503933184568,NA
9872759,76,p o c y z,5,-22.132396809934985,NA,-Inf,NA,-22.792875288841223,NA,1.1404551220852177,NA,1.1404879493119304,NA,1.0044867211475823,NA,1.0044629596393846,NA
9872759,74,ɫ a n y j,5,-15.527981142957266,NA,-20.048631415631327,NA,-20.029886559218973,NA,1.394546693721347,NA,1.394138324722925,NA,1.0266470238072245,NA,1.0254534974166822,NA
9872759,98,ɟ ø c e c,5,-28.397206327308695,NA,-Inf,NA,-33.97421042400016,NA,1.1292419818961106,NA,1.1292928245120586,NA,1.000652103032279,NA,1.0008291941922065,NA
9872759,40,g ɯ ʃ e ʒ,5,-20.680133976363813,NA,-18.215759687198577,NA,-18.34658379874023,NA,1.2236976698046218,NA,1.2235845791944204,NA,1.0074075246463592,NA,1.007225242015273,NA
9872759,100,ɟ ø c ø c,5,-30.98030987081792,NA,-Inf,NA,-35.04234390027842,NA,1.025304435597176,NA,1.0255444598001535,NA,1,1,1.0002179098838746,1
9872759,100,ɫ a g a v,5,-15.754122332862629,NA,-20.553058174302627,NA,-20.559783658839276,NA,1.4882072475199175,NA,1.487625321159881,NA,1.011899048999812,NA,1.011429504802159,NA
9872759,43,m y k o ʒ,5,-19.93043596815668,NA,-16.300780365266558,NA,-16.417412400213216,NA,1.2520745572399474,NA,1.2519196738829383,NA,1.0326605479495878,NA,1.031153503453037,NA
9875096,54,ɟ y ɟ ø c,5,-30.88964249128854,NA,-Inf,NA,-34.02337567467023,NA,1.0749047338124378,NA,1.0750589613046984,NA,1.0000545077946146,NA,1.0002695361099974,NA
9875096,60,m y z a ʒ,5,-19.26885615927756,NA,-16.145731724613096,NA,-16.288993267502523,NA,1.397336491187185,NA,1.3969153080698635,NA,1.0416189337331847,NA,1.0396162450988709,NA
9875096,58,b e ʒ a ʒ,5,-20.93058538584836,NA,-19.48837816175328,NA,-19.69732468362156,NA,1.4303068450549048,NA,1.4298290186764984,NA,1.014235691359507,NA,1.013693300711423,NA
9875096,60,ɫ a g a v,5,-15.754122332862629,NA,-20.553058174302627,NA,-20.559783658839276,NA,1.4882072475199175,NA,1.487625321159881,NA,1.011899048999812,NA,1.011429504802159,NA
9875096,55,ɟ y ɟ e c,5,-28.306538947779316,NA,-Inf,NA,-32.95524219839198,NA,1.1788422801113725,NA,1.1788073260166032,NA,1.0007066108268936,NA,1.0008808204183293,NA
9875096,78,t i t e n,5,-13.939688353962891,NA,-13.031948462442172,NA,-13.050716201785225,NA,1.4094012502297124,NA,1.4089409685681276,NA,1.034895013822322,NA,1.0331065768439232,NA
9875096,38,ɟ i ʒ ɯ ʒ,5,-26.41709941367645,NA,-Inf,NA,-33.307818772675844,NA,1.1410997399260654,NA,1.1411346658902664,NA,1.0003270467676877,NA,1.0005276672406118,NA
9875096,94,k a k u ɾ,5,-14.067811152368842,NA,-12.708404717891712,NA,-12.729721104711002,NA,1.5578537830579977,NA,1.5571414460631403,NA,1.0749244666982,NA,1.071116634968564,NA
9875096,34,b u z e ʒ,5,-20.09685568317635,NA,-17.84329781622566,NA,-17.964161616964663,NA,1.276667630723205,NA,1.2764627987655124,NA,1.0139315296225708,NA,1.0134023197983453,NA
9875096,8,l y v ø h,5,-22.081365336981623,NA,-Inf,NA,-30.783197051114545,NA,1.123537673674444,NA,1.123602990586653,NA,1.0013626948653658,NA,1.0015085655369462,NA
9875096,7,b i j u ʒ,5,-19.982779180288727,NA,-18.35629998851609,NA,-18.296720384198927,NA,1.2375249433170086,NA,1.237393515128245,NA,1.019368047964322,NA,1.0185609454976876,NA
9875096,100,k o ɾ a n,5,-14.411209921897514,NA,-12.294347060400495,NA,-12.318134780608212,NA,1.5780166675354677,NA,1.5772563021989838,NA,1.0788840359427352,NA,1.0746155597877969,NA
9875096,5,ɫ a n y j,5,-15.527981142957266,NA,-20.048631415631327,NA,-20.029886559218973,NA,1.394546693721347,NA,1.394138324722925,NA,1.0266470238072245,NA,1.0254534974166822,NA
9875096,41,g ɯ d͡ʒ u z,5,-19.58384312679565,NA,-16.64152559173808,NA,-16.684403427045364,NA,1.1622032293487097,NA,1.1621965111059591,NA,1.0059499347177645,NA,1.0058336162439705,NA
9875096,12,l y g ɯ ʒ,5,-22.883384054348497,NA,-Inf,NA,-31.210086947359827,NA,1.1381062907638022,NA,1.1381463270545598,NA,1.0003964076179663,NA,1.000592585698109,NA
9875096,44,ɟ ø ɟ i n,5,-26.154797849000957,NA,-Inf,NA,-25.981965253358386,NA,1.207646283033087,NA,1.2075351451808032,NA,1.0123140448014616,NA,1.0117616811066352,NA
9875096,33,n i n u v,5,-16.587473487694577,NA,-20.74289718035614,NA,-20.73475916364208,NA,1.2346503203991448,NA,1.234519670994152,NA,1.015385861708921,NA,1.0147833558081725,NA
9875096,32,b e v a ʒ,5,-18.887323500746025,NA,-15.872593466040806,NA,-16.021901122917775,NA,1.460613178860639,NA,1.460082582720464,NA,1.0349086258500086,NA,1.033249828288036,NA
9875096,43,l e g o h,5,-19.527053505632765,NA,-27.75113638166346,NA,-27.308708531329852,NA,1.2198662238523628,NA,1.2197634326360676,NA,1.0014568108084176,NA,1.0015956377134012,NA
9875096,67,t i k a n,5,-13.448013540026771,NA,-12.360180704819967,NA,-12.378790372777791,NA,1.4875821102169142,NA,1.486979033124867,NA,1.045676820009706,NA,1.0431959745683663,NA
9875096,34,f u m o ʒ,5,-21.086399553296257,NA,-19.904477032559072,NA,-20.00660012235896,NA,1.162493303534497,NA,1.16249350220586,NA,1.0069418990854422,NA,1.006788724097161,NA
9875096,23,g ɯ k o ʒ,5,-20.74619112225676,NA,-16.915237145151256,NA,-17.041707617482654,NA,1.1737865511481944,NA,1.1737670683301502,NA,1.0095969845870632,NA,1.0093013998750595,NA
9875096,38,f u c ø c,5,-26.0945671202964,NA,-Inf,NA,-30.40486528288016,NA,1.0953217853843475,NA,1.0954406909713434,NA,1.0008668994757235,NA,1.001039240543495,NA
9875096,0,t͡ʃ ø j u ʒ,5,-22.924149578450105,NA,-20.79768766887971,NA,-20.742784223544646,NA,1.135233466329589,NA,1.13527898588403,NA,1.004608462527747,NA,1.0045783180618666,NA
9875096,41,g a d͡ʒ ɯ ʃ,5,-18.1433036565909,NA,-15.499386284508248,NA,-15.553373615329928,NA,1.387167586098868,NA,1.3867697858340529,NA,1.015460105386242,NA,1.014803618740054,NA
9875096,62,m y m y ɾ,5,-16.704255115308886,NA,-13.020817250140125,NA,-13.053521821836997,NA,1.3152884044924409,NA,1.3149976658456903,NA,1.0360942196571266,NA,1.0343698974546898,NA
9875096,17,b o ʒ a ʒ,5,-22.204003844457393,NA,-19.321037408784147,NA,-19.52975317079178,NA,1.3229086648122703,NA,1.3226166484342836,NA,1.008762800579713,NA,1.0085081234147557,NA
9875096,15,g ɯ ʃ e ʒ,5,-20.680133976363813,NA,-18.215759687198577,NA,-18.34658379874023,NA,1.2236976698046218,NA,1.2235845791944204,NA,1.0074075246463592,NA,1.007225242015273,NA
9875096,42,n e n u v,5,-16.389638161368726,NA,-20.325068448436717,NA,-20.31731129385749,NA,1.3208179980421255,NA,1.320538269610069,NA,1.0235487936312362,NA,1.0225154110321275,NA
9875096,55,ɫ o c e c,5,-22.400319377835324,NA,-Inf,NA,-30.01158029879595,NA,1.185129721117138,NA,1.185083880443854,NA,1.0027646697523702,NA,1.0028307383165231,NA
9875096,55,n y n u s,5,-16.715340873276865,NA,-20.662916646783795,NA,-20.659392548169652,NA,1.2376893062998182,NA,1.237547081745812,NA,1.0108372213398642,NA,1.0104573725021138,NA
9875096,19,b e ɟ e ʒ,5,-22.756632689956056,NA,-Inf,NA,-24.058032387919113,NA,1.345476034124718,NA,1.3451525821532777,NA,1.0127182103550003,NA,1.0122651834486156,NA
9875096,62,m e t ø ɾ,5,-16.305709239281132,NA,-14.332928742029557,NA,-14.370439435773992,NA,1.415624745175706,NA,1.415162037061878,NA,1.0262030905848891,NA,1.0250322748512253,NA
9875096,33,ɟ i ɟ ø c,5,-29.71307202815976,NA,-Inf,NA,-34.785338500309926,NA,1.0897985812994395,NA,1.0899270408894737,NA,1.0001090155892292,NA,1.0003211623361203,NA
9875096,19,n ɯ ʒ a v,5,-19.02502844047022,NA,-Inf,NA,-25.556872791643976,NA,1.278077157040375,NA,1.277858856769651,NA,1.005851378448144,NA,1.0057071346124649,NA
9875096,55,n u t i v,5,-16.447775065614174,NA,-21.189892153387195,NA,-21.184203947153694,NA,1.2797613550678195,NA,1.27954636548282,NA,1.0249284051823029,NA,1.0237745264935774,NA
9875096,88,ɫ o t o s,5,-16.650452551067872,NA,-19.86130929042026,NA,-19.87178226056184,NA,1.1968532583423572,NA,1.1967836503746367,NA,1.0076982350654493,NA,1.0074960391662156,NA
9875096,64,m y ɾ i ɾ,5,-15.182460061139956,NA,-12.93841945288009,NA,-12.964678761998291,NA,1.495928832346916,NA,1.4953164266216838,NA,1.0626490882923791,NA,1.0594042295798347,NA
9875096,55,z o ɟ i t,5,-20.9589136182378,NA,-22.968824668964604,NA,-22.49812583794652,NA,1.2408518651515077,NA,1.2406922707790116,NA,1.0084540930642174,NA,1.0081503933184568,NA
9875096,20,f u ʒ a ʒ,5,-22.57009892571624,NA,-23.084878726681055,NA,-23.104809642140214,NA,1.283281237699766,NA,1.283057751040734,NA,1.0022636671308394,NA,1.002350487946775,NA
9875096,44,p o c y z,5,-22.132396809934985,NA,-Inf,NA,-22.792875288841223,NA,1.1404551220852177,NA,1.1404879493119304,NA,1.0044867211475823,NA,1.0044629596393846,NA
9875096,7,z a ʒ o h,5,-20.01616939621291,NA,-23.3231454652614,NA,-23.200842055018715,NA,1.3161703693104103,NA,1.3159010409835006,NA,1.0043869150779896,NA,1.0043743138247614,NA
9875096,53,n ɯ c i c,5,-22.207490302969337,NA,-Inf,NA,-31.27784518309206,NA,1.190125320458985,NA,1.1900702225959,NA,1.000651008188583,NA,1.0008314338114397,NA
9875096,45,n e p y j,5,-16.98879234295367,NA,-21.717938967258256,NA,-21.69222912574372,NA,1.2636746444640563,NA,1.2634932080325365,NA,1.0096114935791205,NA,1.0093200333401624,NA
9875096,26,g a ɟ e ʒ,5,-22.959255290632175,NA,-Inf,NA,-23.771850826744977,NA,1.408639434555404,NA,1.4082066800608468,NA,1.0072505448133169,NA,1.0070846951102934,NA
9875096,0,v ø ʒ ɯ h,5,-23.024241178401727,NA,-Inf,NA,-30.45570700382361,NA,1.1036756719502918,NA,1.1037711769871554,NA,1.0001956309096838,NA,1.000401295176374,NA
9875096,0,b i ʒ a ʒ,5,-21.12842071217421,NA,-20.462820259132272,NA,-20.59539447720862,NA,1.344139167411924,NA,1.3438104200605814,NA,1.013475717377768,NA,1.0129733469207105,NA
9875096,57,b a ɟ ø z,5,-22.46994439760235,NA,-Inf,NA,-18.968121900756447,NA,1.3525891302094293,NA,1.3522568267997628,NA,1.0208335147527232,NA,1.0199546011622187,NA
9875096,57,l e l i c,5,-21.536362523929785,NA,-31.435382275761945,NA,-30.66420479306158,NA,1.3050220875123175,NA,1.3047680695189283,NA,1.0033784880145589,NA,1.0034146207009211,NA
9875096,59,k a t ø ɾ,5,-15.581196584717304,NA,-14.400670214601377,NA,-14.436010397238292,NA,1.5237210169792808,NA,1.5230713014199444,NA,1.059134654867906,NA,1.0562306009407805,NA
9875096,35,n ø m o s,5,-18.203872787484933,NA,-22.19842578179625,NA,-22.165436338076113,NA,1.1411016056561956,NA,1.141128679586091,NA,1.0035204518715182,NA,1.0035409822204415,NA
9875096,24,b u j u ʒ,5,-20.87166757096573,NA,-19.733680700888875,NA,-19.668499765417735,NA,1.2165652379443916,NA,1.21647007222167,NA,1.0105687883162064,NA,1.0102253180186327,NA
9875096,83,n i l i s,5,-16.529383592794712,NA,-21.972909806953865,NA,-21.72458759793683,NA,1.262837912142731,NA,1.2626465045153608,NA,1.0115151948241032,NA,1.0110619225343378,NA
9875096,85,l e m i m,5,-16.284865608541942,NA,-21.681059717316177,NA,-21.31860352956532,NA,1.380102008877493,NA,1.3797039565377944,NA,1.023384257708429,NA,1.022273629864209,NA
9875096,39,b u ɟ y ʒ,5,-25.21776219641355,NA,-24.02607612181347,NA,-23.4120433072708,NA,1.1548681109073993,NA,1.1548819472629457,NA,1.0073371474025232,NA,1.007168032552784,NA
9875096,15,d͡ʒ o ʒ u ʒ,5,-24.29401030874191,NA,-24.243601785484508,NA,-24.17251025107207,NA,1.127716441668515,NA,1.127775417851205,NA,1.0007051178379167,NA,1.0008859248512416,NA
9875096,29,t͡ʃ ø ɟ y z,5,-24.87512157612903,NA,-22.11753265394216,NA,-21.28303150118376,NA,1.0902953872221697,NA,1.090415010076083,NA,1.0022148482989617,NA,1.00231031519471,NA
9875096,4,g ɯ ʃ ø z,5,-20.868114892104145,NA,-17.68946998702973,NA,-17.66557104382508,NA,1.1365191714352605,NA,1.1365603636332933,NA,1.0043221992368574,NA,1.0043105088894526,NA
9875096,79,b e v u z,5,-18.05359379807402,NA,-15.116452617134565,NA,-15.154527759561976,NA,1.3293865865827923,NA,1.3290904472457938,NA,1.027526083033521,NA,1.0262694472757412,NA
9875096,30,c ø j a ʒ,5,-23.630776844730175,NA,-Inf,NA,-22.239940954309937,NA,1.2565841996509106,NA,1.2564064248544844,NA,1.012129479451536,NA,1.0116719887342391,NA
9875096,21,n ɯ m ø h,5,-18.510789566710663,NA,-25.526286904340548,NA,-25.20620087924542,NA,1.139300164226838,NA,1.1393380184036568,NA,1.0014200635832908,NA,1.0015627469235224,NA
9875096,95,k a n i n,5,-13.587711962107177,NA,-12.244157249014869,NA,-12.2628318923973,NA,1.6359797029730567,NA,1.6351267738613084,NA,1.0856556606918544,NA,1.0812238961757654,NA
9875096,58,d͡ʒ o c ø c,5,-26.257085578225187,NA,-Inf,NA,-31.597534878858212,NA,1.087742629560516,NA,1.0878746424072625,NA,1.0005961022486871,NA,1.000782672398996,NA
9875096,62,n u t a s,5,-14.726567453647792,NA,-18.016363167590757,NA,-18.02466558703151,NA,1.375248465052452,NA,1.3748549722517678,NA,1.0268849669602398,NA,1.0255614198293237,NA
9875096,37,b i j o ʒ,5,-20.1694739218949,NA,-16.17150934468403,NA,-16.29228988361789,NA,1.2161562043575238,NA,1.2160636704095142,NA,1.0185949627078428,NA,1.0178290236238705,NA
9875096,21,l i v ø h,5,-20.904794873852836,NA,-Inf,NA,-30.017786917374448,NA,1.1384315211614455,NA,1.138471070171428,NA,1.0021258039899703,NA,1.0022313327026664,NA
9875096,60,k o ɫ ɯ ɾ,5,-15.746838565630412,NA,-13.10667453460241,NA,-13.133460503117467,NA,1.3892399649311546,NA,1.3888182062736574,NA,1.0364363220655193,NA,1.0346301929585895,NA
9875096,21,g ɯ d͡ʒ i l,5,-19.64465247954083,NA,-16.929800719720177,NA,-16.98778054263725,NA,1.223765991720176,NA,1.2236495458961485,NA,1.0081634508787554,NA,1.007928985502199,NA
9875096,84,k o n ø ɾ,5,-17.468982673500772,NA,-15.665847293331234,NA,-15.67041392566706,NA,1.3263918658517442,NA,1.3260835017678103,NA,1.0230245152622903,NA,1.0220198569868446,NA
9875096,12,g o ɟ i ʒ,5,-24.90517828366109,NA,-25.463316038560684,NA,-25.0238451006757,NA,1.213844639629624,NA,1.21374827950693,NA,1.001203603704403,NA,1.001357562313273,NA
9875096,62,ɫ a ɾ u j,5,-14.988213898012642,NA,-18.225237785879074,NA,-18.23265340120377,NA,1.4806633127456936,NA,1.48010342214873,NA,1.0515741074637193,NA,1.0490474569155095,NA
9875096,57,n u c ø c,5,-24.807625490627537,NA,-Inf,NA,-31.30367927011791,NA,1.090233002361394,NA,1.0903607082649016,NA,1.000704421139502,NA,1.0008852996567954,NA
9875096,87,ɟ ø c e c,5,-28.397206327308695,NA,-Inf,NA,-33.97421042400016,NA,1.1292419818961106,NA,1.1292928245120586,NA,1.000652103032279,NA,1.0008291941922065,NA
9875096,66,l e l ø c,5,-23.921630741113155,NA,-Inf,NA,-32.749337306429,NA,1.1941895614424562,NA,1.1941372749111134,NA,1.0030524364984192,NA,1.0031089785467553,NA
9875096,40,v ø l i v,5,-21.2450194600926,NA,-Inf,NA,-31.53443408186967,NA,1.1757448274064406,NA,1.1757104148958002,NA,1.0014998369742418,NA,1.0016238637930377,NA
9875096,19,n ɯ ʒ ɯ v,5,-20.37155439509228,NA,-Inf,NA,-29.078542120513493,NA,1.1398926451023728,NA,1.1399258609218608,NA,1.0003901669756716,NA,1.0005869200881068,NA
9875096,94,m a k a n,5,-13.008346846234591,NA,-11.28043634275908,NA,-11.300021336865491,NA,1.6891002822706591,NA,1.6881485735739905,NA,1.0828270821289048,NA,1.078388901097211,NA
9875096,67,t͡ʃ ø v a n,5,-18.701602767562907,NA,-15.100178717825774,NA,-15.129210912490072,NA,1.3444722505099906,NA,1.3441170867989016,NA,1.0395669313903486,NA,1.0374122129692265,NA
9875096,35,n u ʒ ɯ ʒ,5,-22.62968325066944,NA,-Inf,NA,-29.197550883061453,NA,1.14000794273881,NA,1.140044772486502,NA,1.0008134367287314,NA,1.0009885521090411,NA
9875096,39,t͡ʃ ø j u z,5,-20.529026950681207,NA,-17.342610045374,NA,-17.381051887526098,NA,1.151992514259162,NA,1.1520031350348077,NA,1.0064343510181284,NA,1.0062899141251958,NA
9875096,22,g u ʒ i ʒ,5,-23.367105446041258,NA,-22.71019322061325,NA,-22.662694231245467,NA,1.214496991418963,NA,1.2143994984214512,NA,1.0018219484717603,NA,1.001942235984122,NA
9875096,23,ɫ a m i v,5,-15.108322670255824,NA,-19.84096460834095,NA,-19.840167964977656,NA,1.45267848057084,NA,1.452164539040134,NA,1.022668785041178,NA,1.0216640887099704,NA
9875096,4,v ɯ ʒ u v,5,-21.86808593813512,NA,-Inf,NA,-26.703531252513827,NA,1.126951629435814,NA,1.1270081147295898,NA,1.000727269349632,NA,1.000902377044206,NA
9875096,0,b u ʒ u ʒ,5,-23.578702027948104,NA,-22.55607533141792,NA,-22.360285906391308,NA,1.1751938218318876,NA,1.175170692528559,NA,1.0072042512867905,NA,1.0070435603192218,NA
9875096,63,ɟ ø c ø c,5,-30.98030987081792,NA,-Inf,NA,-35.04234390027842,NA,1.025304435597176,NA,1.0255444598001535,NA,1,1,1.0002179098838746,1
9875096,52,j o b u ʒ,5,-21.05836231257191,NA,-20.278068086553,NA,-20.20804314631168,NA,1.1710790683578258,NA,1.171062773355354,NA,1.0066664843883977,NA,1.006528208768726,NA
9875096,56,c ø d ø l,5,-25.273737592608967,NA,-Inf,NA,-27.063517981829783,NA,1.0636055587079187,NA,1.0637759789037924,NA,1.0001114910985065,NA,1.0003233777080158,NA
9875096,37,n ɯ t y j,5,-16.745705986388092,NA,-22.3564259100322,NA,-22.34000437551107,NA,1.1865969150263898,NA,1.1865483757315416,NA,1.0045937259415338,NA,1.0045620755887812,NA
9875096,87,t i m y ɾ,5,-15.294846811552397,NA,-13.660054019068708,NA,-13.685647803861627,NA,1.3091233520227514,NA,1.3088432638048708,NA,1.0122665021223751,NA,1.011794088919323,NA
9875096,68,l i l i v,5,-19.457588243664848,NA,-29.20991366924059,NA,-28.687492054822933,NA,1.2303966335406769,NA,1.2302676592286446,NA,1.003298594196525,NA,1.0033275292550925,NA
9875096,35,ɟ y ʒ u ʒ,5,-27.80853684728006,NA,-29.28500826667853,NA,-28.708564247230676,NA,1.1164047641696466,NA,1.1164832975278336,NA,1.0001090155892292,NA,1.0003211623361203,NA
9875096,13,l e ʒ ɯ ʒ,5,-23.42246110699022,NA,-Inf,NA,-31.37937590764058,NA,1.2326268805400291,NA,1.2325034590587125,NA,1.000599585740761,NA,1.000785798371226,NA
9875096,57,l y g a v,5,-19.4935962146241,NA,-Inf,NA,-27.80790591371226,NA,1.2871157130376376,NA,1.2868816916145254,NA,1.008373111461021,NA,1.0080891173681017,NA
9875096,30,d ɯ ʒ a ʒ,5,-21.716795206882775,NA,-Inf,NA,-23.190543246412652,NA,1.298705256665564,NA,1.2984551045728236,NA,1.0026417382010682,NA,1.002708745557405,NA
9875096,26,ɟ y ʒ i l,5,-25.474223572256346,NA,-26.086164584076812,NA,-25.658577276474528,NA,1.194726574470686,NA,1.1946604814688004,NA,1.001869088084923,NA,1.001974463736933,NA
9875096,29,m y k o ʒ,5,-19.93043596815668,NA,-16.300780365266558,NA,-16.417412400213216,NA,1.2520745572399474,NA,1.2519196738829383,NA,1.0326605479495878,NA,1.031153503453037,NA
9878343,30,g ɯ ʃ e ʒ,5,-20.680133976363813,NA,-18.215759687198577,NA,-18.34658379874023,NA,1.2236976698046218,NA,1.2235845791944204,NA,1.0074075246463592,NA,1.007225242015273,NA
9878343,69,t͡ʃ ø j u ʒ,5,-22.924149578450105,NA,-20.79768766887971,NA,-20.742784223544646,NA,1.135233466329589,NA,1.13527898588403,NA,1.004608462527747,NA,1.0045783180618666,NA
9878343,81,n i l i s,5,-16.529383592794712,NA,-21.972909806953865,NA,-21.72458759793683,NA,1.262837912142731,NA,1.2626465045153608,NA,1.0115151948241032,NA,1.0110619225343378,NA
9878343,61,l e ʒ ɯ ʒ,5,-23.42246110699022,NA,-Inf,NA,-31.37937590764058,NA,1.2326268805400291,NA,1.2325034590587125,NA,1.000599585740761,NA,1.000785798371226,NA
9878343,27,k a k u ɾ,5,-14.067811152368842,NA,-12.708404717891712,NA,-12.729721104711002,NA,1.5578537830579977,NA,1.5571414460631403,NA,1.0749244666982,NA,1.071116634968564,NA
9878343,65,g ɯ d͡ʒ u z,5,-19.58384312679565,NA,-16.64152559173808,NA,-16.684403427045364,NA,1.1622032293487097,NA,1.1621965111059591,NA,1.0059499347177645,NA,1.0058336162439705,NA
9878343,51,j o b u ʒ,5,-21.05836231257191,NA,-20.278068086553,NA,-20.20804314631168,NA,1.1710790683578258,NA,1.171062773355354,NA,1.0066664843883977,NA,1.006528208768726,NA
9878343,29,ɫ o t o s,5,-16.650452551067872,NA,-19.86130929042026,NA,-19.87178226056184,NA,1.1968532583423572,NA,1.1967836503746367,NA,1.0076982350654493,NA,1.0074960391662156,NA
9878343,60,l y v ø h,5,-22.081365336981623,NA,-Inf,NA,-30.783197051114545,NA,1.123537673674444,NA,1.123602990586653,NA,1.0013626948653658,NA,1.0015085655369462,NA
9878343,62,ɟ ø c e c,5,-28.397206327308695,NA,-Inf,NA,-33.97421042400016,NA,1.1292419818961106,NA,1.1292928245120586,NA,1.000652103032279,NA,1.0008291941922065,NA
9878343,20,l e m i m,5,-16.284865608541942,NA,-21.681059717316177,NA,-21.31860352956532,NA,1.380102008877493,NA,1.3797039565377944,NA,1.023384257708429,NA,1.022273629864209,NA
9878343,51,n ɯ t y j,5,-16.745705986388092,NA,-22.3564259100322,NA,-22.34000437551107,NA,1.1865969150263898,NA,1.1865483757315416,NA,1.0045937259415338,NA,1.0045620755887812,NA
9878343,20,k o ɫ ɯ ɾ,5,-15.746838565630412,NA,-13.10667453460241,NA,-13.133460503117467,NA,1.3892399649311546,NA,1.3888182062736574,NA,1.0364363220655193,NA,1.0346301929585895,NA
9878343,22,n ɯ c i c,5,-22.207490302969337,NA,-Inf,NA,-31.27784518309206,NA,1.190125320458985,NA,1.1900702225959,NA,1.000651008188583,NA,1.0008314338114397,NA
9878343,74,ɫ a m i v,5,-15.108322670255824,NA,-19.84096460834095,NA,-19.840167964977656,NA,1.45267848057084,NA,1.452164539040134,NA,1.022668785041178,NA,1.0216640887099704,NA
9878343,59,c ø j a ʒ,5,-23.630776844730175,NA,-Inf,NA,-22.239940954309937,NA,1.2565841996509106,NA,1.2564064248544844,NA,1.012129479451536,NA,1.0116719887342391,NA
9878343,21,n u c ø c,5,-24.807625490627537,NA,-Inf,NA,-31.30367927011791,NA,1.090233002361394,NA,1.0903607082649016,NA,1.000704421139502,NA,1.0008852996567954,NA
9878343,70,b i j o ʒ,5,-20.1694739218949,NA,-16.17150934468403,NA,-16.29228988361789,NA,1.2161562043575238,NA,1.2160636704095142,NA,1.0185949627078428,NA,1.0178290236238705,NA
9878343,63,b o ʒ a ʒ,5,-22.204003844457393,NA,-19.321037408784147,NA,-19.52975317079178,NA,1.3229086648122703,NA,1.3226166484342836,NA,1.008762800579713,NA,1.0085081234147557,NA
9878343,55,b e ɟ e ʒ,5,-22.756632689956056,NA,-Inf,NA,-24.058032387919113,NA,1.345476034124718,NA,1.3451525821532777,NA,1.0127182103550003,NA,1.0122651834486156,NA
9878343,71,l e l ø c,5,-23.921630741113155,NA,-Inf,NA,-32.749337306429,NA,1.1941895614424562,NA,1.1941372749111134,NA,1.0030524364984192,NA,1.0031089785467553,NA
9878343,65,v ø l i v,5,-21.2450194600926,NA,-Inf,NA,-31.53443408186967,NA,1.1757448274064406,NA,1.1757104148958002,NA,1.0014998369742418,NA,1.0016238637930377,NA
9878343,16,ɫ o c e c,5,-22.400319377835324,NA,-Inf,NA,-30.01158029879595,NA,1.185129721117138,NA,1.185083880443854,NA,1.0027646697523702,NA,1.0028307383165231,NA
9878343,65,n ɯ m ø h,5,-18.510789566710663,NA,-25.526286904340548,NA,-25.20620087924542,NA,1.139300164226838,NA,1.1393380184036568,NA,1.0014200635832908,NA,1.0015627469235224,NA
9878343,26,l e l i c,5,-21.536362523929785,NA,-31.435382275761945,NA,-30.66420479306158,NA,1.3050220875123175,NA,1.3047680695189283,NA,1.0033784880145589,NA,1.0034146207009211,NA
9878343,63,g ɯ ʃ ø z,5,-20.868114892104145,NA,-17.68946998702973,NA,-17.66557104382508,NA,1.1365191714352605,NA,1.1365603636332933,NA,1.0043221992368574,NA,1.0043105088894526,NA
9878343,62,ɟ i ʒ ɯ ʒ,5,-26.41709941367645,NA,-Inf,NA,-33.307818772675844,NA,1.1410997399260654,NA,1.1411346658902664,NA,1.0003270467676877,NA,1.0005276672406118,NA
9878343,63,l y g ɯ ʒ,5,-22.883384054348497,NA,-Inf,NA,-31.210086947359827,NA,1.1381062907638022,NA,1.1381463270545598,NA,1.0003964076179663,NA,1.000592585698109,NA
9878343,80,n e p y j,5,-16.98879234295367,NA,-21.717938967258256,NA,-21.69222912574372,NA,1.2636746444640563,NA,1.2634932080325365,NA,1.0096114935791205,NA,1.0093200333401624,NA
9878343,54,g a d͡ʒ ɯ ʃ,5,-18.1433036565909,NA,-15.499386284508248,NA,-15.553373615329928,NA,1.387167586098868,NA,1.3867697858340529,NA,1.015460105386242,NA,1.014803618740054,NA
9878343,15,ɫ a n y j,5,-15.527981142957266,NA,-20.048631415631327,NA,-20.029886559218973,NA,1.394546693721347,NA,1.394138324722925,NA,1.0266470238072245,NA,1.0254534974166822,NA
9878343,55,n u ʒ ɯ ʒ,5,-22.62968325066944,NA,-Inf,NA,-29.197550883061453,NA,1.14000794273881,NA,1.140044772486502,NA,1.0008134367287314,NA,1.0009885521090411,NA
9878343,64,ɟ y ɟ ø c,5,-30.88964249128854,NA,-Inf,NA,-34.02337567467023,NA,1.0749047338124378,NA,1.0750589613046984,NA,1.0000545077946146,NA,1.0002695361099974,NA
9878343,64,m e t ø ɾ,5,-16.305709239281132,NA,-14.332928742029557,NA,-14.370439435773992,NA,1.415624745175706,NA,1.415162037061878,NA,1.0262030905848891,NA,1.0250322748512253,NA
9878343,66,l y g a v,5,-19.4935962146241,NA,-Inf,NA,-27.80790591371226,NA,1.2871157130376376,NA,1.2868816916145254,NA,1.008373111461021,NA,1.0080891173681017,NA
9878343,66,m y m y ɾ,5,-16.704255115308886,NA,-13.020817250140125,NA,-13.053521821836997,NA,1.3152884044924409,NA,1.3149976658456903,NA,1.0360942196571266,NA,1.0343698974546898,NA
9878343,63,p o c y z,5,-22.132396809934985,NA,-Inf,NA,-22.792875288841223,NA,1.1404551220852177,NA,1.1404879493119304,NA,1.0044867211475823,NA,1.0044629596393846,NA
9878343,88,t i t e n,5,-13.939688353962891,NA,-13.031948462442172,NA,-13.050716201785225,NA,1.4094012502297124,NA,1.4089409685681276,NA,1.034895013822322,NA,1.0331065768439232,NA
9878343,66,d ɯ ʒ a ʒ,5,-21.716795206882775,NA,-Inf,NA,-23.190543246412652,NA,1.298705256665564,NA,1.2984551045728236,NA,1.0026417382010682,NA,1.002708745557405,NA
9878343,65,b u j u ʒ,5,-20.87166757096573,NA,-19.733680700888875,NA,-19.668499765417735,NA,1.2165652379443916,NA,1.21647007222167,NA,1.0105687883162064,NA,1.0102253180186327,NA
9878343,83,t i k a n,5,-13.448013540026771,NA,-12.360180704819967,NA,-12.378790372777791,NA,1.4875821102169142,NA,1.486979033124867,NA,1.045676820009706,NA,1.0431959745683663,NA
9878343,17,ɫ a g a v,5,-15.754122332862629,NA,-20.553058174302627,NA,-20.559783658839276,NA,1.4882072475199175,NA,1.487625321159881,NA,1.011899048999812,NA,1.011429504802159,NA
9878343,18,n i n u v,5,-16.587473487694577,NA,-20.74289718035614,NA,-20.73475916364208,NA,1.2346503203991448,NA,1.234519670994152,NA,1.015385861708921,NA,1.0147833558081725,NA
9878343,63,ɟ y ɟ e c,5,-28.306538947779316,NA,-Inf,NA,-32.95524219839198,NA,1.1788422801113725,NA,1.1788073260166032,NA,1.0007066108268936,NA,1.0008808204183293,NA
9878343,66,n u t i v,5,-16.447775065614174,NA,-21.189892153387195,NA,-21.184203947153694,NA,1.2797613550678195,NA,1.27954636548282,NA,1.0249284051823029,NA,1.0237745264935774,NA
9878343,67,g u ʒ i ʒ,5,-23.367105446041258,NA,-22.71019322061325,NA,-22.662694231245467,NA,1.214496991418963,NA,1.2143994984214512,NA,1.0018219484717603,NA,1.001942235984122,NA
9878343,81,z o ɟ i t,5,-20.9589136182378,NA,-22.968824668964604,NA,-22.49812583794652,NA,1.2408518651515077,NA,1.2406922707790116,NA,1.0084540930642174,NA,1.0081503933184568,NA
9878343,68,ɫ a ɾ u j,5,-14.988213898012642,NA,-18.225237785879074,NA,-18.23265340120377,NA,1.4806633127456936,NA,1.48010342214873,NA,1.0515741074637193,NA,1.0490474569155095,NA
9878343,66,m y ɾ i ɾ,5,-15.182460061139956,NA,-12.93841945288009,NA,-12.964678761998291,NA,1.495928832346916,NA,1.4953164266216838,NA,1.0626490882923791,NA,1.0594042295798347,NA
9878343,17,k o ɾ a n,5,-14.411209921897514,NA,-12.294347060400495,NA,-12.318134780608212,NA,1.5780166675354677,NA,1.5772563021989838,NA,1.0788840359427352,NA,1.0746155597877969,NA
9878343,67,t͡ʃ ø j u z,5,-20.529026950681207,NA,-17.342610045374,NA,-17.381051887526098,NA,1.151992514259162,NA,1.1520031350348077,NA,1.0064343510181284,NA,1.0062899141251958,NA
9878343,67,f u c ø c,5,-26.0945671202964,NA,-Inf,NA,-30.40486528288016,NA,1.0953217853843475,NA,1.0954406909713434,NA,1.0008668994757235,NA,1.001039240543495,NA
9878343,62,t͡ʃ ø v a n,5,-18.701602767562907,NA,-15.100178717825774,NA,-15.129210912490072,NA,1.3444722505099906,NA,1.3441170867989016,NA,1.0395669313903486,NA,1.0374122129692265,NA
9878343,66,b e v a ʒ,5,-18.887323500746025,NA,-15.872593466040806,NA,-16.021901122917775,NA,1.460613178860639,NA,1.460082582720464,NA,1.0349086258500086,NA,1.033249828288036,NA
9878343,25,l i l i v,5,-19.457588243664848,NA,-29.20991366924059,NA,-28.687492054822933,NA,1.2303966335406769,NA,1.2302676592286446,NA,1.003298594196525,NA,1.0033275292550925,NA
9878343,78,z a ʒ o h,5,-20.01616939621291,NA,-23.3231454652614,NA,-23.200842055018715,NA,1.3161703693104103,NA,1.3159010409835006,NA,1.0043869150779896,NA,1.0043743138247614,NA
9878343,19,ɟ ø c ø c,5,-30.98030987081792,NA,-Inf,NA,-35.04234390027842,NA,1.025304435597176,NA,1.0255444598001535,NA,1,1,1.0002179098838746,1
9878343,71,b u ʒ u ʒ,5,-23.578702027948104,NA,-22.55607533141792,NA,-22.360285906391308,NA,1.1751938218318876,NA,1.175170692528559,NA,1.0072042512867905,NA,1.0070435603192218,NA
9878343,26,b u ɟ y ʒ,5,-25.21776219641355,NA,-24.02607612181347,NA,-23.4120433072708,NA,1.1548681109073993,NA,1.1548819472629457,NA,1.0073371474025232,NA,1.007168032552784,NA
9878343,71,n ø m o s,5,-18.203872787484933,NA,-22.19842578179625,NA,-22.165436338076113,NA,1.1411016056561956,NA,1.141128679586091,NA,1.0035204518715182,NA,1.0035409822204415,NA
9878343,28,m y z a ʒ,5,-19.26885615927756,NA,-16.145731724613096,NA,-16.288993267502523,NA,1.397336491187185,NA,1.3969153080698635,NA,1.0416189337331847,NA,1.0396162450988709,NA
9878343,38,b u z e ʒ,5,-20.09685568317635,NA,-17.84329781622566,NA,-17.964161616964663,NA,1.276667630723205,NA,1.2764627987655124,NA,1.0139315296225708,NA,1.0134023197983453,NA
9878343,66,g ɯ k o ʒ,5,-20.74619112225676,NA,-16.915237145151256,NA,-17.041707617482654,NA,1.1737865511481944,NA,1.1737670683301502,NA,1.0095969845870632,NA,1.0093013998750595,NA
9878343,69,t i m y ɾ,5,-15.294846811552397,NA,-13.660054019068708,NA,-13.685647803861627,NA,1.3091233520227514,NA,1.3088432638048708,NA,1.0122665021223751,NA,1.011794088919323,NA
9878343,61,b i ʒ a ʒ,5,-21.12842071217421,NA,-20.462820259132272,NA,-20.59539447720862,NA,1.344139167411924,NA,1.3438104200605814,NA,1.013475717377768,NA,1.0129733469207105,NA
9878343,59,k o n ø ɾ,5,-17.468982673500772,NA,-15.665847293331234,NA,-15.67041392566706,NA,1.3263918658517442,NA,1.3260835017678103,NA,1.0230245152622903,NA,1.0220198569868446,NA
9878343,63,m y k o ʒ,5,-19.93043596815668,NA,-16.300780365266558,NA,-16.417412400213216,NA,1.2520745572399474,NA,1.2519196738829383,NA,1.0326605479495878,NA,1.031153503453037,NA
9878343,61,d͡ʒ o c ø c,5,-26.257085578225187,NA,-Inf,NA,-31.597534878858212,NA,1.087742629560516,NA,1.0878746424072625,NA,1.0005961022486871,NA,1.000782672398996,NA
9878343,62,t͡ʃ ø ɟ y z,5,-24.87512157612903,NA,-22.11753265394216,NA,-21.28303150118376,NA,1.0902953872221697,NA,1.090415010076083,NA,1.0022148482989617,NA,1.00231031519471,NA
9878343,14,v ɯ ʒ u v,5,-21.86808593813512,NA,-Inf,NA,-26.703531252513827,NA,1.126951629435814,NA,1.1270081147295898,NA,1.000727269349632,NA,1.000902377044206,NA
9878343,78,ɟ ø ɟ i n,5,-26.154797849000957,NA,-Inf,NA,-25.981965253358386,NA,1.207646283033087,NA,1.2075351451808032,NA,1.0123140448014616,NA,1.0117616811066352,NA
9878343,66,b e ʒ a ʒ,5,-20.93058538584836,NA,-19.48837816175328,NA,-19.69732468362156,NA,1.4303068450549048,NA,1.4298290186764984,NA,1.014235691359507,NA,1.013693300711423,NA
9878343,64,ɟ i ɟ ø c,5,-29.71307202815976,NA,-Inf,NA,-34.785338500309926,NA,1.0897985812994395,NA,1.0899270408894737,NA,1.0001090155892292,NA,1.0003211623361203,NA
9878343,60,g a ɟ e ʒ,5,-22.959255290632175,NA,-Inf,NA,-23.771850826744977,NA,1.408639434555404,NA,1.4082066800608468,NA,1.0072505448133169,NA,1.0070846951102934,NA
9878343,89,k a n i n,5,-13.587711962107177,NA,-12.244157249014869,NA,-12.2628318923973,NA,1.6359797029730567,NA,1.6351267738613084,NA,1.0856556606918544,NA,1.0812238961757654,NA
9878343,27,n e n u v,5,-16.389638161368726,NA,-20.325068448436717,NA,-20.31731129385749,NA,1.3208179980421255,NA,1.320538269610069,NA,1.0235487936312362,NA,1.0225154110321275,NA
9878343,57,n y n u s,5,-16.715340873276865,NA,-20.662916646783795,NA,-20.659392548169652,NA,1.2376893062998182,NA,1.237547081745812,NA,1.0108372213398642,NA,1.0104573725021138,NA
9878343,36,g ɯ d͡ʒ i l,5,-19.64465247954083,NA,-16.929800719720177,NA,-16.98778054263725,NA,1.223765991720176,NA,1.2236495458961485,NA,1.0081634508787554,NA,1.007928985502199,NA
9878343,65,d͡ʒ o ʒ u ʒ,5,-24.29401030874191,NA,-24.243601785484508,NA,-24.17251025107207,NA,1.127716441668515,NA,1.127775417851205,NA,1.0007051178379167,NA,1.0008859248512416,NA
9878343,59,f u m o ʒ,5,-21.086399553296257,NA,-19.904477032559072,NA,-20.00660012235896,NA,1.162493303534497,NA,1.16249350220586,NA,1.0069418990854422,NA,1.006788724097161,NA
9878343,66,k a t ø ɾ,5,-15.581196584717304,NA,-14.400670214601377,NA,-14.436010397238292,NA,1.5237210169792808,NA,1.5230713014199444,NA,1.059134654867906,NA,1.0562306009407805,NA
9878343,34,l e g o h,5,-19.527053505632765,NA,-27.75113638166346,NA,-27.308708531329852,NA,1.2198662238523628,NA,1.2197634326360676,NA,1.0014568108084176,NA,1.0015956377134012,NA
9878343,35,l i v ø h,5,-20.904794873852836,NA,-Inf,NA,-30.017786917374448,NA,1.1384315211614455,NA,1.138471070171428,NA,1.0021258039899703,NA,1.0022313327026664,NA
9878343,62,ɟ y ʒ u ʒ,5,-27.80853684728006,NA,-29.28500826667853,NA,-28.708564247230676,NA,1.1164047641696466,NA,1.1164832975278336,NA,1.0001090155892292,NA,1.0003211623361203,NA
9878343,65,b a ɟ ø z,5,-22.46994439760235,NA,-Inf,NA,-18.968121900756447,NA,1.3525891302094293,NA,1.3522568267997628,NA,1.0208335147527232,NA,1.0199546011622187,NA
9878343,65,ɟ y ʒ i l,5,-25.474223572256346,NA,-26.086164584076812,NA,-25.658577276474528,NA,1.194726574470686,NA,1.1946604814688004,NA,1.001869088084923,NA,1.001974463736933,NA
9878343,36,v ø ʒ ɯ h,5,-23.024241178401727,NA,-Inf,NA,-30.45570700382361,NA,1.1036756719502918,NA,1.1037711769871554,NA,1.0001956309096838,NA,1.000401295176374,NA
9878343,60,g o ɟ i ʒ,5,-24.90517828366109,NA,-25.463316038560684,NA,-25.0238451006757,NA,1.213844639629624,NA,1.21374827950693,NA,1.001203603704403,NA,1.001357562313273,NA
9878343,69,b e v u z,5,-18.05359379807402,NA,-15.116452617134565,NA,-15.154527759561976,NA,1.3293865865827923,NA,1.3290904472457938,NA,1.027526083033521,NA,1.0262694472757412,NA
9878343,37,b i j u ʒ,5,-19.982779180288727,NA,-18.35629998851609,NA,-18.296720384198927,NA,1.2375249433170086,NA,1.237393515128245,NA,1.019368047964322,NA,1.0185609454976876,NA
9878343,80,m a k a n,5,-13.008346846234591,NA,-11.28043634275908,NA,-11.300021336865491,NA,1.6891002822706591,NA,1.6881485735739905,NA,1.0828270821289048,NA,1.078388901097211,NA
9878343,72,n u t a s,5,-14.726567453647792,NA,-18.016363167590757,NA,-18.02466558703151,NA,1.375248465052452,NA,1.3748549722517678,NA,1.0268849669602398,NA,1.0255614198293237,NA
9878343,57,f u ʒ a ʒ,5,-22.57009892571624,NA,-23.084878726681055,NA,-23.104809642140214,NA,1.283281237699766,NA,1.283057751040734,NA,1.0022636671308394,NA,1.002350487946775,NA
9878343,21,n ɯ ʒ a v,5,-19.02502844047022,NA,-Inf,NA,-25.556872791643976,NA,1.278077157040375,NA,1.277858856769651,NA,1.005851378448144,NA,1.0057071346124649,NA
9878343,26,n ɯ ʒ ɯ v,5,-20.37155439509228,NA,-Inf,NA,-29.078542120513493,NA,1.1398926451023728,NA,1.1399258609218608,NA,1.0003901669756716,NA,1.0005869200881068,NA
9878343,64,c ø d ø l,5,-25.273737592608967,NA,-Inf,NA,-27.063517981829783,NA,1.0636055587079187,NA,1.0637759789037924,NA,1.0001114910985065,NA,1.0003233777080158,NA
9987367,32,n u ʒ ɯ ʒ,5,-22.62968325066944,NA,-Inf,NA,-29.197550883061453,NA,1.14000794273881,NA,1.140044772486502,NA,1.0008134367287314,NA,1.0009885521090411,NA
9987367,32,b i j o ʒ,5,-20.1694739218949,NA,-16.17150934468403,NA,-16.29228988361789,NA,1.2161562043575238,NA,1.2160636704095142,NA,1.0185949627078428,NA,1.0178290236238705,NA
9987367,81,n ɯ t y j,5,-16.745705986388092,NA,-22.3564259100322,NA,-22.34000437551107,NA,1.1865969150263898,NA,1.1865483757315416,NA,1.0045937259415338,NA,1.0045620755887812,NA
9987367,22,n ɯ ʒ ɯ v,5,-20.37155439509228,NA,-Inf,NA,-29.078542120513493,NA,1.1398926451023728,NA,1.1399258609218608,NA,1.0003901669756716,NA,1.0005869200881068,NA
9987367,30,ɫ a ɾ u j,5,-14.988213898012642,NA,-18.225237785879074,NA,-18.23265340120377,NA,1.4806633127456936,NA,1.48010342214873,NA,1.0515741074637193,NA,1.0490474569155095,NA
9987367,65,n ɯ c i c,5,-22.207490302969337,NA,-Inf,NA,-31.27784518309206,NA,1.190125320458985,NA,1.1900702225959,NA,1.000651008188583,NA,1.0008314338114397,NA
9987367,22,l y v ø h,5,-22.081365336981623,NA,-Inf,NA,-30.783197051114545,NA,1.123537673674444,NA,1.123602990586653,NA,1.0013626948653658,NA,1.0015085655369462,NA
9987367,81,n u c ø c,5,-24.807625490627537,NA,-Inf,NA,-31.30367927011791,NA,1.090233002361394,NA,1.0903607082649016,NA,1.000704421139502,NA,1.0008852996567954,NA
9987367,77,n e n u v,5,-16.389638161368726,NA,-20.325068448436717,NA,-20.31731129385749,NA,1.3208179980421255,NA,1.320538269610069,NA,1.0235487936312362,NA,1.0225154110321275,NA
9987367,18,b i ʒ a ʒ,5,-21.12842071217421,NA,-20.462820259132272,NA,-20.59539447720862,NA,1.344139167411924,NA,1.3438104200605814,NA,1.013475717377768,NA,1.0129733469207105,NA
9987367,24,b e ɟ e ʒ,5,-22.756632689956056,NA,-Inf,NA,-24.058032387919113,NA,1.345476034124718,NA,1.3451525821532777,NA,1.0127182103550003,NA,1.0122651834486156,NA
9987367,67,l i l i v,5,-19.457588243664848,NA,-29.20991366924059,NA,-28.687492054822933,NA,1.2303966335406769,NA,1.2302676592286446,NA,1.003298594196525,NA,1.0033275292550925,NA
9987367,80,ɫ a m i v,5,-15.108322670255824,NA,-19.84096460834095,NA,-19.840167964977656,NA,1.45267848057084,NA,1.452164539040134,NA,1.022668785041178,NA,1.0216640887099704,NA
9987367,18,d͡ʒ o ʒ u ʒ,5,-24.29401030874191,NA,-24.243601785484508,NA,-24.17251025107207,NA,1.127716441668515,NA,1.127775417851205,NA,1.0007051178379167,NA,1.0008859248512416,NA
9987367,21,b e v u z,5,-18.05359379807402,NA,-15.116452617134565,NA,-15.154527759561976,NA,1.3293865865827923,NA,1.3290904472457938,NA,1.027526083033521,NA,1.0262694472757412,NA
9987367,26,t͡ʃ ø j u z,5,-20.529026950681207,NA,-17.342610045374,NA,-17.381051887526098,NA,1.151992514259162,NA,1.1520031350348077,NA,1.0064343510181284,NA,1.0062899141251958,NA
9987367,24,t i t e n,5,-13.939688353962891,NA,-13.031948462442172,NA,-13.050716201785225,NA,1.4094012502297124,NA,1.4089409685681276,NA,1.034895013822322,NA,1.0331065768439232,NA
9987367,25,z o ɟ i t,5,-20.9589136182378,NA,-22.968824668964604,NA,-22.49812583794652,NA,1.2408518651515077,NA,1.2406922707790116,NA,1.0084540930642174,NA,1.0081503933184568,NA
9987367,71,k o ɫ ɯ ɾ,5,-15.746838565630412,NA,-13.10667453460241,NA,-13.133460503117467,NA,1.3892399649311546,NA,1.3888182062736574,NA,1.0364363220655193,NA,1.0346301929585895,NA
9987367,29,b e v a ʒ,5,-18.887323500746025,NA,-15.872593466040806,NA,-16.021901122917775,NA,1.460613178860639,NA,1.460082582720464,NA,1.0349086258500086,NA,1.033249828288036,NA
9987367,75,m a k a n,5,-13.008346846234591,NA,-11.28043634275908,NA,-11.300021336865491,NA,1.6891002822706591,NA,1.6881485735739905,NA,1.0828270821289048,NA,1.078388901097211,NA
9987367,71,b a ɟ ø z,5,-22.46994439760235,NA,-Inf,NA,-18.968121900756447,NA,1.3525891302094293,NA,1.3522568267997628,NA,1.0208335147527232,NA,1.0199546011622187,NA
9987367,73,d͡ʒ o c ø c,5,-26.257085578225187,NA,-Inf,NA,-31.597534878858212,NA,1.087742629560516,NA,1.0878746424072625,NA,1.0005961022486871,NA,1.000782672398996,NA
9987367,73,c ø d ø l,5,-25.273737592608967,NA,-Inf,NA,-27.063517981829783,NA,1.0636055587079187,NA,1.0637759789037924,NA,1.0001114910985065,NA,1.0003233777080158,NA
9987367,79,g ɯ d͡ʒ i l,5,-19.64465247954083,NA,-16.929800719720177,NA,-16.98778054263725,NA,1.223765991720176,NA,1.2236495458961485,NA,1.0081634508787554,NA,1.007928985502199,NA
9987367,74,ɟ ø ɟ i n,5,-26.154797849000957,NA,-Inf,NA,-25.981965253358386,NA,1.207646283033087,NA,1.2075351451808032,NA,1.0123140448014616,NA,1.0117616811066352,NA
9987367,75,f u c ø c,5,-26.0945671202964,NA,-Inf,NA,-30.40486528288016,NA,1.0953217853843475,NA,1.0954406909713434,NA,1.0008668994757235,NA,1.001039240543495,NA
9987367,26,b u z e ʒ,5,-20.09685568317635,NA,-17.84329781622566,NA,-17.964161616964663,NA,1.276667630723205,NA,1.2764627987655124,NA,1.0139315296225708,NA,1.0134023197983453,NA
9987367,80,t͡ʃ ø ɟ y z,5,-24.87512157612903,NA,-22.11753265394216,NA,-21.28303150118376,NA,1.0902953872221697,NA,1.090415010076083,NA,1.0022148482989617,NA,1.00231031519471,NA
9987367,75,g ɯ d͡ʒ u z,5,-19.58384312679565,NA,-16.64152559173808,NA,-16.684403427045364,NA,1.1622032293487097,NA,1.1621965111059591,NA,1.0059499347177645,NA,1.0058336162439705,NA
9987367,75,ɫ o c e c,5,-22.400319377835324,NA,-Inf,NA,-30.01158029879595,NA,1.185129721117138,NA,1.185083880443854,NA,1.0027646697523702,NA,1.0028307383165231,NA
9987367,18,b u j u ʒ,5,-20.87166757096573,NA,-19.733680700888875,NA,-19.668499765417735,NA,1.2165652379443916,NA,1.21647007222167,NA,1.0105687883162064,NA,1.0102253180186327,NA
9987367,82,p o c y z,5,-22.132396809934985,NA,-Inf,NA,-22.792875288841223,NA,1.1404551220852177,NA,1.1404879493119304,NA,1.0044867211475823,NA,1.0044629596393846,NA
9987367,28,g u ʒ i ʒ,5,-23.367105446041258,NA,-22.71019322061325,NA,-22.662694231245467,NA,1.214496991418963,NA,1.2143994984214512,NA,1.0018219484717603,NA,1.001942235984122,NA
9987367,73,ɟ ø c ø c,5,-30.98030987081792,NA,-Inf,NA,-35.04234390027842,NA,1.025304435597176,NA,1.0255444598001535,NA,1,1,1.0002179098838746,1
9987367,69,k a n i n,5,-13.587711962107177,NA,-12.244157249014869,NA,-12.2628318923973,NA,1.6359797029730567,NA,1.6351267738613084,NA,1.0856556606918544,NA,1.0812238961757654,NA
9987367,20,v ø ʒ ɯ h,5,-23.024241178401727,NA,-Inf,NA,-30.45570700382361,NA,1.1036756719502918,NA,1.1037711769871554,NA,1.0001956309096838,NA,1.000401295176374,NA
9987367,14,g a ɟ e ʒ,5,-22.959255290632175,NA,-Inf,NA,-23.771850826744977,NA,1.408639434555404,NA,1.4082066800608468,NA,1.0072505448133169,NA,1.0070846951102934,NA
9987367,83,t i k a n,5,-13.448013540026771,NA,-12.360180704819967,NA,-12.378790372777791,NA,1.4875821102169142,NA,1.486979033124867,NA,1.045676820009706,NA,1.0431959745683663,NA
9987367,13,z a ʒ o h,5,-20.01616939621291,NA,-23.3231454652614,NA,-23.200842055018715,NA,1.3161703693104103,NA,1.3159010409835006,NA,1.0043869150779896,NA,1.0043743138247614,NA
9987367,18,c ø j a ʒ,5,-23.630776844730175,NA,-Inf,NA,-22.239940954309937,NA,1.2565841996509106,NA,1.2564064248544844,NA,1.012129479451536,NA,1.0116719887342391,NA
9987367,16,k o n ø ɾ,5,-17.468982673500772,NA,-15.665847293331234,NA,-15.67041392566706,NA,1.3263918658517442,NA,1.3260835017678103,NA,1.0230245152622903,NA,1.0220198569868446,NA
9987367,15,n ɯ m ø h,5,-18.510789566710663,NA,-25.526286904340548,NA,-25.20620087924542,NA,1.139300164226838,NA,1.1393380184036568,NA,1.0014200635832908,NA,1.0015627469235224,NA
9987367,81,ɟ y ɟ e c,5,-28.306538947779316,NA,-Inf,NA,-32.95524219839198,NA,1.1788422801113725,NA,1.1788073260166032,NA,1.0007066108268936,NA,1.0008808204183293,NA
9987367,18,f u ʒ a ʒ,5,-22.57009892571624,NA,-23.084878726681055,NA,-23.104809642140214,NA,1.283281237699766,NA,1.283057751040734,NA,1.0022636671308394,NA,1.002350487946775,NA
9987367,23,d ɯ ʒ a ʒ,5,-21.716795206882775,NA,-Inf,NA,-23.190543246412652,NA,1.298705256665564,NA,1.2984551045728236,NA,1.0026417382010682,NA,1.002708745557405,NA
9987367,20,f u m o ʒ,5,-21.086399553296257,NA,-19.904477032559072,NA,-20.00660012235896,NA,1.162493303534497,NA,1.16249350220586,NA,1.0069418990854422,NA,1.006788724097161,NA
9987367,20,m y z a ʒ,5,-19.26885615927756,NA,-16.145731724613096,NA,-16.288993267502523,NA,1.397336491187185,NA,1.3969153080698635,NA,1.0416189337331847,NA,1.0396162450988709,NA
9987367,19,l e m i m,5,-16.284865608541942,NA,-21.681059717316177,NA,-21.31860352956532,NA,1.380102008877493,NA,1.3797039565377944,NA,1.023384257708429,NA,1.022273629864209,NA
9987367,18,v ɯ ʒ u v,5,-21.86808593813512,NA,-Inf,NA,-26.703531252513827,NA,1.126951629435814,NA,1.1270081147295898,NA,1.000727269349632,NA,1.000902377044206,NA
9987367,74,m e t ø ɾ,5,-16.305709239281132,NA,-14.332928742029557,NA,-14.370439435773992,NA,1.415624745175706,NA,1.415162037061878,NA,1.0262030905848891,NA,1.0250322748512253,NA
9987367,70,ɟ i ɟ ø c,5,-29.71307202815976,NA,-Inf,NA,-34.785338500309926,NA,1.0897985812994395,NA,1.0899270408894737,NA,1.0001090155892292,NA,1.0003211623361203,NA
9987367,75,l e l ø c,5,-23.921630741113155,NA,-Inf,NA,-32.749337306429,NA,1.1941895614424562,NA,1.1941372749111134,NA,1.0030524364984192,NA,1.0031089785467553,NA
9987367,15,b u ɟ y ʒ,5,-25.21776219641355,NA,-24.02607612181347,NA,-23.4120433072708,NA,1.1548681109073993,NA,1.1548819472629457,NA,1.0073371474025232,NA,1.007168032552784,NA
9987367,19,g ɯ ʃ e ʒ,5,-20.680133976363813,NA,-18.215759687198577,NA,-18.34658379874023,NA,1.2236976698046218,NA,1.2235845791944204,NA,1.0074075246463592,NA,1.007225242015273,NA
9987367,74,m y ɾ i ɾ,5,-15.182460061139956,NA,-12.93841945288009,NA,-12.964678761998291,NA,1.495928832346916,NA,1.4953164266216838,NA,1.0626490882923791,NA,1.0594042295798347,NA
9987367,16,m y k o ʒ,5,-19.93043596815668,NA,-16.300780365266558,NA,-16.417412400213216,NA,1.2520745572399474,NA,1.2519196738829383,NA,1.0326605479495878,NA,1.031153503453037,NA
9987367,84,l y g a v,5,-19.4935962146241,NA,-Inf,NA,-27.80790591371226,NA,1.2871157130376376,NA,1.2868816916145254,NA,1.008373111461021,NA,1.0080891173681017,NA
9987367,75,ɫ o t o s,5,-16.650452551067872,NA,-19.86130929042026,NA,-19.87178226056184,NA,1.1968532583423572,NA,1.1967836503746367,NA,1.0076982350654493,NA,1.0074960391662156,NA
9987367,17,b o ʒ a ʒ,5,-22.204003844457393,NA,-19.321037408784147,NA,-19.52975317079178,NA,1.3229086648122703,NA,1.3226166484342836,NA,1.008762800579713,NA,1.0085081234147557,NA
9987367,89,n ø m o s,5,-18.203872787484933,NA,-22.19842578179625,NA,-22.165436338076113,NA,1.1411016056561956,NA,1.141128679586091,NA,1.0035204518715182,NA,1.0035409822204415,NA
9987367,13,n ɯ ʒ a v,5,-19.02502844047022,NA,-Inf,NA,-25.556872791643976,NA,1.278077157040375,NA,1.277858856769651,NA,1.005851378448144,NA,1.0057071346124649,NA
9987367,90,l i v ø h,5,-20.904794873852836,NA,-Inf,NA,-30.017786917374448,NA,1.1384315211614455,NA,1.138471070171428,NA,1.0021258039899703,NA,1.0022313327026664,NA
9987367,91,k a k u ɾ,5,-14.067811152368842,NA,-12.708404717891712,NA,-12.729721104711002,NA,1.5578537830579977,NA,1.5571414460631403,NA,1.0749244666982,NA,1.071116634968564,NA
9987367,14,b e ʒ a ʒ,5,-20.93058538584836,NA,-19.48837816175328,NA,-19.69732468362156,NA,1.4303068450549048,NA,1.4298290186764984,NA,1.014235691359507,NA,1.013693300711423,NA
9987367,90,g ɯ ʃ ø z,5,-20.868114892104145,NA,-17.68946998702973,NA,-17.66557104382508,NA,1.1365191714352605,NA,1.1365603636332933,NA,1.0043221992368574,NA,1.0043105088894526,NA
9987367,17,l y g ɯ ʒ,5,-22.883384054348497,NA,-Inf,NA,-31.210086947359827,NA,1.1381062907638022,NA,1.1381463270545598,NA,1.0003964076179663,NA,1.000592585698109,NA
9987367,72,n i n u v,5,-16.587473487694577,NA,-20.74289718035614,NA,-20.73475916364208,NA,1.2346503203991448,NA,1.234519670994152,NA,1.015385861708921,NA,1.0147833558081725,NA
9987367,73,n e p y j,5,-16.98879234295367,NA,-21.717938967258256,NA,-21.69222912574372,NA,1.2636746444640563,NA,1.2634932080325365,NA,1.0096114935791205,NA,1.0093200333401624,NA
9987367,93,v ø l i v,5,-21.2450194600926,NA,-Inf,NA,-31.53443408186967,NA,1.1757448274064406,NA,1.1757104148958002,NA,1.0014998369742418,NA,1.0016238637930377,NA
9987367,85,ɫ a g a v,5,-15.754122332862629,NA,-20.553058174302627,NA,-20.559783658839276,NA,1.4882072475199175,NA,1.487625321159881,NA,1.011899048999812,NA,1.011429504802159,NA
9987367,84,m y m y ɾ,5,-16.704255115308886,NA,-13.020817250140125,NA,-13.053521821836997,NA,1.3152884044924409,NA,1.3149976658456903,NA,1.0360942196571266,NA,1.0343698974546898,NA
9987367,17,l e ʒ ɯ ʒ,5,-23.42246110699022,NA,-Inf,NA,-31.37937590764058,NA,1.2326268805400291,NA,1.2325034590587125,NA,1.000599585740761,NA,1.000785798371226,NA
9987367,16,j o b u ʒ,5,-21.05836231257191,NA,-20.278068086553,NA,-20.20804314631168,NA,1.1710790683578258,NA,1.171062773355354,NA,1.0066664843883977,NA,1.006528208768726,NA
9987367,20,t͡ʃ ø v a n,5,-18.701602767562907,NA,-15.100178717825774,NA,-15.129210912490072,NA,1.3444722505099906,NA,1.3441170867989016,NA,1.0395669313903486,NA,1.0374122129692265,NA
9987367,12,ɟ y ʒ i l,5,-25.474223572256346,NA,-26.086164584076812,NA,-25.658577276474528,NA,1.194726574470686,NA,1.1946604814688004,NA,1.001869088084923,NA,1.001974463736933,NA
9987367,18,l e g o h,5,-19.527053505632765,NA,-27.75113638166346,NA,-27.308708531329852,NA,1.2198662238523628,NA,1.2197634326360676,NA,1.0014568108084176,NA,1.0015956377134012,NA
9987367,17,ɟ i ʒ ɯ ʒ,5,-26.41709941367645,NA,-Inf,NA,-33.307818772675844,NA,1.1410997399260654,NA,1.1411346658902664,NA,1.0003270467676877,NA,1.0005276672406118,NA
9987367,14,b i j u ʒ,5,-19.982779180288727,NA,-18.35629998851609,NA,-18.296720384198927,NA,1.2375249433170086,NA,1.237393515128245,NA,1.019368047964322,NA,1.0185609454976876,NA
9987367,85,n y n u s,5,-16.715340873276865,NA,-20.662916646783795,NA,-20.659392548169652,NA,1.2376893062998182,NA,1.237547081745812,NA,1.0108372213398642,NA,1.0104573725021138,NA
9987367,84,k o ɾ a n,5,-14.411209921897514,NA,-12.294347060400495,NA,-12.318134780608212,NA,1.5780166675354677,NA,1.5772563021989838,NA,1.0788840359427352,NA,1.0746155597877969,NA
9987367,85,ɟ y ɟ ø c,5,-30.88964249128854,NA,-Inf,NA,-34.02337567467023,NA,1.0749047338124378,NA,1.0750589613046984,NA,1.0000545077946146,NA,1.0002695361099974,NA
9987367,12,b u ʒ u ʒ,5,-23.578702027948104,NA,-22.55607533141792,NA,-22.360285906391308,NA,1.1751938218318876,NA,1.175170692528559,NA,1.0072042512867905,NA,1.0070435603192218,NA
9987367,80,n u t i v,5,-16.447775065614174,NA,-21.189892153387195,NA,-21.184203947153694,NA,1.2797613550678195,NA,1.27954636548282,NA,1.0249284051823029,NA,1.0237745264935774,NA
9987367,87,t i m y ɾ,5,-15.294846811552397,NA,-13.660054019068708,NA,-13.685647803861627,NA,1.3091233520227514,NA,1.3088432638048708,NA,1.0122665021223751,NA,1.011794088919323,NA
9987367,13,g o ɟ i ʒ,5,-24.90517828366109,NA,-25.463316038560684,NA,-25.0238451006757,NA,1.213844639629624,NA,1.21374827950693,NA,1.001203603704403,NA,1.001357562313273,NA
9987367,12,g ɯ k o ʒ,5,-20.74619112225676,NA,-16.915237145151256,NA,-17.041707617482654,NA,1.1737865511481944,NA,1.1737670683301502,NA,1.0095969845870632,NA,1.0093013998750595,NA
9987367,11,ɫ a n y j,5,-15.527981142957266,NA,-20.048631415631327,NA,-20.029886559218973,NA,1.394546693721347,NA,1.394138324722925,NA,1.0266470238072245,NA,1.0254534974166822,NA
9987367,16,g a d͡ʒ ɯ ʃ,5,-18.1433036565909,NA,-15.499386284508248,NA,-15.553373615329928,NA,1.387167586098868,NA,1.3867697858340529,NA,1.015460105386242,NA,1.014803618740054,NA
9987367,70,l e l i c,5,-21.536362523929785,NA,-31.435382275761945,NA,-30.66420479306158,NA,1.3050220875123175,NA,1.3047680695189283,NA,1.0033784880145589,NA,1.0034146207009211,NA
9987367,11,ɟ y ʒ u ʒ,5,-27.80853684728006,NA,-29.28500826667853,NA,-28.708564247230676,NA,1.1164047641696466,NA,1.1164832975278336,NA,1.0001090155892292,NA,1.0003211623361203,NA
9987367,78,k a t ø ɾ,5,-15.581196584717304,NA,-14.400670214601377,NA,-14.436010397238292,NA,1.5237210169792808,NA,1.5230713014199444,NA,1.059134654867906,NA,1.0562306009407805,NA
9987367,90,ɟ ø c e c,5,-28.397206327308695,NA,-Inf,NA,-33.97421042400016,NA,1.1292419818961106,NA,1.1292928245120586,NA,1.000652103032279,NA,1.0008291941922065,NA
9987367,80,n u t a s,5,-14.726567453647792,NA,-18.016363167590757,NA,-18.02466558703151,NA,1.375248465052452,NA,1.3748549722517678,NA,1.0268849669602398,NA,1.0255614198293237,NA
9987367,80,n i l i s,5,-16.529383592794712,NA,-21.972909806953865,NA,-21.72458759793683,NA,1.262837912142731,NA,1.2626465045153608,NA,1.0115151948241032,NA,1.0110619225343378,NA
9987367,22,t͡ʃ ø j u ʒ,5,-22.924149578450105,NA,-20.79768766887971,NA,-20.742784223544646,NA,1.135233466329589,NA,1.13527898588403,NA,1.004608462527747,NA,1.0045783180618666,NA
9878203,0,b u ʒ u ʒ,5,-23.578702027948104,NA,-22.55607533141792,NA,-22.360285906391308,NA,1.1751938218318876,NA,1.175170692528559,NA,1.0072042512867905,NA,1.0070435603192218,NA
9878203,0,z a ʒ o h,5,-20.01616939621291,NA,-23.3231454652614,NA,-23.200842055018715,NA,1.3161703693104103,NA,1.3159010409835006,NA,1.0043869150779896,NA,1.0043743138247614,NA
9878203,43,m e t ø ɾ,5,-16.305709239281132,NA,-14.332928742029557,NA,-14.370439435773992,NA,1.415624745175706,NA,1.415162037061878,NA,1.0262030905848891,NA,1.0250322748512253,NA
9878203,0,f u c ø c,5,-26.0945671202964,NA,-Inf,NA,-30.40486528288016,NA,1.0953217853843475,NA,1.0954406909713434,NA,1.0008668994757235,NA,1.001039240543495,NA
9878203,100,k o n ø ɾ,5,-17.468982673500772,NA,-15.665847293331234,NA,-15.67041392566706,NA,1.3263918658517442,NA,1.3260835017678103,NA,1.0230245152622903,NA,1.0220198569868446,NA
9878203,100,n u t i v,5,-16.447775065614174,NA,-21.189892153387195,NA,-21.184203947153694,NA,1.2797613550678195,NA,1.27954636548282,NA,1.0249284051823029,NA,1.0237745264935774,NA
9878203,0,n ɯ ʒ a v,5,-19.02502844047022,NA,-Inf,NA,-25.556872791643976,NA,1.278077157040375,NA,1.277858856769651,NA,1.005851378448144,NA,1.0057071346124649,NA
9878203,100,ɟ ø c e c,5,-28.397206327308695,NA,-Inf,NA,-33.97421042400016,NA,1.1292419818961106,NA,1.1292928245120586,NA,1.000652103032279,NA,1.0008291941922065,NA
9878203,16,p o c y z,5,-22.132396809934985,NA,-Inf,NA,-22.792875288841223,NA,1.1404551220852177,NA,1.1404879493119304,NA,1.0044867211475823,NA,1.0044629596393846,NA
9878203,0,c ø j a ʒ,5,-23.630776844730175,NA,-Inf,NA,-22.239940954309937,NA,1.2565841996509106,NA,1.2564064248544844,NA,1.012129479451536,NA,1.0116719887342391,NA
9878203,100,k a t ø ɾ,5,-15.581196584717304,NA,-14.400670214601377,NA,-14.436010397238292,NA,1.5237210169792808,NA,1.5230713014199444,NA,1.059134654867906,NA,1.0562306009407805,NA
9878203,100,l i l i v,5,-19.457588243664848,NA,-29.20991366924059,NA,-28.687492054822933,NA,1.2303966335406769,NA,1.2302676592286446,NA,1.003298594196525,NA,1.0033275292550925,NA
9878203,0,f u m o ʒ,5,-21.086399553296257,NA,-19.904477032559072,NA,-20.00660012235896,NA,1.162493303534497,NA,1.16249350220586,NA,1.0069418990854422,NA,1.006788724097161,NA
9878203,100,c ø d ø l,5,-25.273737592608967,NA,-Inf,NA,-27.063517981829783,NA,1.0636055587079187,NA,1.0637759789037924,NA,1.0001114910985065,NA,1.0003233777080158,NA
9878203,0,f u ʒ a ʒ,5,-22.57009892571624,NA,-23.084878726681055,NA,-23.104809642140214,NA,1.283281237699766,NA,1.283057751040734,NA,1.0022636671308394,NA,1.002350487946775,NA
9878203,100,t͡ʃ ø ɟ y z,5,-24.87512157612903,NA,-22.11753265394216,NA,-21.28303150118376,NA,1.0902953872221697,NA,1.090415010076083,NA,1.0022148482989617,NA,1.00231031519471,NA
9878203,100,ɟ ø c ø c,5,-30.98030987081792,NA,-Inf,NA,-35.04234390027842,NA,1.025304435597176,NA,1.0255444598001535,NA,1,1,1.0002179098838746,1
9878203,0,b e v a ʒ,5,-18.887323500746025,NA,-15.872593466040806,NA,-16.021901122917775,NA,1.460613178860639,NA,1.460082582720464,NA,1.0349086258500086,NA,1.033249828288036,NA
9878203,100,ɫ a ɾ u j,5,-14.988213898012642,NA,-18.225237785879074,NA,-18.23265340120377,NA,1.4806633127456936,NA,1.48010342214873,NA,1.0515741074637193,NA,1.0490474569155095,NA
9878203,0,k o ɫ ɯ ɾ,5,-15.746838565630412,NA,-13.10667453460241,NA,-13.133460503117467,NA,1.3892399649311546,NA,1.3888182062736574,NA,1.0364363220655193,NA,1.0346301929585895,NA
9878203,100,l y g a v,5,-19.4935962146241,NA,-Inf,NA,-27.80790591371226,NA,1.2871157130376376,NA,1.2868816916145254,NA,1.008373111461021,NA,1.0080891173681017,NA
9878203,0,b u z e ʒ,5,-20.09685568317635,NA,-17.84329781622566,NA,-17.964161616964663,NA,1.276667630723205,NA,1.2764627987655124,NA,1.0139315296225708,NA,1.0134023197983453,NA
9878203,100,l e m i m,5,-16.284865608541942,NA,-21.681059717316177,NA,-21.31860352956532,NA,1.380102008877493,NA,1.3797039565377944,NA,1.023384257708429,NA,1.022273629864209,NA
9878203,100,z o ɟ i t,5,-20.9589136182378,NA,-22.968824668964604,NA,-22.49812583794652,NA,1.2408518651515077,NA,1.2406922707790116,NA,1.0084540930642174,NA,1.0081503933184568,NA
9878203,56,n e n u v,5,-16.389638161368726,NA,-20.325068448436717,NA,-20.31731129385749,NA,1.3208179980421255,NA,1.320538269610069,NA,1.0235487936312362,NA,1.0225154110321275,NA
9878203,100,t͡ʃ ø j u z,5,-20.529026950681207,NA,-17.342610045374,NA,-17.381051887526098,NA,1.151992514259162,NA,1.1520031350348077,NA,1.0064343510181284,NA,1.0062899141251958,NA
9878203,0,j o b u ʒ,5,-21.05836231257191,NA,-20.278068086553,NA,-20.20804314631168,NA,1.1710790683578258,NA,1.171062773355354,NA,1.0066664843883977,NA,1.006528208768726,NA
9878203,100,t i m y ɾ,5,-15.294846811552397,NA,-13.660054019068708,NA,-13.685647803861627,NA,1.3091233520227514,NA,1.3088432638048708,NA,1.0122665021223751,NA,1.011794088919323,NA
9878203,23,g o ɟ i ʒ,5,-24.90517828366109,NA,-25.463316038560684,NA,-25.0238451006757,NA,1.213844639629624,NA,1.21374827950693,NA,1.001203603704403,NA,1.001357562313273,NA
9878203,65,ɫ a m i v,5,-15.108322670255824,NA,-19.84096460834095,NA,-19.840167964977656,NA,1.45267848057084,NA,1.452164539040134,NA,1.022668785041178,NA,1.0216640887099704,NA
9878203,100,ɟ y ɟ e c,5,-28.306538947779316,NA,-Inf,NA,-32.95524219839198,NA,1.1788422801113725,NA,1.1788073260166032,NA,1.0007066108268936,NA,1.0008808204183293,NA
9878203,0,ɟ y ʒ u ʒ,5,-27.80853684728006,NA,-29.28500826667853,NA,-28.708564247230676,NA,1.1164047641696466,NA,1.1164832975278336,NA,1.0001090155892292,NA,1.0003211623361203,NA
9878203,100,t i k a n,5,-13.448013540026771,NA,-12.360180704819967,NA,-12.378790372777791,NA,1.4875821102169142,NA,1.486979033124867,NA,1.045676820009706,NA,1.0431959745683663,NA
9878203,100,g ɯ ʃ ø z,5,-20.868114892104145,NA,-17.68946998702973,NA,-17.66557104382508,NA,1.1365191714352605,NA,1.1365603636332933,NA,1.0043221992368574,NA,1.0043105088894526,NA
9878203,0,ɟ y ʒ i l,5,-25.474223572256346,NA,-26.086164584076812,NA,-25.658577276474528,NA,1.194726574470686,NA,1.1946604814688004,NA,1.001869088084923,NA,1.001974463736933,NA
9878203,59,ɫ a g a v,5,-15.754122332862629,NA,-20.553058174302627,NA,-20.559783658839276,NA,1.4882072475199175,NA,1.487625321159881,NA,1.011899048999812,NA,1.011429504802159,NA
9878203,0,n u ʒ ɯ ʒ,5,-22.62968325066944,NA,-Inf,NA,-29.197550883061453,NA,1.14000794273881,NA,1.140044772486502,NA,1.0008134367287314,NA,1.0009885521090411,NA
9878203,100,b e v u z,5,-18.05359379807402,NA,-15.116452617134565,NA,-15.154527759561976,NA,1.3293865865827923,NA,1.3290904472457938,NA,1.027526083033521,NA,1.0262694472757412,NA
9878203,0,g ɯ ʃ e ʒ,5,-20.680133976363813,NA,-18.215759687198577,NA,-18.34658379874023,NA,1.2236976698046218,NA,1.2235845791944204,NA,1.0074075246463592,NA,1.007225242015273,NA
9878203,100,g ɯ d͡ʒ u z,5,-19.58384312679565,NA,-16.64152559173808,NA,-16.684403427045364,NA,1.1622032293487097,NA,1.1621965111059591,NA,1.0059499347177645,NA,1.0058336162439705,NA
9878203,0,l e ʒ ɯ ʒ,5,-23.42246110699022,NA,-Inf,NA,-31.37937590764058,NA,1.2326268805400291,NA,1.2325034590587125,NA,1.000599585740761,NA,1.000785798371226,NA
9878203,69,l y v ø h,5,-22.081365336981623,NA,-Inf,NA,-30.783197051114545,NA,1.123537673674444,NA,1.123602990586653,NA,1.0013626948653658,NA,1.0015085655369462,NA
9878203,0,n ɯ t y j,5,-16.745705986388092,NA,-22.3564259100322,NA,-22.34000437551107,NA,1.1865969150263898,NA,1.1865483757315416,NA,1.0045937259415338,NA,1.0045620755887812,NA
9878203,0,d ɯ ʒ a ʒ,5,-21.716795206882775,NA,-Inf,NA,-23.190543246412652,NA,1.298705256665564,NA,1.2984551045728236,NA,1.0026417382010682,NA,1.002708745557405,NA
9878203,100,n u c ø c,5,-24.807625490627537,NA,-Inf,NA,-31.30367927011791,NA,1.090233002361394,NA,1.0903607082649016,NA,1.000704421139502,NA,1.0008852996567954,NA
9878203,0,n ɯ ʒ ɯ v,5,-20.37155439509228,NA,-Inf,NA,-29.078542120513493,NA,1.1398926451023728,NA,1.1399258609218608,NA,1.0003901669756716,NA,1.0005869200881068,NA
9878203,72,v ø l i v,5,-21.2450194600926,NA,-Inf,NA,-31.53443408186967,NA,1.1757448274064406,NA,1.1757104148958002,NA,1.0014998369742418,NA,1.0016238637930377,NA
9878203,0,v ɯ ʒ u v,5,-21.86808593813512,NA,-Inf,NA,-26.703531252513827,NA,1.126951629435814,NA,1.1270081147295898,NA,1.000727269349632,NA,1.000902377044206,NA
9878203,58,ɫ o t o s,5,-16.650452551067872,NA,-19.86130929042026,NA,-19.87178226056184,NA,1.1968532583423572,NA,1.1967836503746367,NA,1.0076982350654493,NA,1.0074960391662156,NA
9878203,0,b o ʒ a ʒ,5,-22.204003844457393,NA,-19.321037408784147,NA,-19.52975317079178,NA,1.3229086648122703,NA,1.3226166484342836,NA,1.008762800579713,NA,1.0085081234147557,NA
9878203,0,g ɯ k o ʒ,5,-20.74619112225676,NA,-16.915237145151256,NA,-17.041707617482654,NA,1.1737865511481944,NA,1.1737670683301502,NA,1.0095969845870632,NA,1.0093013998750595,NA
9878203,0,v ø ʒ ɯ h,5,-23.024241178401727,NA,-Inf,NA,-30.45570700382361,NA,1.1036756719502918,NA,1.1037711769871554,NA,1.0001956309096838,NA,1.000401295176374,NA
9878203,29,b u ɟ y ʒ,5,-25.21776219641355,NA,-24.02607612181347,NA,-23.4120433072708,NA,1.1548681109073993,NA,1.1548819472629457,NA,1.0073371474025232,NA,1.007168032552784,NA
9878203,0,g u ʒ i ʒ,5,-23.367105446041258,NA,-22.71019322061325,NA,-22.662694231245467,NA,1.214496991418963,NA,1.2143994984214512,NA,1.0018219484717603,NA,1.001942235984122,NA
9878203,58,ɫ a n y j,5,-15.527981142957266,NA,-20.048631415631327,NA,-20.029886559218973,NA,1.394546693721347,NA,1.394138324722925,NA,1.0266470238072245,NA,1.0254534974166822,NA
9878203,61,l e l ø c,5,-23.921630741113155,NA,-Inf,NA,-32.749337306429,NA,1.1941895614424562,NA,1.1941372749111134,NA,1.0030524364984192,NA,1.0031089785467553,NA
9878203,0,t͡ʃ ø j u ʒ,5,-22.924149578450105,NA,-20.79768766887971,NA,-20.742784223544646,NA,1.135233466329589,NA,1.13527898588403,NA,1.004608462527747,NA,1.0045783180618666,NA
9878203,0,n ɯ c i c,5,-22.207490302969337,NA,-Inf,NA,-31.27784518309206,NA,1.190125320458985,NA,1.1900702225959,NA,1.000651008188583,NA,1.0008314338114397,NA
9878203,77,m y z a ʒ,5,-19.26885615927756,NA,-16.145731724613096,NA,-16.288993267502523,NA,1.397336491187185,NA,1.3969153080698635,NA,1.0416189337331847,NA,1.0396162450988709,NA
9878203,0,ɟ i ʒ ɯ ʒ,5,-26.41709941367645,NA,-Inf,NA,-33.307818772675844,NA,1.1410997399260654,NA,1.1411346658902664,NA,1.0003270467676877,NA,1.0005276672406118,NA
9878203,100,m a k a n,5,-13.008346846234591,NA,-11.28043634275908,NA,-11.300021336865491,NA,1.6891002822706591,NA,1.6881485735739905,NA,1.0828270821289048,NA,1.078388901097211,NA
9878203,100,n i l i s,5,-16.529383592794712,NA,-21.972909806953865,NA,-21.72458759793683,NA,1.262837912142731,NA,1.2626465045153608,NA,1.0115151948241032,NA,1.0110619225343378,NA
9878203,5,g ɯ d͡ʒ i l,5,-19.64465247954083,NA,-16.929800719720177,NA,-16.98778054263725,NA,1.223765991720176,NA,1.2236495458961485,NA,1.0081634508787554,NA,1.007928985502199,NA
9878203,100,k a k u ɾ,5,-14.067811152368842,NA,-12.708404717891712,NA,-12.729721104711002,NA,1.5578537830579977,NA,1.5571414460631403,NA,1.0749244666982,NA,1.071116634968564,NA
9878203,100,n u t a s,5,-14.726567453647792,NA,-18.016363167590757,NA,-18.02466558703151,NA,1.375248465052452,NA,1.3748549722517678,NA,1.0268849669602398,NA,1.0255614198293237,NA
9878203,100,g a d͡ʒ ɯ ʃ,5,-18.1433036565909,NA,-15.499386284508248,NA,-15.553373615329928,NA,1.387167586098868,NA,1.3867697858340529,NA,1.015460105386242,NA,1.014803618740054,NA
9878203,100,ɟ ø ɟ i n,5,-26.154797849000957,NA,-Inf,NA,-25.981965253358386,NA,1.207646283033087,NA,1.2075351451808032,NA,1.0123140448014616,NA,1.0117616811066352,NA
9878203,62,b i j o ʒ,5,-20.1694739218949,NA,-16.17150934468403,NA,-16.29228988361789,NA,1.2161562043575238,NA,1.2160636704095142,NA,1.0185949627078428,NA,1.0178290236238705,NA
9878203,21,m y k o ʒ,5,-19.93043596815668,NA,-16.300780365266558,NA,-16.417412400213216,NA,1.2520745572399474,NA,1.2519196738829383,NA,1.0326605479495878,NA,1.031153503453037,NA
9878203,100,ɟ i ɟ ø c,5,-29.71307202815976,NA,-Inf,NA,-34.785338500309926,NA,1.0897985812994395,NA,1.0899270408894737,NA,1.0001090155892292,NA,1.0003211623361203,NA
9878203,25,b u j u ʒ,5,-20.87166757096573,NA,-19.733680700888875,NA,-19.668499765417735,NA,1.2165652379443916,NA,1.21647007222167,NA,1.0105687883162064,NA,1.0102253180186327,NA
9878203,100,t i t e n,5,-13.939688353962891,NA,-13.031948462442172,NA,-13.050716201785225,NA,1.4094012502297124,NA,1.4089409685681276,NA,1.034895013822322,NA,1.0331065768439232,NA
9878203,100,l e l i c,5,-21.536362523929785,NA,-31.435382275761945,NA,-30.66420479306158,NA,1.3050220875123175,NA,1.3047680695189283,NA,1.0033784880145589,NA,1.0034146207009211,NA
9878203,5,b i ʒ a ʒ,5,-21.12842071217421,NA,-20.462820259132272,NA,-20.59539447720862,NA,1.344139167411924,NA,1.3438104200605814,NA,1.013475717377768,NA,1.0129733469207105,NA
9878203,6,b e ɟ e ʒ,5,-22.756632689956056,NA,-Inf,NA,-24.058032387919113,NA,1.345476034124718,NA,1.3451525821532777,NA,1.0127182103550003,NA,1.0122651834486156,NA
9878203,100,k a n i n,5,-13.587711962107177,NA,-12.244157249014869,NA,-12.2628318923973,NA,1.6359797029730567,NA,1.6351267738613084,NA,1.0856556606918544,NA,1.0812238961757654,NA
9878203,0,n ɯ m ø h,5,-18.510789566710663,NA,-25.526286904340548,NA,-25.20620087924542,NA,1.139300164226838,NA,1.1393380184036568,NA,1.0014200635832908,NA,1.0015627469235224,NA
9878203,34,d͡ʒ o c ø c,5,-26.257085578225187,NA,-Inf,NA,-31.597534878858212,NA,1.087742629560516,NA,1.0878746424072625,NA,1.0005961022486871,NA,1.000782672398996,NA
9878203,0,b e ʒ a ʒ,5,-20.93058538584836,NA,-19.48837816175328,NA,-19.69732468362156,NA,1.4303068450549048,NA,1.4298290186764984,NA,1.014235691359507,NA,1.013693300711423,NA
9878203,0,l y g ɯ ʒ,5,-22.883384054348497,NA,-Inf,NA,-31.210086947359827,NA,1.1381062907638022,NA,1.1381463270545598,NA,1.0003964076179663,NA,1.000592585698109,NA
9878203,100,m y m y ɾ,5,-16.704255115308886,NA,-13.020817250140125,NA,-13.053521821836997,NA,1.3152884044924409,NA,1.3149976658456903,NA,1.0360942196571266,NA,1.0343698974546898,NA
9878203,100,t͡ʃ ø v a n,5,-18.701602767562907,NA,-15.100178717825774,NA,-15.129210912490072,NA,1.3444722505099906,NA,1.3441170867989016,NA,1.0395669313903486,NA,1.0374122129692265,NA
9878203,76,n i n u v,5,-16.587473487694577,NA,-20.74289718035614,NA,-20.73475916364208,NA,1.2346503203991448,NA,1.234519670994152,NA,1.015385861708921,NA,1.0147833558081725,NA
9878203,0,l i v ø h,5,-20.904794873852836,NA,-Inf,NA,-30.017786917374448,NA,1.1384315211614455,NA,1.138471070171428,NA,1.0021258039899703,NA,1.0022313327026664,NA
9878203,100,ɟ y ɟ ø c,5,-30.88964249128854,NA,-Inf,NA,-34.02337567467023,NA,1.0749047338124378,NA,1.0750589613046984,NA,1.0000545077946146,NA,1.0002695361099974,NA
9878203,100,n y n u s,5,-16.715340873276865,NA,-20.662916646783795,NA,-20.659392548169652,NA,1.2376893062998182,NA,1.237547081745812,NA,1.0108372213398642,NA,1.0104573725021138,NA
9878203,100,m y ɾ i ɾ,5,-15.182460061139956,NA,-12.93841945288009,NA,-12.964678761998291,NA,1.495928832346916,NA,1.4953164266216838,NA,1.0626490882923791,NA,1.0594042295798347,NA
9878203,0,g a ɟ e ʒ,5,-22.959255290632175,NA,-Inf,NA,-23.771850826744977,NA,1.408639434555404,NA,1.4082066800608468,NA,1.0072505448133169,NA,1.0070846951102934,NA
9878203,100,b a ɟ ø z,5,-22.46994439760235,NA,-Inf,NA,-18.968121900756447,NA,1.3525891302094293,NA,1.3522568267997628,NA,1.0208335147527232,NA,1.0199546011622187,NA
9878203,14,b i j u ʒ,5,-19.982779180288727,NA,-18.35629998851609,NA,-18.296720384198927,NA,1.2375249433170086,NA,1.237393515128245,NA,1.019368047964322,NA,1.0185609454976876,NA
9878203,100,n e p y j,5,-16.98879234295367,NA,-21.717938967258256,NA,-21.69222912574372,NA,1.2636746444640563,NA,1.2634932080325365,NA,1.0096114935791205,NA,1.0093200333401624,NA
9878203,100,ɫ o c e c,5,-22.400319377835324,NA,-Inf,NA,-30.01158029879595,NA,1.185129721117138,NA,1.185083880443854,NA,1.0027646697523702,NA,1.0028307383165231,NA
9878203,22,l e g o h,5,-19.527053505632765,NA,-27.75113638166346,NA,-27.308708531329852,NA,1.2198662238523628,NA,1.2197634326360676,NA,1.0014568108084176,NA,1.0015956377134012,NA
9878203,100,k o ɾ a n,5,-14.411209921897514,NA,-12.294347060400495,NA,-12.318134780608212,NA,1.5780166675354677,NA,1.5772563021989838,NA,1.0788840359427352,NA,1.0746155597877969,NA
9878203,0,d͡ʒ o ʒ u ʒ,5,-24.29401030874191,NA,-24.243601785484508,NA,-24.17251025107207,NA,1.127716441668515,NA,1.127775417851205,NA,1.0007051178379167,NA,1.0008859248512416,NA
9878203,100,n ø m o s,5,-18.203872787484933,NA,-22.19842578179625,NA,-22.165436338076113,NA,1.1411016056561956,NA,1.141128679586091,NA,1.0035204518715182,NA,1.0035409822204415,NA
9877842,82,t͡ʃ ø v a n,5,-18.701602767562907,NA,-15.100178717825774,NA,-15.129210912490072,NA,1.3444722505099906,NA,1.3441170867989016,NA,1.0395669313903486,NA,1.0374122129692265,NA
9877842,68,k o n ø ɾ,5,-17.468982673500772,NA,-15.665847293331234,NA,-15.67041392566706,NA,1.3263918658517442,NA,1.3260835017678103,NA,1.0230245152622903,NA,1.0220198569868446,NA
9877842,74,l y g a v,5,-19.4935962146241,NA,-Inf,NA,-27.80790591371226,NA,1.2871157130376376,NA,1.2868816916145254,NA,1.008373111461021,NA,1.0080891173681017,NA
9877842,21,g o ɟ i ʒ,5,-24.90517828366109,NA,-25.463316038560684,NA,-25.0238451006757,NA,1.213844639629624,NA,1.21374827950693,NA,1.001203603704403,NA,1.001357562313273,NA
9877842,65,k a t ø ɾ,5,-15.581196584717304,NA,-14.400670214601377,NA,-14.436010397238292,NA,1.5237210169792808,NA,1.5230713014199444,NA,1.059134654867906,NA,1.0562306009407805,NA
9877842,19,g u ʒ i ʒ,5,-23.367105446041258,NA,-22.71019322061325,NA,-22.662694231245467,NA,1.214496991418963,NA,1.2143994984214512,NA,1.0018219484717603,NA,1.001942235984122,NA
9877842,15,d͡ʒ o ʒ u ʒ,5,-24.29401030874191,NA,-24.243601785484508,NA,-24.17251025107207,NA,1.127716441668515,NA,1.127775417851205,NA,1.0007051178379167,NA,1.0008859248512416,NA
9877842,9,l y g ɯ ʒ,5,-22.883384054348497,NA,-Inf,NA,-31.210086947359827,NA,1.1381062907638022,NA,1.1381463270545598,NA,1.0003964076179663,NA,1.000592585698109,NA
9877842,64,t͡ʃ ø j u ʒ,5,-22.924149578450105,NA,-20.79768766887971,NA,-20.742784223544646,NA,1.135233466329589,NA,1.13527898588403,NA,1.004608462527747,NA,1.0045783180618666,NA
9877842,23,n u t i v,5,-16.447775065614174,NA,-21.189892153387195,NA,-21.184203947153694,NA,1.2797613550678195,NA,1.27954636548282,NA,1.0249284051823029,NA,1.0237745264935774,NA
9877842,70,ɟ y ɟ e c,5,-28.306538947779316,NA,-Inf,NA,-32.95524219839198,NA,1.1788422801113725,NA,1.1788073260166032,NA,1.0007066108268936,NA,1.0008808204183293,NA
9877842,15,g a ɟ e ʒ,5,-22.959255290632175,NA,-Inf,NA,-23.771850826744977,NA,1.408639434555404,NA,1.4082066800608468,NA,1.0072505448133169,NA,1.0070846951102934,NA
9877842,16,c ø d ø l,5,-25.273737592608967,NA,-Inf,NA,-27.063517981829783,NA,1.0636055587079187,NA,1.0637759789037924,NA,1.0001114910985065,NA,1.0003233777080158,NA
9877842,13,ɫ o t o s,5,-16.650452551067872,NA,-19.86130929042026,NA,-19.87178226056184,NA,1.1968532583423572,NA,1.1967836503746367,NA,1.0076982350654493,NA,1.0074960391662156,NA
9877842,14,ɫ o c e c,5,-22.400319377835324,NA,-Inf,NA,-30.01158029879595,NA,1.185129721117138,NA,1.185083880443854,NA,1.0027646697523702,NA,1.0028307383165231,NA
9877842,80,l e l i c,5,-21.536362523929785,NA,-31.435382275761945,NA,-30.66420479306158,NA,1.3050220875123175,NA,1.3047680695189283,NA,1.0033784880145589,NA,1.0034146207009211,NA
9877842,30,l y v ø h,5,-22.081365336981623,NA,-Inf,NA,-30.783197051114545,NA,1.123537673674444,NA,1.123602990586653,NA,1.0013626948653658,NA,1.0015085655369462,NA
9877842,80,ɟ ø c ø c,5,-30.98030987081792,NA,-Inf,NA,-35.04234390027842,NA,1.025304435597176,NA,1.0255444598001535,NA,1,1,1.0002179098838746,1
9877842,90,b e v u z,5,-18.05359379807402,NA,-15.116452617134565,NA,-15.154527759561976,NA,1.3293865865827923,NA,1.3290904472457938,NA,1.027526083033521,NA,1.0262694472757412,NA
9877842,6,b i ʒ a ʒ,5,-21.12842071217421,NA,-20.462820259132272,NA,-20.59539447720862,NA,1.344139167411924,NA,1.3438104200605814,NA,1.013475717377768,NA,1.0129733469207105,NA
9877842,94,t i m y ɾ,5,-15.294846811552397,NA,-13.660054019068708,NA,-13.685647803861627,NA,1.3091233520227514,NA,1.3088432638048708,NA,1.0122665021223751,NA,1.011794088919323,NA
9877842,6,f u m o ʒ,5,-21.086399553296257,NA,-19.904477032559072,NA,-20.00660012235896,NA,1.162493303534497,NA,1.16249350220586,NA,1.0069418990854422,NA,1.006788724097161,NA
9877842,18,n e p y j,5,-16.98879234295367,NA,-21.717938967258256,NA,-21.69222912574372,NA,1.2636746444640563,NA,1.2634932080325365,NA,1.0096114935791205,NA,1.0093200333401624,NA
9877842,5,l e g o h,5,-19.527053505632765,NA,-27.75113638166346,NA,-27.308708531329852,NA,1.2198662238523628,NA,1.2197634326360676,NA,1.0014568108084176,NA,1.0015956377134012,NA
9877842,72,d͡ʒ o c ø c,5,-26.257085578225187,NA,-Inf,NA,-31.597534878858212,NA,1.087742629560516,NA,1.0878746424072625,NA,1.0005961022486871,NA,1.000782672398996,NA
9877842,94,m a k a n,5,-13.008346846234591,NA,-11.28043634275908,NA,-11.300021336865491,NA,1.6891002822706591,NA,1.6881485735739905,NA,1.0828270821289048,NA,1.078388901097211,NA
9877842,13,k o ɫ ɯ ɾ,5,-15.746838565630412,NA,-13.10667453460241,NA,-13.133460503117467,NA,1.3892399649311546,NA,1.3888182062736574,NA,1.0364363220655193,NA,1.0346301929585895,NA
9877842,8,f u ʒ a ʒ,5,-22.57009892571624,NA,-23.084878726681055,NA,-23.104809642140214,NA,1.283281237699766,NA,1.283057751040734,NA,1.0022636671308394,NA,1.002350487946775,NA
9877842,100,k o ɾ a n,5,-14.411209921897514,NA,-12.294347060400495,NA,-12.318134780608212,NA,1.5780166675354677,NA,1.5772563021989838,NA,1.0788840359427352,NA,1.0746155597877969,NA
9877842,6,ɫ a n y j,5,-15.527981142957266,NA,-20.048631415631327,NA,-20.029886559218973,NA,1.394546693721347,NA,1.394138324722925,NA,1.0266470238072245,NA,1.0254534974166822,NA
9877842,78,t͡ʃ ø j u z,5,-20.529026950681207,NA,-17.342610045374,NA,-17.381051887526098,NA,1.151992514259162,NA,1.1520031350348077,NA,1.0064343510181284,NA,1.0062899141251958,NA
9877842,24,n e n u v,5,-16.389638161368726,NA,-20.325068448436717,NA,-20.31731129385749,NA,1.3208179980421255,NA,1.320538269610069,NA,1.0235487936312362,NA,1.0225154110321275,NA
9877842,84,m y z a ʒ,5,-19.26885615927756,NA,-16.145731724613096,NA,-16.288993267502523,NA,1.397336491187185,NA,1.3969153080698635,NA,1.0416189337331847,NA,1.0396162450988709,NA
9877842,39,n ɯ c i c,5,-22.207490302969337,NA,-Inf,NA,-31.27784518309206,NA,1.190125320458985,NA,1.1900702225959,NA,1.000651008188583,NA,1.0008314338114397,NA
9877842,71,k a n i n,5,-13.587711962107177,NA,-12.244157249014869,NA,-12.2628318923973,NA,1.6359797029730567,NA,1.6351267738613084,NA,1.0856556606918544,NA,1.0812238961757654,NA
9877842,10,g ɯ ʃ e ʒ,5,-20.680133976363813,NA,-18.215759687198577,NA,-18.34658379874023,NA,1.2236976698046218,NA,1.2235845791944204,NA,1.0074075246463592,NA,1.007225242015273,NA
9877842,94,m y m y ɾ,5,-16.704255115308886,NA,-13.020817250140125,NA,-13.053521821836997,NA,1.3152884044924409,NA,1.3149976658456903,NA,1.0360942196571266,NA,1.0343698974546898,NA
9877842,13,n u ʒ ɯ ʒ,5,-22.62968325066944,NA,-Inf,NA,-29.197550883061453,NA,1.14000794273881,NA,1.140044772486502,NA,1.0008134367287314,NA,1.0009885521090411,NA
9877842,15,g ɯ d͡ʒ i l,5,-19.64465247954083,NA,-16.929800719720177,NA,-16.98778054263725,NA,1.223765991720176,NA,1.2236495458961485,NA,1.0081634508787554,NA,1.007928985502199,NA
9877842,83,m y ɾ i ɾ,5,-15.182460061139956,NA,-12.93841945288009,NA,-12.964678761998291,NA,1.495928832346916,NA,1.4953164266216838,NA,1.0626490882923791,NA,1.0594042295798347,NA
9877842,36,g ɯ d͡ʒ u z,5,-19.58384312679565,NA,-16.64152559173808,NA,-16.684403427045364,NA,1.1622032293487097,NA,1.1621965111059591,NA,1.0059499347177645,NA,1.0058336162439705,NA
9877842,17,f u c ø c,5,-26.0945671202964,NA,-Inf,NA,-30.40486528288016,NA,1.0953217853843475,NA,1.0954406909713434,NA,1.0008668994757235,NA,1.001039240543495,NA
9877842,97,ɟ ø c e c,5,-28.397206327308695,NA,-Inf,NA,-33.97421042400016,NA,1.1292419818961106,NA,1.1292928245120586,NA,1.000652103032279,NA,1.0008291941922065,NA
9877842,15,n i l i s,5,-16.529383592794712,NA,-21.972909806953865,NA,-21.72458759793683,NA,1.262837912142731,NA,1.2626465045153608,NA,1.0115151948241032,NA,1.0110619225343378,NA
9877842,85,b a ɟ ø z,5,-22.46994439760235,NA,-Inf,NA,-18.968121900756447,NA,1.3525891302094293,NA,1.3522568267997628,NA,1.0208335147527232,NA,1.0199546011622187,NA
9877842,13,l e ʒ ɯ ʒ,5,-23.42246110699022,NA,-Inf,NA,-31.37937590764058,NA,1.2326268805400291,NA,1.2325034590587125,NA,1.000599585740761,NA,1.000785798371226,NA
9877842,73,g a d͡ʒ ɯ ʃ,5,-18.1433036565909,NA,-15.499386284508248,NA,-15.553373615329928,NA,1.387167586098868,NA,1.3867697858340529,NA,1.015460105386242,NA,1.014803618740054,NA
9877842,6,g ɯ k o ʒ,5,-20.74619112225676,NA,-16.915237145151256,NA,-17.041707617482654,NA,1.1737865511481944,NA,1.1737670683301502,NA,1.0095969845870632,NA,1.0093013998750595,NA
9877842,8,b e ɟ e ʒ,5,-22.756632689956056,NA,-Inf,NA,-24.058032387919113,NA,1.345476034124718,NA,1.3451525821532777,NA,1.0127182103550003,NA,1.0122651834486156,NA
9877842,86,n y n u s,5,-16.715340873276865,NA,-20.662916646783795,NA,-20.659392548169652,NA,1.2376893062998182,NA,1.237547081745812,NA,1.0108372213398642,NA,1.0104573725021138,NA
9877842,8,b e ʒ a ʒ,5,-20.93058538584836,NA,-19.48837816175328,NA,-19.69732468362156,NA,1.4303068450549048,NA,1.4298290186764984,NA,1.014235691359507,NA,1.013693300711423,NA
9877842,5,l e l ø c,5,-23.921630741113155,NA,-Inf,NA,-32.749337306429,NA,1.1941895614424562,NA,1.1941372749111134,NA,1.0030524364984192,NA,1.0031089785467553,NA
9877842,7,l i v ø h,5,-20.904794873852836,NA,-Inf,NA,-30.017786917374448,NA,1.1384315211614455,NA,1.138471070171428,NA,1.0021258039899703,NA,1.0022313327026664,NA
9877842,96,n u t a s,5,-14.726567453647792,NA,-18.016363167590757,NA,-18.02466558703151,NA,1.375248465052452,NA,1.3748549722517678,NA,1.0268849669602398,NA,1.0255614198293237,NA
9877842,32,z a ʒ o h,5,-20.01616939621291,NA,-23.3231454652614,NA,-23.200842055018715,NA,1.3161703693104103,NA,1.3159010409835006,NA,1.0043869150779896,NA,1.0043743138247614,NA
9877842,72,n ɯ t y j,5,-16.745705986388092,NA,-22.3564259100322,NA,-22.34000437551107,NA,1.1865969150263898,NA,1.1865483757315416,NA,1.0045937259415338,NA,1.0045620755887812,NA
9877842,10,n ɯ m ø h,5,-18.510789566710663,NA,-25.526286904340548,NA,-25.20620087924542,NA,1.139300164226838,NA,1.1393380184036568,NA,1.0014200635832908,NA,1.0015627469235224,NA
9877842,11,b u z e ʒ,5,-20.09685568317635,NA,-17.84329781622566,NA,-17.964161616964663,NA,1.276667630723205,NA,1.2764627987655124,NA,1.0139315296225708,NA,1.0134023197983453,NA
9877842,81,t͡ʃ ø ɟ y z,5,-24.87512157612903,NA,-22.11753265394216,NA,-21.28303150118376,NA,1.0902953872221697,NA,1.090415010076083,NA,1.0022148482989617,NA,1.00231031519471,NA
9877842,24,ɟ y ʒ i l,5,-25.474223572256346,NA,-26.086164584076812,NA,-25.658577276474528,NA,1.194726574470686,NA,1.1946604814688004,NA,1.001869088084923,NA,1.001974463736933,NA
9877842,18,j o b u ʒ,5,-21.05836231257191,NA,-20.278068086553,NA,-20.20804314631168,NA,1.1710790683578258,NA,1.171062773355354,NA,1.0066664843883977,NA,1.006528208768726,NA
9877842,16,b o ʒ a ʒ,5,-22.204003844457393,NA,-19.321037408784147,NA,-19.52975317079178,NA,1.3229086648122703,NA,1.3226166484342836,NA,1.008762800579713,NA,1.0085081234147557,NA
9877842,12,v ø l i v,5,-21.2450194600926,NA,-Inf,NA,-31.53443408186967,NA,1.1757448274064406,NA,1.1757104148958002,NA,1.0014998369742418,NA,1.0016238637930377,NA
9877842,60,n ø m o s,5,-18.203872787484933,NA,-22.19842578179625,NA,-22.165436338076113,NA,1.1411016056561956,NA,1.141128679586091,NA,1.0035204518715182,NA,1.0035409822204415,NA
9877842,22,b i j o ʒ,5,-20.1694739218949,NA,-16.17150934468403,NA,-16.29228988361789,NA,1.2161562043575238,NA,1.2160636704095142,NA,1.0185949627078428,NA,1.0178290236238705,NA
9877842,79,k a k u ɾ,5,-14.067811152368842,NA,-12.708404717891712,NA,-12.729721104711002,NA,1.5578537830579977,NA,1.5571414460631403,NA,1.0749244666982,NA,1.071116634968564,NA
9877842,16,ɫ a ɾ u j,5,-14.988213898012642,NA,-18.225237785879074,NA,-18.23265340120377,NA,1.4806633127456936,NA,1.48010342214873,NA,1.0515741074637193,NA,1.0490474569155095,NA
9877842,5,b u ʒ u ʒ,5,-23.578702027948104,NA,-22.55607533141792,NA,-22.360285906391308,NA,1.1751938218318876,NA,1.175170692528559,NA,1.0072042512867905,NA,1.0070435603192218,NA
9877842,10,z o ɟ i t,5,-20.9589136182378,NA,-22.968824668964604,NA,-22.49812583794652,NA,1.2408518651515077,NA,1.2406922707790116,NA,1.0084540930642174,NA,1.0081503933184568,NA
9877842,66,c ø j a ʒ,5,-23.630776844730175,NA,-Inf,NA,-22.239940954309937,NA,1.2565841996509106,NA,1.2564064248544844,NA,1.012129479451536,NA,1.0116719887342391,NA
9877842,11,b u j u ʒ,5,-20.87166757096573,NA,-19.733680700888875,NA,-19.668499765417735,NA,1.2165652379443916,NA,1.21647007222167,NA,1.0105687883162064,NA,1.0102253180186327,NA
9877842,80,n u c ø c,5,-24.807625490627537,NA,-Inf,NA,-31.30367927011791,NA,1.090233002361394,NA,1.0903607082649016,NA,1.000704421139502,NA,1.0008852996567954,NA
9877842,25,n ɯ ʒ ɯ v,5,-20.37155439509228,NA,-Inf,NA,-29.078542120513493,NA,1.1398926451023728,NA,1.1399258609218608,NA,1.0003901669756716,NA,1.0005869200881068,NA
9877842,14,n ɯ ʒ a v,5,-19.02502844047022,NA,-Inf,NA,-25.556872791643976,NA,1.278077157040375,NA,1.277858856769651,NA,1.005851378448144,NA,1.0057071346124649,NA
9877842,79,g ɯ ʃ ø z,5,-20.868114892104145,NA,-17.68946998702973,NA,-17.66557104382508,NA,1.1365191714352605,NA,1.1365603636332933,NA,1.0043221992368574,NA,1.0043105088894526,NA
9877842,37,ɟ y ɟ ø c,5,-30.88964249128854,NA,-Inf,NA,-34.02337567467023,NA,1.0749047338124378,NA,1.0750589613046984,NA,1.0000545077946146,NA,1.0002695361099974,NA
9877842,15,b e v a ʒ,5,-18.887323500746025,NA,-15.872593466040806,NA,-16.021901122917775,NA,1.460613178860639,NA,1.460082582720464,NA,1.0349086258500086,NA,1.033249828288036,NA
9877842,16,ɟ i ɟ ø c,5,-29.71307202815976,NA,-Inf,NA,-34.785338500309926,NA,1.0897985812994395,NA,1.0899270408894737,NA,1.0001090155892292,NA,1.0003211623361203,NA
9877842,27,ɟ i ʒ ɯ ʒ,5,-26.41709941367645,NA,-Inf,NA,-33.307818772675844,NA,1.1410997399260654,NA,1.1411346658902664,NA,1.0003270467676877,NA,1.0005276672406118,NA
9877842,13,b u ɟ y ʒ,5,-25.21776219641355,NA,-24.02607612181347,NA,-23.4120433072708,NA,1.1548681109073993,NA,1.1548819472629457,NA,1.0073371474025232,NA,1.007168032552784,NA
9877842,13,m y k o ʒ,5,-19.93043596815668,NA,-16.300780365266558,NA,-16.417412400213216,NA,1.2520745572399474,NA,1.2519196738829383,NA,1.0326605479495878,NA,1.031153503453037,NA
9877842,17,v ɯ ʒ u v,5,-21.86808593813512,NA,-Inf,NA,-26.703531252513827,NA,1.126951629435814,NA,1.1270081147295898,NA,1.000727269349632,NA,1.000902377044206,NA
9877842,9,b i j u ʒ,5,-19.982779180288727,NA,-18.35629998851609,NA,-18.296720384198927,NA,1.2375249433170086,NA,1.237393515128245,NA,1.019368047964322,NA,1.0185609454976876,NA
9877842,10,ɫ a g a v,5,-15.754122332862629,NA,-20.553058174302627,NA,-20.559783658839276,NA,1.4882072475199175,NA,1.487625321159881,NA,1.011899048999812,NA,1.011429504802159,NA
9877842,6,n i n u v,5,-16.587473487694577,NA,-20.74289718035614,NA,-20.73475916364208,NA,1.2346503203991448,NA,1.234519670994152,NA,1.015385861708921,NA,1.0147833558081725,NA
9877842,17,ɟ ø ɟ i n,5,-26.154797849000957,NA,-Inf,NA,-25.981965253358386,NA,1.207646283033087,NA,1.2075351451808032,NA,1.0123140448014616,NA,1.0117616811066352,NA
9877842,100,m e t ø ɾ,5,-16.305709239281132,NA,-14.332928742029557,NA,-14.370439435773992,NA,1.415624745175706,NA,1.415162037061878,NA,1.0262030905848891,NA,1.0250322748512253,NA
9877842,80,p o c y z,5,-22.132396809934985,NA,-Inf,NA,-22.792875288841223,NA,1.1404551220852177,NA,1.1404879493119304,NA,1.0044867211475823,NA,1.0044629596393846,NA
9877842,24,l i l i v,5,-19.457588243664848,NA,-29.20991366924059,NA,-28.687492054822933,NA,1.2303966335406769,NA,1.2302676592286446,NA,1.003298594196525,NA,1.0033275292550925,NA
9877842,28,l e m i m,5,-16.284865608541942,NA,-21.681059717316177,NA,-21.31860352956532,NA,1.380102008877493,NA,1.3797039565377944,NA,1.023384257708429,NA,1.022273629864209,NA
9877842,15,t i k a n,5,-13.448013540026771,NA,-12.360180704819967,NA,-12.378790372777791,NA,1.4875821102169142,NA,1.486979033124867,NA,1.045676820009706,NA,1.0431959745683663,NA
9877842,8,t i t e n,5,-13.939688353962891,NA,-13.031948462442172,NA,-13.050716201785225,NA,1.4094012502297124,NA,1.4089409685681276,NA,1.034895013822322,NA,1.0331065768439232,NA
9877842,28,d ɯ ʒ a ʒ,5,-21.716795206882775,NA,-Inf,NA,-23.190543246412652,NA,1.298705256665564,NA,1.2984551045728236,NA,1.0026417382010682,NA,1.002708745557405,NA
9877842,0,v ø ʒ ɯ h,5,-23.024241178401727,NA,-Inf,NA,-30.45570700382361,NA,1.1036756719502918,NA,1.1037711769871554,NA,1.0001956309096838,NA,1.000401295176374,NA
9877842,4,ɟ y ʒ u ʒ,5,-27.80853684728006,NA,-29.28500826667853,NA,-28.708564247230676,NA,1.1164047641696466,NA,1.1164832975278336,NA,1.0001090155892292,NA,1.0003211623361203,NA
9877842,65,ɫ a m i v,5,-15.108322670255824,NA,-19.84096460834095,NA,-19.840167964977656,NA,1.45267848057084,NA,1.452164539040134,NA,1.022668785041178,NA,1.0216640887099704,NA
9875070,1,m y k o ʒ,5,-19.93043596815668,NA,-16.300780365266558,NA,-16.417412400213216,NA,1.2520745572399474,NA,1.2519196738829383,NA,1.0326605479495878,NA,1.031153503453037,NA
9875070,3,d ɯ ʒ a ʒ,5,-21.716795206882775,NA,-Inf,NA,-23.190543246412652,NA,1.298705256665564,NA,1.2984551045728236,NA,1.0026417382010682,NA,1.002708745557405,NA
9875070,98,b u ɟ y ʒ,5,-25.21776219641355,NA,-24.02607612181347,NA,-23.4120433072708,NA,1.1548681109073993,NA,1.1548819472629457,NA,1.0073371474025232,NA,1.007168032552784,NA
9875070,51,b a ɟ ø z,5,-22.46994439760235,NA,-Inf,NA,-18.968121900756447,NA,1.3525891302094293,NA,1.3522568267997628,NA,1.0208335147527232,NA,1.0199546011622187,NA
9875070,3,l e g o h,5,-19.527053505632765,NA,-27.75113638166346,NA,-27.308708531329852,NA,1.2198662238523628,NA,1.2197634326360676,NA,1.0014568108084176,NA,1.0015956377134012,NA
9875070,52,ɫ o c e c,5,-22.400319377835324,NA,-Inf,NA,-30.01158029879595,NA,1.185129721117138,NA,1.185083880443854,NA,1.0027646697523702,NA,1.0028307383165231,NA
9875070,3,g ɯ ʃ e ʒ,5,-20.680133976363813,NA,-18.215759687198577,NA,-18.34658379874023,NA,1.2236976698046218,NA,1.2235845791944204,NA,1.0074075246463592,NA,1.007225242015273,NA
9875070,100,n u t a s,5,-14.726567453647792,NA,-18.016363167590757,NA,-18.02466558703151,NA,1.375248465052452,NA,1.3748549722517678,NA,1.0268849669602398,NA,1.0255614198293237,NA
9875070,51,b i j o ʒ,5,-20.1694739218949,NA,-16.17150934468403,NA,-16.29228988361789,NA,1.2161562043575238,NA,1.2160636704095142,NA,1.0185949627078428,NA,1.0178290236238705,NA
9875070,4,b e ʒ a ʒ,5,-20.93058538584836,NA,-19.48837816175328,NA,-19.69732468362156,NA,1.4303068450549048,NA,1.4298290186764984,NA,1.014235691359507,NA,1.013693300711423,NA
9875070,49,k a k u ɾ,5,-14.067811152368842,NA,-12.708404717891712,NA,-12.729721104711002,NA,1.5578537830579977,NA,1.5571414460631403,NA,1.0749244666982,NA,1.071116634968564,NA
9875070,100,t i k a n,5,-13.448013540026771,NA,-12.360180704819967,NA,-12.378790372777791,NA,1.4875821102169142,NA,1.486979033124867,NA,1.045676820009706,NA,1.0431959745683663,NA
9875070,2,z a ʒ o h,5,-20.01616939621291,NA,-23.3231454652614,NA,-23.200842055018715,NA,1.3161703693104103,NA,1.3159010409835006,NA,1.0043869150779896,NA,1.0043743138247614,NA
9875070,100,b e ɟ e ʒ,5,-22.756632689956056,NA,-Inf,NA,-24.058032387919113,NA,1.345476034124718,NA,1.3451525821532777,NA,1.0127182103550003,NA,1.0122651834486156,NA
9875070,51,n u c ø c,5,-24.807625490627537,NA,-Inf,NA,-31.30367927011791,NA,1.090233002361394,NA,1.0903607082649016,NA,1.000704421139502,NA,1.0008852996567954,NA
9875070,51,n ø m o s,5,-18.203872787484933,NA,-22.19842578179625,NA,-22.165436338076113,NA,1.1411016056561956,NA,1.141128679586091,NA,1.0035204518715182,NA,1.0035409822204415,NA
9875070,1,ɟ i ɟ ø c,5,-29.71307202815976,NA,-Inf,NA,-34.785338500309926,NA,1.0897985812994395,NA,1.0899270408894737,NA,1.0001090155892292,NA,1.0003211623361203,NA
9875070,51,t i m y ɾ,5,-15.294846811552397,NA,-13.660054019068708,NA,-13.685647803861627,NA,1.3091233520227514,NA,1.3088432638048708,NA,1.0122665021223751,NA,1.011794088919323,NA
9875070,2,ɟ y ɟ e c,5,-28.306538947779316,NA,-Inf,NA,-32.95524219839198,NA,1.1788422801113725,NA,1.1788073260166032,NA,1.0007066108268936,NA,1.0008808204183293,NA
9875070,2,b u z e ʒ,5,-20.09685568317635,NA,-17.84329781622566,NA,-17.964161616964663,NA,1.276667630723205,NA,1.2764627987655124,NA,1.0139315296225708,NA,1.0134023197983453,NA
9875070,2,ɟ y ɟ ø c,5,-30.88964249128854,NA,-Inf,NA,-34.02337567467023,NA,1.0749047338124378,NA,1.0750589613046984,NA,1.0000545077946146,NA,1.0002695361099974,NA
9875070,1,d͡ʒ o ʒ u ʒ,5,-24.29401030874191,NA,-24.243601785484508,NA,-24.17251025107207,NA,1.127716441668515,NA,1.127775417851205,NA,1.0007051178379167,NA,1.0008859248512416,NA
9875070,52,k o ɾ a n,5,-14.411209921897514,NA,-12.294347060400495,NA,-12.318134780608212,NA,1.5780166675354677,NA,1.5772563021989838,NA,1.0788840359427352,NA,1.0746155597877969,NA
9875070,3,ɫ a ɾ u j,5,-14.988213898012642,NA,-18.225237785879074,NA,-18.23265340120377,NA,1.4806633127456936,NA,1.48010342214873,NA,1.0515741074637193,NA,1.0490474569155095,NA
9875070,2,ɟ ø c e c,5,-28.397206327308695,NA,-Inf,NA,-33.97421042400016,NA,1.1292419818961106,NA,1.1292928245120586,NA,1.000652103032279,NA,1.0008291941922065,NA
9875070,2,l e l ø c,5,-23.921630741113155,NA,-Inf,NA,-32.749337306429,NA,1.1941895614424562,NA,1.1941372749111134,NA,1.0030524364984192,NA,1.0031089785467553,NA
9875070,1,b u ʒ u ʒ,5,-23.578702027948104,NA,-22.55607533141792,NA,-22.360285906391308,NA,1.1751938218318876,NA,1.175170692528559,NA,1.0072042512867905,NA,1.0070435603192218,NA
9875070,100,m y z a ʒ,5,-19.26885615927756,NA,-16.145731724613096,NA,-16.288993267502523,NA,1.397336491187185,NA,1.3969153080698635,NA,1.0416189337331847,NA,1.0396162450988709,NA
9875070,3,l e ʒ ɯ ʒ,5,-23.42246110699022,NA,-Inf,NA,-31.37937590764058,NA,1.2326268805400291,NA,1.2325034590587125,NA,1.000599585740761,NA,1.000785798371226,NA
9875070,3,f u m o ʒ,5,-21.086399553296257,NA,-19.904477032559072,NA,-20.00660012235896,NA,1.162493303534497,NA,1.16249350220586,NA,1.0069418990854422,NA,1.006788724097161,NA
9875070,51,ɫ a m i v,5,-15.108322670255824,NA,-19.84096460834095,NA,-19.840167964977656,NA,1.45267848057084,NA,1.452164539040134,NA,1.022668785041178,NA,1.0216640887099704,NA
9875070,53,g a d͡ʒ ɯ ʃ,5,-18.1433036565909,NA,-15.499386284508248,NA,-15.553373615329928,NA,1.387167586098868,NA,1.3867697858340529,NA,1.015460105386242,NA,1.014803618740054,NA
9875070,7,b e v a ʒ,5,-18.887323500746025,NA,-15.872593466040806,NA,-16.021901122917775,NA,1.460613178860639,NA,1.460082582720464,NA,1.0349086258500086,NA,1.033249828288036,NA
9875070,97,p o c y z,5,-22.132396809934985,NA,-Inf,NA,-22.792875288841223,NA,1.1404551220852177,NA,1.1404879493119304,NA,1.0044867211475823,NA,1.0044629596393846,NA
9875070,0,c ø d ø l,5,-25.273737592608967,NA,-Inf,NA,-27.063517981829783,NA,1.0636055587079187,NA,1.0637759789037924,NA,1.0001114910985065,NA,1.0003233777080158,NA
9875070,1,z o ɟ i t,5,-20.9589136182378,NA,-22.968824668964604,NA,-22.49812583794652,NA,1.2408518651515077,NA,1.2406922707790116,NA,1.0084540930642174,NA,1.0081503933184568,NA
9875070,51,n i n u v,5,-16.587473487694577,NA,-20.74289718035614,NA,-20.73475916364208,NA,1.2346503203991448,NA,1.234519670994152,NA,1.015385861708921,NA,1.0147833558081725,NA
9875070,53,l i l i v,5,-19.457588243664848,NA,-29.20991366924059,NA,-28.687492054822933,NA,1.2303966335406769,NA,1.2302676592286446,NA,1.003298594196525,NA,1.0033275292550925,NA
9875070,1,ɟ ø c ø c,5,-30.98030987081792,NA,-Inf,NA,-35.04234390027842,NA,1.025304435597176,NA,1.0255444598001535,NA,1,1,1.0002179098838746,1
9875070,3,v ɯ ʒ u v,5,-21.86808593813512,NA,-Inf,NA,-26.703531252513827,NA,1.126951629435814,NA,1.1270081147295898,NA,1.000727269349632,NA,1.000902377044206,NA
9875070,1,b u j u ʒ,5,-20.87166757096573,NA,-19.733680700888875,NA,-19.668499765417735,NA,1.2165652379443916,NA,1.21647007222167,NA,1.0105687883162064,NA,1.0102253180186327,NA
9875070,2,n ɯ c i c,5,-22.207490302969337,NA,-Inf,NA,-31.27784518309206,NA,1.190125320458985,NA,1.1900702225959,NA,1.000651008188583,NA,1.0008314338114397,NA
9875070,51,ɫ a g a v,5,-15.754122332862629,NA,-20.553058174302627,NA,-20.559783658839276,NA,1.4882072475199175,NA,1.487625321159881,NA,1.011899048999812,NA,1.011429504802159,NA
9875070,51,n i l i s,5,-16.529383592794712,NA,-21.972909806953865,NA,-21.72458759793683,NA,1.262837912142731,NA,1.2626465045153608,NA,1.0115151948241032,NA,1.0110619225343378,NA
9875070,100,m y m y ɾ,5,-16.704255115308886,NA,-13.020817250140125,NA,-13.053521821836997,NA,1.3152884044924409,NA,1.3149976658456903,NA,1.0360942196571266,NA,1.0343698974546898,NA
9875070,3,ɟ i ʒ ɯ ʒ,5,-26.41709941367645,NA,-Inf,NA,-33.307818772675844,NA,1.1410997399260654,NA,1.1411346658902664,NA,1.0003270467676877,NA,1.0005276672406118,NA
9875070,2,l y v ø h,5,-22.081365336981623,NA,-Inf,NA,-30.783197051114545,NA,1.123537673674444,NA,1.123602990586653,NA,1.0013626948653658,NA,1.0015085655369462,NA
9875070,49,k a n i n,5,-13.587711962107177,NA,-12.244157249014869,NA,-12.2628318923973,NA,1.6359797029730567,NA,1.6351267738613084,NA,1.0856556606918544,NA,1.0812238961757654,NA
9875070,4,n u ʒ ɯ ʒ,5,-22.62968325066944,NA,-Inf,NA,-29.197550883061453,NA,1.14000794273881,NA,1.140044772486502,NA,1.0008134367287314,NA,1.0009885521090411,NA
9875070,53,n e n u v,5,-16.389638161368726,NA,-20.325068448436717,NA,-20.31731129385749,NA,1.3208179980421255,NA,1.320538269610069,NA,1.0235487936312362,NA,1.0225154110321275,NA
9875070,1,d͡ʒ o c ø c,5,-26.257085578225187,NA,-Inf,NA,-31.597534878858212,NA,1.087742629560516,NA,1.0878746424072625,NA,1.0005961022486871,NA,1.000782672398996,NA
9875070,1,k o n ø ɾ,5,-17.468982673500772,NA,-15.665847293331234,NA,-15.67041392566706,NA,1.3263918658517442,NA,1.3260835017678103,NA,1.0230245152622903,NA,1.0220198569868446,NA
9875070,2,k o ɫ ɯ ɾ,5,-15.746838565630412,NA,-13.10667453460241,NA,-13.133460503117467,NA,1.3892399649311546,NA,1.3888182062736574,NA,1.0364363220655193,NA,1.0346301929585895,NA
9875070,52,t i t e n,5,-13.939688353962891,NA,-13.031948462442172,NA,-13.050716201785225,NA,1.4094012502297124,NA,1.4089409685681276,NA,1.034895013822322,NA,1.0331065768439232,NA
9875070,100,m e t ø ɾ,5,-16.305709239281132,NA,-14.332928742029557,NA,-14.370439435773992,NA,1.415624745175706,NA,1.415162037061878,NA,1.0262030905848891,NA,1.0250322748512253,NA
9875070,0,n ɯ ʒ a v,5,-19.02502844047022,NA,-Inf,NA,-25.556872791643976,NA,1.278077157040375,NA,1.277858856769651,NA,1.005851378448144,NA,1.0057071346124649,NA
9875070,2,c ø j a ʒ,5,-23.630776844730175,NA,-Inf,NA,-22.239940954309937,NA,1.2565841996509106,NA,1.2564064248544844,NA,1.012129479451536,NA,1.0116719887342391,NA
9875070,0,b o ʒ a ʒ,5,-22.204003844457393,NA,-19.321037408784147,NA,-19.52975317079178,NA,1.3229086648122703,NA,1.3226166484342836,NA,1.008762800579713,NA,1.0085081234147557,NA
9875070,52,ɫ o t o s,5,-16.650452551067872,NA,-19.86130929042026,NA,-19.87178226056184,NA,1.1968532583423572,NA,1.1967836503746367,NA,1.0076982350654493,NA,1.0074960391662156,NA
9875070,2,n e p y j,5,-16.98879234295367,NA,-21.717938967258256,NA,-21.69222912574372,NA,1.2636746444640563,NA,1.2634932080325365,NA,1.0096114935791205,NA,1.0093200333401624,NA
9875070,3,f u c ø c,5,-26.0945671202964,NA,-Inf,NA,-30.40486528288016,NA,1.0953217853843475,NA,1.0954406909713434,NA,1.0008668994757235,NA,1.001039240543495,NA
9875070,56,b e v u z,5,-18.05359379807402,NA,-15.116452617134565,NA,-15.154527759561976,NA,1.3293865865827923,NA,1.3290904472457938,NA,1.027526083033521,NA,1.0262694472757412,NA
9875070,1,g ɯ d͡ʒ u z,5,-19.58384312679565,NA,-16.64152559173808,NA,-16.684403427045364,NA,1.1622032293487097,NA,1.1621965111059591,NA,1.0059499347177645,NA,1.0058336162439705,NA
9875070,2,g u ʒ i ʒ,5,-23.367105446041258,NA,-22.71019322061325,NA,-22.662694231245467,NA,1.214496991418963,NA,1.2143994984214512,NA,1.0018219484717603,NA,1.001942235984122,NA
9875070,1,ɟ y ʒ u ʒ,5,-27.80853684728006,NA,-29.28500826667853,NA,-28.708564247230676,NA,1.1164047641696466,NA,1.1164832975278336,NA,1.0001090155892292,NA,1.0003211623361203,NA
9875070,0,g a ɟ e ʒ,5,-22.959255290632175,NA,-Inf,NA,-23.771850826744977,NA,1.408639434555404,NA,1.4082066800608468,NA,1.0072505448133169,NA,1.0070846951102934,NA
9875070,49,l e l i c,5,-21.536362523929785,NA,-31.435382275761945,NA,-30.66420479306158,NA,1.3050220875123175,NA,1.3047680695189283,NA,1.0033784880145589,NA,1.0034146207009211,NA
9875070,2,b i ʒ a ʒ,5,-21.12842071217421,NA,-20.462820259132272,NA,-20.59539447720862,NA,1.344139167411924,NA,1.3438104200605814,NA,1.013475717377768,NA,1.0129733469207105,NA
9875070,0,v ø l i v,5,-21.2450194600926,NA,-Inf,NA,-31.53443408186967,NA,1.1757448274064406,NA,1.1757104148958002,NA,1.0014998369742418,NA,1.0016238637930377,NA
9875070,2,l i v ø h,5,-20.904794873852836,NA,-Inf,NA,-30.017786917374448,NA,1.1384315211614455,NA,1.138471070171428,NA,1.0021258039899703,NA,1.0022313327026664,NA
9875070,1,l y g ɯ ʒ,5,-22.883384054348497,NA,-Inf,NA,-31.210086947359827,NA,1.1381062907638022,NA,1.1381463270545598,NA,1.0003964076179663,NA,1.000592585698109,NA
9875070,3,k a t ø ɾ,5,-15.581196584717304,NA,-14.400670214601377,NA,-14.436010397238292,NA,1.5237210169792808,NA,1.5230713014199444,NA,1.059134654867906,NA,1.0562306009407805,NA
9875070,4,t͡ʃ ø ɟ y z,5,-24.87512157612903,NA,-22.11753265394216,NA,-21.28303150118376,NA,1.0902953872221697,NA,1.090415010076083,NA,1.0022148482989617,NA,1.00231031519471,NA
9875070,6,g ɯ ʃ ø z,5,-20.868114892104145,NA,-17.68946998702973,NA,-17.66557104382508,NA,1.1365191714352605,NA,1.1365603636332933,NA,1.0043221992368574,NA,1.0043105088894526,NA
9875070,51,l e m i m,5,-16.284865608541942,NA,-21.681059717316177,NA,-21.31860352956532,NA,1.380102008877493,NA,1.3797039565377944,NA,1.023384257708429,NA,1.022273629864209,NA
9875070,1,f u ʒ a ʒ,5,-22.57009892571624,NA,-23.084878726681055,NA,-23.104809642140214,NA,1.283281237699766,NA,1.283057751040734,NA,1.0022636671308394,NA,1.002350487946775,NA
9875070,0,n ɯ m ø h,5,-18.510789566710663,NA,-25.526286904340548,NA,-25.20620087924542,NA,1.139300164226838,NA,1.1393380184036568,NA,1.0014200635832908,NA,1.0015627469235224,NA
9875070,1,v ø ʒ ɯ h,5,-23.024241178401727,NA,-Inf,NA,-30.45570700382361,NA,1.1036756719502918,NA,1.1037711769871554,NA,1.0001956309096838,NA,1.000401295176374,NA
9875070,1,g ɯ d͡ʒ i l,5,-19.64465247954083,NA,-16.929800719720177,NA,-16.98778054263725,NA,1.223765991720176,NA,1.2236495458961485,NA,1.0081634508787554,NA,1.007928985502199,NA
9875070,52,l y g a v,5,-19.4935962146241,NA,-Inf,NA,-27.80790591371226,NA,1.2871157130376376,NA,1.2868816916145254,NA,1.008373111461021,NA,1.0080891173681017,NA
9875070,2,ɟ ø ɟ i n,5,-26.154797849000957,NA,-Inf,NA,-25.981965253358386,NA,1.207646283033087,NA,1.2075351451808032,NA,1.0123140448014616,NA,1.0117616811066352,NA
9875070,49,n y n u s,5,-16.715340873276865,NA,-20.662916646783795,NA,-20.659392548169652,NA,1.2376893062998182,NA,1.237547081745812,NA,1.0108372213398642,NA,1.0104573725021138,NA
9875070,0,b i j u ʒ,5,-19.982779180288727,NA,-18.35629998851609,NA,-18.296720384198927,NA,1.2375249433170086,NA,1.237393515128245,NA,1.019368047964322,NA,1.0185609454976876,NA
9875070,1,t͡ʃ ø j u ʒ,5,-22.924149578450105,NA,-20.79768766887971,NA,-20.742784223544646,NA,1.135233466329589,NA,1.13527898588403,NA,1.004608462527747,NA,1.0045783180618666,NA
9875070,100,m a k a n,5,-13.008346846234591,NA,-11.28043634275908,NA,-11.300021336865491,NA,1.6891002822706591,NA,1.6881485735739905,NA,1.0828270821289048,NA,1.078388901097211,NA
9875070,1,j o b u ʒ,5,-21.05836231257191,NA,-20.278068086553,NA,-20.20804314631168,NA,1.1710790683578258,NA,1.171062773355354,NA,1.0066664843883977,NA,1.006528208768726,NA
9875070,100,n u t i v,5,-16.447775065614174,NA,-21.189892153387195,NA,-21.184203947153694,NA,1.2797613550678195,NA,1.27954636548282,NA,1.0249284051823029,NA,1.0237745264935774,NA
9875070,0,n ɯ ʒ ɯ v,5,-20.37155439509228,NA,-Inf,NA,-29.078542120513493,NA,1.1398926451023728,NA,1.1399258609218608,NA,1.0003901669756716,NA,1.0005869200881068,NA
9875070,1,g ɯ k o ʒ,5,-20.74619112225676,NA,-16.915237145151256,NA,-17.041707617482654,NA,1.1737865511481944,NA,1.1737670683301502,NA,1.0095969845870632,NA,1.0093013998750595,NA
9875070,3,g o ɟ i ʒ,5,-24.90517828366109,NA,-25.463316038560684,NA,-25.0238451006757,NA,1.213844639629624,NA,1.21374827950693,NA,1.001203603704403,NA,1.001357562313273,NA
9875070,3,ɟ y ʒ i l,5,-25.474223572256346,NA,-26.086164584076812,NA,-25.658577276474528,NA,1.194726574470686,NA,1.1946604814688004,NA,1.001869088084923,NA,1.001974463736933,NA
9875070,54,t͡ʃ ø j u z,5,-20.529026950681207,NA,-17.342610045374,NA,-17.381051887526098,NA,1.151992514259162,NA,1.1520031350348077,NA,1.0064343510181284,NA,1.0062899141251958,NA
9875070,51,m y ɾ i ɾ,5,-15.182460061139956,NA,-12.93841945288009,NA,-12.964678761998291,NA,1.495928832346916,NA,1.4953164266216838,NA,1.0626490882923791,NA,1.0594042295798347,NA
9875070,4,n ɯ t y j,5,-16.745705986388092,NA,-22.3564259100322,NA,-22.34000437551107,NA,1.1865969150263898,NA,1.1865483757315416,NA,1.0045937259415338,NA,1.0045620755887812,NA
9875070,100,t͡ʃ ø v a n,5,-18.701602767562907,NA,-15.100178717825774,NA,-15.129210912490072,NA,1.3444722505099906,NA,1.3441170867989016,NA,1.0395669313903486,NA,1.0374122129692265,NA
9875070,4,ɫ a n y j,5,-15.527981142957266,NA,-20.048631415631327,NA,-20.029886559218973,NA,1.394546693721347,NA,1.394138324722925,NA,1.0266470238072245,NA,1.0254534974166822,NA
9874001,66,j o b u ʒ,5,-21.05836231257191,NA,-20.278068086553,NA,-20.20804314631168,NA,1.1710790683578258,NA,1.171062773355354,NA,1.0066664843883977,NA,1.006528208768726,NA
9874001,38,b i j u ʒ,5,-19.982779180288727,NA,-18.35629998851609,NA,-18.296720384198927,NA,1.2375249433170086,NA,1.237393515128245,NA,1.019368047964322,NA,1.0185609454976876,NA
9874001,59,f u m o ʒ,5,-21.086399553296257,NA,-19.904477032559072,NA,-20.00660012235896,NA,1.162493303534497,NA,1.16249350220586,NA,1.0069418990854422,NA,1.006788724097161,NA
9874001,67,d͡ʒ o c ø c,5,-26.257085578225187,NA,-Inf,NA,-31.597534878858212,NA,1.087742629560516,NA,1.0878746424072625,NA,1.0005961022486871,NA,1.000782672398996,NA
9874001,87,k a k u ɾ,5,-14.067811152368842,NA,-12.708404717891712,NA,-12.729721104711002,NA,1.5578537830579977,NA,1.5571414460631403,NA,1.0749244666982,NA,1.071116634968564,NA
9874001,69,c ø j a ʒ,5,-23.630776844730175,NA,-Inf,NA,-22.239940954309937,NA,1.2565841996509106,NA,1.2564064248544844,NA,1.012129479451536,NA,1.0116719887342391,NA
9874001,73,ɫ a m i v,5,-15.108322670255824,NA,-19.84096460834095,NA,-19.840167964977656,NA,1.45267848057084,NA,1.452164539040134,NA,1.022668785041178,NA,1.0216640887099704,NA
9874001,42,c ø d ø l,5,-25.273737592608967,NA,-Inf,NA,-27.063517981829783,NA,1.0636055587079187,NA,1.0637759789037924,NA,1.0001114910985065,NA,1.0003233777080158,NA
9874001,95,b a ɟ ø z,5,-22.46994439760235,NA,-Inf,NA,-18.968121900756447,NA,1.3525891302094293,NA,1.3522568267997628,NA,1.0208335147527232,NA,1.0199546011622187,NA
9874001,92,ɫ o t o s,5,-16.650452551067872,NA,-19.86130929042026,NA,-19.87178226056184,NA,1.1968532583423572,NA,1.1967836503746367,NA,1.0076982350654493,NA,1.0074960391662156,NA
9874001,42,l y g ɯ ʒ,5,-22.883384054348497,NA,-Inf,NA,-31.210086947359827,NA,1.1381062907638022,NA,1.1381463270545598,NA,1.0003964076179663,NA,1.000592585698109,NA
9874001,61,ɟ i ɟ ø c,5,-29.71307202815976,NA,-Inf,NA,-34.785338500309926,NA,1.0897985812994395,NA,1.0899270408894737,NA,1.0001090155892292,NA,1.0003211623361203,NA
9874001,36,t͡ʃ ø j u ʒ,5,-22.924149578450105,NA,-20.79768766887971,NA,-20.742784223544646,NA,1.135233466329589,NA,1.13527898588403,NA,1.004608462527747,NA,1.0045783180618666,NA
9874001,28,g ɯ k o ʒ,5,-20.74619112225676,NA,-16.915237145151256,NA,-17.041707617482654,NA,1.1737865511481944,NA,1.1737670683301502,NA,1.0095969845870632,NA,1.0093013998750595,NA
9874001,41,b u ʒ u ʒ,5,-23.578702027948104,NA,-22.55607533141792,NA,-22.360285906391308,NA,1.1751938218318876,NA,1.175170692528559,NA,1.0072042512867905,NA,1.0070435603192218,NA
9874001,57,g a d͡ʒ ɯ ʃ,5,-18.1433036565909,NA,-15.499386284508248,NA,-15.553373615329928,NA,1.387167586098868,NA,1.3867697858340529,NA,1.015460105386242,NA,1.014803618740054,NA
9874001,97,m a k a n,5,-13.008346846234591,NA,-11.28043634275908,NA,-11.300021336865491,NA,1.6891002822706591,NA,1.6881485735739905,NA,1.0828270821289048,NA,1.078388901097211,NA
9874001,43,g ɯ d͡ʒ u z,5,-19.58384312679565,NA,-16.64152559173808,NA,-16.684403427045364,NA,1.1622032293487097,NA,1.1621965111059591,NA,1.0059499347177645,NA,1.0058336162439705,NA
9874001,99,t i k a n,5,-13.448013540026771,NA,-12.360180704819967,NA,-12.378790372777791,NA,1.4875821102169142,NA,1.486979033124867,NA,1.045676820009706,NA,1.0431959745683663,NA
9874001,61,b o ʒ a ʒ,5,-22.204003844457393,NA,-19.321037408784147,NA,-19.52975317079178,NA,1.3229086648122703,NA,1.3226166484342836,NA,1.008762800579713,NA,1.0085081234147557,NA
9874001,39,g ɯ ʃ ø z,5,-20.868114892104145,NA,-17.68946998702973,NA,-17.66557104382508,NA,1.1365191714352605,NA,1.1365603636332933,NA,1.0043221992368574,NA,1.0043105088894526,NA
9874001,47,g a ɟ e ʒ,5,-22.959255290632175,NA,-Inf,NA,-23.771850826744977,NA,1.408639434555404,NA,1.4082066800608468,NA,1.0072505448133169,NA,1.0070846951102934,NA
9874001,63,n u c ø c,5,-24.807625490627537,NA,-Inf,NA,-31.30367927011791,NA,1.090233002361394,NA,1.0903607082649016,NA,1.000704421139502,NA,1.0008852996567954,NA
9874001,79,m e t ø ɾ,5,-16.305709239281132,NA,-14.332928742029557,NA,-14.370439435773992,NA,1.415624745175706,NA,1.415162037061878,NA,1.0262030905848891,NA,1.0250322748512253,NA
9874001,47,ɟ y ʒ i l,5,-25.474223572256346,NA,-26.086164584076812,NA,-25.658577276474528,NA,1.194726574470686,NA,1.1946604814688004,NA,1.001869088084923,NA,1.001974463736933,NA
9874001,21,ɟ i ʒ ɯ ʒ,5,-26.41709941367645,NA,-Inf,NA,-33.307818772675844,NA,1.1410997399260654,NA,1.1411346658902664,NA,1.0003270467676877,NA,1.0005276672406118,NA
9874001,39,b e ɟ e ʒ,5,-22.756632689956056,NA,-Inf,NA,-24.058032387919113,NA,1.345476034124718,NA,1.3451525821532777,NA,1.0127182103550003,NA,1.0122651834486156,NA
9874001,77,ɫ o c e c,5,-22.400319377835324,NA,-Inf,NA,-30.01158029879595,NA,1.185129721117138,NA,1.185083880443854,NA,1.0027646697523702,NA,1.0028307383165231,NA
9874001,37,n ɯ ʒ ɯ v,5,-20.37155439509228,NA,-Inf,NA,-29.078542120513493,NA,1.1398926451023728,NA,1.1399258609218608,NA,1.0003901669756716,NA,1.0005869200881068,NA
9874001,65,t͡ʃ ø v a n,5,-18.701602767562907,NA,-15.100178717825774,NA,-15.129210912490072,NA,1.3444722505099906,NA,1.3441170867989016,NA,1.0395669313903486,NA,1.0374122129692265,NA
9874001,65,k o ɫ ɯ ɾ,5,-15.746838565630412,NA,-13.10667453460241,NA,-13.133460503117467,NA,1.3892399649311546,NA,1.3888182062736574,NA,1.0364363220655193,NA,1.0346301929585895,NA
9874001,41,ɟ y ʒ u ʒ,5,-27.80853684728006,NA,-29.28500826667853,NA,-28.708564247230676,NA,1.1164047641696466,NA,1.1164832975278336,NA,1.0001090155892292,NA,1.0003211623361203,NA
9874001,26,m y k o ʒ,5,-19.93043596815668,NA,-16.300780365266558,NA,-16.417412400213216,NA,1.2520745572399474,NA,1.2519196738829383,NA,1.0326605479495878,NA,1.031153503453037,NA
9874001,70,b e v u z,5,-18.05359379807402,NA,-15.116452617134565,NA,-15.154527759561976,NA,1.3293865865827923,NA,1.3290904472457938,NA,1.027526083033521,NA,1.0262694472757412,NA
9874001,81,k o n ø ɾ,5,-17.468982673500772,NA,-15.665847293331234,NA,-15.67041392566706,NA,1.3263918658517442,NA,1.3260835017678103,NA,1.0230245152622903,NA,1.0220198569868446,NA
9874001,92,t i t e n,5,-13.939688353962891,NA,-13.031948462442172,NA,-13.050716201785225,NA,1.4094012502297124,NA,1.4089409685681276,NA,1.034895013822322,NA,1.0331065768439232,NA
9874001,46,n ɯ t y j,5,-16.745705986388092,NA,-22.3564259100322,NA,-22.34000437551107,NA,1.1865969150263898,NA,1.1865483757315416,NA,1.0045937259415338,NA,1.0045620755887812,NA
9874001,27,d ɯ ʒ a ʒ,5,-21.716795206882775,NA,-Inf,NA,-23.190543246412652,NA,1.298705256665564,NA,1.2984551045728236,NA,1.0026417382010682,NA,1.002708745557405,NA
9874001,95,k a n i n,5,-13.587711962107177,NA,-12.244157249014869,NA,-12.2628318923973,NA,1.6359797029730567,NA,1.6351267738613084,NA,1.0856556606918544,NA,1.0812238961757654,NA
9874001,59,b i j o ʒ,5,-20.1694739218949,NA,-16.17150934468403,NA,-16.29228988361789,NA,1.2161562043575238,NA,1.2160636704095142,NA,1.0185949627078428,NA,1.0178290236238705,NA
9874001,84,ɫ a g a v,5,-15.754122332862629,NA,-20.553058174302627,NA,-20.559783658839276,NA,1.4882072475199175,NA,1.487625321159881,NA,1.011899048999812,NA,1.011429504802159,NA
9874001,40,b u z e ʒ,5,-20.09685568317635,NA,-17.84329781622566,NA,-17.964161616964663,NA,1.276667630723205,NA,1.2764627987655124,NA,1.0139315296225708,NA,1.0134023197983453,NA
9874001,46,g u ʒ i ʒ,5,-23.367105446041258,NA,-22.71019322061325,NA,-22.662694231245467,NA,1.214496991418963,NA,1.2143994984214512,NA,1.0018219484717603,NA,1.001942235984122,NA
9874001,42,n ɯ ʒ a v,5,-19.02502844047022,NA,-Inf,NA,-25.556872791643976,NA,1.278077157040375,NA,1.277858856769651,NA,1.005851378448144,NA,1.0057071346124649,NA
9874001,70,m y ɾ i ɾ,5,-15.182460061139956,NA,-12.93841945288009,NA,-12.964678761998291,NA,1.495928832346916,NA,1.4953164266216838,NA,1.0626490882923791,NA,1.0594042295798347,NA
9874001,40,v ø l i v,5,-21.2450194600926,NA,-Inf,NA,-31.53443408186967,NA,1.1757448274064406,NA,1.1757104148958002,NA,1.0014998369742418,NA,1.0016238637930377,NA
9874001,59,n i n u v,5,-16.587473487694577,NA,-20.74289718035614,NA,-20.73475916364208,NA,1.2346503203991448,NA,1.234519670994152,NA,1.015385861708921,NA,1.0147833558081725,NA
9874001,47,b e ʒ a ʒ,5,-20.93058538584836,NA,-19.48837816175328,NA,-19.69732468362156,NA,1.4303068450549048,NA,1.4298290186764984,NA,1.014235691359507,NA,1.013693300711423,NA
9874001,69,l i l i v,5,-19.457588243664848,NA,-29.20991366924059,NA,-28.687492054822933,NA,1.2303966335406769,NA,1.2302676592286446,NA,1.003298594196525,NA,1.0033275292550925,NA
9874001,67,l e l ø c,5,-23.921630741113155,NA,-Inf,NA,-32.749337306429,NA,1.1941895614424562,NA,1.1941372749111134,NA,1.0030524364984192,NA,1.0031089785467553,NA
9874001,90,p o c y z,5,-22.132396809934985,NA,-Inf,NA,-22.792875288841223,NA,1.1404551220852177,NA,1.1404879493119304,NA,1.0044867211475823,NA,1.0044629596393846,NA
9874001,62,t͡ʃ ø j u z,5,-20.529026950681207,NA,-17.342610045374,NA,-17.381051887526098,NA,1.151992514259162,NA,1.1520031350348077,NA,1.0064343510181284,NA,1.0062899141251958,NA
9874001,47,ɟ ø ɟ i n,5,-26.154797849000957,NA,-Inf,NA,-25.981965253358386,NA,1.207646283033087,NA,1.2075351451808032,NA,1.0123140448014616,NA,1.0117616811066352,NA
9874001,56,n ø m o s,5,-18.203872787484933,NA,-22.19842578179625,NA,-22.165436338076113,NA,1.1411016056561956,NA,1.141128679586091,NA,1.0035204518715182,NA,1.0035409822204415,NA
9874001,87,ɟ ø c e c,5,-28.397206327308695,NA,-Inf,NA,-33.97421042400016,NA,1.1292419818961106,NA,1.1292928245120586,NA,1.000652103032279,NA,1.0008291941922065,NA
9874001,40,b i ʒ a ʒ,5,-21.12842071217421,NA,-20.462820259132272,NA,-20.59539447720862,NA,1.344139167411924,NA,1.3438104200605814,NA,1.013475717377768,NA,1.0129733469207105,NA
9874001,86,k a t ø ɾ,5,-15.581196584717304,NA,-14.400670214601377,NA,-14.436010397238292,NA,1.5237210169792808,NA,1.5230713014199444,NA,1.059134654867906,NA,1.0562306009407805,NA
9874001,62,b u j u ʒ,5,-20.87166757096573,NA,-19.733680700888875,NA,-19.668499765417735,NA,1.2165652379443916,NA,1.21647007222167,NA,1.0105687883162064,NA,1.0102253180186327,NA
9874001,37,n ɯ m ø h,5,-18.510789566710663,NA,-25.526286904340548,NA,-25.20620087924542,NA,1.139300164226838,NA,1.1393380184036568,NA,1.0014200635832908,NA,1.0015627469235224,NA
9874001,48,n e p y j,5,-16.98879234295367,NA,-21.717938967258256,NA,-21.69222912574372,NA,1.2636746444640563,NA,1.2634932080325365,NA,1.0096114935791205,NA,1.0093200333401624,NA
9874001,47,l e g o h,5,-19.527053505632765,NA,-27.75113638166346,NA,-27.308708531329852,NA,1.2198662238523628,NA,1.2197634326360676,NA,1.0014568108084176,NA,1.0015956377134012,NA
9874001,39,l y v ø h,5,-22.081365336981623,NA,-Inf,NA,-30.783197051114545,NA,1.123537673674444,NA,1.123602990586653,NA,1.0013626948653658,NA,1.0015085655369462,NA
9874001,36,b u ɟ y ʒ,5,-25.21776219641355,NA,-24.02607612181347,NA,-23.4120433072708,NA,1.1548681109073993,NA,1.1548819472629457,NA,1.0073371474025232,NA,1.007168032552784,NA
9874001,48,n ɯ c i c,5,-22.207490302969337,NA,-Inf,NA,-31.27784518309206,NA,1.190125320458985,NA,1.1900702225959,NA,1.000651008188583,NA,1.0008314338114397,NA
9874001,88,l e l i c,5,-21.536362523929785,NA,-31.435382275761945,NA,-30.66420479306158,NA,1.3050220875123175,NA,1.3047680695189283,NA,1.0033784880145589,NA,1.0034146207009211,NA
9874001,73,n u t i v,5,-16.447775065614174,NA,-21.189892153387195,NA,-21.184203947153694,NA,1.2797613550678195,NA,1.27954636548282,NA,1.0249284051823029,NA,1.0237745264935774,NA
9874001,92,ɟ ø c ø c,5,-30.98030987081792,NA,-Inf,NA,-35.04234390027842,NA,1.025304435597176,NA,1.0255444598001535,NA,1,1,1.0002179098838746,1
9874001,47,l e ʒ ɯ ʒ,5,-23.42246110699022,NA,-Inf,NA,-31.37937590764058,NA,1.2326268805400291,NA,1.2325034590587125,NA,1.000599585740761,NA,1.000785798371226,NA
9874001,60,l y g a v,5,-19.4935962146241,NA,-Inf,NA,-27.80790591371226,NA,1.2871157130376376,NA,1.2868816916145254,NA,1.008373111461021,NA,1.0080891173681017,NA
9874001,46,z a ʒ o h,5,-20.01616939621291,NA,-23.3231454652614,NA,-23.200842055018715,NA,1.3161703693104103,NA,1.3159010409835006,NA,1.0043869150779896,NA,1.0043743138247614,NA
9874001,31,v ø ʒ ɯ h,5,-23.024241178401727,NA,-Inf,NA,-30.45570700382361,NA,1.1036756719502918,NA,1.1037711769871554,NA,1.0001956309096838,NA,1.000401295176374,NA
9874001,91,n u t a s,5,-14.726567453647792,NA,-18.016363167590757,NA,-18.02466558703151,NA,1.375248465052452,NA,1.3748549722517678,NA,1.0268849669602398,NA,1.0255614198293237,NA
9874001,48,d͡ʒ o ʒ u ʒ,5,-24.29401030874191,NA,-24.243601785484508,NA,-24.17251025107207,NA,1.127716441668515,NA,1.127775417851205,NA,1.0007051178379167,NA,1.0008859248512416,NA
9874001,86,n i l i s,5,-16.529383592794712,NA,-21.972909806953865,NA,-21.72458759793683,NA,1.262837912142731,NA,1.2626465045153608,NA,1.0115151948241032,NA,1.0110619225343378,NA
9874001,87,m y m y ɾ,5,-16.704255115308886,NA,-13.020817250140125,NA,-13.053521821836997,NA,1.3152884044924409,NA,1.3149976658456903,NA,1.0360942196571266,NA,1.0343698974546898,NA
9874001,40,g ɯ ʃ e ʒ,5,-20.680133976363813,NA,-18.215759687198577,NA,-18.34658379874023,NA,1.2236976698046218,NA,1.2235845791944204,NA,1.0074075246463592,NA,1.007225242015273,NA
9874001,47,f u ʒ a ʒ,5,-22.57009892571624,NA,-23.084878726681055,NA,-23.104809642140214,NA,1.283281237699766,NA,1.283057751040734,NA,1.0022636671308394,NA,1.002350487946775,NA
9874001,86,l e m i m,5,-16.284865608541942,NA,-21.681059717316177,NA,-21.31860352956532,NA,1.380102008877493,NA,1.3797039565377944,NA,1.023384257708429,NA,1.022273629864209,NA
9874001,47,v ɯ ʒ u v,5,-21.86808593813512,NA,-Inf,NA,-26.703531252513827,NA,1.126951629435814,NA,1.1270081147295898,NA,1.000727269349632,NA,1.000902377044206,NA
9874001,59,f u c ø c,5,-26.0945671202964,NA,-Inf,NA,-30.40486528288016,NA,1.0953217853843475,NA,1.0954406909713434,NA,1.0008668994757235,NA,1.001039240543495,NA
9874001,61,t͡ʃ ø ɟ y z,5,-24.87512157612903,NA,-22.11753265394216,NA,-21.28303150118376,NA,1.0902953872221697,NA,1.090415010076083,NA,1.0022148482989617,NA,1.00231031519471,NA
9874001,59,g ɯ d͡ʒ i l,5,-19.64465247954083,NA,-16.929800719720177,NA,-16.98778054263725,NA,1.223765991720176,NA,1.2236495458961485,NA,1.0081634508787554,NA,1.007928985502199,NA
9874001,86,z o ɟ i t,5,-20.9589136182378,NA,-22.968824668964604,NA,-22.49812583794652,NA,1.2408518651515077,NA,1.2406922707790116,NA,1.0084540930642174,NA,1.0081503933184568,NA
9874001,48,g o ɟ i ʒ,5,-24.90517828366109,NA,-25.463316038560684,NA,-25.0238451006757,NA,1.213844639629624,NA,1.21374827950693,NA,1.001203603704403,NA,1.001357562313273,NA
9874001,66,ɫ a ɾ u j,5,-14.988213898012642,NA,-18.225237785879074,NA,-18.23265340120377,NA,1.4806633127456936,NA,1.48010342214873,NA,1.0515741074637193,NA,1.0490474569155095,NA
9874001,84,t i m y ɾ,5,-15.294846811552397,NA,-13.660054019068708,NA,-13.685647803861627,NA,1.3091233520227514,NA,1.3088432638048708,NA,1.0122665021223751,NA,1.011794088919323,NA
9874001,70,m y z a ʒ,5,-19.26885615927756,NA,-16.145731724613096,NA,-16.288993267502523,NA,1.397336491187185,NA,1.3969153080698635,NA,1.0416189337331847,NA,1.0396162450988709,NA
9874001,57,ɟ y ɟ e c,5,-28.306538947779316,NA,-Inf,NA,-32.95524219839198,NA,1.1788422801113725,NA,1.1788073260166032,NA,1.0007066108268936,NA,1.0008808204183293,NA
9874001,44,n u ʒ ɯ ʒ,5,-22.62968325066944,NA,-Inf,NA,-29.197550883061453,NA,1.14000794273881,NA,1.140044772486502,NA,1.0008134367287314,NA,1.0009885521090411,NA
9874001,44,b e v a ʒ,5,-18.887323500746025,NA,-15.872593466040806,NA,-16.021901122917775,NA,1.460613178860639,NA,1.460082582720464,NA,1.0349086258500086,NA,1.033249828288036,NA
9874001,97,k o ɾ a n,5,-14.411209921897514,NA,-12.294347060400495,NA,-12.318134780608212,NA,1.5780166675354677,NA,1.5772563021989838,NA,1.0788840359427352,NA,1.0746155597877969,NA
9874001,70,ɟ y ɟ ø c,5,-30.88964249128854,NA,-Inf,NA,-34.02337567467023,NA,1.0749047338124378,NA,1.0750589613046984,NA,1.0000545077946146,NA,1.0002695361099974,NA
9874001,69,n e n u v,5,-16.389638161368726,NA,-20.325068448436717,NA,-20.31731129385749,NA,1.3208179980421255,NA,1.320538269610069,NA,1.0235487936312362,NA,1.0225154110321275,NA
9874001,48,l i v ø h,5,-20.904794873852836,NA,-Inf,NA,-30.017786917374448,NA,1.1384315211614455,NA,1.138471070171428,NA,1.0021258039899703,NA,1.0022313327026664,NA
9874001,59,n y n u s,5,-16.715340873276865,NA,-20.662916646783795,NA,-20.659392548169652,NA,1.2376893062998182,NA,1.237547081745812,NA,1.0108372213398642,NA,1.0104573725021138,NA
9874001,53,ɫ a n y j,5,-15.527981142957266,NA,-20.048631415631327,NA,-20.029886559218973,NA,1.394546693721347,NA,1.394138324722925,NA,1.0266470238072245,NA,1.0254534974166822,NA
9871892,20,n ɯ c e c,5,-22.009654976643485,NA,-Inf,NA,-30.90854985906133,NA,1.183230340688058,NA,1.18318779269999,NA,1.0009770597047227,NA,1.0011370759656055,NA
9871892,40,f ɯ d y c,5,-21.761233097918407,NA,-23.891747181935735,NA,-23.686632689099905,NA,1.1325830509681372,NA,1.1326353404889125,NA,1.0056072670834837,NA,1.0055261372591189,NA
9871892,28,n u m ø s,5,-18.01717804587876,NA,-23.274555968238037,NA,-23.130003427749006,NA,1.1671298407351371,NA,1.1671135968518798,NA,1.005615073673373,NA,1.005536090751645,NA
9871892,0,l ø ʒ u v,5,-24.17716973587194,NA,-Inf,NA,-28.848175212289668,NA,1.0814626210119913,NA,1.0815977985088008,NA,1.0004564721225957,NA,1.0006458088997068,NA
9871892,75,m y z a z,5,-16.873733531508663,NA,-13.8813816786833,NA,-13.92028821240666,NA,1.414095539116758,NA,1.4136394572206412,NA,1.046379285868822,NA,1.044078620549693,NA
9871892,42,b a ʒ i n,5,-17.80349425450386,NA,-14.791020439297638,NA,-14.925564091251209,NA,1.5193623891917725,NA,1.518711994390168,NA,1.0328627171294904,NA,1.0312294576154004,NA
9871892,48,ɟ y ɟ ø z,5,-28.261172142031192,NA,-Inf,NA,-27.202076859131157,NA,1.0923810950775177,NA,1.0924989300689334,NA,1.0002501387042984,NA,1.0004529214024969,NA
9871892,57,b a j o p,5,-17.147287610817873,NA,-14.064023784516072,NA,-14.101916418410518,NA,1.4125267904421874,NA,1.4120889097497351,NA,1.0381955836146763,NA,1.0363910290645393,NA
9871892,0,v ɯ ʒ o ʒ,5,-24.09804256484363,NA,-Inf,NA,-26.60448713952874,NA,1.094757980140496,NA,1.0948759012986842,NA,1.0004664281367202,NA,1.0006578633208734,NA
9871892,25,b e ʒ y z,5,-20.38453775562813,NA,-17.968651889022336,NA,-17.963773735189676,NA,1.2791360964148726,NA,1.278929028131013,NA,1.0135348320226718,NA,1.0130354616378874,NA
9871892,0,b ø d͡ʒ o ʒ,5,-23.199615484381773,NA,-22.946734860541916,NA,-22.872071478740505,NA,1.121083185876453,NA,1.121155460851373,NA,1.0015584369695272,NA,1.0016920324034493,NA
9871892,28,t͡ʃ ø j o p,5,-20.761162543399134,NA,-16.85312947192674,NA,-16.895892356598512,NA,1.1297760413577145,NA,1.129827321681991,NA,1.0043570596970908,NA,1.004335423634715,NA
9871892,0,ɟ i f e ʒ,5,-23.50725783914693,NA,-25.179036508558365,NA,-24.87841662264246,NA,1.2121684741836356,NA,1.2120754128304632,NA,1.0053026957384814,NA,1.0052306294125322,NA
9871892,47,c e d͡ʒ e t͡ʃ,5,-20.132543384729967,NA,-Inf,NA,-23.078955930544776,NA,1.3025086740061806,NA,1.30225682196575,NA,1.007703124650714,NA,1.0074974497629463,NA
9871892,20,n i m ɯ h,5,-16.125521349527286,NA,-21.514654728099533,NA,-21.48267679386988,NA,1.221402368300542,NA,1.2212936567795851,NA,1.008105939127622,NA,1.0078930238188846,NA
9871892,19,m y p o ʒ,5,-21.062384677092385,NA,-17.12481314942236,NA,-17.238674158015545,NA,1.217353092070428,NA,1.2172586661563085,NA,1.030554594624349,NA,1.0291606916538274,NA
9871892,65,m y d͡ʒ y z,5,-19.055770045147348,NA,-15.489145500909974,NA,-15.51914804312365,NA,1.2205470790782769,NA,1.2204412615879323,NA,1.0297516825712627,NA,1.028399004052331,NA
9871892,0,ɫ o v ø c,5,-22.706813314753763,NA,-Inf,NA,-29.908765850171065,NA,1.1103538449370305,NA,1.1104464091915205,NA,1.0030937070231545,NA,1.0031487260784029,NA
9871892,27,ɫ a g u v,5,-17.315515257959518,NA,-22.20438998670757,NA,-22.1942114842724,NA,1.3402216073124982,NA,1.3399090365344333,NA,1.0047777004065963,NA,1.0047377633341297,NA
9871892,46,g o d͡ʒ ɯ z,5,-19.770537868401828,NA,-17.17904521923025,NA,-17.19916861874007,NA,1.1826737683633608,NA,1.1826307514407104,NA,1.0041826517558374,NA,1.004164363663955,NA
9871892,0,f u ʒ ɯ ʒ,5,-23.9166248803383,NA,-Inf,NA,-28.2987368958237,NA,1.1450967257617637,NA,1.1451247551929438,NA,1.000975915064953,NA,1.0011424929957409,NA
9871892,0,l i v o h,5,-19.595109788952644,NA,-27.49272636985236,NA,-27.15263118582112,NA,1.1574639446613604,NA,1.1574688518675773,NA,1.0022967539016463,NA,1.0023928574967222,NA
9871892,27,g ɯ ɟ ø ʒ,5,-26.888884788763463,NA,-Inf,NA,-25.491689893774726,NA,1.0923427028145285,NA,1.0924665333420214,NA,1.0025458422833493,NA,1.0026299630393898,NA
9871892,22,g o ɟ e ʒ,5,-24.70734295733524,NA,-Inf,NA,-24.892441184593736,NA,1.206949659858697,NA,1.2068658496110196,NA,1.0013992346140868,NA,1.0015409476057728,NA
9871892,56,k a m y ɾ,5,-14.60533667129042,NA,-12.566891947703592,NA,-12.592572980919178,NA,1.5244462014259983,NA,1.5237936084044486,NA,1.062697489208468,NA,1.0595720312963168,NA
9871892,5,n ɯ c y c,5,-23.384060766098123,NA,-Inf,NA,-30.852354594073574,NA,1.099749800486337,NA,1.0998591993321496,NA,1.0003901669756716,NA,1.0005869200881068,NA
9871892,55,l y l y c,5,-24.087338776513203,NA,-Inf,NA,-33.35849160319946,NA,1.1135850424096871,NA,1.1136703680544862,NA,1.000610288249374,NA,1.0007953005759365,NA
9871892,0,g ɯ ʒ ɯ f,5,-21.788275067767113,NA,-Inf,NA,-25.430059507970466,NA,1.155577346931862,NA,1.155582793730333,NA,1.0034694890371534,NA,1.0034952632757648,NA
9871892,0,f u ʒ u ʒ,5,-24.131491850813127,NA,-24.668253654298645,NA,-24.46144519601823,NA,1.1352955974923469,NA,1.135341466415286,NA,1.000975915064953,NA,1.0011424929957409,NA
9871892,33,l y l e j,5,-19.772550808587734,NA,-Inf,NA,-29.111148377195256,NA,1.2167590941862367,NA,1.2166514635372478,NA,1.0045229064430488,NA,1.0044630064259272,NA
9871892,60,t ø ɾ i n,5,-16.410405147059684,NA,-14.831918462189485,NA,-14.86886634674382,NA,1.4208089522804974,NA,1.420327529748208,NA,1.0291017054180784,NA,1.0276334200937636,NA
9871892,0,l i ʒ u v,5,-21.791901518688565,NA,-27.90170599209823,NA,-27.610340559309456,NA,1.1474829849634645,NA,1.1475039403773133,NA,1.0007835188902832,NA,1.000955566256444,NA
9871892,44,v ø l e c,5,-23.323793740357537,NA,-Inf,NA,-33.17836619636902,NA,1.1573076239641735,NA,1.1573097966742572,NA,1.000652103032279,NA,1.0008291941922065,NA
9871892,38,g ɯ ʃ a n,5,-16.88053831059943,NA,-13.952848512019289,NA,-13.993863814055455,NA,1.3804651524522582,NA,1.3800477574614127,NA,1.0360723486113332,NA,1.0341140599250127,NA
9871892,42,ɟ ø ɟ y ʃ,5,-28.382025596923334,NA,-Inf,NA,-27.273964274617327,NA,1.06451562774906,NA,1.064678843072776,NA,1.0016113280727483,NA,1.001729331617179,NA
9871892,54,g a v e n,5,-16.239688851845823,NA,-13.908186943802582,NA,-13.954428963263789,NA,1.5116455492031928,NA,1.51100876623818,NA,1.0347739691193514,NA,1.033012423159234,NA
9871892,53,ɫ o t͡ʃ a v,5,-17.38102037177355,NA,-22.221171339417307,NA,-22.17471603733289,NA,1.2912051431600686,NA,1.2909639988175745,NA,1.0104683496161708,NA,1.010075153889148,NA
9871892,0,h a j o ʒ,5,-19.70425756699943,NA,-16.051747969710995,NA,-16.174734890728512,NA,1.375285896549857,NA,1.374918035761362,NA,1.0416275407035844,NA,1.0396478965275615,NA
9871892,23,b u j ɯ ʒ,5,-20.656800600490904,NA,-Inf,NA,-21.416780472527225,NA,1.226366366213809,NA,1.226253360999328,NA,1.012563203952425,NA,1.0121097739492848,NA
9871892,28,d͡ʒ o t͡ʃ u ʒ,5,-22.25933783885341,NA,-25.407920618685885,NA,-25.226670777169343,NA,1.1389450473591287,NA,1.1389844721552644,NA,1.001545014340632,NA,1.0016802565901464,NA
9871892,53,b e t͡ʃ ø z,5,-19.558563039794212,NA,-16.45022001700887,NA,-16.488509727521837,NA,1.2699076960082727,NA,1.2697183110910075,NA,1.015705436550192,NA,1.0150951236806631,NA
9871892,43,g u m y z,5,-18.91676624227809,NA,-15.093972479028997,NA,-15.137149639038482,NA,1.1894469643775232,NA,1.189394504817783,NA,1.0080570007044969,NA,1.0078402676416895,NA
9871892,52,b i f i z,5,-17.367817790823707,NA,-14.539143873848408,NA,-14.5814801904761,NA,1.3006774174319915,NA,1.300424750199676,NA,1.0215979149021732,NA,1.0206250474382526,NA
9871892,0,d͡ʒ o ʒ o ʒ,5,-24.480705050348092,NA,-23.65144193577017,NA,-23.604853465371203,NA,1.1063477027090305,NA,1.1064455731324747,NA,1.0009007487476005,NA,1.0010693101437411,NA
9871892,45,n y n o s,5,-16.90203561488304,NA,-20.70390771506508,NA,-20.701328454444155,NA,1.2163205673403334,NA,1.2162172370270818,NA,1.00936206536363,NA,1.0090732790913943,NA
9871892,56,t e k o n,5,-14.998265880403986,NA,-12.987925813400334,NA,-13.012766174055423,NA,1.404395408692991,NA,1.4039515023966052,NA,1.0462338914653162,NA,1.043960708572914,NA
9871892,10,m y ʒ i l,5,-20.891058437119632,NA,-18.275024894086325,NA,-18.26894174408407,NA,1.2897352362290226,NA,1.2895048394454542,NA,1.0287321730069334,NA,1.0274260236712516,NA
9871892,2,ɟ i ʒ a ʒ,5,-25.070573459054387,NA,-28.408200172943992,NA,-28.11389151899236,NA,1.2792842518640677,NA,1.2790676617380563,NA,1.001614798833574,NA,1.0017356621916462,NA
9871892,54,t ø l e ɾ,5,-18.092071394057463,NA,-Inf,NA,-23.47218345961383,NA,1.2904993682381145,NA,1.29024438545329,NA,1.015354289300933,NA,1.0146192543931714,NA
9871892,0,ɫ o h ɯ v,5,-18.378732324942018,NA,-24.946669907437375,NA,-24.8696524175722,NA,1.1710082034448943,NA,1.1709872550102671,NA,1.002896280390419,NA,1.0029605848662049,NA
9871892,0,l i ʒ o h,5,-21.63837167405498,NA,-29.2969489690406,NA,-28.811359959835062,NA,1.1271576108556265,NA,1.1272152878236117,NA,1.0003270467676877,NA,1.0005276672406118,NA
9871892,41,n u c e c,5,-22.224521947118312,NA,-Inf,NA,-30.235545793839655,NA,1.1941705486603285,NA,1.1941090729768065,NA,1.001356524171781,NA,1.0014965839651273,NA
9871892,0,v i ɟ y ʒ,5,-24.876386571500724,NA,-25.881186525811604,NA,-25.267184291001364,NA,1.12770092152038,NA,1.1277617239351925,NA,1.0024086378704609,NA,1.0024984923228988,NA
9871892,45,m y ɾ ɯ ɾ,5,-15.856481481342133,NA,-12.944319591547218,NA,-12.972778988107237,NA,1.435298597005871,NA,1.434796547206406,NA,1.053819451965324,NA,1.0510915726346128,NA
9871892,0,n i m ø h,5,-17.836768146508483,NA,-23.90398304309107,NA,-23.591272132676064,NA,1.1712000775717255,NA,1.171182741587048,NA,1.0073974584829106,NA,1.0072250641442173,NA
9871892,9,l e ʒ a v,5,-20.032673267265825,NA,-26.44332906685423,NA,-26.14940301912727,NA,1.3816363028138647,NA,1.381238823618678,NA,1.0061260075164613,NA,1.0059671413264173,NA
9871892,86,m e t e ɾ,5,-13.722605695771906,NA,-12.003654907782868,NA,-12.023346713937531,NA,1.5195622914746405,NA,1.518910401773783,NA,1.0525880770319855,NA,1.0498613480187184,NA
9871892,21,v ø l y j,5,-21.757817351341345,NA,-Inf,NA,-31.916689215783485,NA,1.0935205953372813,NA,1.0936337054213383,NA,1.0001956309096838,NA,1.000401295176374,NA
9871892,19,ɟ i ɟ y c,5,-28.50437427410517,NA,-34.16680202918272,NA,-32.967862578483974,NA,1.110255587396653,NA,1.110346812233538,NA,1.000231209196349,NA,1.000436132364972,NA
9871892,19,ɟ e g u j,5,-21.813613758746683,NA,-Inf,NA,-27.77270366778515,NA,1.2429834228927066,NA,1.2428362044265289,NA,1.0016771227161092,NA,1.0018008835043444,NA
9871892,20,n ø m ø h,5,-20.22203636369186,NA,-27.127441990238378,NA,-26.772419935381528,NA,1.1051797136202524,NA,1.1052765997185356,NA,1.001638791460164,NA,1.00176987702246,NA
9871892,15,ɟ ø ʒ a ʒ,5,-27.45584167623776,NA,-Inf,NA,-28.658578991412625,NA,1.2132638879125943,NA,1.2131615198695442,NA,1.0012877520658865,NA,1.001425904834909,NA
9871892,57,m y k u ɾ,5,-16.16672959638731,NA,-13.647288442981042,NA,-13.67480354663754,NA,1.3486959861244403,NA,1.348345503504382,NA,1.040908137079269,NA,1.0388933343742264,NA
9871892,0,d͡ʒ o c y c,5,-25.0483878241706,NA,-Inf,NA,-30.473206137592207,NA,1.1081996356577295,NA,1.108294413751327,NA,1.0006613125519153,NA,1.000843800829829,NA
9871892,14,b u ʒ i z,5,-20.2946910095022,NA,-18.014965986359083,NA,-17.95706711599841,NA,1.2623842333719226,NA,1.262198009872272,NA,1.0123552595503351,NA,1.01187554012336,NA
9871892,53,n i l e s,5,-16.331548266468857,NA,-22.702137034627185,NA,-22.335041029784072,NA,1.2559429323718037,NA,1.2557640746194505,NA,1.0105370402756846,NA,1.01014499607184,NA
9871892,0,ɟ y ʒ ɯ ʒ,5,-27.593669876805233,NA,-Inf,NA,-32.54585594703615,NA,1.1262058924390637,NA,1.1262665863054913,NA,1.0001090155892292,NA,1.0003211623361203,NA
9871892,0,ɫ a m ɯ j,5,-15.11857151857796,NA,-20.33622952955124,NA,-20.330363342345912,NA,1.4001995331332835,NA,1.3997789734141448,NA,1.017897430130006,NA,1.0171616356786684,NA
9871892,53,m y z e l,5,-18.29810048302488,NA,-15.36637665199515,NA,-15.417853706543786,NA,1.320777681509878,NA,1.3204937774894725,NA,1.0382974481087792,NA,1.0364788587481613,NA
9871892,43,b e j o p,5,-17.621956818911904,NA,-14.710265369997016,NA,-14.747288468151918,NA,1.318235195988115,NA,1.3179604495421229,NA,1.023964703711502,NA,1.0229099718204642,NA
9871892,50,n u g a v,5,-17.32641256884868,NA,-22.17862386284786,NA,-22.142492609172585,NA,1.295558300366401,NA,1.2953096832430069,NA,1.0097861339305134,NA,1.0094276480806197,NA
9871892,48,b e d͡ʒ y z,5,-18.322376643949248,NA,-15.50382960677507,NA,-15.540572147404909,NA,1.291454857997779,NA,1.2912263401344954,NA,1.017144724013624,NA,1.0164538694214755,NA
9871892,30,b u m y ʒ,5,-20.634597061276835,NA,-17.453026450842174,NA,-17.43947379466699,NA,1.203816110471337,NA,1.2037447179670484,NA,1.013503908131295,NA,1.0130055541759393,NA
9871892,15,n u ʒ o h,5,-20.647758491408347,NA,-26.42840069407047,NA,-26.092665911065804,NA,1.120706350697388,NA,1.120775199867318,NA,1.0008134367287314,NA,1.0009885521090411,NA
9871892,26,ɫ o c e j,5,-19.459937199364497,NA,-Inf,NA,-26.8066540964721,NA,1.2048232326919666,NA,1.2047363825587754,NA,1.0060903952169935,NA,1.0059482882890152,NA
9871892,39,b i d͡ʒ ɯ z,5,-18.017662927348493,NA,-14.765156156833983,NA,-14.806093842831208,NA,1.2350324649864008,NA,1.2348988853670513,NA,1.0156682860234614,NA,1.0150462915601737,NA
9871892,43,ɫ a l e ɾ,5,-15.163099753645444,NA,-19.935814013412394,NA,-19.576163843490317,NA,1.474127120354203,NA,1.473554395483853,NA,1.0201936391485853,NA,1.0192033602125234,NA
9871892,88,k o ɾ o n,5,-16.15929758860058,NA,-13.868409821172923,NA,-13.895071028995217,NA,1.4086622883685636,NA,1.408210172854805,NA,1.0325528233779742,NA,1.030997388207983,NA
9871892,17,k ɯ ɟ e h,5,-20.35414713041565,NA,-Inf,NA,-22.976968237654425,NA,1.283235141884312,NA,1.2830152250357565,NA,1.015169372438029,NA,1.0145770800961191,NA
9871892,39,g a m y z,5,-17.355373317181197,NA,-14.240338449458276,NA,-14.287440891901769,NA,1.3908659418471938,NA,1.390465006547887,NA,1.0224670797058462,NA,1.02149027043917,NA
9871892,1,b u j o ʒ,5,-21.05836231257191,NA,-17.548890057056813,NA,-17.6640692648367,NA,1.1951964989849069,NA,1.19514022750294,NA,1.009795703059727,NA,1.0094933961448156,NA
9871892,0,v ɯ ʒ o h,5,-21.714556093501535,NA,-Inf,NA,-27.904550653039433,NA,1.1066262553279758,NA,1.1067194621758885,NA,1.0002707972270364,NA,1.000474478028374,NA
9871892,0,ɫ a ʒ ɯ ʒ,5,-21.057393014683385,NA,-Inf,NA,-26.41048458696313,NA,1.3326568898923266,NA,1.3323604104033762,NA,1.0026538128249567,NA,1.0027322776999663,NA
9871892,14,n e m ɯ v,5,-16.2679106094412,NA,-21.623136884117503,NA,-21.602958834317167,NA,1.3065266810918763,NA,1.3062710632304733,NA,1.0163019738273251,NA,1.015657700859542,NA
9871892,20,j a c ø t͡ʃ,5,-21.596104374841666,NA,-Inf,NA,-22.599644393527782,NA,1.31698528948836,NA,1.316717900772158,NA,1.0178198509358245,NA,1.0171013441808128,NA
9871892,0,l ø ʒ ɯ v,5,-23.962302765397112,NA,-Inf,NA,-31.445776025167124,NA,1.0912637492814083,NA,1.0913810872864589,NA,1.000065210303228,NA,1.0002790383147078,NA
9871892,6,b e ʒ ɯ z,5,-19.881988712701524,NA,-20.15074841057007,NA,-19.602322161163336,NA,1.3088813810464754,NA,1.308620171979486,NA,1.014317355661407,NA,1.0137690028078854,NA
9871892,55,g ɯ d͡ʒ ɯ ʃ,5,-19.48982961121296,NA,-15.852311354959165,NA,-15.901866630957937,NA,1.1748084006569268,NA,1.1747780038271325,NA,1.0097080569984351,NA,1.0093543709655342,NA
9871892,0,v ɯ c i c,5,-23.489154875537356,NA,-Inf,NA,-31.50043512796986,NA,1.1869854330618432,NA,1.186935765181287,NA,1.000596848743176,NA,1.0007801201825397,NA
9871892,3,ɟ ø ʒ ɯ ʒ,5,-28.802367630859823,NA,-Inf,NA,-33.852506245096116,NA,1.0750793759745922,NA,1.075228524021754,NA,1,1,1.0002179098838746,1
9871892,32,ɫ o t i v,5,-16.623572496331185,NA,-21.45944618243926,NA,-21.45667533842388,NA,1.270720527524629,NA,1.2705211729498675,NA,1.0235566532375455,NA,1.0224757433127067,NA
9871892,0,n ɯ g u v,5,-18.672938523470744,NA,-24.97225112201225,NA,-24.798231194095607,NA,1.1366324521867113,NA,1.1366721183407424,NA,1.0015222117456346,NA,1.001653631447348,NA
9871892,17,f u c e c,5,-23.511463576787175,NA,-Inf,NA,-29.336731806601904,NA,1.199259331683282,NA,1.1991890556832483,NA,1.0015190025080027,NA,1.0016505248518268,NA
9871892,14,d͡ʒ a m a ʒ,5,-17.752742677818908,NA,-17.085266867347194,NA,-17.226367434005237,NA,1.5259583015742766,NA,1.5253144134357843,NA,1.0324208128726595,NA,1.0308841077133883,NA
9871892,7,b e ʒ i l,5,-20.157665035921532,NA,-17.87290940676915,NA,-18.003973266743422,NA,1.3606430151485247,NA,1.3602899179920174,NA,1.0147080117893146,NA,1.0141386071612013,NA
9871892,0,b o ʒ y z,5,-21.657956214237167,NA,-17.8013111360532,NA,-17.796202222359895,NA,1.1717379161722383,NA,1.1717166578887983,NA,1.0080619412428775,NA,1.0078502843412198,NA
9871950,66,g ɯ d͡ʒ ɯ ʃ,5,-19.48982961121296,NA,-15.852311354959165,NA,-15.901866630957937,NA,1.1748084006569268,NA,1.1747780038271325,NA,1.0097080569984351,NA,1.0093543709655342,NA
9871950,38,n ɯ c e c,5,-22.009654976643485,NA,-Inf,NA,-30.90854985906133,NA,1.183230340688058,NA,1.18318779269999,NA,1.0009770597047227,NA,1.0011370759656055,NA
9871950,58,b u j ɯ ʒ,5,-20.656800600490904,NA,-Inf,NA,-21.416780472527225,NA,1.226366366213809,NA,1.226253360999328,NA,1.012563203952425,NA,1.0121097739492848,NA
9871950,31,l ø ʒ ɯ v,5,-23.962302765397112,NA,-Inf,NA,-31.445776025167124,NA,1.0912637492814083,NA,1.0913810872864589,NA,1.000065210303228,NA,1.0002790383147078,NA
9871950,37,g a m y z,5,-17.355373317181197,NA,-14.240338449458276,NA,-14.287440891901769,NA,1.3908659418471938,NA,1.390465006547887,NA,1.0224670797058462,NA,1.02149027043917,NA
9871950,36,ɫ o v ø c,5,-22.706813314753763,NA,-Inf,NA,-29.908765850171065,NA,1.1103538449370305,NA,1.1104464091915205,NA,1.0030937070231545,NA,1.0031487260784029,NA
9871950,38,v ɯ ʒ o ʒ,5,-24.09804256484363,NA,-Inf,NA,-26.60448713952874,NA,1.094757980140496,NA,1.0948759012986842,NA,1.0004664281367202,NA,1.0006578633208734,NA
9871950,36,n ɯ g u v,5,-18.672938523470744,NA,-24.97225112201225,NA,-24.798231194095607,NA,1.1366324521867113,NA,1.1366721183407424,NA,1.0015222117456346,NA,1.001653631447348,NA
9871950,69,n ɯ c y c,5,-23.384060766098123,NA,-Inf,NA,-30.852354594073574,NA,1.099749800486337,NA,1.0998591993321496,NA,1.0003901669756716,NA,1.0005869200881068,NA
9871950,64,b a ʒ i n,5,-17.80349425450386,NA,-14.791020439297638,NA,-14.925564091251209,NA,1.5193623891917725,NA,1.518711994390168,NA,1.0328627171294904,NA,1.0312294576154004,NA
9871950,58,t͡ʃ ø j o p,5,-20.761162543399134,NA,-16.85312947192674,NA,-16.895892356598512,NA,1.1297760413577145,NA,1.129827321681991,NA,1.0043570596970908,NA,1.004335423634715,NA
9871950,36,ɫ a ʒ ɯ ʒ,5,-21.057393014683385,NA,-Inf,NA,-26.41048458696313,NA,1.3326568898923266,NA,1.3323604104033762,NA,1.0026538128249567,NA,1.0027322776999663,NA
9871950,56,b e t͡ʃ ø z,5,-19.558563039794212,NA,-16.45022001700887,NA,-16.488509727521837,NA,1.2699076960082727,NA,1.2697183110910075,NA,1.015705436550192,NA,1.0150951236806631,NA
9871950,57,b u m y ʒ,5,-20.634597061276835,NA,-17.453026450842174,NA,-17.43947379466699,NA,1.203816110471337,NA,1.2037447179670484,NA,1.013503908131295,NA,1.0130055541759393,NA
9871950,22,l i v o h,5,-19.595109788952644,NA,-27.49272636985236,NA,-27.15263118582112,NA,1.1574639446613604,NA,1.1574688518675773,NA,1.0022967539016463,NA,1.0023928574967222,NA
9871950,58,b e ʒ y z,5,-20.38453775562813,NA,-17.968651889022336,NA,-17.963773735189676,NA,1.2791360964148726,NA,1.278929028131013,NA,1.0135348320226718,NA,1.0130354616378874,NA
9871950,61,b a j o p,5,-17.147287610817873,NA,-14.064023784516072,NA,-14.101916418410518,NA,1.4125267904421874,NA,1.4120889097497351,NA,1.0381955836146763,NA,1.0363910290645393,NA
9871950,60,t ø ɾ i n,5,-16.410405147059684,NA,-14.831918462189485,NA,-14.86886634674382,NA,1.4208089522804974,NA,1.420327529748208,NA,1.0291017054180784,NA,1.0276334200937636,NA
9871950,30,l ø ʒ u v,5,-24.17716973587194,NA,-Inf,NA,-28.848175212289668,NA,1.0814626210119913,NA,1.0815977985088008,NA,1.0004564721225957,NA,1.0006458088997068,NA
9871950,34,ɫ a g u v,5,-17.315515257959518,NA,-22.20438998670757,NA,-22.1942114842724,NA,1.3402216073124982,NA,1.3399090365344333,NA,1.0047777004065963,NA,1.0047377633341297,NA
9871950,37,v ɯ ʒ o h,5,-21.714556093501535,NA,-Inf,NA,-27.904550653039433,NA,1.1066262553279758,NA,1.1067194621758885,NA,1.0002707972270364,NA,1.000474478028374,NA
9871950,60,g u m y z,5,-18.91676624227809,NA,-15.093972479028997,NA,-15.137149639038482,NA,1.1894469643775232,NA,1.189394504817783,NA,1.0080570007044969,NA,1.0078402676416895,NA
9871950,37,ɟ ø ɟ y ʃ,5,-28.382025596923334,NA,-Inf,NA,-27.273964274617327,NA,1.06451562774906,NA,1.064678843072776,NA,1.0016113280727483,NA,1.001729331617179,NA
9871950,67,m y k u ɾ,5,-16.16672959638731,NA,-13.647288442981042,NA,-13.67480354663754,NA,1.3486959861244403,NA,1.348345503504382,NA,1.040908137079269,NA,1.0388933343742264,NA
9871950,33,l i ʒ o h,5,-21.63837167405498,NA,-29.2969489690406,NA,-28.811359959835062,NA,1.1271576108556265,NA,1.1272152878236117,NA,1.0003270467676877,NA,1.0005276672406118,NA
9871950,62,f ɯ d y c,5,-21.761233097918407,NA,-23.891747181935735,NA,-23.686632689099905,NA,1.1325830509681372,NA,1.1326353404889125,NA,1.0056072670834837,NA,1.0055261372591189,NA
9871950,60,d͡ʒ o t͡ʃ u ʒ,5,-22.25933783885341,NA,-25.407920618685885,NA,-25.226670777169343,NA,1.1389450473591287,NA,1.1389844721552644,NA,1.001545014340632,NA,1.0016802565901464,NA
9871950,30,b e j o p,5,-17.621956818911904,NA,-14.710265369997016,NA,-14.747288468151918,NA,1.318235195988115,NA,1.3179604495421229,NA,1.023964703711502,NA,1.0229099718204642,NA
9871950,32,ɫ o h ɯ v,5,-18.378732324942018,NA,-24.946669907437375,NA,-24.8696524175722,NA,1.1710082034448943,NA,1.1709872550102671,NA,1.002896280390419,NA,1.0029605848662049,NA
9871950,64,n e m ɯ v,5,-16.2679106094412,NA,-21.623136884117503,NA,-21.602958834317167,NA,1.3065266810918763,NA,1.3062710632304733,NA,1.0163019738273251,NA,1.015657700859542,NA
9871950,35,b u ʒ i z,5,-20.2946910095022,NA,-18.014965986359083,NA,-17.95706711599841,NA,1.2623842333719226,NA,1.262198009872272,NA,1.0123552595503351,NA,1.01187554012336,NA
9871950,64,b i d͡ʒ ɯ z,5,-18.017662927348493,NA,-14.765156156833983,NA,-14.806093842831208,NA,1.2350324649864008,NA,1.2348988853670513,NA,1.0156682860234614,NA,1.0150462915601737,NA
9871950,34,d͡ʒ o c y c,5,-25.0483878241706,NA,-Inf,NA,-30.473206137592207,NA,1.1081996356577295,NA,1.108294413751327,NA,1.0006613125519153,NA,1.000843800829829,NA
9871950,62,ɫ a l e ɾ,5,-15.163099753645444,NA,-19.935814013412394,NA,-19.576163843490317,NA,1.474127120354203,NA,1.473554395483853,NA,1.0201936391485853,NA,1.0192033602125234,NA
9871950,33,g o d͡ʒ ɯ z,5,-19.770537868401828,NA,-17.17904521923025,NA,-17.19916861874007,NA,1.1826737683633608,NA,1.1826307514407104,NA,1.0041826517558374,NA,1.004164363663955,NA
9871950,32,k ɯ ɟ e h,5,-20.35414713041565,NA,-Inf,NA,-22.976968237654425,NA,1.283235141884312,NA,1.2830152250357565,NA,1.015169372438029,NA,1.0145770800961191,NA
9871950,27,m y p o ʒ,5,-21.062384677092385,NA,-17.12481314942236,NA,-17.238674158015545,NA,1.217353092070428,NA,1.2172586661563085,NA,1.030554594624349,NA,1.0291606916538274,NA
9871950,37,n y n o s,5,-16.90203561488304,NA,-20.70390771506508,NA,-20.701328454444155,NA,1.2163205673403334,NA,1.2162172370270818,NA,1.00936206536363,NA,1.0090732790913943,NA
9871950,28,ɟ i ʒ a ʒ,5,-25.070573459054387,NA,-28.408200172943992,NA,-28.11389151899236,NA,1.2792842518640677,NA,1.2790676617380563,NA,1.001614798833574,NA,1.0017356621916462,NA
9871950,65,b u j o ʒ,5,-21.05836231257191,NA,-17.548890057056813,NA,-17.6640692648367,NA,1.1951964989849069,NA,1.19514022750294,NA,1.009795703059727,NA,1.0094933961448156,NA
9871950,64,b e ʒ ɯ z,5,-19.881988712701524,NA,-20.15074841057007,NA,-19.602322161163336,NA,1.3088813810464754,NA,1.308620171979486,NA,1.014317355661407,NA,1.0137690028078854,NA
9871950,35,m y ʒ i l,5,-20.891058437119632,NA,-18.275024894086325,NA,-18.26894174408407,NA,1.2897352362290226,NA,1.2895048394454542,NA,1.0287321730069334,NA,1.0274260236712516,NA
9871950,76,m e t e ɾ,5,-13.722605695771906,NA,-12.003654907782868,NA,-12.023346713937531,NA,1.5195622914746405,NA,1.518910401773783,NA,1.0525880770319855,NA,1.0498613480187184,NA
9871950,78,t e k o n,5,-14.998265880403986,NA,-12.987925813400334,NA,-13.012766174055423,NA,1.404395408692991,NA,1.4039515023966052,NA,1.0462338914653162,NA,1.043960708572914,NA
9871950,19,f u ʒ u ʒ,5,-24.131491850813127,NA,-24.668253654298645,NA,-24.46144519601823,NA,1.1352955974923469,NA,1.135341466415286,NA,1.000975915064953,NA,1.0011424929957409,NA
9871950,69,l y l y c,5,-24.087338776513203,NA,-Inf,NA,-33.35849160319946,NA,1.1135850424096871,NA,1.1136703680544862,NA,1.000610288249374,NA,1.0007953005759365,NA
9871950,21,n i m ø h,5,-17.836768146508483,NA,-23.90398304309107,NA,-23.591272132676064,NA,1.1712000775717255,NA,1.171182741587048,NA,1.0073974584829106,NA,1.0072250641442173,NA
9871950,71,ɫ a m ɯ j,5,-15.11857151857796,NA,-20.33622952955124,NA,-20.330363342345912,NA,1.4001995331332835,NA,1.3997789734141448,NA,1.017897430130006,NA,1.0171616356786684,NA
9871950,25,n u c e c,5,-22.224521947118312,NA,-Inf,NA,-30.235545793839655,NA,1.1941705486603285,NA,1.1941090729768065,NA,1.001356524171781,NA,1.0014965839651273,NA
9871950,76,ɫ o c e j,5,-19.459937199364497,NA,-Inf,NA,-26.8066540964721,NA,1.2048232326919666,NA,1.2047363825587754,NA,1.0060903952169935,NA,1.0059482882890152,NA
9871950,24,f u c e c,5,-23.511463576787175,NA,-Inf,NA,-29.336731806601904,NA,1.199259331683282,NA,1.1991890556832483,NA,1.0015190025080027,NA,1.0016505248518268,NA
9871950,21,ɟ y ʒ ɯ ʒ,5,-27.593669876805233,NA,-Inf,NA,-32.54585594703615,NA,1.1262058924390637,NA,1.1262665863054913,NA,1.0001090155892292,NA,1.0003211623361203,NA
9871950,29,m y d͡ʒ y z,5,-19.055770045147348,NA,-15.489145500909974,NA,-15.51914804312365,NA,1.2205470790782769,NA,1.2204412615879323,NA,1.0297516825712627,NA,1.028399004052331,NA
9871950,29,ɟ i f e ʒ,5,-23.50725783914693,NA,-25.179036508558365,NA,-24.87841662264246,NA,1.2121684741836356,NA,1.2120754128304632,NA,1.0053026957384814,NA,1.0052306294125322,NA
9871950,80,k o ɾ o n,5,-16.15929758860058,NA,-13.868409821172923,NA,-13.895071028995217,NA,1.4086622883685636,NA,1.408210172854805,NA,1.0325528233779742,NA,1.030997388207983,NA
9871950,28,b o ʒ y z,5,-21.657956214237167,NA,-17.8013111360532,NA,-17.796202222359895,NA,1.1717379161722383,NA,1.1717166578887983,NA,1.0080619412428775,NA,1.0078502843412198,NA
9871950,70,ɫ o t͡ʃ a v,5,-17.38102037177355,NA,-22.221171339417307,NA,-22.17471603733289,NA,1.2912051431600686,NA,1.2909639988175745,NA,1.0104683496161708,NA,1.010075153889148,NA
9871950,73,ɟ y ɟ ø z,5,-28.261172142031192,NA,-Inf,NA,-27.202076859131157,NA,1.0923810950775177,NA,1.0924989300689334,NA,1.0002501387042984,NA,1.0004529214024969,NA
9871950,34,ɫ o t i v,5,-16.623572496331185,NA,-21.45944618243926,NA,-21.45667533842388,NA,1.270720527524629,NA,1.2705211729498675,NA,1.0235566532375455,NA,1.0224757433127067,NA
9871950,71,n i m ɯ h,5,-16.125521349527286,NA,-21.514654728099533,NA,-21.48267679386988,NA,1.221402368300542,NA,1.2212936567795851,NA,1.008105939127622,NA,1.0078930238188846,NA
9871950,33,d͡ʒ a m a ʒ,5,-17.752742677818908,NA,-17.085266867347194,NA,-17.226367434005237,NA,1.5259583015742766,NA,1.5253144134357843,NA,1.0324208128726595,NA,1.0308841077133883,NA
9871950,26,n u ʒ o h,5,-20.647758491408347,NA,-26.42840069407047,NA,-26.092665911065804,NA,1.120706350697388,NA,1.120775199867318,NA,1.0008134367287314,NA,1.0009885521090411,NA
9871950,30,c e d͡ʒ e t͡ʃ,5,-20.132543384729967,NA,-Inf,NA,-23.078955930544776,NA,1.3025086740061806,NA,1.30225682196575,NA,1.007703124650714,NA,1.0074974497629463,NA
9871950,30,b e d͡ʒ y z,5,-18.322376643949248,NA,-15.50382960677507,NA,-15.540572147404909,NA,1.291454857997779,NA,1.2912263401344954,NA,1.017144724013624,NA,1.0164538694214755,NA
9871950,69,m y ɾ ɯ ɾ,5,-15.856481481342133,NA,-12.944319591547218,NA,-12.972778988107237,NA,1.435298597005871,NA,1.434796547206406,NA,1.053819451965324,NA,1.0510915726346128,NA
9871950,26,v ɯ c i c,5,-23.489154875537356,NA,-Inf,NA,-31.50043512796986,NA,1.1869854330618432,NA,1.186935765181287,NA,1.000596848743176,NA,1.0007801201825397,NA
9871950,25,g ɯ ɟ ø ʒ,5,-26.888884788763463,NA,-Inf,NA,-25.491689893774726,NA,1.0923427028145285,NA,1.0924665333420214,NA,1.0025458422833493,NA,1.0026299630393898,NA
9871950,70,h a j o ʒ,5,-19.70425756699943,NA,-16.051747969710995,NA,-16.174734890728512,NA,1.375285896549857,NA,1.374918035761362,NA,1.0416275407035844,NA,1.0396478965275615,NA
9871950,34,g ɯ ʒ ɯ f,5,-21.788275067767113,NA,-Inf,NA,-25.430059507970466,NA,1.155577346931862,NA,1.155582793730333,NA,1.0034694890371534,NA,1.0034952632757648,NA
9871950,81,k a m y ɾ,5,-14.60533667129042,NA,-12.566891947703592,NA,-12.592572980919178,NA,1.5244462014259983,NA,1.5237936084044486,NA,1.062697489208468,NA,1.0595720312963168,NA
9871950,25,n ø m ø h,5,-20.22203636369186,NA,-27.127441990238378,NA,-26.772419935381528,NA,1.1051797136202524,NA,1.1052765997185356,NA,1.001638791460164,NA,1.00176987702246,NA
9871950,31,v ø l y j,5,-21.757817351341345,NA,-Inf,NA,-31.916689215783485,NA,1.0935205953372813,NA,1.0936337054213383,NA,1.0001956309096838,NA,1.000401295176374,NA
9871950,80,m y z a z,5,-16.873733531508663,NA,-13.8813816786833,NA,-13.92028821240666,NA,1.414095539116758,NA,1.4136394572206412,NA,1.046379285868822,NA,1.044078620549693,NA
9871950,18,j a c ø t͡ʃ,5,-21.596104374841666,NA,-Inf,NA,-22.599644393527782,NA,1.31698528948836,NA,1.316717900772158,NA,1.0178198509358245,NA,1.0171013441808128,NA
9871950,22,b ø d͡ʒ o ʒ,5,-23.199615484381773,NA,-22.946734860541916,NA,-22.872071478740505,NA,1.121083185876453,NA,1.121155460851373,NA,1.0015584369695272,NA,1.0016920324034493,NA
9871950,73,n u g a v,5,-17.32641256884868,NA,-22.17862386284786,NA,-22.142492609172585,NA,1.295558300366401,NA,1.2953096832430069,NA,1.0097861339305134,NA,1.0094276480806197,NA
9871950,23,l y l e j,5,-19.772550808587734,NA,-Inf,NA,-29.111148377195256,NA,1.2167590941862367,NA,1.2166514635372478,NA,1.0045229064430488,NA,1.0044630064259272,NA
9871950,68,d͡ʒ o ʒ o ʒ,5,-24.480705050348092,NA,-23.65144193577017,NA,-23.604853465371203,NA,1.1063477027090305,NA,1.1064455731324747,NA,1.0009007487476005,NA,1.0010693101437411,NA
9871950,65,ɟ ø ʒ ɯ ʒ,5,-28.802367630859823,NA,-Inf,NA,-33.852506245096116,NA,1.0750793759745922,NA,1.075228524021754,NA,1,1,1.0002179098838746,1
9871950,23,ɟ ø ʒ a ʒ,5,-27.45584167623776,NA,-Inf,NA,-28.658578991412625,NA,1.2132638879125943,NA,1.2131615198695442,NA,1.0012877520658865,NA,1.001425904834909,NA
9871950,74,t ø l e ɾ,5,-18.092071394057463,NA,-Inf,NA,-23.47218345961383,NA,1.2904993682381145,NA,1.29024438545329,NA,1.015354289300933,NA,1.0146192543931714,NA
9871950,67,b i f i z,5,-17.367817790823707,NA,-14.539143873848408,NA,-14.5814801904761,NA,1.3006774174319915,NA,1.300424750199676,NA,1.0215979149021732,NA,1.0206250474382526,NA
9871950,27,l i ʒ u v,5,-21.791901518688565,NA,-27.90170599209823,NA,-27.610340559309456,NA,1.1474829849634645,NA,1.1475039403773133,NA,1.0007835188902832,NA,1.000955566256444,NA
9871950,37,g a v e n,5,-16.239688851845823,NA,-13.908186943802582,NA,-13.954428963263789,NA,1.5116455492031928,NA,1.51100876623818,NA,1.0347739691193514,NA,1.033012423159234,NA
9871950,25,g o ɟ e ʒ,5,-24.70734295733524,NA,-Inf,NA,-24.892441184593736,NA,1.206949659858697,NA,1.2068658496110196,NA,1.0013992346140868,NA,1.0015409476057728,NA
9871950,16,g ɯ ʃ a n,5,-16.88053831059943,NA,-13.952848512019289,NA,-13.993863814055455,NA,1.3804651524522582,NA,1.3800477574614127,NA,1.0360723486113332,NA,1.0341140599250127,NA
9871950,27,l e ʒ a v,5,-20.032673267265825,NA,-26.44332906685423,NA,-26.14940301912727,NA,1.3816363028138647,NA,1.381238823618678,NA,1.0061260075164613,NA,1.0059671413264173,NA
9871950,66,f u ʒ ɯ ʒ,5,-23.9166248803383,NA,-Inf,NA,-28.2987368958237,NA,1.1450967257617637,NA,1.1451247551929438,NA,1.000975915064953,NA,1.0011424929957409,NA
9871950,71,v ø l e c,5,-23.323793740357537,NA,-Inf,NA,-33.17836619636902,NA,1.1573076239641735,NA,1.1573097966742572,NA,1.000652103032279,NA,1.0008291941922065,NA
9871950,35,b e ʒ i l,5,-20.157665035921532,NA,-17.87290940676915,NA,-18.003973266743422,NA,1.3606430151485247,NA,1.3602899179920174,NA,1.0147080117893146,NA,1.0141386071612013,NA
9871950,17,ɟ i ɟ y c,5,-28.50437427410517,NA,-34.16680202918272,NA,-32.967862578483974,NA,1.110255587396653,NA,1.110346812233538,NA,1.000231209196349,NA,1.000436132364972,NA
9871950,67,v i ɟ y ʒ,5,-24.876386571500724,NA,-25.881186525811604,NA,-25.267184291001364,NA,1.12770092152038,NA,1.1277617239351925,NA,1.0024086378704609,NA,1.0024984923228988,NA
9871950,66,n i l e s,5,-16.331548266468857,NA,-22.702137034627185,NA,-22.335041029784072,NA,1.2559429323718037,NA,1.2557640746194505,NA,1.0105370402756846,NA,1.01014499607184,NA
9871950,24,n u m ø s,5,-18.01717804587876,NA,-23.274555968238037,NA,-23.130003427749006,NA,1.1671298407351371,NA,1.1671135968518798,NA,1.005615073673373,NA,1.005536090751645,NA
9871950,66,ɟ e g u j,5,-21.813613758746683,NA,-Inf,NA,-27.77270366778515,NA,1.2429834228927066,NA,1.2428362044265289,NA,1.0016771227161092,NA,1.0018008835043444,NA
9871950,69,m y z e l,5,-18.29810048302488,NA,-15.36637665199515,NA,-15.417853706543786,NA,1.320777681509878,NA,1.3204937774894725,NA,1.0382974481087792,NA,1.0364788587481613,NA
9872129,54,t ø l e ɾ,5,-18.092071394057463,NA,-Inf,NA,-23.47218345961383,NA,1.2904993682381145,NA,1.29024438545329,NA,1.015354289300933,NA,1.0146192543931714,NA
9872129,61,j a c ø t͡ʃ,5,-21.596104374841666,NA,-Inf,NA,-22.599644393527782,NA,1.31698528948836,NA,1.316717900772158,NA,1.0178198509358245,NA,1.0171013441808128,NA
9872129,44,f ɯ d y c,5,-21.761233097918407,NA,-23.891747181935735,NA,-23.686632689099905,NA,1.1325830509681372,NA,1.1326353404889125,NA,1.0056072670834837,NA,1.0055261372591189,NA
9872129,46,ɟ i ɟ y c,5,-28.50437427410517,NA,-34.16680202918272,NA,-32.967862578483974,NA,1.110255587396653,NA,1.110346812233538,NA,1.000231209196349,NA,1.000436132364972,NA
9872129,40,t ø ɾ i n,5,-16.410405147059684,NA,-14.831918462189485,NA,-14.86886634674382,NA,1.4208089522804974,NA,1.420327529748208,NA,1.0291017054180784,NA,1.0276334200937636,NA
9872129,29,d͡ʒ o t͡ʃ u ʒ,5,-22.25933783885341,NA,-25.407920618685885,NA,-25.226670777169343,NA,1.1389450473591287,NA,1.1389844721552644,NA,1.001545014340632,NA,1.0016802565901464,NA
9872129,27,l i ʒ u v,5,-21.791901518688565,NA,-27.90170599209823,NA,-27.610340559309456,NA,1.1474829849634645,NA,1.1475039403773133,NA,1.0007835188902832,NA,1.000955566256444,NA
9872129,25,b u j ɯ ʒ,5,-20.656800600490904,NA,-Inf,NA,-21.416780472527225,NA,1.226366366213809,NA,1.226253360999328,NA,1.012563203952425,NA,1.0121097739492848,NA
9872129,45,b e j o p,5,-17.621956818911904,NA,-14.710265369997016,NA,-14.747288468151918,NA,1.318235195988115,NA,1.3179604495421229,NA,1.023964703711502,NA,1.0229099718204642,NA
9872129,92,m e t e ɾ,5,-13.722605695771906,NA,-12.003654907782868,NA,-12.023346713937531,NA,1.5195622914746405,NA,1.518910401773783,NA,1.0525880770319855,NA,1.0498613480187184,NA
9872129,82,m y d͡ʒ y z,5,-19.055770045147348,NA,-15.489145500909974,NA,-15.51914804312365,NA,1.2205470790782769,NA,1.2204412615879323,NA,1.0297516825712627,NA,1.028399004052331,NA
9872129,53,g u m y z,5,-18.91676624227809,NA,-15.093972479028997,NA,-15.137149639038482,NA,1.1894469643775232,NA,1.189394504817783,NA,1.0080570007044969,NA,1.0078402676416895,NA
9872129,28,ɟ i ʒ a ʒ,5,-25.070573459054387,NA,-28.408200172943992,NA,-28.11389151899236,NA,1.2792842518640677,NA,1.2790676617380563,NA,1.001614798833574,NA,1.0017356621916462,NA
9872129,51,d͡ʒ o ʒ o ʒ,5,-24.480705050348092,NA,-23.65144193577017,NA,-23.604853465371203,NA,1.1063477027090305,NA,1.1064455731324747,NA,1.0009007487476005,NA,1.0010693101437411,NA
9872129,67,m y z e l,5,-18.29810048302488,NA,-15.36637665199515,NA,-15.417853706543786,NA,1.320777681509878,NA,1.3204937774894725,NA,1.0382974481087792,NA,1.0364788587481613,NA
9872129,33,g o d͡ʒ ɯ z,5,-19.770537868401828,NA,-17.17904521923025,NA,-17.19916861874007,NA,1.1826737683633608,NA,1.1826307514407104,NA,1.0041826517558374,NA,1.004164363663955,NA
9872129,44,ɟ ø ɟ y ʃ,5,-28.382025596923334,NA,-Inf,NA,-27.273964274617327,NA,1.06451562774906,NA,1.064678843072776,NA,1.0016113280727483,NA,1.001729331617179,NA
9872129,68,g a v e n,5,-16.239688851845823,NA,-13.908186943802582,NA,-13.954428963263789,NA,1.5116455492031928,NA,1.51100876623818,NA,1.0347739691193514,NA,1.033012423159234,NA
9872129,45,b e ʒ ɯ z,5,-19.881988712701524,NA,-20.15074841057007,NA,-19.602322161163336,NA,1.3088813810464754,NA,1.308620171979486,NA,1.014317355661407,NA,1.0137690028078854,NA
9872129,45,b e ʒ y z,5,-20.38453775562813,NA,-17.968651889022336,NA,-17.963773735189676,NA,1.2791360964148726,NA,1.278929028131013,NA,1.0135348320226718,NA,1.0130354616378874,NA
9872129,36,ɫ o h ɯ v,5,-18.378732324942018,NA,-24.946669907437375,NA,-24.8696524175722,NA,1.1710082034448943,NA,1.1709872550102671,NA,1.002896280390419,NA,1.0029605848662049,NA
9872129,61,n e m ɯ v,5,-16.2679106094412,NA,-21.623136884117503,NA,-21.602958834317167,NA,1.3065266810918763,NA,1.3062710632304733,NA,1.0163019738273251,NA,1.015657700859542,NA
9872129,55,d͡ʒ o c y c,5,-25.0483878241706,NA,-Inf,NA,-30.473206137592207,NA,1.1081996356577295,NA,1.108294413751327,NA,1.0006613125519153,NA,1.000843800829829,NA
9872129,36,g ɯ ɟ ø ʒ,5,-26.888884788763463,NA,-Inf,NA,-25.491689893774726,NA,1.0923427028145285,NA,1.0924665333420214,NA,1.0025458422833493,NA,1.0026299630393898,NA
9872129,43,ɫ o t͡ʃ a v,5,-17.38102037177355,NA,-22.221171339417307,NA,-22.17471603733289,NA,1.2912051431600686,NA,1.2909639988175745,NA,1.0104683496161708,NA,1.010075153889148,NA
9872129,42,b ø d͡ʒ o ʒ,5,-23.199615484381773,NA,-22.946734860541916,NA,-22.872071478740505,NA,1.121083185876453,NA,1.121155460851373,NA,1.0015584369695272,NA,1.0016920324034493,NA
9872129,44,v ø l y j,5,-21.757817351341345,NA,-Inf,NA,-31.916689215783485,NA,1.0935205953372813,NA,1.0936337054213383,NA,1.0001956309096838,NA,1.000401295176374,NA
9872129,21,g ɯ d͡ʒ ɯ ʃ,5,-19.48982961121296,NA,-15.852311354959165,NA,-15.901866630957937,NA,1.1748084006569268,NA,1.1747780038271325,NA,1.0097080569984351,NA,1.0093543709655342,NA
9872129,60,ɫ o v ø c,5,-22.706813314753763,NA,-Inf,NA,-29.908765850171065,NA,1.1103538449370305,NA,1.1104464091915205,NA,1.0030937070231545,NA,1.0031487260784029,NA
9872129,75,m y z a z,5,-16.873733531508663,NA,-13.8813816786833,NA,-13.92028821240666,NA,1.414095539116758,NA,1.4136394572206412,NA,1.046379285868822,NA,1.044078620549693,NA
9872129,33,l e ʒ a v,5,-20.032673267265825,NA,-26.44332906685423,NA,-26.14940301912727,NA,1.3816363028138647,NA,1.381238823618678,NA,1.0061260075164613,NA,1.0059671413264173,NA
9872129,70,b a j o p,5,-17.147287610817873,NA,-14.064023784516072,NA,-14.101916418410518,NA,1.4125267904421874,NA,1.4120889097497351,NA,1.0381955836146763,NA,1.0363910290645393,NA
9872129,55,t e k o n,5,-14.998265880403986,NA,-12.987925813400334,NA,-13.012766174055423,NA,1.404395408692991,NA,1.4039515023966052,NA,1.0462338914653162,NA,1.043960708572914,NA
9872129,45,ɫ o t i v,5,-16.623572496331185,NA,-21.45944618243926,NA,-21.45667533842388,NA,1.270720527524629,NA,1.2705211729498675,NA,1.0235566532375455,NA,1.0224757433127067,NA
9872129,59,m y k u ɾ,5,-16.16672959638731,NA,-13.647288442981042,NA,-13.67480354663754,NA,1.3486959861244403,NA,1.348345503504382,NA,1.040908137079269,NA,1.0388933343742264,NA
9872129,30,g a m y z,5,-17.355373317181197,NA,-14.240338449458276,NA,-14.287440891901769,NA,1.3908659418471938,NA,1.390465006547887,NA,1.0224670797058462,NA,1.02149027043917,NA
9872129,45,d͡ʒ a m a ʒ,5,-17.752742677818908,NA,-17.085266867347194,NA,-17.226367434005237,NA,1.5259583015742766,NA,1.5253144134357843,NA,1.0324208128726595,NA,1.0308841077133883,NA
9872129,61,n u ʒ o h,5,-20.647758491408347,NA,-26.42840069407047,NA,-26.092665911065804,NA,1.120706350697388,NA,1.120775199867318,NA,1.0008134367287314,NA,1.0009885521090411,NA
9872129,44,b u ʒ i z,5,-20.2946910095022,NA,-18.014965986359083,NA,-17.95706711599841,NA,1.2623842333719226,NA,1.262198009872272,NA,1.0123552595503351,NA,1.01187554012336,NA
9872129,38,ɟ y ʒ ɯ ʒ,5,-27.593669876805233,NA,-Inf,NA,-32.54585594703615,NA,1.1262058924390637,NA,1.1262665863054913,NA,1.0001090155892292,NA,1.0003211623361203,NA
9872129,43,t͡ʃ ø j o p,5,-20.761162543399134,NA,-16.85312947192674,NA,-16.895892356598512,NA,1.1297760413577145,NA,1.129827321681991,NA,1.0043570596970908,NA,1.004335423634715,NA
9872129,65,b u m y ʒ,5,-20.634597061276835,NA,-17.453026450842174,NA,-17.43947379466699,NA,1.203816110471337,NA,1.2037447179670484,NA,1.013503908131295,NA,1.0130055541759393,NA
9872129,64,l y l e j,5,-19.772550808587734,NA,-Inf,NA,-29.111148377195256,NA,1.2167590941862367,NA,1.2166514635372478,NA,1.0045229064430488,NA,1.0044630064259272,NA
9872129,78,n ø m ø h,5,-20.22203636369186,NA,-27.127441990238378,NA,-26.772419935381528,NA,1.1051797136202524,NA,1.1052765997185356,NA,1.001638791460164,NA,1.00176987702246,NA
9872129,84,m y ʒ i l,5,-20.891058437119632,NA,-18.275024894086325,NA,-18.26894174408407,NA,1.2897352362290226,NA,1.2895048394454542,NA,1.0287321730069334,NA,1.0274260236712516,NA
9872129,29,g o ɟ e ʒ,5,-24.70734295733524,NA,-Inf,NA,-24.892441184593736,NA,1.206949659858697,NA,1.2068658496110196,NA,1.0013992346140868,NA,1.0015409476057728,NA
9872129,70,n i m ø h,5,-17.836768146508483,NA,-23.90398304309107,NA,-23.591272132676064,NA,1.1712000775717255,NA,1.171182741587048,NA,1.0073974584829106,NA,1.0072250641442173,NA
9872129,29,v ɯ c i c,5,-23.489154875537356,NA,-Inf,NA,-31.50043512796986,NA,1.1869854330618432,NA,1.186935765181287,NA,1.000596848743176,NA,1.0007801201825397,NA
9872129,42,l i v o h,5,-19.595109788952644,NA,-27.49272636985236,NA,-27.15263118582112,NA,1.1574639446613604,NA,1.1574688518675773,NA,1.0022967539016463,NA,1.0023928574967222,NA
9872129,26,v ɯ ʒ o ʒ,5,-24.09804256484363,NA,-Inf,NA,-26.60448713952874,NA,1.094757980140496,NA,1.0948759012986842,NA,1.0004664281367202,NA,1.0006578633208734,NA
9872129,68,b e ʒ i l,5,-20.157665035921532,NA,-17.87290940676915,NA,-18.003973266743422,NA,1.3606430151485247,NA,1.3602899179920174,NA,1.0147080117893146,NA,1.0141386071612013,NA
9872129,54,v ø l e c,5,-23.323793740357537,NA,-Inf,NA,-33.17836619636902,NA,1.1573076239641735,NA,1.1573097966742572,NA,1.000652103032279,NA,1.0008291941922065,NA
9872129,33,b a ʒ i n,5,-17.80349425450386,NA,-14.791020439297638,NA,-14.925564091251209,NA,1.5193623891917725,NA,1.518711994390168,NA,1.0328627171294904,NA,1.0312294576154004,NA
9872129,71,ɫ a l e ɾ,5,-15.163099753645444,NA,-19.935814013412394,NA,-19.576163843490317,NA,1.474127120354203,NA,1.473554395483853,NA,1.0201936391485853,NA,1.0192033602125234,NA
9872129,62,ɫ a m ɯ j,5,-15.11857151857796,NA,-20.33622952955124,NA,-20.330363342345912,NA,1.4001995331332835,NA,1.3997789734141448,NA,1.017897430130006,NA,1.0171616356786684,NA
9872129,55,n ɯ c y c,5,-23.384060766098123,NA,-Inf,NA,-30.852354594073574,NA,1.099749800486337,NA,1.0998591993321496,NA,1.0003901669756716,NA,1.0005869200881068,NA
9872129,59,n u c e c,5,-22.224521947118312,NA,-Inf,NA,-30.235545793839655,NA,1.1941705486603285,NA,1.1941090729768065,NA,1.001356524171781,NA,1.0014965839651273,NA
9872129,59,n i l e s,5,-16.331548266468857,NA,-22.702137034627185,NA,-22.335041029784072,NA,1.2559429323718037,NA,1.2557640746194505,NA,1.0105370402756846,NA,1.01014499607184,NA
9872129,56,n y n o s,5,-16.90203561488304,NA,-20.70390771506508,NA,-20.701328454444155,NA,1.2163205673403334,NA,1.2162172370270818,NA,1.00936206536363,NA,1.0090732790913943,NA
9872129,26,v i ɟ y ʒ,5,-24.876386571500724,NA,-25.881186525811604,NA,-25.267184291001364,NA,1.12770092152038,NA,1.1277617239351925,NA,1.0024086378704609,NA,1.0024984923228988,NA
9872129,66,n i m ɯ h,5,-16.125521349527286,NA,-21.514654728099533,NA,-21.48267679386988,NA,1.221402368300542,NA,1.2212936567795851,NA,1.008105939127622,NA,1.0078930238188846,NA
9872129,37,ɫ o c e j,5,-19.459937199364497,NA,-Inf,NA,-26.8066540964721,NA,1.2048232326919666,NA,1.2047363825587754,NA,1.0060903952169935,NA,1.0059482882890152,NA
9872129,24,n ɯ g u v,5,-18.672938523470744,NA,-24.97225112201225,NA,-24.798231194095607,NA,1.1366324521867113,NA,1.1366721183407424,NA,1.0015222117456346,NA,1.001653631447348,NA
9872129,36,b i d͡ʒ ɯ z,5,-18.017662927348493,NA,-14.765156156833983,NA,-14.806093842831208,NA,1.2350324649864008,NA,1.2348988853670513,NA,1.0156682860234614,NA,1.0150462915601737,NA
9872129,27,ɟ ø ʒ ɯ ʒ,5,-28.802367630859823,NA,-Inf,NA,-33.852506245096116,NA,1.0750793759745922,NA,1.075228524021754,NA,1,1,1.0002179098838746,1
9872129,34,n u g a v,5,-17.32641256884868,NA,-22.17862386284786,NA,-22.142492609172585,NA,1.295558300366401,NA,1.2953096832430069,NA,1.0097861339305134,NA,1.0094276480806197,NA
9872129,44,l y l y c,5,-24.087338776513203,NA,-Inf,NA,-33.35849160319946,NA,1.1135850424096871,NA,1.1136703680544862,NA,1.000610288249374,NA,1.0007953005759365,NA
9872129,25,ɫ a ʒ ɯ ʒ,5,-21.057393014683385,NA,-Inf,NA,-26.41048458696313,NA,1.3326568898923266,NA,1.3323604104033762,NA,1.0026538128249567,NA,1.0027322776999663,NA
9872129,24,ɟ ø ʒ a ʒ,5,-27.45584167623776,NA,-Inf,NA,-28.658578991412625,NA,1.2132638879125943,NA,1.2131615198695442,NA,1.0012877520658865,NA,1.001425904834909,NA
9872129,41,ɟ y ɟ ø z,5,-28.261172142031192,NA,-Inf,NA,-27.202076859131157,NA,1.0923810950775177,NA,1.0924989300689334,NA,1.0002501387042984,NA,1.0004529214024969,NA
9872129,64,m y ɾ ɯ ɾ,5,-15.856481481342133,NA,-12.944319591547218,NA,-12.972778988107237,NA,1.435298597005871,NA,1.434796547206406,NA,1.053819451965324,NA,1.0510915726346128,NA
9872129,24,k ɯ ɟ e h,5,-20.35414713041565,NA,-Inf,NA,-22.976968237654425,NA,1.283235141884312,NA,1.2830152250357565,NA,1.015169372438029,NA,1.0145770800961191,NA
9872129,46,g ɯ ʃ a n,5,-16.88053831059943,NA,-13.952848512019289,NA,-13.993863814055455,NA,1.3804651524522582,NA,1.3800477574614127,NA,1.0360723486113332,NA,1.0341140599250127,NA
9872129,44,l ø ʒ ɯ v,5,-23.962302765397112,NA,-Inf,NA,-31.445776025167124,NA,1.0912637492814083,NA,1.0913810872864589,NA,1.000065210303228,NA,1.0002790383147078,NA
9872129,37,l i ʒ o h,5,-21.63837167405498,NA,-29.2969489690406,NA,-28.811359959835062,NA,1.1271576108556265,NA,1.1272152878236117,NA,1.0003270467676877,NA,1.0005276672406118,NA
9872129,29,l ø ʒ u v,5,-24.17716973587194,NA,-Inf,NA,-28.848175212289668,NA,1.0814626210119913,NA,1.0815977985088008,NA,1.0004564721225957,NA,1.0006458088997068,NA
9872129,27,ɟ e g u j,5,-21.813613758746683,NA,-Inf,NA,-27.77270366778515,NA,1.2429834228927066,NA,1.2428362044265289,NA,1.0016771227161092,NA,1.0018008835043444,NA
9872129,17,ɫ a g u v,5,-17.315515257959518,NA,-22.20438998670757,NA,-22.1942114842724,NA,1.3402216073124982,NA,1.3399090365344333,NA,1.0047777004065963,NA,1.0047377633341297,NA
9872129,37,f u c e c,5,-23.511463576787175,NA,-Inf,NA,-29.336731806601904,NA,1.199259331683282,NA,1.1991890556832483,NA,1.0015190025080027,NA,1.0016505248518268,NA
9872129,68,n ɯ c e c,5,-22.009654976643485,NA,-Inf,NA,-30.90854985906133,NA,1.183230340688058,NA,1.18318779269999,NA,1.0009770597047227,NA,1.0011370759656055,NA
9872129,22,f u ʒ u ʒ,5,-24.131491850813127,NA,-24.668253654298645,NA,-24.46144519601823,NA,1.1352955974923469,NA,1.135341466415286,NA,1.000975915064953,NA,1.0011424929957409,NA
9872129,35,k a m y ɾ,5,-14.60533667129042,NA,-12.566891947703592,NA,-12.592572980919178,NA,1.5244462014259983,NA,1.5237936084044486,NA,1.062697489208468,NA,1.0595720312963168,NA
9872129,75,b u j o ʒ,5,-21.05836231257191,NA,-17.548890057056813,NA,-17.6640692648367,NA,1.1951964989849069,NA,1.19514022750294,NA,1.009795703059727,NA,1.0094933961448156,NA
9872129,70,k o ɾ o n,5,-16.15929758860058,NA,-13.868409821172923,NA,-13.895071028995217,NA,1.4086622883685636,NA,1.408210172854805,NA,1.0325528233779742,NA,1.030997388207983,NA
9872129,52,b e t͡ʃ ø z,5,-19.558563039794212,NA,-16.45022001700887,NA,-16.488509727521837,NA,1.2699076960082727,NA,1.2697183110910075,NA,1.015705436550192,NA,1.0150951236806631,NA
9872129,42,b o ʒ y z,5,-21.657956214237167,NA,-17.8013111360532,NA,-17.796202222359895,NA,1.1717379161722383,NA,1.1717166578887983,NA,1.0080619412428775,NA,1.0078502843412198,NA
9872129,33,c e d͡ʒ e t͡ʃ,5,-20.132543384729967,NA,-Inf,NA,-23.078955930544776,NA,1.3025086740061806,NA,1.30225682196575,NA,1.007703124650714,NA,1.0074974497629463,NA
9872129,30,h a j o ʒ,5,-19.70425756699943,NA,-16.051747969710995,NA,-16.174734890728512,NA,1.375285896549857,NA,1.374918035761362,NA,1.0416275407035844,NA,1.0396478965275615,NA
9872129,35,m y p o ʒ,5,-21.062384677092385,NA,-17.12481314942236,NA,-17.238674158015545,NA,1.217353092070428,NA,1.2172586661563085,NA,1.030554594624349,NA,1.0291606916538274,NA
9872129,26,b e d͡ʒ y z,5,-18.322376643949248,NA,-15.50382960677507,NA,-15.540572147404909,NA,1.291454857997779,NA,1.2912263401344954,NA,1.017144724013624,NA,1.0164538694214755,NA
9872129,66,ɟ i f e ʒ,5,-23.50725783914693,NA,-25.179036508558365,NA,-24.87841662264246,NA,1.2121684741836356,NA,1.2120754128304632,NA,1.0053026957384814,NA,1.0052306294125322,NA
9872129,33,n u m ø s,5,-18.01717804587876,NA,-23.274555968238037,NA,-23.130003427749006,NA,1.1671298407351371,NA,1.1671135968518798,NA,1.005615073673373,NA,1.005536090751645,NA
9872129,21,v ɯ ʒ o h,5,-21.714556093501535,NA,-Inf,NA,-27.904550653039433,NA,1.1066262553279758,NA,1.1067194621758885,NA,1.0002707972270364,NA,1.000474478028374,NA
9872129,41,f u ʒ ɯ ʒ,5,-23.9166248803383,NA,-Inf,NA,-28.2987368958237,NA,1.1450967257617637,NA,1.1451247551929438,NA,1.000975915064953,NA,1.0011424929957409,NA
9872129,33,g ɯ ʒ ɯ f,5,-21.788275067767113,NA,-Inf,NA,-25.430059507970466,NA,1.155577346931862,NA,1.155582793730333,NA,1.0034694890371534,NA,1.0034952632757648,NA
9872129,59,b i f i z,5,-17.367817790823707,NA,-14.539143873848408,NA,-14.5814801904761,NA,1.3006774174319915,NA,1.300424750199676,NA,1.0215979149021732,NA,1.0206250474382526,NA
9872391,14,b e ʒ i l,5,-20.157665035921532,NA,-17.87290940676915,NA,-18.003973266743422,NA,1.3606430151485247,NA,1.3602899179920174,NA,1.0147080117893146,NA,1.0141386071612013,NA
9872391,14,v ɯ c i c,5,-23.489154875537356,NA,-Inf,NA,-31.50043512796986,NA,1.1869854330618432,NA,1.186935765181287,NA,1.000596848743176,NA,1.0007801201825397,NA
9872391,51,ɟ e g u j,5,-21.813613758746683,NA,-Inf,NA,-27.77270366778515,NA,1.2429834228927066,NA,1.2428362044265289,NA,1.0016771227161092,NA,1.0018008835043444,NA
9872391,50,j a c ø t͡ʃ,5,-21.596104374841666,NA,-Inf,NA,-22.599644393527782,NA,1.31698528948836,NA,1.316717900772158,NA,1.0178198509358245,NA,1.0171013441808128,NA
9872391,91,k o ɾ o n,5,-16.15929758860058,NA,-13.868409821172923,NA,-13.895071028995217,NA,1.4086622883685636,NA,1.408210172854805,NA,1.0325528233779742,NA,1.030997388207983,NA
9872391,91,k ɯ ɟ e h,5,-20.35414713041565,NA,-Inf,NA,-22.976968237654425,NA,1.283235141884312,NA,1.2830152250357565,NA,1.015169372438029,NA,1.0145770800961191,NA
9872391,93,m y d͡ʒ y z,5,-19.055770045147348,NA,-15.489145500909974,NA,-15.51914804312365,NA,1.2205470790782769,NA,1.2204412615879323,NA,1.0297516825712627,NA,1.028399004052331,NA
9872391,15,f u ʒ u ʒ,5,-24.131491850813127,NA,-24.668253654298645,NA,-24.46144519601823,NA,1.1352955974923469,NA,1.135341466415286,NA,1.000975915064953,NA,1.0011424929957409,NA
9872391,50,m y ɾ ɯ ɾ,5,-15.856481481342133,NA,-12.944319591547218,NA,-12.972778988107237,NA,1.435298597005871,NA,1.434796547206406,NA,1.053819451965324,NA,1.0510915726346128,NA
9872391,13,l ø ʒ ɯ v,5,-23.962302765397112,NA,-Inf,NA,-31.445776025167124,NA,1.0912637492814083,NA,1.0913810872864589,NA,1.000065210303228,NA,1.0002790383147078,NA
9872391,13,b u ʒ i z,5,-20.2946910095022,NA,-18.014965986359083,NA,-17.95706711599841,NA,1.2623842333719226,NA,1.262198009872272,NA,1.0123552595503351,NA,1.01187554012336,NA
9872391,50,t e k o n,5,-14.998265880403986,NA,-12.987925813400334,NA,-13.012766174055423,NA,1.404395408692991,NA,1.4039515023966052,NA,1.0462338914653162,NA,1.043960708572914,NA
9872391,91,g a v e n,5,-16.239688851845823,NA,-13.908186943802582,NA,-13.954428963263789,NA,1.5116455492031928,NA,1.51100876623818,NA,1.0347739691193514,NA,1.033012423159234,NA
9872391,13,h a j o ʒ,5,-19.70425756699943,NA,-16.051747969710995,NA,-16.174734890728512,NA,1.375285896549857,NA,1.374918035761362,NA,1.0416275407035844,NA,1.0396478965275615,NA
9872391,14,b u j o ʒ,5,-21.05836231257191,NA,-17.548890057056813,NA,-17.6640692648367,NA,1.1951964989849069,NA,1.19514022750294,NA,1.009795703059727,NA,1.0094933961448156,NA
9872391,92,g ɯ ʃ a n,5,-16.88053831059943,NA,-13.952848512019289,NA,-13.993863814055455,NA,1.3804651524522582,NA,1.3800477574614127,NA,1.0360723486113332,NA,1.0341140599250127,NA
9872391,92,m y z a z,5,-16.873733531508663,NA,-13.8813816786833,NA,-13.92028821240666,NA,1.414095539116758,NA,1.4136394572206412,NA,1.046379285868822,NA,1.044078620549693,NA
9872391,90,g u m y z,5,-18.91676624227809,NA,-15.093972479028997,NA,-15.137149639038482,NA,1.1894469643775232,NA,1.189394504817783,NA,1.0080570007044969,NA,1.0078402676416895,NA
9872391,13,t ø ɾ i n,5,-16.410405147059684,NA,-14.831918462189485,NA,-14.86886634674382,NA,1.4208089522804974,NA,1.420327529748208,NA,1.0291017054180784,NA,1.0276334200937636,NA
9872391,15,b a j o p,5,-17.147287610817873,NA,-14.064023784516072,NA,-14.101916418410518,NA,1.4125267904421874,NA,1.4120889097497351,NA,1.0381955836146763,NA,1.0363910290645393,NA
9872391,51,m y z e l,5,-18.29810048302488,NA,-15.36637665199515,NA,-15.417853706543786,NA,1.320777681509878,NA,1.3204937774894725,NA,1.0382974481087792,NA,1.0364788587481613,NA
9872391,14,n ɯ g u v,5,-18.672938523470744,NA,-24.97225112201225,NA,-24.798231194095607,NA,1.1366324521867113,NA,1.1366721183407424,NA,1.0015222117456346,NA,1.001653631447348,NA
9872391,14,g a m y z,5,-17.355373317181197,NA,-14.240338449458276,NA,-14.287440891901769,NA,1.3908659418471938,NA,1.390465006547887,NA,1.0224670797058462,NA,1.02149027043917,NA
9872391,13,ɫ a g u v,5,-17.315515257959518,NA,-22.20438998670757,NA,-22.1942114842724,NA,1.3402216073124982,NA,1.3399090365344333,NA,1.0047777004065963,NA,1.0047377633341297,NA
9872391,14,n u g a v,5,-17.32641256884868,NA,-22.17862386284786,NA,-22.142492609172585,NA,1.295558300366401,NA,1.2953096832430069,NA,1.0097861339305134,NA,1.0094276480806197,NA
9872391,51,n ø m ø h,5,-20.22203636369186,NA,-27.127441990238378,NA,-26.772419935381528,NA,1.1051797136202524,NA,1.1052765997185356,NA,1.001638791460164,NA,1.00176987702246,NA
9872391,13,ɫ a m ɯ j,5,-15.11857151857796,NA,-20.33622952955124,NA,-20.330363342345912,NA,1.4001995331332835,NA,1.3997789734141448,NA,1.017897430130006,NA,1.0171616356786684,NA
9872391,51,t͡ʃ ø j o p,5,-20.761162543399134,NA,-16.85312947192674,NA,-16.895892356598512,NA,1.1297760413577145,NA,1.129827321681991,NA,1.0043570596970908,NA,1.004335423634715,NA
9872391,92,n i m ø h,5,-17.836768146508483,NA,-23.90398304309107,NA,-23.591272132676064,NA,1.1712000775717255,NA,1.171182741587048,NA,1.0073974584829106,NA,1.0072250641442173,NA
9872391,15,ɫ a ʒ ɯ ʒ,5,-21.057393014683385,NA,-Inf,NA,-26.41048458696313,NA,1.3326568898923266,NA,1.3323604104033762,NA,1.0026538128249567,NA,1.0027322776999663,NA
9872391,51,n u ʒ o h,5,-20.647758491408347,NA,-26.42840069407047,NA,-26.092665911065804,NA,1.120706350697388,NA,1.120775199867318,NA,1.0008134367287314,NA,1.0009885521090411,NA
9872391,14,l i ʒ u v,5,-21.791901518688565,NA,-27.90170599209823,NA,-27.610340559309456,NA,1.1474829849634645,NA,1.1475039403773133,NA,1.0007835188902832,NA,1.000955566256444,NA
9872391,14,g o ɟ e ʒ,5,-24.70734295733524,NA,-Inf,NA,-24.892441184593736,NA,1.206949659858697,NA,1.2068658496110196,NA,1.0013992346140868,NA,1.0015409476057728,NA
9872391,50,b ø d͡ʒ o ʒ,5,-23.199615484381773,NA,-22.946734860541916,NA,-22.872071478740505,NA,1.121083185876453,NA,1.121155460851373,NA,1.0015584369695272,NA,1.0016920324034493,NA
9872391,14,b i f i z,5,-17.367817790823707,NA,-14.539143873848408,NA,-14.5814801904761,NA,1.3006774174319915,NA,1.300424750199676,NA,1.0215979149021732,NA,1.0206250474382526,NA
9872391,52,c e d͡ʒ e t͡ʃ,5,-20.132543384729967,NA,-Inf,NA,-23.078955930544776,NA,1.3025086740061806,NA,1.30225682196575,NA,1.007703124650714,NA,1.0074974497629463,NA
9872391,51,m y k u ɾ,5,-16.16672959638731,NA,-13.647288442981042,NA,-13.67480354663754,NA,1.3486959861244403,NA,1.348345503504382,NA,1.040908137079269,NA,1.0388933343742264,NA
9872391,90,n u c e c,5,-22.224521947118312,NA,-Inf,NA,-30.235545793839655,NA,1.1941705486603285,NA,1.1941090729768065,NA,1.001356524171781,NA,1.0014965839651273,NA
9872391,15,g ɯ ʒ ɯ f,5,-21.788275067767113,NA,-Inf,NA,-25.430059507970466,NA,1.155577346931862,NA,1.155582793730333,NA,1.0034694890371534,NA,1.0034952632757648,NA
9872391,14,g ɯ ɟ ø ʒ,5,-26.888884788763463,NA,-Inf,NA,-25.491689893774726,NA,1.0923427028145285,NA,1.0924665333420214,NA,1.0025458422833493,NA,1.0026299630393898,NA
9872391,50,n i m ɯ h,5,-16.125521349527286,NA,-21.514654728099533,NA,-21.48267679386988,NA,1.221402368300542,NA,1.2212936567795851,NA,1.008105939127622,NA,1.0078930238188846,NA
9872391,51,b i d͡ʒ ɯ z,5,-18.017662927348493,NA,-14.765156156833983,NA,-14.806093842831208,NA,1.2350324649864008,NA,1.2348988853670513,NA,1.0156682860234614,NA,1.0150462915601737,NA
9872391,91,n y n o s,5,-16.90203561488304,NA,-20.70390771506508,NA,-20.701328454444155,NA,1.2163205673403334,NA,1.2162172370270818,NA,1.00936206536363,NA,1.0090732790913943,NA
9872391,15,v ɯ ʒ o h,5,-21.714556093501535,NA,-Inf,NA,-27.904550653039433,NA,1.1066262553279758,NA,1.1067194621758885,NA,1.0002707972270364,NA,1.000474478028374,NA
9872391,50,ɟ y ɟ ø z,5,-28.261172142031192,NA,-Inf,NA,-27.202076859131157,NA,1.0923810950775177,NA,1.0924989300689334,NA,1.0002501387042984,NA,1.0004529214024969,NA
9872391,14,ɫ o t i v,5,-16.623572496331185,NA,-21.45944618243926,NA,-21.45667533842388,NA,1.270720527524629,NA,1.2705211729498675,NA,1.0235566532375455,NA,1.0224757433127067,NA
9872391,14,v ɯ ʒ o ʒ,5,-24.09804256484363,NA,-Inf,NA,-26.60448713952874,NA,1.094757980140496,NA,1.0948759012986842,NA,1.0004664281367202,NA,1.0006578633208734,NA
9872391,51,ɟ y ʒ ɯ ʒ,5,-27.593669876805233,NA,-Inf,NA,-32.54585594703615,NA,1.1262058924390637,NA,1.1262665863054913,NA,1.0001090155892292,NA,1.0003211623361203,NA
9872391,15,b e ʒ ɯ z,5,-19.881988712701524,NA,-20.15074841057007,NA,-19.602322161163336,NA,1.3088813810464754,NA,1.308620171979486,NA,1.014317355661407,NA,1.0137690028078854,NA
9872391,14,m y p o ʒ,5,-21.062384677092385,NA,-17.12481314942236,NA,-17.238674158015545,NA,1.217353092070428,NA,1.2172586661563085,NA,1.030554594624349,NA,1.0291606916538274,NA
9872391,15,ɟ ø ʒ ɯ ʒ,5,-28.802367630859823,NA,-Inf,NA,-33.852506245096116,NA,1.0750793759745922,NA,1.075228524021754,NA,1,1,1.0002179098838746,1
9872391,50,v ø l y j,5,-21.757817351341345,NA,-Inf,NA,-31.916689215783485,NA,1.0935205953372813,NA,1.0936337054213383,NA,1.0001956309096838,NA,1.000401295176374,NA
9872391,91,l y l y c,5,-24.087338776513203,NA,-Inf,NA,-33.35849160319946,NA,1.1135850424096871,NA,1.1136703680544862,NA,1.000610288249374,NA,1.0007953005759365,NA
9872391,50,n i l e s,5,-16.331548266468857,NA,-22.702137034627185,NA,-22.335041029784072,NA,1.2559429323718037,NA,1.2557640746194505,NA,1.0105370402756846,NA,1.01014499607184,NA
9872391,89,ɫ o c e j,5,-19.459937199364497,NA,-Inf,NA,-26.8066540964721,NA,1.2048232326919666,NA,1.2047363825587754,NA,1.0060903952169935,NA,1.0059482882890152,NA
9872391,13,b a ʒ i n,5,-17.80349425450386,NA,-14.791020439297638,NA,-14.925564091251209,NA,1.5193623891917725,NA,1.518711994390168,NA,1.0328627171294904,NA,1.0312294576154004,NA
9872391,49,ɟ ø ʒ a ʒ,5,-27.45584167623776,NA,-Inf,NA,-28.658578991412625,NA,1.2132638879125943,NA,1.2131615198695442,NA,1.0012877520658865,NA,1.001425904834909,NA
9872391,50,t ø l e ɾ,5,-18.092071394057463,NA,-Inf,NA,-23.47218345961383,NA,1.2904993682381145,NA,1.29024438545329,NA,1.015354289300933,NA,1.0146192543931714,NA
9872391,15,l i v o h,5,-19.595109788952644,NA,-27.49272636985236,NA,-27.15263118582112,NA,1.1574639446613604,NA,1.1574688518675773,NA,1.0022967539016463,NA,1.0023928574967222,NA
9872391,90,m e t e ɾ,5,-13.722605695771906,NA,-12.003654907782868,NA,-12.023346713937531,NA,1.5195622914746405,NA,1.518910401773783,NA,1.0525880770319855,NA,1.0498613480187184,NA
9872391,16,l ø ʒ u v,5,-24.17716973587194,NA,-Inf,NA,-28.848175212289668,NA,1.0814626210119913,NA,1.0815977985088008,NA,1.0004564721225957,NA,1.0006458088997068,NA
9872391,50,b u m y ʒ,5,-20.634597061276835,NA,-17.453026450842174,NA,-17.43947379466699,NA,1.203816110471337,NA,1.2037447179670484,NA,1.013503908131295,NA,1.0130055541759393,NA
9872391,15,g o d͡ʒ ɯ z,5,-19.770537868401828,NA,-17.17904521923025,NA,-17.19916861874007,NA,1.1826737683633608,NA,1.1826307514407104,NA,1.0041826517558374,NA,1.004164363663955,NA
9872391,50,n e m ɯ v,5,-16.2679106094412,NA,-21.623136884117503,NA,-21.602958834317167,NA,1.3065266810918763,NA,1.3062710632304733,NA,1.0163019738273251,NA,1.015657700859542,NA
9872391,15,b e j o p,5,-17.621956818911904,NA,-14.710265369997016,NA,-14.747288468151918,NA,1.318235195988115,NA,1.3179604495421229,NA,1.023964703711502,NA,1.0229099718204642,NA
9872391,51,v ø l e c,5,-23.323793740357537,NA,-Inf,NA,-33.17836619636902,NA,1.1573076239641735,NA,1.1573097966742572,NA,1.000652103032279,NA,1.0008291941922065,NA
9872391,83,b e d͡ʒ y z,5,-18.322376643949248,NA,-15.50382960677507,NA,-15.540572147404909,NA,1.291454857997779,NA,1.2912263401344954,NA,1.017144724013624,NA,1.0164538694214755,NA
9872391,80,ɟ ø ɟ y ʃ,5,-28.382025596923334,NA,-Inf,NA,-27.273964274617327,NA,1.06451562774906,NA,1.064678843072776,NA,1.0016113280727483,NA,1.001729331617179,NA
9872391,65,d͡ʒ a m a ʒ,5,-17.752742677818908,NA,-17.085266867347194,NA,-17.226367434005237,NA,1.5259583015742766,NA,1.5253144134357843,NA,1.0324208128726595,NA,1.0308841077133883,NA
9872391,7,f u ʒ ɯ ʒ,5,-23.9166248803383,NA,-Inf,NA,-28.2987368958237,NA,1.1450967257617637,NA,1.1451247551929438,NA,1.000975915064953,NA,1.0011424929957409,NA
9872391,11,ɟ i ʒ a ʒ,5,-25.070573459054387,NA,-28.408200172943992,NA,-28.11389151899236,NA,1.2792842518640677,NA,1.2790676617380563,NA,1.001614798833574,NA,1.0017356621916462,NA
9872391,52,b e t͡ʃ ø z,5,-19.558563039794212,NA,-16.45022001700887,NA,-16.488509727521837,NA,1.2699076960082727,NA,1.2697183110910075,NA,1.015705436550192,NA,1.0150951236806631,NA
9872391,6,l i ʒ o h,5,-21.63837167405498,NA,-29.2969489690406,NA,-28.811359959835062,NA,1.1271576108556265,NA,1.1272152878236117,NA,1.0003270467676877,NA,1.0005276672406118,NA
9872391,13,n ɯ c e c,5,-22.009654976643485,NA,-Inf,NA,-30.90854985906133,NA,1.183230340688058,NA,1.18318779269999,NA,1.0009770597047227,NA,1.0011370759656055,NA
9872391,17,n u m ø s,5,-18.01717804587876,NA,-23.274555968238037,NA,-23.130003427749006,NA,1.1671298407351371,NA,1.1671135968518798,NA,1.005615073673373,NA,1.005536090751645,NA
9872391,13,b o ʒ y z,5,-21.657956214237167,NA,-17.8013111360532,NA,-17.796202222359895,NA,1.1717379161722383,NA,1.1717166578887983,NA,1.0080619412428775,NA,1.0078502843412198,NA
9872391,25,m y ʒ i l,5,-20.891058437119632,NA,-18.275024894086325,NA,-18.26894174408407,NA,1.2897352362290226,NA,1.2895048394454542,NA,1.0287321730069334,NA,1.0274260236712516,NA
9872391,47,f ɯ d y c,5,-21.761233097918407,NA,-23.891747181935735,NA,-23.686632689099905,NA,1.1325830509681372,NA,1.1326353404889125,NA,1.0056072670834837,NA,1.0055261372591189,NA
9872391,44,d͡ʒ o ʒ o ʒ,5,-24.480705050348092,NA,-23.65144193577017,NA,-23.604853465371203,NA,1.1063477027090305,NA,1.1064455731324747,NA,1.0009007487476005,NA,1.0010693101437411,NA
9872391,26,ɟ i f e ʒ,5,-23.50725783914693,NA,-25.179036508558365,NA,-24.87841662264246,NA,1.2121684741836356,NA,1.2120754128304632,NA,1.0053026957384814,NA,1.0052306294125322,NA
9872391,8,ɫ o v ø c,5,-22.706813314753763,NA,-Inf,NA,-29.908765850171065,NA,1.1103538449370305,NA,1.1104464091915205,NA,1.0030937070231545,NA,1.0031487260784029,NA
9872391,11,ɫ o h ɯ v,5,-18.378732324942018,NA,-24.946669907437375,NA,-24.8696524175722,NA,1.1710082034448943,NA,1.1709872550102671,NA,1.002896280390419,NA,1.0029605848662049,NA
9872391,66,l y l e j,5,-19.772550808587734,NA,-Inf,NA,-29.111148377195256,NA,1.2167590941862367,NA,1.2166514635372478,NA,1.0045229064430488,NA,1.0044630064259272,NA
9872391,10,n ɯ c y c,5,-23.384060766098123,NA,-Inf,NA,-30.852354594073574,NA,1.099749800486337,NA,1.0998591993321496,NA,1.0003901669756716,NA,1.0005869200881068,NA
9872391,13,ɟ i ɟ y c,5,-28.50437427410517,NA,-34.16680202918272,NA,-32.967862578483974,NA,1.110255587396653,NA,1.110346812233538,NA,1.000231209196349,NA,1.000436132364972,NA
9872391,44,d͡ʒ o c y c,5,-25.0483878241706,NA,-Inf,NA,-30.473206137592207,NA,1.1081996356577295,NA,1.108294413751327,NA,1.0006613125519153,NA,1.000843800829829,NA
9872391,60,ɫ a l e ɾ,5,-15.163099753645444,NA,-19.935814013412394,NA,-19.576163843490317,NA,1.474127120354203,NA,1.473554395483853,NA,1.0201936391485853,NA,1.0192033602125234,NA
9872391,55,k a m y ɾ,5,-14.60533667129042,NA,-12.566891947703592,NA,-12.592572980919178,NA,1.5244462014259983,NA,1.5237936084044486,NA,1.062697489208468,NA,1.0595720312963168,NA
9872391,18,g ɯ d͡ʒ ɯ ʃ,5,-19.48982961121296,NA,-15.852311354959165,NA,-15.901866630957937,NA,1.1748084006569268,NA,1.1747780038271325,NA,1.0097080569984351,NA,1.0093543709655342,NA
9872391,14,v i ɟ y ʒ,5,-24.876386571500724,NA,-25.881186525811604,NA,-25.267184291001364,NA,1.12770092152038,NA,1.1277617239351925,NA,1.0024086378704609,NA,1.0024984923228988,NA
9872391,59,b e ʒ y z,5,-20.38453775562813,NA,-17.968651889022336,NA,-17.963773735189676,NA,1.2791360964148726,NA,1.278929028131013,NA,1.0135348320226718,NA,1.0130354616378874,NA
9872391,48,ɫ o t͡ʃ a v,5,-17.38102037177355,NA,-22.221171339417307,NA,-22.17471603733289,NA,1.2912051431600686,NA,1.2909639988175745,NA,1.0104683496161708,NA,1.010075153889148,NA
9872391,57,f u c e c,5,-23.511463576787175,NA,-Inf,NA,-29.336731806601904,NA,1.199259331683282,NA,1.1991890556832483,NA,1.0015190025080027,NA,1.0016505248518268,NA
9872391,13,l e ʒ a v,5,-20.032673267265825,NA,-26.44332906685423,NA,-26.14940301912727,NA,1.3816363028138647,NA,1.381238823618678,NA,1.0061260075164613,NA,1.0059671413264173,NA
9872391,13,b u j ɯ ʒ,5,-20.656800600490904,NA,-Inf,NA,-21.416780472527225,NA,1.226366366213809,NA,1.226253360999328,NA,1.012563203952425,NA,1.0121097739492848,NA
9872391,77,d͡ʒ o t͡ʃ u ʒ,5,-22.25933783885341,NA,-25.407920618685885,NA,-25.226670777169343,NA,1.1389450473591287,NA,1.1389844721552644,NA,1.001545014340632,NA,1.0016802565901464,NA
9872585,0,f u c e c,5,-23.511463576787175,NA,-Inf,NA,-29.336731806601904,NA,1.199259331683282,NA,1.1991890556832483,NA,1.0015190025080027,NA,1.0016505248518268,NA
9872585,20,l y l y c,5,-24.087338776513203,NA,-Inf,NA,-33.35849160319946,NA,1.1135850424096871,NA,1.1136703680544862,NA,1.000610288249374,NA,1.0007953005759365,NA
9872585,0,ɟ ø ʒ a ʒ,5,-27.45584167623776,NA,-Inf,NA,-28.658578991412625,NA,1.2132638879125943,NA,1.2131615198695442,NA,1.0012877520658865,NA,1.001425904834909,NA
9872585,14,v ø l e c,5,-23.323793740357537,NA,-Inf,NA,-33.17836619636902,NA,1.1573076239641735,NA,1.1573097966742572,NA,1.000652103032279,NA,1.0008291941922065,NA
9872585,0,ɟ i ʒ a ʒ,5,-25.070573459054387,NA,-28.408200172943992,NA,-28.11389151899236,NA,1.2792842518640677,NA,1.2790676617380563,NA,1.001614798833574,NA,1.0017356621916462,NA
9872585,0,m y d͡ʒ y z,5,-19.055770045147348,NA,-15.489145500909974,NA,-15.51914804312365,NA,1.2205470790782769,NA,1.2204412615879323,NA,1.0297516825712627,NA,1.028399004052331,NA
9872585,0,b e j o p,5,-17.621956818911904,NA,-14.710265369997016,NA,-14.747288468151918,NA,1.318235195988115,NA,1.3179604495421229,NA,1.023964703711502,NA,1.0229099718204642,NA
9872585,0,c e d͡ʒ e t͡ʃ,5,-20.132543384729967,NA,-Inf,NA,-23.078955930544776,NA,1.3025086740061806,NA,1.30225682196575,NA,1.007703124650714,NA,1.0074974497629463,NA
9872585,0,ɟ i f e ʒ,5,-23.50725783914693,NA,-25.179036508558365,NA,-24.87841662264246,NA,1.2121684741836356,NA,1.2120754128304632,NA,1.0053026957384814,NA,1.0052306294125322,NA
9872585,0,b e ʒ i l,5,-20.157665035921532,NA,-17.87290940676915,NA,-18.003973266743422,NA,1.3606430151485247,NA,1.3602899179920174,NA,1.0147080117893146,NA,1.0141386071612013,NA
9872585,0,b u j o ʒ,5,-21.05836231257191,NA,-17.548890057056813,NA,-17.6640692648367,NA,1.1951964989849069,NA,1.19514022750294,NA,1.009795703059727,NA,1.0094933961448156,NA
9872585,0,d͡ʒ a m a ʒ,5,-17.752742677818908,NA,-17.085266867347194,NA,-17.226367434005237,NA,1.5259583015742766,NA,1.5253144134357843,NA,1.0324208128726595,NA,1.0308841077133883,NA
9872585,0,k ɯ ɟ e h,5,-20.35414713041565,NA,-Inf,NA,-22.976968237654425,NA,1.283235141884312,NA,1.2830152250357565,NA,1.015169372438029,NA,1.0145770800961191,NA
9872585,100,m y ɾ ɯ ɾ,5,-15.856481481342133,NA,-12.944319591547218,NA,-12.972778988107237,NA,1.435298597005871,NA,1.434796547206406,NA,1.053819451965324,NA,1.0510915726346128,NA
9872585,0,b u ʒ i z,5,-20.2946910095022,NA,-18.014965986359083,NA,-17.95706711599841,NA,1.2623842333719226,NA,1.262198009872272,NA,1.0123552595503351,NA,1.01187554012336,NA
9872585,18,l i ʒ o h,5,-21.63837167405498,NA,-29.2969489690406,NA,-28.811359959835062,NA,1.1271576108556265,NA,1.1272152878236117,NA,1.0003270467676877,NA,1.0005276672406118,NA
9872585,0,b e d͡ʒ y z,5,-18.322376643949248,NA,-15.50382960677507,NA,-15.540572147404909,NA,1.291454857997779,NA,1.2912263401344954,NA,1.017144724013624,NA,1.0164538694214755,NA
9872585,21,ɫ a l e ɾ,5,-15.163099753645444,NA,-19.935814013412394,NA,-19.576163843490317,NA,1.474127120354203,NA,1.473554395483853,NA,1.0201936391485853,NA,1.0192033602125234,NA
9872585,0,l ø ʒ ɯ v,5,-23.962302765397112,NA,-Inf,NA,-31.445776025167124,NA,1.0912637492814083,NA,1.0913810872864589,NA,1.000065210303228,NA,1.0002790383147078,NA
9872585,0,n u c e c,5,-22.224521947118312,NA,-Inf,NA,-30.235545793839655,NA,1.1941705486603285,NA,1.1941090729768065,NA,1.001356524171781,NA,1.0014965839651273,NA
9872585,0,b o ʒ y z,5,-21.657956214237167,NA,-17.8013111360532,NA,-17.796202222359895,NA,1.1717379161722383,NA,1.1717166578887983,NA,1.0080619412428775,NA,1.0078502843412198,NA
9872585,0,m y z a z,5,-16.873733531508663,NA,-13.8813816786833,NA,-13.92028821240666,NA,1.414095539116758,NA,1.4136394572206412,NA,1.046379285868822,NA,1.044078620549693,NA
9872585,0,l e ʒ a v,5,-20.032673267265825,NA,-26.44332906685423,NA,-26.14940301912727,NA,1.3816363028138647,NA,1.381238823618678,NA,1.0061260075164613,NA,1.0059671413264173,NA
9872585,14,l ø ʒ u v,5,-24.17716973587194,NA,-Inf,NA,-28.848175212289668,NA,1.0814626210119913,NA,1.0815977985088008,NA,1.0004564721225957,NA,1.0006458088997068,NA
9872585,0,v ø l y j,5,-21.757817351341345,NA,-Inf,NA,-31.916689215783485,NA,1.0935205953372813,NA,1.0936337054213383,NA,1.0001956309096838,NA,1.000401295176374,NA
9872585,17,l i v o h,5,-19.595109788952644,NA,-27.49272636985236,NA,-27.15263118582112,NA,1.1574639446613604,NA,1.1574688518675773,NA,1.0022967539016463,NA,1.0023928574967222,NA
9872585,0,m y p o ʒ,5,-21.062384677092385,NA,-17.12481314942236,NA,-17.238674158015545,NA,1.217353092070428,NA,1.2172586661563085,NA,1.030554594624349,NA,1.0291606916538274,NA
9872585,0,g ɯ d͡ʒ ɯ ʃ,5,-19.48982961121296,NA,-15.852311354959165,NA,-15.901866630957937,NA,1.1748084006569268,NA,1.1747780038271325,NA,1.0097080569984351,NA,1.0093543709655342,NA
9872585,0,ɫ a m ɯ j,5,-15.11857151857796,NA,-20.33622952955124,NA,-20.330363342345912,NA,1.4001995331332835,NA,1.3997789734141448,NA,1.017897430130006,NA,1.0171616356786684,NA
9872585,0,ɫ o c e j,5,-19.459937199364497,NA,-Inf,NA,-26.8066540964721,NA,1.2048232326919666,NA,1.2047363825587754,NA,1.0060903952169935,NA,1.0059482882890152,NA
9872585,0,b e ʒ y z,5,-20.38453775562813,NA,-17.968651889022336,NA,-17.963773735189676,NA,1.2791360964148726,NA,1.278929028131013,NA,1.0135348320226718,NA,1.0130354616378874,NA
9872585,0,k a m y ɾ,5,-14.60533667129042,NA,-12.566891947703592,NA,-12.592572980919178,NA,1.5244462014259983,NA,1.5237936084044486,NA,1.062697489208468,NA,1.0595720312963168,NA
9872585,0,n ø m ø h,5,-20.22203636369186,NA,-27.127441990238378,NA,-26.772419935381528,NA,1.1051797136202524,NA,1.1052765997185356,NA,1.001638791460164,NA,1.00176987702246,NA
9872585,0,h a j o ʒ,5,-19.70425756699943,NA,-16.051747969710995,NA,-16.174734890728512,NA,1.375285896549857,NA,1.374918035761362,NA,1.0416275407035844,NA,1.0396478965275615,NA
9872585,58,ɫ o t͡ʃ a v,5,-17.38102037177355,NA,-22.221171339417307,NA,-22.17471603733289,NA,1.2912051431600686,NA,1.2909639988175745,NA,1.0104683496161708,NA,1.010075153889148,NA
9872585,100,t e k o n,5,-14.998265880403986,NA,-12.987925813400334,NA,-13.012766174055423,NA,1.404395408692991,NA,1.4039515023966052,NA,1.0462338914653162,NA,1.043960708572914,NA
9872585,0,d͡ʒ o t͡ʃ u ʒ,5,-22.25933783885341,NA,-25.407920618685885,NA,-25.226670777169343,NA,1.1389450473591287,NA,1.1389844721552644,NA,1.001545014340632,NA,1.0016802565901464,NA
9872585,100,l i ʒ u v,5,-21.791901518688565,NA,-27.90170599209823,NA,-27.610340559309456,NA,1.1474829849634645,NA,1.1475039403773133,NA,1.0007835188902832,NA,1.000955566256444,NA
9872585,0,g u m y z,5,-18.91676624227809,NA,-15.093972479028997,NA,-15.137149639038482,NA,1.1894469643775232,NA,1.189394504817783,NA,1.0080570007044969,NA,1.0078402676416895,NA
9872585,0,ɟ y ʒ ɯ ʒ,5,-27.593669876805233,NA,-Inf,NA,-32.54585594703615,NA,1.1262058924390637,NA,1.1262665863054913,NA,1.0001090155892292,NA,1.0003211623361203,NA
9872585,0,g ɯ ɟ ø ʒ,5,-26.888884788763463,NA,-Inf,NA,-25.491689893774726,NA,1.0923427028145285,NA,1.0924665333420214,NA,1.0025458422833493,NA,1.0026299630393898,NA
9872585,0,n ɯ g u v,5,-18.672938523470744,NA,-24.97225112201225,NA,-24.798231194095607,NA,1.1366324521867113,NA,1.1366721183407424,NA,1.0015222117456346,NA,1.001653631447348,NA
9872585,0,t ø l e ɾ,5,-18.092071394057463,NA,-Inf,NA,-23.47218345961383,NA,1.2904993682381145,NA,1.29024438545329,NA,1.015354289300933,NA,1.0146192543931714,NA
9872585,100,f u ʒ ɯ ʒ,5,-23.9166248803383,NA,-Inf,NA,-28.2987368958237,NA,1.1450967257617637,NA,1.1451247551929438,NA,1.000975915064953,NA,1.0011424929957409,NA
9872585,100,m y ʒ i l,5,-20.891058437119632,NA,-18.275024894086325,NA,-18.26894174408407,NA,1.2897352362290226,NA,1.2895048394454542,NA,1.0287321730069334,NA,1.0274260236712516,NA
9872585,58,b e t͡ʃ ø z,5,-19.558563039794212,NA,-16.45022001700887,NA,-16.488509727521837,NA,1.2699076960082727,NA,1.2697183110910075,NA,1.015705436550192,NA,1.0150951236806631,NA
9872585,0,n i l e s,5,-16.331548266468857,NA,-22.702137034627185,NA,-22.335041029784072,NA,1.2559429323718037,NA,1.2557640746194505,NA,1.0105370402756846,NA,1.01014499607184,NA
9872585,18,ɫ a g u v,5,-17.315515257959518,NA,-22.20438998670757,NA,-22.1942114842724,NA,1.3402216073124982,NA,1.3399090365344333,NA,1.0047777004065963,NA,1.0047377633341297,NA
9872585,0,n e m ɯ v,5,-16.2679106094412,NA,-21.623136884117503,NA,-21.602958834317167,NA,1.3065266810918763,NA,1.3062710632304733,NA,1.0163019738273251,NA,1.015657700859542,NA
9872585,18,m y z e l,5,-18.29810048302488,NA,-15.36637665199515,NA,-15.417853706543786,NA,1.320777681509878,NA,1.3204937774894725,NA,1.0382974481087792,NA,1.0364788587481613,NA
9872585,24,ɫ o h ɯ v,5,-18.378732324942018,NA,-24.946669907437375,NA,-24.8696524175722,NA,1.1710082034448943,NA,1.1709872550102671,NA,1.002896280390419,NA,1.0029605848662049,NA
9872585,17,k o ɾ o n,5,-16.15929758860058,NA,-13.868409821172923,NA,-13.895071028995217,NA,1.4086622883685636,NA,1.408210172854805,NA,1.0325528233779742,NA,1.030997388207983,NA
9872585,0,b e ʒ ɯ z,5,-19.881988712701524,NA,-20.15074841057007,NA,-19.602322161163336,NA,1.3088813810464754,NA,1.308620171979486,NA,1.014317355661407,NA,1.0137690028078854,NA
9872585,22,n u m ø s,5,-18.01717804587876,NA,-23.274555968238037,NA,-23.130003427749006,NA,1.1671298407351371,NA,1.1671135968518798,NA,1.005615073673373,NA,1.005536090751645,NA
9872585,35,b u j ɯ ʒ,5,-20.656800600490904,NA,-Inf,NA,-21.416780472527225,NA,1.226366366213809,NA,1.226253360999328,NA,1.012563203952425,NA,1.0121097739492848,NA
9872585,30,n y n o s,5,-16.90203561488304,NA,-20.70390771506508,NA,-20.701328454444155,NA,1.2163205673403334,NA,1.2162172370270818,NA,1.00936206536363,NA,1.0090732790913943,NA
9872585,24,ɟ y ɟ ø z,5,-28.261172142031192,NA,-Inf,NA,-27.202076859131157,NA,1.0923810950775177,NA,1.0924989300689334,NA,1.0002501387042984,NA,1.0004529214024969,NA
9872585,88,n ɯ c y c,5,-23.384060766098123,NA,-Inf,NA,-30.852354594073574,NA,1.099749800486337,NA,1.0998591993321496,NA,1.0003901669756716,NA,1.0005869200881068,NA
9872585,4,g o ɟ e ʒ,5,-24.70734295733524,NA,-Inf,NA,-24.892441184593736,NA,1.206949659858697,NA,1.2068658496110196,NA,1.0013992346140868,NA,1.0015409476057728,NA
9872585,26,d͡ʒ o ʒ o ʒ,5,-24.480705050348092,NA,-23.65144193577017,NA,-23.604853465371203,NA,1.1063477027090305,NA,1.1064455731324747,NA,1.0009007487476005,NA,1.0010693101437411,NA
9872585,13,ɟ e g u j,5,-21.813613758746683,NA,-Inf,NA,-27.77270366778515,NA,1.2429834228927066,NA,1.2428362044265289,NA,1.0016771227161092,NA,1.0018008835043444,NA
9872585,76,g ɯ ʒ ɯ f,5,-21.788275067767113,NA,-Inf,NA,-25.430059507970466,NA,1.155577346931862,NA,1.155582793730333,NA,1.0034694890371534,NA,1.0034952632757648,NA
9872585,78,ɟ ø ɟ y ʃ,5,-28.382025596923334,NA,-Inf,NA,-27.273964274617327,NA,1.06451562774906,NA,1.064678843072776,NA,1.0016113280727483,NA,1.001729331617179,NA
9872585,81,d͡ʒ o c y c,5,-25.0483878241706,NA,-Inf,NA,-30.473206137592207,NA,1.1081996356577295,NA,1.108294413751327,NA,1.0006613125519153,NA,1.000843800829829,NA
9872585,85,f ɯ d y c,5,-21.761233097918407,NA,-23.891747181935735,NA,-23.686632689099905,NA,1.1325830509681372,NA,1.1326353404889125,NA,1.0056072670834837,NA,1.0055261372591189,NA
9872585,100,g ɯ ʃ a n,5,-16.88053831059943,NA,-13.952848512019289,NA,-13.993863814055455,NA,1.3804651524522582,NA,1.3800477574614127,NA,1.0360723486113332,NA,1.0341140599250127,NA
9872585,80,m e t e ɾ,5,-13.722605695771906,NA,-12.003654907782868,NA,-12.023346713937531,NA,1.5195622914746405,NA,1.518910401773783,NA,1.0525880770319855,NA,1.0498613480187184,NA
9872585,23,ɫ a ʒ ɯ ʒ,5,-21.057393014683385,NA,-Inf,NA,-26.41048458696313,NA,1.3326568898923266,NA,1.3323604104033762,NA,1.0026538128249567,NA,1.0027322776999663,NA
9872585,87,v ɯ ʒ o ʒ,5,-24.09804256484363,NA,-Inf,NA,-26.60448713952874,NA,1.094757980140496,NA,1.0948759012986842,NA,1.0004664281367202,NA,1.0006578633208734,NA
9872585,87,b a j o p,5,-17.147287610817873,NA,-14.064023784516072,NA,-14.101916418410518,NA,1.4125267904421874,NA,1.4120889097497351,NA,1.0381955836146763,NA,1.0363910290645393,NA
9872585,50,b ø d͡ʒ o ʒ,5,-23.199615484381773,NA,-22.946734860541916,NA,-22.872071478740505,NA,1.121083185876453,NA,1.121155460851373,NA,1.0015584369695272,NA,1.0016920324034493,NA
9872585,28,t ø ɾ i n,5,-16.410405147059684,NA,-14.831918462189485,NA,-14.86886634674382,NA,1.4208089522804974,NA,1.420327529748208,NA,1.0291017054180784,NA,1.0276334200937636,NA
9872585,24,n i m ɯ h,5,-16.125521349527286,NA,-21.514654728099533,NA,-21.48267679386988,NA,1.221402368300542,NA,1.2212936567795851,NA,1.008105939127622,NA,1.0078930238188846,NA
9872585,86,v i ɟ y ʒ,5,-24.876386571500724,NA,-25.881186525811604,NA,-25.267184291001364,NA,1.12770092152038,NA,1.1277617239351925,NA,1.0024086378704609,NA,1.0024984923228988,NA
9872585,22,n u g a v,5,-17.32641256884868,NA,-22.17862386284786,NA,-22.142492609172585,NA,1.295558300366401,NA,1.2953096832430069,NA,1.0097861339305134,NA,1.0094276480806197,NA
9872585,85,m y k u ɾ,5,-16.16672959638731,NA,-13.647288442981042,NA,-13.67480354663754,NA,1.3486959861244403,NA,1.348345503504382,NA,1.040908137079269,NA,1.0388933343742264,NA
9872585,86,ɫ o v ø c,5,-22.706813314753763,NA,-Inf,NA,-29.908765850171065,NA,1.1103538449370305,NA,1.1104464091915205,NA,1.0030937070231545,NA,1.0031487260784029,NA
9872585,89,g o d͡ʒ ɯ z,5,-19.770537868401828,NA,-17.17904521923025,NA,-17.19916861874007,NA,1.1826737683633608,NA,1.1826307514407104,NA,1.0041826517558374,NA,1.004164363663955,NA
9872585,19,j a c ø t͡ʃ,5,-21.596104374841666,NA,-Inf,NA,-22.599644393527782,NA,1.31698528948836,NA,1.316717900772158,NA,1.0178198509358245,NA,1.0171013441808128,NA
9872585,82,v ɯ ʒ o h,5,-21.714556093501535,NA,-Inf,NA,-27.904550653039433,NA,1.1066262553279758,NA,1.1067194621758885,NA,1.0002707972270364,NA,1.000474478028374,NA
9872585,17,ɫ o t i v,5,-16.623572496331185,NA,-21.45944618243926,NA,-21.45667533842388,NA,1.270720527524629,NA,1.2705211729498675,NA,1.0235566532375455,NA,1.0224757433127067,NA
9872585,18,g a v e n,5,-16.239688851845823,NA,-13.908186943802582,NA,-13.954428963263789,NA,1.5116455492031928,NA,1.51100876623818,NA,1.0347739691193514,NA,1.033012423159234,NA
9872585,15,l y l e j,5,-19.772550808587734,NA,-Inf,NA,-29.111148377195256,NA,1.2167590941862367,NA,1.2166514635372478,NA,1.0045229064430488,NA,1.0044630064259272,NA
9872585,11,f u ʒ u ʒ,5,-24.131491850813127,NA,-24.668253654298645,NA,-24.46144519601823,NA,1.1352955974923469,NA,1.135341466415286,NA,1.000975915064953,NA,1.0011424929957409,NA
9872585,85,n ɯ c e c,5,-22.009654976643485,NA,-Inf,NA,-30.90854985906133,NA,1.183230340688058,NA,1.18318779269999,NA,1.0009770597047227,NA,1.0011370759656055,NA
9872585,88,b i f i z,5,-17.367817790823707,NA,-14.539143873848408,NA,-14.5814801904761,NA,1.3006774174319915,NA,1.300424750199676,NA,1.0215979149021732,NA,1.0206250474382526,NA
9872585,86,g a m y z,5,-17.355373317181197,NA,-14.240338449458276,NA,-14.287440891901769,NA,1.3908659418471938,NA,1.390465006547887,NA,1.0224670797058462,NA,1.02149027043917,NA
9872585,93,t͡ʃ ø j o p,5,-20.761162543399134,NA,-16.85312947192674,NA,-16.895892356598512,NA,1.1297760413577145,NA,1.129827321681991,NA,1.0043570596970908,NA,1.004335423634715,NA
9872585,93,n i m ø h,5,-17.836768146508483,NA,-23.90398304309107,NA,-23.591272132676064,NA,1.1712000775717255,NA,1.171182741587048,NA,1.0073974584829106,NA,1.0072250641442173,NA
9872585,84,v ɯ c i c,5,-23.489154875537356,NA,-Inf,NA,-31.50043512796986,NA,1.1869854330618432,NA,1.186935765181287,NA,1.000596848743176,NA,1.0007801201825397,NA
9872585,86,ɟ i ɟ y c,5,-28.50437427410517,NA,-34.16680202918272,NA,-32.967862578483974,NA,1.110255587396653,NA,1.110346812233538,NA,1.000231209196349,NA,1.000436132364972,NA
9872585,86,b u m y ʒ,5,-20.634597061276835,NA,-17.453026450842174,NA,-17.43947379466699,NA,1.203816110471337,NA,1.2037447179670484,NA,1.013503908131295,NA,1.0130055541759393,NA
9872585,92,n u ʒ o h,5,-20.647758491408347,NA,-26.42840069407047,NA,-26.092665911065804,NA,1.120706350697388,NA,1.120775199867318,NA,1.0008134367287314,NA,1.0009885521090411,NA
9872585,35,ɟ ø ʒ ɯ ʒ,5,-28.802367630859823,NA,-Inf,NA,-33.852506245096116,NA,1.0750793759745922,NA,1.075228524021754,NA,1,1,1.0002179098838746,1
9872585,18,b i d͡ʒ ɯ z,5,-18.017662927348493,NA,-14.765156156833983,NA,-14.806093842831208,NA,1.2350324649864008,NA,1.2348988853670513,NA,1.0156682860234614,NA,1.0150462915601737,NA
9872585,11,b a ʒ i n,5,-17.80349425450386,NA,-14.791020439297638,NA,-14.925564091251209,NA,1.5193623891917725,NA,1.518711994390168,NA,1.0328627171294904,NA,1.0312294576154004,NA
9873272,9,v ø l e c,5,-23.323793740357537,NA,-Inf,NA,-33.17836619636902,NA,1.1573076239641735,NA,1.1573097966742572,NA,1.000652103032279,NA,1.0008291941922065,NA
9873272,45,l e ʒ a v,5,-20.032673267265825,NA,-26.44332906685423,NA,-26.14940301912727,NA,1.3816363028138647,NA,1.381238823618678,NA,1.0061260075164613,NA,1.0059671413264173,NA
9873272,57,b u j ɯ ʒ,5,-20.656800600490904,NA,-Inf,NA,-21.416780472527225,NA,1.226366366213809,NA,1.226253360999328,NA,1.012563203952425,NA,1.0121097739492848,NA
9873272,53,g a v e n,5,-16.239688851845823,NA,-13.908186943802582,NA,-13.954428963263789,NA,1.5116455492031928,NA,1.51100876623818,NA,1.0347739691193514,NA,1.033012423159234,NA
9873272,15,ɟ i f e ʒ,5,-23.50725783914693,NA,-25.179036508558365,NA,-24.87841662264246,NA,1.2121684741836356,NA,1.2120754128304632,NA,1.0053026957384814,NA,1.0052306294125322,NA
9873272,70,n u m ø s,5,-18.01717804587876,NA,-23.274555968238037,NA,-23.130003427749006,NA,1.1671298407351371,NA,1.1671135968518798,NA,1.005615073673373,NA,1.005536090751645,NA
9873272,0,ɟ y ʒ ɯ ʒ,5,-27.593669876805233,NA,-Inf,NA,-32.54585594703615,NA,1.1262058924390637,NA,1.1262665863054913,NA,1.0001090155892292,NA,1.0003211623361203,NA
9873272,62,ɟ e g u j,5,-21.813613758746683,NA,-Inf,NA,-27.77270366778515,NA,1.2429834228927066,NA,1.2428362044265289,NA,1.0016771227161092,NA,1.0018008835043444,NA
9873272,1,n e m ɯ v,5,-16.2679106094412,NA,-21.623136884117503,NA,-21.602958834317167,NA,1.3065266810918763,NA,1.3062710632304733,NA,1.0163019738273251,NA,1.015657700859542,NA
9873272,80,m y k u ɾ,5,-16.16672959638731,NA,-13.647288442981042,NA,-13.67480354663754,NA,1.3486959861244403,NA,1.348345503504382,NA,1.040908137079269,NA,1.0388933343742264,NA
9873272,0,ɟ i ʒ a ʒ,5,-25.070573459054387,NA,-28.408200172943992,NA,-28.11389151899236,NA,1.2792842518640677,NA,1.2790676617380563,NA,1.001614798833574,NA,1.0017356621916462,NA
9873272,27,n ɯ c y c,5,-23.384060766098123,NA,-Inf,NA,-30.852354594073574,NA,1.099749800486337,NA,1.0998591993321496,NA,1.0003901669756716,NA,1.0005869200881068,NA
9873272,85,g ɯ d͡ʒ ɯ ʃ,5,-19.48982961121296,NA,-15.852311354959165,NA,-15.901866630957937,NA,1.1748084006569268,NA,1.1747780038271325,NA,1.0097080569984351,NA,1.0093543709655342,NA
9873272,93,g ɯ ʃ a n,5,-16.88053831059943,NA,-13.952848512019289,NA,-13.993863814055455,NA,1.3804651524522582,NA,1.3800477574614127,NA,1.0360723486113332,NA,1.0341140599250127,NA
9873272,8,b o ʒ y z,5,-21.657956214237167,NA,-17.8013111360532,NA,-17.796202222359895,NA,1.1717379161722383,NA,1.1717166578887983,NA,1.0080619412428775,NA,1.0078502843412198,NA
9873272,4,ɫ a ʒ ɯ ʒ,5,-21.057393014683385,NA,-Inf,NA,-26.41048458696313,NA,1.3326568898923266,NA,1.3323604104033762,NA,1.0026538128249567,NA,1.0027322776999663,NA
9873272,100,ɫ o c e j,5,-19.459937199364497,NA,-Inf,NA,-26.8066540964721,NA,1.2048232326919666,NA,1.2047363825587754,NA,1.0060903952169935,NA,1.0059482882890152,NA
9873272,72,l ø ʒ ɯ v,5,-23.962302765397112,NA,-Inf,NA,-31.445776025167124,NA,1.0912637492814083,NA,1.0913810872864589,NA,1.000065210303228,NA,1.0002790383147078,NA
9873272,88,m y d͡ʒ y z,5,-19.055770045147348,NA,-15.489145500909974,NA,-15.51914804312365,NA,1.2205470790782769,NA,1.2204412615879323,NA,1.0297516825712627,NA,1.028399004052331,NA
9873272,92,f ɯ d y c,5,-21.761233097918407,NA,-23.891747181935735,NA,-23.686632689099905,NA,1.1325830509681372,NA,1.1326353404889125,NA,1.0056072670834837,NA,1.0055261372591189,NA
9873272,82,n u c e c,5,-22.224521947118312,NA,-Inf,NA,-30.235545793839655,NA,1.1941705486603285,NA,1.1941090729768065,NA,1.001356524171781,NA,1.0014965839651273,NA
9873272,0,ɟ ø ʒ a ʒ,5,-27.45584167623776,NA,-Inf,NA,-28.658578991412625,NA,1.2132638879125943,NA,1.2131615198695442,NA,1.0012877520658865,NA,1.001425904834909,NA
9873272,2,v i ɟ y ʒ,5,-24.876386571500724,NA,-25.881186525811604,NA,-25.267184291001364,NA,1.12770092152038,NA,1.1277617239351925,NA,1.0024086378704609,NA,1.0024984923228988,NA
9873272,85,l y l e j,5,-19.772550808587734,NA,-Inf,NA,-29.111148377195256,NA,1.2167590941862367,NA,1.2166514635372478,NA,1.0045229064430488,NA,1.0044630064259272,NA
9873272,19,l i ʒ u v,5,-21.791901518688565,NA,-27.90170599209823,NA,-27.610340559309456,NA,1.1474829849634645,NA,1.1475039403773133,NA,1.0007835188902832,NA,1.000955566256444,NA
9873272,93,m e t e ɾ,5,-13.722605695771906,NA,-12.003654907782868,NA,-12.023346713937531,NA,1.5195622914746405,NA,1.518910401773783,NA,1.0525880770319855,NA,1.0498613480187184,NA
9873272,2,g ɯ ʒ ɯ f,5,-21.788275067767113,NA,-Inf,NA,-25.430059507970466,NA,1.155577346931862,NA,1.155582793730333,NA,1.0034694890371534,NA,1.0034952632757648,NA
9873272,2,l i ʒ o h,5,-21.63837167405498,NA,-29.2969489690406,NA,-28.811359959835062,NA,1.1271576108556265,NA,1.1272152878236117,NA,1.0003270467676877,NA,1.0005276672406118,NA
9873272,100,k o ɾ o n,5,-16.15929758860058,NA,-13.868409821172923,NA,-13.895071028995217,NA,1.4086622883685636,NA,1.408210172854805,NA,1.0325528233779742,NA,1.030997388207983,NA
9873272,0,n i m ø h,5,-17.836768146508483,NA,-23.90398304309107,NA,-23.591272132676064,NA,1.1712000775717255,NA,1.171182741587048,NA,1.0073974584829106,NA,1.0072250641442173,NA
9873272,6,l ø ʒ u v,5,-24.17716973587194,NA,-Inf,NA,-28.848175212289668,NA,1.0814626210119913,NA,1.0815977985088008,NA,1.0004564721225957,NA,1.0006458088997068,NA
9873272,7,d͡ʒ a m a ʒ,5,-17.752742677818908,NA,-17.085266867347194,NA,-17.226367434005237,NA,1.5259583015742766,NA,1.5253144134357843,NA,1.0324208128726595,NA,1.0308841077133883,NA
9873272,81,l y l y c,5,-24.087338776513203,NA,-Inf,NA,-33.35849160319946,NA,1.1135850424096871,NA,1.1136703680544862,NA,1.000610288249374,NA,1.0007953005759365,NA
9873272,9,n i m ɯ h,5,-16.125521349527286,NA,-21.514654728099533,NA,-21.48267679386988,NA,1.221402368300542,NA,1.2212936567795851,NA,1.008105939127622,NA,1.0078930238188846,NA
9873272,6,c e d͡ʒ e t͡ʃ,5,-20.132543384729967,NA,-Inf,NA,-23.078955930544776,NA,1.3025086740061806,NA,1.30225682196575,NA,1.007703124650714,NA,1.0074974497629463,NA
9873272,89,g u m y z,5,-18.91676624227809,NA,-15.093972479028997,NA,-15.137149639038482,NA,1.1894469643775232,NA,1.189394504817783,NA,1.0080570007044969,NA,1.0078402676416895,NA
9873272,91,b a ʒ i n,5,-17.80349425450386,NA,-14.791020439297638,NA,-14.925564091251209,NA,1.5193623891917725,NA,1.518711994390168,NA,1.0328627171294904,NA,1.0312294576154004,NA
9873272,0,f u ʒ u ʒ,5,-24.131491850813127,NA,-24.668253654298645,NA,-24.46144519601823,NA,1.1352955974923469,NA,1.135341466415286,NA,1.000975915064953,NA,1.0011424929957409,NA
9873272,92,t ø ɾ i n,5,-16.410405147059684,NA,-14.831918462189485,NA,-14.86886634674382,NA,1.4208089522804974,NA,1.420327529748208,NA,1.0291017054180784,NA,1.0276334200937636,NA
9873272,84,d͡ʒ o c y c,5,-25.0483878241706,NA,-Inf,NA,-30.473206137592207,NA,1.1081996356577295,NA,1.108294413751327,NA,1.0006613125519153,NA,1.000843800829829,NA
9873272,89,g a m y z,5,-17.355373317181197,NA,-14.240338449458276,NA,-14.287440891901769,NA,1.3908659418471938,NA,1.390465006547887,NA,1.0224670797058462,NA,1.02149027043917,NA
9873272,32,n ɯ c e c,5,-22.009654976643485,NA,-Inf,NA,-30.90854985906133,NA,1.183230340688058,NA,1.18318779269999,NA,1.0009770597047227,NA,1.0011370759656055,NA
9873272,44,ɫ a g u v,5,-17.315515257959518,NA,-22.20438998670757,NA,-22.1942114842724,NA,1.3402216073124982,NA,1.3399090365344333,NA,1.0047777004065963,NA,1.0047377633341297,NA
9873272,87,n i l e s,5,-16.331548266468857,NA,-22.702137034627185,NA,-22.335041029784072,NA,1.2559429323718037,NA,1.2557640746194505,NA,1.0105370402756846,NA,1.01014499607184,NA
9873272,0,v ɯ ʒ o ʒ,5,-24.09804256484363,NA,-Inf,NA,-26.60448713952874,NA,1.094757980140496,NA,1.0948759012986842,NA,1.0004664281367202,NA,1.0006578633208734,NA
9873272,0,g o ɟ e ʒ,5,-24.70734295733524,NA,-Inf,NA,-24.892441184593736,NA,1.206949659858697,NA,1.2068658496110196,NA,1.0013992346140868,NA,1.0015409476057728,NA
9873272,94,t e k o n,5,-14.998265880403986,NA,-12.987925813400334,NA,-13.012766174055423,NA,1.404395408692991,NA,1.4039515023966052,NA,1.0462338914653162,NA,1.043960708572914,NA
9873272,45,n u g a v,5,-17.32641256884868,NA,-22.17862386284786,NA,-22.142492609172585,NA,1.295558300366401,NA,1.2953096832430069,NA,1.0097861339305134,NA,1.0094276480806197,NA
9873272,77,b e t͡ʃ ø z,5,-19.558563039794212,NA,-16.45022001700887,NA,-16.488509727521837,NA,1.2699076960082727,NA,1.2697183110910075,NA,1.015705436550192,NA,1.0150951236806631,NA
9873272,7,ɫ o t i v,5,-16.623572496331185,NA,-21.45944618243926,NA,-21.45667533842388,NA,1.270720527524629,NA,1.2705211729498675,NA,1.0235566532375455,NA,1.0224757433127067,NA
9873272,9,b u j o ʒ,5,-21.05836231257191,NA,-17.548890057056813,NA,-17.6640692648367,NA,1.1951964989849069,NA,1.19514022750294,NA,1.009795703059727,NA,1.0094933961448156,NA
9873272,93,m y z e l,5,-18.29810048302488,NA,-15.36637665199515,NA,-15.417853706543786,NA,1.320777681509878,NA,1.3204937774894725,NA,1.0382974481087792,NA,1.0364788587481613,NA
9873272,21,ɫ o t͡ʃ a v,5,-17.38102037177355,NA,-22.221171339417307,NA,-22.17471603733289,NA,1.2912051431600686,NA,1.2909639988175745,NA,1.0104683496161708,NA,1.010075153889148,NA
9873272,85,ɫ a l e ɾ,5,-15.163099753645444,NA,-19.935814013412394,NA,-19.576163843490317,NA,1.474127120354203,NA,1.473554395483853,NA,1.0201936391485853,NA,1.0192033602125234,NA
9873272,84,g o d͡ʒ ɯ z,5,-19.770537868401828,NA,-17.17904521923025,NA,-17.19916861874007,NA,1.1826737683633608,NA,1.1826307514407104,NA,1.0041826517558374,NA,1.004164363663955,NA
9873272,85,ɟ y ɟ ø z,5,-28.261172142031192,NA,-Inf,NA,-27.202076859131157,NA,1.0923810950775177,NA,1.0924989300689334,NA,1.0002501387042984,NA,1.0004529214024969,NA
9873272,27,v ø l y j,5,-21.757817351341345,NA,-Inf,NA,-31.916689215783485,NA,1.0935205953372813,NA,1.0936337054213383,NA,1.0001956309096838,NA,1.000401295176374,NA
9873272,90,b a j o p,5,-17.147287610817873,NA,-14.064023784516072,NA,-14.101916418410518,NA,1.4125267904421874,NA,1.4120889097497351,NA,1.0381955836146763,NA,1.0363910290645393,NA
9873272,55,b e ʒ y z,5,-20.38453775562813,NA,-17.968651889022336,NA,-17.963773735189676,NA,1.2791360964148726,NA,1.278929028131013,NA,1.0135348320226718,NA,1.0130354616378874,NA
9873272,4,b u m y ʒ,5,-20.634597061276835,NA,-17.453026450842174,NA,-17.43947379466699,NA,1.203816110471337,NA,1.2037447179670484,NA,1.013503908131295,NA,1.0130055541759393,NA
9873272,82,b i f i z,5,-17.367817790823707,NA,-14.539143873848408,NA,-14.5814801904761,NA,1.3006774174319915,NA,1.300424750199676,NA,1.0215979149021732,NA,1.0206250474382526,NA
9873272,77,b e d͡ʒ y z,5,-18.322376643949248,NA,-15.50382960677507,NA,-15.540572147404909,NA,1.291454857997779,NA,1.2912263401344954,NA,1.017144724013624,NA,1.0164538694214755,NA
9873272,14,j a c ø t͡ʃ,5,-21.596104374841666,NA,-Inf,NA,-22.599644393527782,NA,1.31698528948836,NA,1.316717900772158,NA,1.0178198509358245,NA,1.0171013441808128,NA
9873272,7,b e ʒ i l,5,-20.157665035921532,NA,-17.87290940676915,NA,-18.003973266743422,NA,1.3606430151485247,NA,1.3602899179920174,NA,1.0147080117893146,NA,1.0141386071612013,NA
9873272,5,g ɯ ɟ ø ʒ,5,-26.888884788763463,NA,-Inf,NA,-25.491689893774726,NA,1.0923427028145285,NA,1.0924665333420214,NA,1.0025458422833493,NA,1.0026299630393898,NA
9873272,41,ɟ ø ɟ y ʃ,5,-28.382025596923334,NA,-Inf,NA,-27.273964274617327,NA,1.06451562774906,NA,1.064678843072776,NA,1.0016113280727483,NA,1.001729331617179,NA
9873272,7,b u ʒ i z,5,-20.2946910095022,NA,-18.014965986359083,NA,-17.95706711599841,NA,1.2623842333719226,NA,1.262198009872272,NA,1.0123552595503351,NA,1.01187554012336,NA
9873272,75,k a m y ɾ,5,-14.60533667129042,NA,-12.566891947703592,NA,-12.592572980919178,NA,1.5244462014259983,NA,1.5237936084044486,NA,1.062697489208468,NA,1.0595720312963168,NA
9873272,0,ɟ ø ʒ ɯ ʒ,5,-28.802367630859823,NA,-Inf,NA,-33.852506245096116,NA,1.0750793759745922,NA,1.075228524021754,NA,1,1,1.0002179098838746,1
9873272,16,n ø m ø h,5,-20.22203636369186,NA,-27.127441990238378,NA,-26.772419935381528,NA,1.1051797136202524,NA,1.1052765997185356,NA,1.001638791460164,NA,1.00176987702246,NA
9873272,11,n ɯ g u v,5,-18.672938523470744,NA,-24.97225112201225,NA,-24.798231194095607,NA,1.1366324521867113,NA,1.1366721183407424,NA,1.0015222117456346,NA,1.001653631447348,NA
9873272,0,f u ʒ ɯ ʒ,5,-23.9166248803383,NA,-Inf,NA,-28.2987368958237,NA,1.1450967257617637,NA,1.1451247551929438,NA,1.000975915064953,NA,1.0011424929957409,NA
9873272,72,t ø l e ɾ,5,-18.092071394057463,NA,-Inf,NA,-23.47218345961383,NA,1.2904993682381145,NA,1.29024438545329,NA,1.015354289300933,NA,1.0146192543931714,NA
9873272,4,m y p o ʒ,5,-21.062384677092385,NA,-17.12481314942236,NA,-17.238674158015545,NA,1.217353092070428,NA,1.2172586661563085,NA,1.030554594624349,NA,1.0291606916538274,NA
9873272,14,v ɯ c i c,5,-23.489154875537356,NA,-Inf,NA,-31.50043512796986,NA,1.1869854330618432,NA,1.186935765181287,NA,1.000596848743176,NA,1.0007801201825397,NA
9873272,8,h a j o ʒ,5,-19.70425756699943,NA,-16.051747969710995,NA,-16.174734890728512,NA,1.375285896549857,NA,1.374918035761362,NA,1.0416275407035844,NA,1.0396478965275615,NA
9873272,13,b ø d͡ʒ o ʒ,5,-23.199615484381773,NA,-22.946734860541916,NA,-22.872071478740505,NA,1.121083185876453,NA,1.121155460851373,NA,1.0015584369695272,NA,1.0016920324034493,NA
9873272,15,ɫ o h ɯ v,5,-18.378732324942018,NA,-24.946669907437375,NA,-24.8696524175722,NA,1.1710082034448943,NA,1.1709872550102671,NA,1.002896280390419,NA,1.0029605848662049,NA
9873272,0,d͡ʒ o t͡ʃ u ʒ,5,-22.25933783885341,NA,-25.407920618685885,NA,-25.226670777169343,NA,1.1389450473591287,NA,1.1389844721552644,NA,1.001545014340632,NA,1.0016802565901464,NA
9873272,4,v ɯ ʒ o h,5,-21.714556093501535,NA,-Inf,NA,-27.904550653039433,NA,1.1066262553279758,NA,1.1067194621758885,NA,1.0002707972270364,NA,1.000474478028374,NA
9873272,81,m y z a z,5,-16.873733531508663,NA,-13.8813816786833,NA,-13.92028821240666,NA,1.414095539116758,NA,1.4136394572206412,NA,1.046379285868822,NA,1.044078620549693,NA
9873272,38,ɟ i ɟ y c,5,-28.50437427410517,NA,-34.16680202918272,NA,-32.967862578483974,NA,1.110255587396653,NA,1.110346812233538,NA,1.000231209196349,NA,1.000436132364972,NA
9873272,13,m y ɾ ɯ ɾ,5,-15.856481481342133,NA,-12.944319591547218,NA,-12.972778988107237,NA,1.435298597005871,NA,1.434796547206406,NA,1.053819451965324,NA,1.0510915726346128,NA
9873272,92,b e j o p,5,-17.621956818911904,NA,-14.710265369997016,NA,-14.747288468151918,NA,1.318235195988115,NA,1.3179604495421229,NA,1.023964703711502,NA,1.0229099718204642,NA
9873272,4,b e ʒ ɯ z,5,-19.881988712701524,NA,-20.15074841057007,NA,-19.602322161163336,NA,1.3088813810464754,NA,1.308620171979486,NA,1.014317355661407,NA,1.0137690028078854,NA
9873272,6,k ɯ ɟ e h,5,-20.35414713041565,NA,-Inf,NA,-22.976968237654425,NA,1.283235141884312,NA,1.2830152250357565,NA,1.015169372438029,NA,1.0145770800961191,NA
9873272,39,f u c e c,5,-23.511463576787175,NA,-Inf,NA,-29.336731806601904,NA,1.199259331683282,NA,1.1991890556832483,NA,1.0015190025080027,NA,1.0016505248518268,NA
9873272,26,n y n o s,5,-16.90203561488304,NA,-20.70390771506508,NA,-20.701328454444155,NA,1.2163205673403334,NA,1.2162172370270818,NA,1.00936206536363,NA,1.0090732790913943,NA
9873272,84,ɫ a m ɯ j,5,-15.11857151857796,NA,-20.33622952955124,NA,-20.330363342345912,NA,1.4001995331332835,NA,1.3997789734141448,NA,1.017897430130006,NA,1.0171616356786684,NA
9873272,18,b i d͡ʒ ɯ z,5,-18.017662927348493,NA,-14.765156156833983,NA,-14.806093842831208,NA,1.2350324649864008,NA,1.2348988853670513,NA,1.0156682860234614,NA,1.0150462915601737,NA
9873272,11,l i v o h,5,-19.595109788952644,NA,-27.49272636985236,NA,-27.15263118582112,NA,1.1574639446613604,NA,1.1574688518675773,NA,1.0022967539016463,NA,1.0023928574967222,NA
9873272,15,m y ʒ i l,5,-20.891058437119632,NA,-18.275024894086325,NA,-18.26894174408407,NA,1.2897352362290226,NA,1.2895048394454542,NA,1.0287321730069334,NA,1.0274260236712516,NA
9873272,26,ɫ o v ø c,5,-22.706813314753763,NA,-Inf,NA,-29.908765850171065,NA,1.1103538449370305,NA,1.1104464091915205,NA,1.0030937070231545,NA,1.0031487260784029,NA
9873272,0,d͡ʒ o ʒ o ʒ,5,-24.480705050348092,NA,-23.65144193577017,NA,-23.604853465371203,NA,1.1063477027090305,NA,1.1064455731324747,NA,1.0009007487476005,NA,1.0010693101437411,NA
9873272,40,t͡ʃ ø j o p,5,-20.761162543399134,NA,-16.85312947192674,NA,-16.895892356598512,NA,1.1297760413577145,NA,1.129827321681991,NA,1.0043570596970908,NA,1.004335423634715,NA
9873272,0,n u ʒ o h,5,-20.647758491408347,NA,-26.42840069407047,NA,-26.092665911065804,NA,1.120706350697388,NA,1.120775199867318,NA,1.0008134367287314,NA,1.0009885521090411,NA
9874162,77,b u ʒ i z,5,-20.2946910095022,NA,-18.014965986359083,NA,-17.95706711599841,NA,1.2623842333719226,NA,1.262198009872272,NA,1.0123552595503351,NA,1.01187554012336,NA
9874162,35,b u m y ʒ,5,-20.634597061276835,NA,-17.453026450842174,NA,-17.43947379466699,NA,1.203816110471337,NA,1.2037447179670484,NA,1.013503908131295,NA,1.0130055541759393,NA
9874162,75,ɫ o t i v,5,-16.623572496331185,NA,-21.45944618243926,NA,-21.45667533842388,NA,1.270720527524629,NA,1.2705211729498675,NA,1.0235566532375455,NA,1.0224757433127067,NA
9874162,11,ɫ a g u v,5,-17.315515257959518,NA,-22.20438998670757,NA,-22.1942114842724,NA,1.3402216073124982,NA,1.3399090365344333,NA,1.0047777004065963,NA,1.0047377633341297,NA
9874162,40,j a c ø t͡ʃ,5,-21.596104374841666,NA,-Inf,NA,-22.599644393527782,NA,1.31698528948836,NA,1.316717900772158,NA,1.0178198509358245,NA,1.0171013441808128,NA
9874162,13,v ɯ ʒ o ʒ,5,-24.09804256484363,NA,-Inf,NA,-26.60448713952874,NA,1.094757980140496,NA,1.0948759012986842,NA,1.0004664281367202,NA,1.0006578633208734,NA
9874162,19,b i d͡ʒ ɯ z,5,-18.017662927348493,NA,-14.765156156833983,NA,-14.806093842831208,NA,1.2350324649864008,NA,1.2348988853670513,NA,1.0156682860234614,NA,1.0150462915601737,NA
9874162,34,b e t͡ʃ ø z,5,-19.558563039794212,NA,-16.45022001700887,NA,-16.488509727521837,NA,1.2699076960082727,NA,1.2697183110910075,NA,1.015705436550192,NA,1.0150951236806631,NA
9874162,83,m y k u ɾ,5,-16.16672959638731,NA,-13.647288442981042,NA,-13.67480354663754,NA,1.3486959861244403,NA,1.348345503504382,NA,1.040908137079269,NA,1.0388933343742264,NA
9874162,43,d͡ʒ o t͡ʃ u ʒ,5,-22.25933783885341,NA,-25.407920618685885,NA,-25.226670777169343,NA,1.1389450473591287,NA,1.1389844721552644,NA,1.001545014340632,NA,1.0016802565901464,NA
9874162,10,b e ʒ i l,5,-20.157665035921532,NA,-17.87290940676915,NA,-18.003973266743422,NA,1.3606430151485247,NA,1.3602899179920174,NA,1.0147080117893146,NA,1.0141386071612013,NA
9874162,78,f u c e c,5,-23.511463576787175,NA,-Inf,NA,-29.336731806601904,NA,1.199259331683282,NA,1.1991890556832483,NA,1.0015190025080027,NA,1.0016505248518268,NA
9874162,21,ɫ a m ɯ j,5,-15.11857151857796,NA,-20.33622952955124,NA,-20.330363342345912,NA,1.4001995331332835,NA,1.3997789734141448,NA,1.017897430130006,NA,1.0171616356786684,NA
9874162,91,n i m ø h,5,-17.836768146508483,NA,-23.90398304309107,NA,-23.591272132676064,NA,1.1712000775717255,NA,1.171182741587048,NA,1.0073974584829106,NA,1.0072250641442173,NA
9874162,33,f ɯ d y c,5,-21.761233097918407,NA,-23.891747181935735,NA,-23.686632689099905,NA,1.1325830509681372,NA,1.1326353404889125,NA,1.0056072670834837,NA,1.0055261372591189,NA
9874162,61,d͡ʒ o ʒ o ʒ,5,-24.480705050348092,NA,-23.65144193577017,NA,-23.604853465371203,NA,1.1063477027090305,NA,1.1064455731324747,NA,1.0009007487476005,NA,1.0010693101437411,NA
9874162,18,ɫ o v ø c,5,-22.706813314753763,NA,-Inf,NA,-29.908765850171065,NA,1.1103538449370305,NA,1.1104464091915205,NA,1.0030937070231545,NA,1.0031487260784029,NA
9874162,20,ɟ e g u j,5,-21.813613758746683,NA,-Inf,NA,-27.77270366778515,NA,1.2429834228927066,NA,1.2428362044265289,NA,1.0016771227161092,NA,1.0018008835043444,NA
9874162,59,m y d͡ʒ y z,5,-19.055770045147348,NA,-15.489145500909974,NA,-15.51914804312365,NA,1.2205470790782769,NA,1.2204412615879323,NA,1.0297516825712627,NA,1.028399004052331,NA
9874162,60,ɟ i ɟ y c,5,-28.50437427410517,NA,-34.16680202918272,NA,-32.967862578483974,NA,1.110255587396653,NA,1.110346812233538,NA,1.000231209196349,NA,1.000436132364972,NA
9874162,55,b e d͡ʒ y z,5,-18.322376643949248,NA,-15.50382960677507,NA,-15.540572147404909,NA,1.291454857997779,NA,1.2912263401344954,NA,1.017144724013624,NA,1.0164538694214755,NA
9874162,34,ɫ o t͡ʃ a v,5,-17.38102037177355,NA,-22.221171339417307,NA,-22.17471603733289,NA,1.2912051431600686,NA,1.2909639988175745,NA,1.0104683496161708,NA,1.010075153889148,NA
9874162,75,g ɯ ɟ ø ʒ,5,-26.888884788763463,NA,-Inf,NA,-25.491689893774726,NA,1.0923427028145285,NA,1.0924665333420214,NA,1.0025458422833493,NA,1.0026299630393898,NA
9874162,29,f u ʒ u ʒ,5,-24.131491850813127,NA,-24.668253654298645,NA,-24.46144519601823,NA,1.1352955974923469,NA,1.135341466415286,NA,1.000975915064953,NA,1.0011424929957409,NA
9874162,34,ɫ a l e ɾ,5,-15.163099753645444,NA,-19.935814013412394,NA,-19.576163843490317,NA,1.474127120354203,NA,1.473554395483853,NA,1.0201936391485853,NA,1.0192033602125234,NA
9874162,38,ɟ ø ʒ a ʒ,5,-27.45584167623776,NA,-Inf,NA,-28.658578991412625,NA,1.2132638879125943,NA,1.2131615198695442,NA,1.0012877520658865,NA,1.001425904834909,NA
9874162,34,l i ʒ o h,5,-21.63837167405498,NA,-29.2969489690406,NA,-28.811359959835062,NA,1.1271576108556265,NA,1.1272152878236117,NA,1.0003270467676877,NA,1.0005276672406118,NA
9874162,100,ɫ o h ɯ v,5,-18.378732324942018,NA,-24.946669907437375,NA,-24.8696524175722,NA,1.1710082034448943,NA,1.1709872550102671,NA,1.002896280390419,NA,1.0029605848662049,NA
9874162,100,n y n o s,5,-16.90203561488304,NA,-20.70390771506508,NA,-20.701328454444155,NA,1.2163205673403334,NA,1.2162172370270818,NA,1.00936206536363,NA,1.0090732790913943,NA
9874162,33,v i ɟ y ʒ,5,-24.876386571500724,NA,-25.881186525811604,NA,-25.267184291001364,NA,1.12770092152038,NA,1.1277617239351925,NA,1.0024086378704609,NA,1.0024984923228988,NA
9874162,56,d͡ʒ o c y c,5,-25.0483878241706,NA,-Inf,NA,-30.473206137592207,NA,1.1081996356577295,NA,1.108294413751327,NA,1.0006613125519153,NA,1.000843800829829,NA
9874162,100,b e ʒ ɯ z,5,-19.881988712701524,NA,-20.15074841057007,NA,-19.602322161163336,NA,1.3088813810464754,NA,1.308620171979486,NA,1.014317355661407,NA,1.0137690028078854,NA
9874162,80,m y z e l,5,-18.29810048302488,NA,-15.36637665199515,NA,-15.417853706543786,NA,1.320777681509878,NA,1.3204937774894725,NA,1.0382974481087792,NA,1.0364788587481613,NA
9874162,85,ɟ ø ɟ y ʃ,5,-28.382025596923334,NA,-Inf,NA,-27.273964274617327,NA,1.06451562774906,NA,1.064678843072776,NA,1.0016113280727483,NA,1.001729331617179,NA
9874162,42,m y p o ʒ,5,-21.062384677092385,NA,-17.12481314942236,NA,-17.238674158015545,NA,1.217353092070428,NA,1.2172586661563085,NA,1.030554594624349,NA,1.0291606916538274,NA
9874162,12,n e m ɯ v,5,-16.2679106094412,NA,-21.623136884117503,NA,-21.602958834317167,NA,1.3065266810918763,NA,1.3062710632304733,NA,1.0163019738273251,NA,1.015657700859542,NA
9874162,93,g a v e n,5,-16.239688851845823,NA,-13.908186943802582,NA,-13.954428963263789,NA,1.5116455492031928,NA,1.51100876623818,NA,1.0347739691193514,NA,1.033012423159234,NA
9874162,32,ɫ a ʒ ɯ ʒ,5,-21.057393014683385,NA,-Inf,NA,-26.41048458696313,NA,1.3326568898923266,NA,1.3323604104033762,NA,1.0026538128249567,NA,1.0027322776999663,NA
9874162,2,b i f i z,5,-17.367817790823707,NA,-14.539143873848408,NA,-14.5814801904761,NA,1.3006774174319915,NA,1.300424750199676,NA,1.0215979149021732,NA,1.0206250474382526,NA
9874162,79,n u m ø s,5,-18.01717804587876,NA,-23.274555968238037,NA,-23.130003427749006,NA,1.1671298407351371,NA,1.1671135968518798,NA,1.005615073673373,NA,1.005536090751645,NA
9874162,31,ɟ i ʒ a ʒ,5,-25.070573459054387,NA,-28.408200172943992,NA,-28.11389151899236,NA,1.2792842518640677,NA,1.2790676617380563,NA,1.001614798833574,NA,1.0017356621916462,NA
9874162,77,m e t e ɾ,5,-13.722605695771906,NA,-12.003654907782868,NA,-12.023346713937531,NA,1.5195622914746405,NA,1.518910401773783,NA,1.0525880770319855,NA,1.0498613480187184,NA
9874162,100,n u c e c,5,-22.224521947118312,NA,-Inf,NA,-30.235545793839655,NA,1.1941705486603285,NA,1.1941090729768065,NA,1.001356524171781,NA,1.0014965839651273,NA
9874162,54,ɟ y ɟ ø z,5,-28.261172142031192,NA,-Inf,NA,-27.202076859131157,NA,1.0923810950775177,NA,1.0924989300689334,NA,1.0002501387042984,NA,1.0004529214024969,NA
9874162,100,v ɯ c i c,5,-23.489154875537356,NA,-Inf,NA,-31.50043512796986,NA,1.1869854330618432,NA,1.186935765181287,NA,1.000596848743176,NA,1.0007801201825397,NA
9874162,32,ɟ y ʒ ɯ ʒ,5,-27.593669876805233,NA,-Inf,NA,-32.54585594703615,NA,1.1262058924390637,NA,1.1262665863054913,NA,1.0001090155892292,NA,1.0003211623361203,NA
9874162,22,d͡ʒ a m a ʒ,5,-17.752742677818908,NA,-17.085266867347194,NA,-17.226367434005237,NA,1.5259583015742766,NA,1.5253144134357843,NA,1.0324208128726595,NA,1.0308841077133883,NA
9874162,42,g ɯ ʃ a n,5,-16.88053831059943,NA,-13.952848512019289,NA,-13.993863814055455,NA,1.3804651524522582,NA,1.3800477574614127,NA,1.0360723486113332,NA,1.0341140599250127,NA
9874162,20,ɫ o c e j,5,-19.459937199364497,NA,-Inf,NA,-26.8066540964721,NA,1.2048232326919666,NA,1.2047363825587754,NA,1.0060903952169935,NA,1.0059482882890152,NA
9874162,100,t e k o n,5,-14.998265880403986,NA,-12.987925813400334,NA,-13.012766174055423,NA,1.404395408692991,NA,1.4039515023966052,NA,1.0462338914653162,NA,1.043960708572914,NA
9874162,49,m y ʒ i l,5,-20.891058437119632,NA,-18.275024894086325,NA,-18.26894174408407,NA,1.2897352362290226,NA,1.2895048394454542,NA,1.0287321730069334,NA,1.0274260236712516,NA
9874162,44,v ø l y j,5,-21.757817351341345,NA,-Inf,NA,-31.916689215783485,NA,1.0935205953372813,NA,1.0936337054213383,NA,1.0001956309096838,NA,1.000401295176374,NA
9874162,71,n i m ɯ h,5,-16.125521349527286,NA,-21.514654728099533,NA,-21.48267679386988,NA,1.221402368300542,NA,1.2212936567795851,NA,1.008105939127622,NA,1.0078930238188846,NA
9874162,35,b e j o p,5,-17.621956818911904,NA,-14.710265369997016,NA,-14.747288468151918,NA,1.318235195988115,NA,1.3179604495421229,NA,1.023964703711502,NA,1.0229099718204642,NA
9874162,90,g u m y z,5,-18.91676624227809,NA,-15.093972479028997,NA,-15.137149639038482,NA,1.1894469643775232,NA,1.189394504817783,NA,1.0080570007044969,NA,1.0078402676416895,NA
9874162,39,l i v o h,5,-19.595109788952644,NA,-27.49272636985236,NA,-27.15263118582112,NA,1.1574639446613604,NA,1.1574688518675773,NA,1.0022967539016463,NA,1.0023928574967222,NA
9874162,32,g o ɟ e ʒ,5,-24.70734295733524,NA,-Inf,NA,-24.892441184593736,NA,1.206949659858697,NA,1.2068658496110196,NA,1.0013992346140868,NA,1.0015409476057728,NA
9874162,73,k a m y ɾ,5,-14.60533667129042,NA,-12.566891947703592,NA,-12.592572980919178,NA,1.5244462014259983,NA,1.5237936084044486,NA,1.062697489208468,NA,1.0595720312963168,NA
9874162,54,ɟ ø ʒ ɯ ʒ,5,-28.802367630859823,NA,-Inf,NA,-33.852506245096116,NA,1.0750793759745922,NA,1.075228524021754,NA,1,1,1.0002179098838746,1
9874162,72,g ɯ d͡ʒ ɯ ʃ,5,-19.48982961121296,NA,-15.852311354959165,NA,-15.901866630957937,NA,1.1748084006569268,NA,1.1747780038271325,NA,1.0097080569984351,NA,1.0093543709655342,NA
9874162,75,c e d͡ʒ e t͡ʃ,5,-20.132543384729967,NA,-Inf,NA,-23.078955930544776,NA,1.3025086740061806,NA,1.30225682196575,NA,1.007703124650714,NA,1.0074974497629463,NA
9874162,30,l ø ʒ ɯ v,5,-23.962302765397112,NA,-Inf,NA,-31.445776025167124,NA,1.0912637492814083,NA,1.0913810872864589,NA,1.000065210303228,NA,1.0002790383147078,NA
9874162,31,g o d͡ʒ ɯ z,5,-19.770537868401828,NA,-17.17904521923025,NA,-17.19916861874007,NA,1.1826737683633608,NA,1.1826307514407104,NA,1.0041826517558374,NA,1.004164363663955,NA
9874162,28,ɟ i f e ʒ,5,-23.50725783914693,NA,-25.179036508558365,NA,-24.87841662264246,NA,1.2121684741836356,NA,1.2120754128304632,NA,1.0053026957384814,NA,1.0052306294125322,NA
9874162,26,f u ʒ ɯ ʒ,5,-23.9166248803383,NA,-Inf,NA,-28.2987368958237,NA,1.1450967257617637,NA,1.1451247551929438,NA,1.000975915064953,NA,1.0011424929957409,NA
9874162,82,n ɯ c e c,5,-22.009654976643485,NA,-Inf,NA,-30.90854985906133,NA,1.183230340688058,NA,1.18318779269999,NA,1.0009770597047227,NA,1.0011370759656055,NA
9874162,20,b ø d͡ʒ o ʒ,5,-23.199615484381773,NA,-22.946734860541916,NA,-22.872071478740505,NA,1.121083185876453,NA,1.121155460851373,NA,1.0015584369695272,NA,1.0016920324034493,NA
9874162,76,t͡ʃ ø j o p,5,-20.761162543399134,NA,-16.85312947192674,NA,-16.895892356598512,NA,1.1297760413577145,NA,1.129827321681991,NA,1.0043570596970908,NA,1.004335423634715,NA
9874162,77,b a j o p,5,-17.147287610817873,NA,-14.064023784516072,NA,-14.101916418410518,NA,1.4125267904421874,NA,1.4120889097497351,NA,1.0381955836146763,NA,1.0363910290645393,NA
9874162,69,b u j o ʒ,5,-21.05836231257191,NA,-17.548890057056813,NA,-17.6640692648367,NA,1.1951964989849069,NA,1.19514022750294,NA,1.009795703059727,NA,1.0094933961448156,NA
9874162,49,m y ɾ ɯ ɾ,5,-15.856481481342133,NA,-12.944319591547218,NA,-12.972778988107237,NA,1.435298597005871,NA,1.434796547206406,NA,1.053819451965324,NA,1.0510915726346128,NA
9874162,100,n i l e s,5,-16.331548266468857,NA,-22.702137034627185,NA,-22.335041029784072,NA,1.2559429323718037,NA,1.2557640746194505,NA,1.0105370402756846,NA,1.01014499607184,NA
9874162,16,n ø m ø h,5,-20.22203636369186,NA,-27.127441990238378,NA,-26.772419935381528,NA,1.1051797136202524,NA,1.1052765997185356,NA,1.001638791460164,NA,1.00176987702246,NA
9874162,37,l y l e j,5,-19.772550808587734,NA,-Inf,NA,-29.111148377195256,NA,1.2167590941862367,NA,1.2166514635372478,NA,1.0045229064430488,NA,1.0044630064259272,NA
9874162,74,m y z a z,5,-16.873733531508663,NA,-13.8813816786833,NA,-13.92028821240666,NA,1.414095539116758,NA,1.4136394572206412,NA,1.046379285868822,NA,1.044078620549693,NA
9874162,10,n ɯ g u v,5,-18.672938523470744,NA,-24.97225112201225,NA,-24.798231194095607,NA,1.1366324521867113,NA,1.1366721183407424,NA,1.0015222117456346,NA,1.001653631447348,NA
9874162,97,n u g a v,5,-17.32641256884868,NA,-22.17862386284786,NA,-22.142492609172585,NA,1.295558300366401,NA,1.2953096832430069,NA,1.0097861339305134,NA,1.0094276480806197,NA
9874162,76,b u j ɯ ʒ,5,-20.656800600490904,NA,-Inf,NA,-21.416780472527225,NA,1.226366366213809,NA,1.226253360999328,NA,1.012563203952425,NA,1.0121097739492848,NA
9874162,23,n ɯ c y c,5,-23.384060766098123,NA,-Inf,NA,-30.852354594073574,NA,1.099749800486337,NA,1.0998591993321496,NA,1.0003901669756716,NA,1.0005869200881068,NA
9874162,86,h a j o ʒ,5,-19.70425756699943,NA,-16.051747969710995,NA,-16.174734890728512,NA,1.375285896549857,NA,1.374918035761362,NA,1.0416275407035844,NA,1.0396478965275615,NA
9874162,34,n u ʒ o h,5,-20.647758491408347,NA,-26.42840069407047,NA,-26.092665911065804,NA,1.120706350697388,NA,1.120775199867318,NA,1.0008134367287314,NA,1.0009885521090411,NA
9874162,31,v ɯ ʒ o h,5,-21.714556093501535,NA,-Inf,NA,-27.904550653039433,NA,1.1066262553279758,NA,1.1067194621758885,NA,1.0002707972270364,NA,1.000474478028374,NA
9874162,85,t ø l e ɾ,5,-18.092071394057463,NA,-Inf,NA,-23.47218345961383,NA,1.2904993682381145,NA,1.29024438545329,NA,1.015354289300933,NA,1.0146192543931714,NA
9874162,34,l i ʒ u v,5,-21.791901518688565,NA,-27.90170599209823,NA,-27.610340559309456,NA,1.1474829849634645,NA,1.1475039403773133,NA,1.0007835188902832,NA,1.000955566256444,NA
9874162,78,l y l y c,5,-24.087338776513203,NA,-Inf,NA,-33.35849160319946,NA,1.1135850424096871,NA,1.1136703680544862,NA,1.000610288249374,NA,1.0007953005759365,NA
9874162,72,t ø ɾ i n,5,-16.410405147059684,NA,-14.831918462189485,NA,-14.86886634674382,NA,1.4208089522804974,NA,1.420327529748208,NA,1.0291017054180784,NA,1.0276334200937636,NA
9874162,78,b o ʒ y z,5,-21.657956214237167,NA,-17.8013111360532,NA,-17.796202222359895,NA,1.1717379161722383,NA,1.1717166578887983,NA,1.0080619412428775,NA,1.0078502843412198,NA
9874162,23,g ɯ ʒ ɯ f,5,-21.788275067767113,NA,-Inf,NA,-25.430059507970466,NA,1.155577346931862,NA,1.155582793730333,NA,1.0034694890371534,NA,1.0034952632757648,NA
9874162,76,b a ʒ i n,5,-17.80349425450386,NA,-14.791020439297638,NA,-14.925564091251209,NA,1.5193623891917725,NA,1.518711994390168,NA,1.0328627171294904,NA,1.0312294576154004,NA
9874162,24,l e ʒ a v,5,-20.032673267265825,NA,-26.44332906685423,NA,-26.14940301912727,NA,1.3816363028138647,NA,1.381238823618678,NA,1.0061260075164613,NA,1.0059671413264173,NA
9874162,85,b e ʒ y z,5,-20.38453775562813,NA,-17.968651889022336,NA,-17.963773735189676,NA,1.2791360964148726,NA,1.278929028131013,NA,1.0135348320226718,NA,1.0130354616378874,NA
9874162,37,k ɯ ɟ e h,5,-20.35414713041565,NA,-Inf,NA,-22.976968237654425,NA,1.283235141884312,NA,1.2830152250357565,NA,1.015169372438029,NA,1.0145770800961191,NA
9874162,81,g a m y z,5,-17.355373317181197,NA,-14.240338449458276,NA,-14.287440891901769,NA,1.3908659418471938,NA,1.390465006547887,NA,1.0224670797058462,NA,1.02149027043917,NA
9874162,100,k o ɾ o n,5,-16.15929758860058,NA,-13.868409821172923,NA,-13.895071028995217,NA,1.4086622883685636,NA,1.408210172854805,NA,1.0325528233779742,NA,1.030997388207983,NA
9874162,70,v ø l e c,5,-23.323793740357537,NA,-Inf,NA,-33.17836619636902,NA,1.1573076239641735,NA,1.1573097966742572,NA,1.000652103032279,NA,1.0008291941922065,NA
9874162,21,l ø ʒ u v,5,-24.17716973587194,NA,-Inf,NA,-28.848175212289668,NA,1.0814626210119913,NA,1.0815977985088008,NA,1.0004564721225957,NA,1.0006458088997068,NA
9878343,23,f u ʒ u ʒ,5,-24.131491850813127,NA,-24.668253654298645,NA,-24.46144519601823,NA,1.1352955974923469,NA,1.135341466415286,NA,1.000975915064953,NA,1.0011424929957409,NA
9878343,55,ɫ o v ø c,5,-22.706813314753763,NA,-Inf,NA,-29.908765850171065,NA,1.1103538449370305,NA,1.1104464091915205,NA,1.0030937070231545,NA,1.0031487260784029,NA
9878343,27,b u ʒ i z,5,-20.2946910095022,NA,-18.014965986359083,NA,-17.95706711599841,NA,1.2623842333719226,NA,1.262198009872272,NA,1.0123552595503351,NA,1.01187554012336,NA
9878343,85,j a c ø t͡ʃ,5,-21.596104374841666,NA,-Inf,NA,-22.599644393527782,NA,1.31698528948836,NA,1.316717900772158,NA,1.0178198509358245,NA,1.0171013441808128,NA
9878343,28,ɫ o t i v,5,-16.623572496331185,NA,-21.45944618243926,NA,-21.45667533842388,NA,1.270720527524629,NA,1.2705211729498675,NA,1.0235566532375455,NA,1.0224757433127067,NA
9878343,72,b a ʒ i n,5,-17.80349425450386,NA,-14.791020439297638,NA,-14.925564091251209,NA,1.5193623891917725,NA,1.518711994390168,NA,1.0328627171294904,NA,1.0312294576154004,NA
9878343,29,b e ʒ i l,5,-20.157665035921532,NA,-17.87290940676915,NA,-18.003973266743422,NA,1.3606430151485247,NA,1.3602899179920174,NA,1.0147080117893146,NA,1.0141386071612013,NA
9878343,78,d͡ʒ o ʒ o ʒ,5,-24.480705050348092,NA,-23.65144193577017,NA,-23.604853465371203,NA,1.1063477027090305,NA,1.1064455731324747,NA,1.0009007487476005,NA,1.0010693101437411,NA
9878343,46,l i ʒ o h,5,-21.63837167405498,NA,-29.2969489690406,NA,-28.811359959835062,NA,1.1271576108556265,NA,1.1272152878236117,NA,1.0003270467676877,NA,1.0005276672406118,NA
9878343,34,v ɯ c i c,5,-23.489154875537356,NA,-Inf,NA,-31.50043512796986,NA,1.1869854330618432,NA,1.186935765181287,NA,1.000596848743176,NA,1.0007801201825397,NA
9878343,56,b ø d͡ʒ o ʒ,5,-23.199615484381773,NA,-22.946734860541916,NA,-22.872071478740505,NA,1.121083185876453,NA,1.121155460851373,NA,1.0015584369695272,NA,1.0016920324034493,NA
9878343,59,b o ʒ y z,5,-21.657956214237167,NA,-17.8013111360532,NA,-17.796202222359895,NA,1.1717379161722383,NA,1.1717166578887983,NA,1.0080619412428775,NA,1.0078502843412198,NA
9878343,63,n i m ø h,5,-17.836768146508483,NA,-23.90398304309107,NA,-23.591272132676064,NA,1.1712000775717255,NA,1.171182741587048,NA,1.0073974584829106,NA,1.0072250641442173,NA
9878343,61,b e t͡ʃ ø z,5,-19.558563039794212,NA,-16.45022001700887,NA,-16.488509727521837,NA,1.2699076960082727,NA,1.2697183110910075,NA,1.015705436550192,NA,1.0150951236806631,NA
9878343,41,m y z e l,5,-18.29810048302488,NA,-15.36637665199515,NA,-15.417853706543786,NA,1.320777681509878,NA,1.3204937774894725,NA,1.0382974481087792,NA,1.0364788587481613,NA
9878343,63,h a j o ʒ,5,-19.70425756699943,NA,-16.051747969710995,NA,-16.174734890728512,NA,1.375285896549857,NA,1.374918035761362,NA,1.0416275407035844,NA,1.0396478965275615,NA
9878343,43,l i ʒ u v,5,-21.791901518688565,NA,-27.90170599209823,NA,-27.610340559309456,NA,1.1474829849634645,NA,1.1475039403773133,NA,1.0007835188902832,NA,1.000955566256444,NA
9878343,37,n i l e s,5,-16.331548266468857,NA,-22.702137034627185,NA,-22.335041029784072,NA,1.2559429323718037,NA,1.2557640746194505,NA,1.0105370402756846,NA,1.01014499607184,NA
9878343,66,b u j ɯ ʒ,5,-20.656800600490904,NA,-Inf,NA,-21.416780472527225,NA,1.226366366213809,NA,1.226253360999328,NA,1.012563203952425,NA,1.0121097739492848,NA
9878343,21,g o ɟ e ʒ,5,-24.70734295733524,NA,-Inf,NA,-24.892441184593736,NA,1.206949659858697,NA,1.2068658496110196,NA,1.0013992346140868,NA,1.0015409476057728,NA
9878343,88,v ø l y j,5,-21.757817351341345,NA,-Inf,NA,-31.916689215783485,NA,1.0935205953372813,NA,1.0936337054213383,NA,1.0001956309096838,NA,1.000401295176374,NA
9878343,56,ɟ i f e ʒ,5,-23.50725783914693,NA,-25.179036508558365,NA,-24.87841662264246,NA,1.2121684741836356,NA,1.2120754128304632,NA,1.0053026957384814,NA,1.0052306294125322,NA
9878343,66,t͡ʃ ø j o p,5,-20.761162543399134,NA,-16.85312947192674,NA,-16.895892356598512,NA,1.1297760413577145,NA,1.129827321681991,NA,1.0043570596970908,NA,1.004335423634715,NA
9878343,25,ɟ e g u j,5,-21.813613758746683,NA,-Inf,NA,-27.77270366778515,NA,1.2429834228927066,NA,1.2428362044265289,NA,1.0016771227161092,NA,1.0018008835043444,NA
9878343,82,n y n o s,5,-16.90203561488304,NA,-20.70390771506508,NA,-20.701328454444155,NA,1.2163205673403334,NA,1.2162172370270818,NA,1.00936206536363,NA,1.0090732790913943,NA
9878343,57,ɟ y ʒ ɯ ʒ,5,-27.593669876805233,NA,-Inf,NA,-32.54585594703615,NA,1.1262058924390637,NA,1.1262665863054913,NA,1.0001090155892292,NA,1.0003211623361203,NA
9878343,61,d͡ʒ o c y c,5,-25.0483878241706,NA,-Inf,NA,-30.473206137592207,NA,1.1081996356577295,NA,1.108294413751327,NA,1.0006613125519153,NA,1.000843800829829,NA
9878343,67,v ɯ ʒ o ʒ,5,-24.09804256484363,NA,-Inf,NA,-26.60448713952874,NA,1.094757980140496,NA,1.0948759012986842,NA,1.0004664281367202,NA,1.0006578633208734,NA
9878343,26,l e ʒ a v,5,-20.032673267265825,NA,-26.44332906685423,NA,-26.14940301912727,NA,1.3816363028138647,NA,1.381238823618678,NA,1.0061260075164613,NA,1.0059671413264173,NA
9878343,56,g ɯ d͡ʒ ɯ ʃ,5,-19.48982961121296,NA,-15.852311354959165,NA,-15.901866630957937,NA,1.1748084006569268,NA,1.1747780038271325,NA,1.0097080569984351,NA,1.0093543709655342,NA
9878343,59,v i ɟ y ʒ,5,-24.876386571500724,NA,-25.881186525811604,NA,-25.267184291001364,NA,1.12770092152038,NA,1.1277617239351925,NA,1.0024086378704609,NA,1.0024984923228988,NA
9878343,62,l y l y c,5,-24.087338776513203,NA,-Inf,NA,-33.35849160319946,NA,1.1135850424096871,NA,1.1136703680544862,NA,1.000610288249374,NA,1.0007953005759365,NA
9878343,88,l i v o h,5,-19.595109788952644,NA,-27.49272636985236,NA,-27.15263118582112,NA,1.1574639446613604,NA,1.1574688518675773,NA,1.0022967539016463,NA,1.0023928574967222,NA
9878343,62,b e d͡ʒ y z,5,-18.322376643949248,NA,-15.50382960677507,NA,-15.540572147404909,NA,1.291454857997779,NA,1.2912263401344954,NA,1.017144724013624,NA,1.0164538694214755,NA
9878343,28,g ɯ ɟ ø ʒ,5,-26.888884788763463,NA,-Inf,NA,-25.491689893774726,NA,1.0923427028145285,NA,1.0924665333420214,NA,1.0025458422833493,NA,1.0026299630393898,NA
9878343,87,g a v e n,5,-16.239688851845823,NA,-13.908186943802582,NA,-13.954428963263789,NA,1.5116455492031928,NA,1.51100876623818,NA,1.0347739691193514,NA,1.033012423159234,NA
9878343,65,k a m y ɾ,5,-14.60533667129042,NA,-12.566891947703592,NA,-12.592572980919178,NA,1.5244462014259983,NA,1.5237936084044486,NA,1.062697489208468,NA,1.0595720312963168,NA
9878343,61,ɟ ø ʒ a ʒ,5,-27.45584167623776,NA,-Inf,NA,-28.658578991412625,NA,1.2132638879125943,NA,1.2131615198695442,NA,1.0012877520658865,NA,1.001425904834909,NA
9878343,81,n u m ø s,5,-18.01717804587876,NA,-23.274555968238037,NA,-23.130003427749006,NA,1.1671298407351371,NA,1.1671135968518798,NA,1.005615073673373,NA,1.005536090751645,NA
9878343,82,c e d͡ʒ e t͡ʃ,5,-20.132543384729967,NA,-Inf,NA,-23.078955930544776,NA,1.3025086740061806,NA,1.30225682196575,NA,1.007703124650714,NA,1.0074974497629463,NA
9878343,64,ɫ o t͡ʃ a v,5,-17.38102037177355,NA,-22.221171339417307,NA,-22.17471603733289,NA,1.2912051431600686,NA,1.2909639988175745,NA,1.0104683496161708,NA,1.010075153889148,NA
9878343,81,k o ɾ o n,5,-16.15929758860058,NA,-13.868409821172923,NA,-13.895071028995217,NA,1.4086622883685636,NA,1.408210172854805,NA,1.0325528233779742,NA,1.030997388207983,NA
9878343,25,n ɯ g u v,5,-18.672938523470744,NA,-24.97225112201225,NA,-24.798231194095607,NA,1.1366324521867113,NA,1.1366721183407424,NA,1.0015222117456346,NA,1.001653631447348,NA
9878343,81,m y ɾ ɯ ɾ,5,-15.856481481342133,NA,-12.944319591547218,NA,-12.972778988107237,NA,1.435298597005871,NA,1.434796547206406,NA,1.053819451965324,NA,1.0510915726346128,NA
9878343,65,g ɯ ʃ a n,5,-16.88053831059943,NA,-13.952848512019289,NA,-13.993863814055455,NA,1.3804651524522582,NA,1.3800477574614127,NA,1.0360723486113332,NA,1.0341140599250127,NA
9878343,30,n ɯ c e c,5,-22.009654976643485,NA,-Inf,NA,-30.90854985906133,NA,1.183230340688058,NA,1.18318779269999,NA,1.0009770597047227,NA,1.0011370759656055,NA
9878343,59,d͡ʒ a m a ʒ,5,-17.752742677818908,NA,-17.085266867347194,NA,-17.226367434005237,NA,1.5259583015742766,NA,1.5253144134357843,NA,1.0324208128726595,NA,1.0308841077133883,NA
9878343,26,f u c e c,5,-23.511463576787175,NA,-Inf,NA,-29.336731806601904,NA,1.199259331683282,NA,1.1991890556832483,NA,1.0015190025080027,NA,1.0016505248518268,NA
9878343,65,n u ʒ o h,5,-20.647758491408347,NA,-26.42840069407047,NA,-26.092665911065804,NA,1.120706350697388,NA,1.120775199867318,NA,1.0008134367287314,NA,1.0009885521090411,NA
9878343,27,v ɯ ʒ o h,5,-21.714556093501535,NA,-Inf,NA,-27.904550653039433,NA,1.1066262553279758,NA,1.1067194621758885,NA,1.0002707972270364,NA,1.000474478028374,NA
9878343,76,g o d͡ʒ ɯ z,5,-19.770537868401828,NA,-17.17904521923025,NA,-17.19916861874007,NA,1.1826737683633608,NA,1.1826307514407104,NA,1.0041826517558374,NA,1.004164363663955,NA
9878343,29,b a j o p,5,-17.147287610817873,NA,-14.064023784516072,NA,-14.101916418410518,NA,1.4125267904421874,NA,1.4120889097497351,NA,1.0381955836146763,NA,1.0363910290645393,NA
9878343,71,k ɯ ɟ e h,5,-20.35414713041565,NA,-Inf,NA,-22.976968237654425,NA,1.283235141884312,NA,1.2830152250357565,NA,1.015169372438029,NA,1.0145770800961191,NA
9878343,70,m y p o ʒ,5,-21.062384677092385,NA,-17.12481314942236,NA,-17.238674158015545,NA,1.217353092070428,NA,1.2172586661563085,NA,1.030554594624349,NA,1.0291606916538274,NA
9878343,62,t ø l e ɾ,5,-18.092071394057463,NA,-Inf,NA,-23.47218345961383,NA,1.2904993682381145,NA,1.29024438545329,NA,1.015354289300933,NA,1.0146192543931714,NA
9878343,27,n ɯ c y c,5,-23.384060766098123,NA,-Inf,NA,-30.852354594073574,NA,1.099749800486337,NA,1.0998591993321496,NA,1.0003901669756716,NA,1.0005869200881068,NA
9878343,16,ɫ a m ɯ j,5,-15.11857151857796,NA,-20.33622952955124,NA,-20.330363342345912,NA,1.4001995331332835,NA,1.3997789734141448,NA,1.017897430130006,NA,1.0171616356786684,NA
9878343,67,d͡ʒ o t͡ʃ u ʒ,5,-22.25933783885341,NA,-25.407920618685885,NA,-25.226670777169343,NA,1.1389450473591287,NA,1.1389844721552644,NA,1.001545014340632,NA,1.0016802565901464,NA
9878343,19,ɟ i ʒ a ʒ,5,-25.070573459054387,NA,-28.408200172943992,NA,-28.11389151899236,NA,1.2792842518640677,NA,1.2790676617380563,NA,1.001614798833574,NA,1.0017356621916462,NA
9878343,79,b e j o p,5,-17.621956818911904,NA,-14.710265369997016,NA,-14.747288468151918,NA,1.318235195988115,NA,1.3179604495421229,NA,1.023964703711502,NA,1.0229099718204642,NA
9878343,79,g ɯ ʒ ɯ f,5,-21.788275067767113,NA,-Inf,NA,-25.430059507970466,NA,1.155577346931862,NA,1.155582793730333,NA,1.0034694890371534,NA,1.0034952632757648,NA
9878343,26,ɫ a l e ɾ,5,-15.163099753645444,NA,-19.935814013412394,NA,-19.576163843490317,NA,1.474127120354203,NA,1.473554395483853,NA,1.0201936391485853,NA,1.0192033602125234,NA
9878343,65,ɟ i ɟ y c,5,-28.50437427410517,NA,-34.16680202918272,NA,-32.967862578483974,NA,1.110255587396653,NA,1.110346812233538,NA,1.000231209196349,NA,1.000436132364972,NA
9878343,25,n u g a v,5,-17.32641256884868,NA,-22.17862386284786,NA,-22.142492609172585,NA,1.295558300366401,NA,1.2953096832430069,NA,1.0097861339305134,NA,1.0094276480806197,NA
9878343,29,l ø ʒ u v,5,-24.17716973587194,NA,-Inf,NA,-28.848175212289668,NA,1.0814626210119913,NA,1.0815977985088008,NA,1.0004564721225957,NA,1.0006458088997068,NA
9878343,63,b u j o ʒ,5,-21.05836231257191,NA,-17.548890057056813,NA,-17.6640692648367,NA,1.1951964989849069,NA,1.19514022750294,NA,1.009795703059727,NA,1.0094933961448156,NA
9878343,62,l ø ʒ ɯ v,5,-23.962302765397112,NA,-Inf,NA,-31.445776025167124,NA,1.0912637492814083,NA,1.0913810872864589,NA,1.000065210303228,NA,1.0002790383147078,NA
9878343,24,g a m y z,5,-17.355373317181197,NA,-14.240338449458276,NA,-14.287440891901769,NA,1.3908659418471938,NA,1.390465006547887,NA,1.0224670797058462,NA,1.02149027043917,NA
9878343,81,m e t e ɾ,5,-13.722605695771906,NA,-12.003654907782868,NA,-12.023346713937531,NA,1.5195622914746405,NA,1.518910401773783,NA,1.0525880770319855,NA,1.0498613480187184,NA
9878343,67,t ø ɾ i n,5,-16.410405147059684,NA,-14.831918462189485,NA,-14.86886634674382,NA,1.4208089522804974,NA,1.420327529748208,NA,1.0291017054180784,NA,1.0276334200937636,NA
9878343,14,b i d͡ʒ ɯ z,5,-18.017662927348493,NA,-14.765156156833983,NA,-14.806093842831208,NA,1.2350324649864008,NA,1.2348988853670513,NA,1.0156682860234614,NA,1.0150462915601737,NA
9878343,78,ɫ o c e j,5,-19.459937199364497,NA,-Inf,NA,-26.8066540964721,NA,1.2048232326919666,NA,1.2047363825587754,NA,1.0060903952169935,NA,1.0059482882890152,NA
9878343,71,m y ʒ i l,5,-20.891058437119632,NA,-18.275024894086325,NA,-18.26894174408407,NA,1.2897352362290226,NA,1.2895048394454542,NA,1.0287321730069334,NA,1.0274260236712516,NA
9878343,86,n u c e c,5,-22.224521947118312,NA,-Inf,NA,-30.235545793839655,NA,1.1941705486603285,NA,1.1941090729768065,NA,1.001356524171781,NA,1.0014965839651273,NA
9878343,16,n i m ɯ h,5,-16.125521349527286,NA,-21.514654728099533,NA,-21.48267679386988,NA,1.221402368300542,NA,1.2212936567795851,NA,1.008105939127622,NA,1.0078930238188846,NA
9878343,65,ɟ y ɟ ø z,5,-28.261172142031192,NA,-Inf,NA,-27.202076859131157,NA,1.0923810950775177,NA,1.0924989300689334,NA,1.0002501387042984,NA,1.0004529214024969,NA
9878343,85,m y z a z,5,-16.873733531508663,NA,-13.8813816786833,NA,-13.92028821240666,NA,1.414095539116758,NA,1.4136394572206412,NA,1.046379285868822,NA,1.044078620549693,NA
9878343,22,b e ʒ ɯ z,5,-19.881988712701524,NA,-20.15074841057007,NA,-19.602322161163336,NA,1.3088813810464754,NA,1.308620171979486,NA,1.014317355661407,NA,1.0137690028078854,NA
9878343,85,g u m y z,5,-18.91676624227809,NA,-15.093972479028997,NA,-15.137149639038482,NA,1.1894469643775232,NA,1.189394504817783,NA,1.0080570007044969,NA,1.0078402676416895,NA
9878343,63,l y l e j,5,-19.772550808587734,NA,-Inf,NA,-29.111148377195256,NA,1.2167590941862367,NA,1.2166514635372478,NA,1.0045229064430488,NA,1.0044630064259272,NA
9878343,13,ɫ a g u v,5,-17.315515257959518,NA,-22.20438998670757,NA,-22.1942114842724,NA,1.3402216073124982,NA,1.3399090365344333,NA,1.0047777004065963,NA,1.0047377633341297,NA
9878343,84,m y k u ɾ,5,-16.16672959638731,NA,-13.647288442981042,NA,-13.67480354663754,NA,1.3486959861244403,NA,1.348345503504382,NA,1.040908137079269,NA,1.0388933343742264,NA
9878343,61,n e m ɯ v,5,-16.2679106094412,NA,-21.623136884117503,NA,-21.602958834317167,NA,1.3065266810918763,NA,1.3062710632304733,NA,1.0163019738273251,NA,1.015657700859542,NA
9878343,67,b e ʒ y z,5,-20.38453775562813,NA,-17.968651889022336,NA,-17.963773735189676,NA,1.2791360964148726,NA,1.278929028131013,NA,1.0135348320226718,NA,1.0130354616378874,NA
9878343,61,ɟ ø ʒ ɯ ʒ,5,-28.802367630859823,NA,-Inf,NA,-33.852506245096116,NA,1.0750793759745922,NA,1.075228524021754,NA,1,1,1.0002179098838746,1
9878343,12,b u m y ʒ,5,-20.634597061276835,NA,-17.453026450842174,NA,-17.43947379466699,NA,1.203816110471337,NA,1.2037447179670484,NA,1.013503908131295,NA,1.0130055541759393,NA
9878343,65,b i f i z,5,-17.367817790823707,NA,-14.539143873848408,NA,-14.5814801904761,NA,1.3006774174319915,NA,1.300424750199676,NA,1.0215979149021732,NA,1.0206250474382526,NA
9878343,60,v ø l e c,5,-23.323793740357537,NA,-Inf,NA,-33.17836619636902,NA,1.1573076239641735,NA,1.1573097966742572,NA,1.000652103032279,NA,1.0008291941922065,NA
9878343,83,n ø m ø h,5,-20.22203636369186,NA,-27.127441990238378,NA,-26.772419935381528,NA,1.1051797136202524,NA,1.1052765997185356,NA,1.001638791460164,NA,1.00176987702246,NA
9878343,65,ɟ ø ɟ y ʃ,5,-28.382025596923334,NA,-Inf,NA,-27.273964274617327,NA,1.06451562774906,NA,1.064678843072776,NA,1.0016113280727483,NA,1.001729331617179,NA
9878343,64,f u ʒ ɯ ʒ,5,-23.9166248803383,NA,-Inf,NA,-28.2987368958237,NA,1.1450967257617637,NA,1.1451247551929438,NA,1.000975915064953,NA,1.0011424929957409,NA
9878343,18,f ɯ d y c,5,-21.761233097918407,NA,-23.891747181935735,NA,-23.686632689099905,NA,1.1325830509681372,NA,1.1326353404889125,NA,1.0056072670834837,NA,1.0055261372591189,NA
9878343,62,m y d͡ʒ y z,5,-19.055770045147348,NA,-15.489145500909974,NA,-15.51914804312365,NA,1.2205470790782769,NA,1.2204412615879323,NA,1.0297516825712627,NA,1.028399004052331,NA
9878343,63,ɫ a ʒ ɯ ʒ,5,-21.057393014683385,NA,-Inf,NA,-26.41048458696313,NA,1.3326568898923266,NA,1.3323604104033762,NA,1.0026538128249567,NA,1.0027322776999663,NA
9878343,19,ɫ o h ɯ v,5,-18.378732324942018,NA,-24.946669907437375,NA,-24.8696524175722,NA,1.1710082034448943,NA,1.1709872550102671,NA,1.002896280390419,NA,1.0029605848662049,NA
9878343,29,t e k o n,5,-14.998265880403986,NA,-12.987925813400334,NA,-13.012766174055423,NA,1.404395408692991,NA,1.4039515023966052,NA,1.0462338914653162,NA,1.043960708572914,NA
9874765,27,l ø ʒ u v,5,-24.17716973587194,NA,-Inf,NA,-28.848175212289668,NA,1.0814626210119913,NA,1.0815977985088008,NA,1.0004564721225957,NA,1.0006458088997068,NA
9874765,24,ɟ i ʒ a ʒ,5,-25.070573459054387,NA,-28.408200172943992,NA,-28.11389151899236,NA,1.2792842518640677,NA,1.2790676617380563,NA,1.001614798833574,NA,1.0017356621916462,NA
9874765,25,l i ʒ u v,5,-21.791901518688565,NA,-27.90170599209823,NA,-27.610340559309456,NA,1.1474829849634645,NA,1.1475039403773133,NA,1.0007835188902832,NA,1.000955566256444,NA
9874765,36,v ø l e c,5,-23.323793740357537,NA,-Inf,NA,-33.17836619636902,NA,1.1573076239641735,NA,1.1573097966742572,NA,1.000652103032279,NA,1.0008291941922065,NA
9874765,83,m e t e ɾ,5,-13.722605695771906,NA,-12.003654907782868,NA,-12.023346713937531,NA,1.5195622914746405,NA,1.518910401773783,NA,1.0525880770319855,NA,1.0498613480187184,NA
9874765,79,m y k u ɾ,5,-16.16672959638731,NA,-13.647288442981042,NA,-13.67480354663754,NA,1.3486959861244403,NA,1.348345503504382,NA,1.040908137079269,NA,1.0388933343742264,NA
9874765,77,n i m ɯ h,5,-16.125521349527286,NA,-21.514654728099533,NA,-21.48267679386988,NA,1.221402368300542,NA,1.2212936567795851,NA,1.008105939127622,NA,1.0078930238188846,NA
9874765,36,b u m y ʒ,5,-20.634597061276835,NA,-17.453026450842174,NA,-17.43947379466699,NA,1.203816110471337,NA,1.2037447179670484,NA,1.013503908131295,NA,1.0130055541759393,NA
9874765,30,g a v e n,5,-16.239688851845823,NA,-13.908186943802582,NA,-13.954428963263789,NA,1.5116455492031928,NA,1.51100876623818,NA,1.0347739691193514,NA,1.033012423159234,NA
9874765,82,n u c e c,5,-22.224521947118312,NA,-Inf,NA,-30.235545793839655,NA,1.1941705486603285,NA,1.1941090729768065,NA,1.001356524171781,NA,1.0014965839651273,NA
9874765,25,v i ɟ y ʒ,5,-24.876386571500724,NA,-25.881186525811604,NA,-25.267184291001364,NA,1.12770092152038,NA,1.1277617239351925,NA,1.0024086378704609,NA,1.0024984923228988,NA
9874765,66,m y p o ʒ,5,-21.062384677092385,NA,-17.12481314942236,NA,-17.238674158015545,NA,1.217353092070428,NA,1.2172586661563085,NA,1.030554594624349,NA,1.0291606916538274,NA
9874765,42,t͡ʃ ø j o p,5,-20.761162543399134,NA,-16.85312947192674,NA,-16.895892356598512,NA,1.1297760413577145,NA,1.129827321681991,NA,1.0043570596970908,NA,1.004335423634715,NA
9874765,35,l ø ʒ ɯ v,5,-23.962302765397112,NA,-Inf,NA,-31.445776025167124,NA,1.0912637492814083,NA,1.0913810872864589,NA,1.000065210303228,NA,1.0002790383147078,NA
9874765,28,ɫ a g u v,5,-17.315515257959518,NA,-22.20438998670757,NA,-22.1942114842724,NA,1.3402216073124982,NA,1.3399090365344333,NA,1.0047777004065963,NA,1.0047377633341297,NA
9874765,69,n i l e s,5,-16.331548266468857,NA,-22.702137034627185,NA,-22.335041029784072,NA,1.2559429323718037,NA,1.2557640746194505,NA,1.0105370402756846,NA,1.01014499607184,NA
9874765,24,ɫ o h ɯ v,5,-18.378732324942018,NA,-24.946669907437375,NA,-24.8696524175722,NA,1.1710082034448943,NA,1.1709872550102671,NA,1.002896280390419,NA,1.0029605848662049,NA
9874765,16,ɟ i ɟ y c,5,-28.50437427410517,NA,-34.16680202918272,NA,-32.967862578483974,NA,1.110255587396653,NA,1.110346812233538,NA,1.000231209196349,NA,1.000436132364972,NA
9874765,88,m y ɾ ɯ ɾ,5,-15.856481481342133,NA,-12.944319591547218,NA,-12.972778988107237,NA,1.435298597005871,NA,1.434796547206406,NA,1.053819451965324,NA,1.0510915726346128,NA
9874765,41,d͡ʒ o c y c,5,-25.0483878241706,NA,-Inf,NA,-30.473206137592207,NA,1.1081996356577295,NA,1.108294413751327,NA,1.0006613125519153,NA,1.000843800829829,NA
9874765,36,h a j o ʒ,5,-19.70425756699943,NA,-16.051747969710995,NA,-16.174734890728512,NA,1.375285896549857,NA,1.374918035761362,NA,1.0416275407035844,NA,1.0396478965275615,NA
9874765,68,n i m ø h,5,-17.836768146508483,NA,-23.90398304309107,NA,-23.591272132676064,NA,1.1712000775717255,NA,1.171182741587048,NA,1.0073974584829106,NA,1.0072250641442173,NA
9874765,75,m y d͡ʒ y z,5,-19.055770045147348,NA,-15.489145500909974,NA,-15.51914804312365,NA,1.2205470790782769,NA,1.2204412615879323,NA,1.0297516825712627,NA,1.028399004052331,NA
9874765,41,g a m y z,5,-17.355373317181197,NA,-14.240338449458276,NA,-14.287440891901769,NA,1.3908659418471938,NA,1.390465006547887,NA,1.0224670797058462,NA,1.02149027043917,NA
9874765,49,d͡ʒ o t͡ʃ u ʒ,5,-22.25933783885341,NA,-25.407920618685885,NA,-25.226670777169343,NA,1.1389450473591287,NA,1.1389844721552644,NA,1.001545014340632,NA,1.0016802565901464,NA
9874765,44,b ø d͡ʒ o ʒ,5,-23.199615484381773,NA,-22.946734860541916,NA,-22.872071478740505,NA,1.121083185876453,NA,1.121155460851373,NA,1.0015584369695272,NA,1.0016920324034493,NA
9874765,39,b e ʒ ɯ z,5,-19.881988712701524,NA,-20.15074841057007,NA,-19.602322161163336,NA,1.3088813810464754,NA,1.308620171979486,NA,1.014317355661407,NA,1.0137690028078854,NA
9874765,25,ɫ o c e j,5,-19.459937199364497,NA,-Inf,NA,-26.8066540964721,NA,1.2048232326919666,NA,1.2047363825587754,NA,1.0060903952169935,NA,1.0059482882890152,NA
9874765,56,f u ʒ ɯ ʒ,5,-23.9166248803383,NA,-Inf,NA,-28.2987368958237,NA,1.1450967257617637,NA,1.1451247551929438,NA,1.000975915064953,NA,1.0011424929957409,NA
9874765,40,g ɯ d͡ʒ ɯ ʃ,5,-19.48982961121296,NA,-15.852311354959165,NA,-15.901866630957937,NA,1.1748084006569268,NA,1.1747780038271325,NA,1.0097080569984351,NA,1.0093543709655342,NA
9874765,61,t ø ɾ i n,5,-16.410405147059684,NA,-14.831918462189485,NA,-14.86886634674382,NA,1.4208089522804974,NA,1.420327529748208,NA,1.0291017054180784,NA,1.0276334200937636,NA
9874765,40,ɟ y ʒ ɯ ʒ,5,-27.593669876805233,NA,-Inf,NA,-32.54585594703615,NA,1.1262058924390637,NA,1.1262665863054913,NA,1.0001090155892292,NA,1.0003211623361203,NA
9874765,69,m y z e l,5,-18.29810048302488,NA,-15.36637665199515,NA,-15.417853706543786,NA,1.320777681509878,NA,1.3204937774894725,NA,1.0382974481087792,NA,1.0364788587481613,NA
9874765,38,b u j o ʒ,5,-21.05836231257191,NA,-17.548890057056813,NA,-17.6640692648367,NA,1.1951964989849069,NA,1.19514022750294,NA,1.009795703059727,NA,1.0094933961448156,NA
9874765,28,b e ʒ i l,5,-20.157665035921532,NA,-17.87290940676915,NA,-18.003973266743422,NA,1.3606430151485247,NA,1.3602899179920174,NA,1.0147080117893146,NA,1.0141386071612013,NA
9874765,45,j a c ø t͡ʃ,5,-21.596104374841666,NA,-Inf,NA,-22.599644393527782,NA,1.31698528948836,NA,1.316717900772158,NA,1.0178198509358245,NA,1.0171013441808128,NA
9874765,22,ɟ e g u j,5,-21.813613758746683,NA,-Inf,NA,-27.77270366778515,NA,1.2429834228927066,NA,1.2428362044265289,NA,1.0016771227161092,NA,1.0018008835043444,NA
9874765,39,b u ʒ i z,5,-20.2946910095022,NA,-18.014965986359083,NA,-17.95706711599841,NA,1.2623842333719226,NA,1.262198009872272,NA,1.0123552595503351,NA,1.01187554012336,NA
9874765,26,n ɯ g u v,5,-18.672938523470744,NA,-24.97225112201225,NA,-24.798231194095607,NA,1.1366324521867113,NA,1.1366721183407424,NA,1.0015222117456346,NA,1.001653631447348,NA
9874765,23,ɫ a ʒ ɯ ʒ,5,-21.057393014683385,NA,-Inf,NA,-26.41048458696313,NA,1.3326568898923266,NA,1.3323604104033762,NA,1.0026538128249567,NA,1.0027322776999663,NA
9874765,20,l y l e j,5,-19.772550808587734,NA,-Inf,NA,-29.111148377195256,NA,1.2167590941862367,NA,1.2166514635372478,NA,1.0045229064430488,NA,1.0044630064259272,NA
9874765,37,v ɯ ʒ o ʒ,5,-24.09804256484363,NA,-Inf,NA,-26.60448713952874,NA,1.094757980140496,NA,1.0948759012986842,NA,1.0004664281367202,NA,1.0006578633208734,NA
9874765,37,f u ʒ u ʒ,5,-24.131491850813127,NA,-24.668253654298645,NA,-24.46144519601823,NA,1.1352955974923469,NA,1.135341466415286,NA,1.000975915064953,NA,1.0011424929957409,NA
9874765,37,b i d͡ʒ ɯ z,5,-18.017662927348493,NA,-14.765156156833983,NA,-14.806093842831208,NA,1.2350324649864008,NA,1.2348988853670513,NA,1.0156682860234614,NA,1.0150462915601737,NA
9874765,37,g ɯ ʒ ɯ f,5,-21.788275067767113,NA,-Inf,NA,-25.430059507970466,NA,1.155577346931862,NA,1.155582793730333,NA,1.0034694890371534,NA,1.0034952632757648,NA
9874765,36,g o ɟ e ʒ,5,-24.70734295733524,NA,-Inf,NA,-24.892441184593736,NA,1.206949659858697,NA,1.2068658496110196,NA,1.0013992346140868,NA,1.0015409476057728,NA
9874765,39,b u j ɯ ʒ,5,-20.656800600490904,NA,-Inf,NA,-21.416780472527225,NA,1.226366366213809,NA,1.226253360999328,NA,1.012563203952425,NA,1.0121097739492848,NA
9874765,50,n u m ø s,5,-18.01717804587876,NA,-23.274555968238037,NA,-23.130003427749006,NA,1.1671298407351371,NA,1.1671135968518798,NA,1.005615073673373,NA,1.005536090751645,NA
9874765,57,m y ʒ i l,5,-20.891058437119632,NA,-18.275024894086325,NA,-18.26894174408407,NA,1.2897352362290226,NA,1.2895048394454542,NA,1.0287321730069334,NA,1.0274260236712516,NA
9874765,31,ɟ ø ʒ a ʒ,5,-27.45584167623776,NA,-Inf,NA,-28.658578991412625,NA,1.2132638879125943,NA,1.2131615198695442,NA,1.0012877520658865,NA,1.001425904834909,NA
9874765,20,l e ʒ a v,5,-20.032673267265825,NA,-26.44332906685423,NA,-26.14940301912727,NA,1.3816363028138647,NA,1.381238823618678,NA,1.0061260075164613,NA,1.0059671413264173,NA
9874765,40,ɟ y ɟ ø z,5,-28.261172142031192,NA,-Inf,NA,-27.202076859131157,NA,1.0923810950775177,NA,1.0924989300689334,NA,1.0002501387042984,NA,1.0004529214024969,NA
9874765,29,l y l y c,5,-24.087338776513203,NA,-Inf,NA,-33.35849160319946,NA,1.1135850424096871,NA,1.1136703680544862,NA,1.000610288249374,NA,1.0007953005759365,NA
9874765,26,ɟ i f e ʒ,5,-23.50725783914693,NA,-25.179036508558365,NA,-24.87841662264246,NA,1.2121684741836356,NA,1.2120754128304632,NA,1.0053026957384814,NA,1.0052306294125322,NA
9874765,31,g ɯ ɟ ø ʒ,5,-26.888884788763463,NA,-Inf,NA,-25.491689893774726,NA,1.0923427028145285,NA,1.0924665333420214,NA,1.0025458422833493,NA,1.0026299630393898,NA
9874765,39,ɫ o v ø c,5,-22.706813314753763,NA,-Inf,NA,-29.908765850171065,NA,1.1103538449370305,NA,1.1104464091915205,NA,1.0030937070231545,NA,1.0031487260784029,NA
9874765,39,b i f i z,5,-17.367817790823707,NA,-14.539143873848408,NA,-14.5814801904761,NA,1.3006774174319915,NA,1.300424750199676,NA,1.0215979149021732,NA,1.0206250474382526,NA
9874765,31,v ɯ ʒ o h,5,-21.714556093501535,NA,-Inf,NA,-27.904550653039433,NA,1.1066262553279758,NA,1.1067194621758885,NA,1.0002707972270364,NA,1.000474478028374,NA
9874765,75,m y z a z,5,-16.873733531508663,NA,-13.8813816786833,NA,-13.92028821240666,NA,1.414095539116758,NA,1.4136394572206412,NA,1.046379285868822,NA,1.044078620549693,NA
9874765,67,k o ɾ o n,5,-16.15929758860058,NA,-13.868409821172923,NA,-13.895071028995217,NA,1.4086622883685636,NA,1.408210172854805,NA,1.0325528233779742,NA,1.030997388207983,NA
9874765,65,b e t͡ʃ ø z,5,-19.558563039794212,NA,-16.45022001700887,NA,-16.488509727521837,NA,1.2699076960082727,NA,1.2697183110910075,NA,1.015705436550192,NA,1.0150951236806631,NA
9874765,33,v ɯ c i c,5,-23.489154875537356,NA,-Inf,NA,-31.50043512796986,NA,1.1869854330618432,NA,1.186935765181287,NA,1.000596848743176,NA,1.0007801201825397,NA
9874765,70,n ɯ c e c,5,-22.009654976643485,NA,-Inf,NA,-30.90854985906133,NA,1.183230340688058,NA,1.18318779269999,NA,1.0009770597047227,NA,1.0011370759656055,NA
9874765,18,ɫ a l e ɾ,5,-15.163099753645444,NA,-19.935814013412394,NA,-19.576163843490317,NA,1.474127120354203,NA,1.473554395483853,NA,1.0201936391485853,NA,1.0192033602125234,NA
9874765,32,v ø l y j,5,-21.757817351341345,NA,-Inf,NA,-31.916689215783485,NA,1.0935205953372813,NA,1.0936337054213383,NA,1.0001956309096838,NA,1.000401295176374,NA
9874765,33,ɟ ø ʒ ɯ ʒ,5,-28.802367630859823,NA,-Inf,NA,-33.852506245096116,NA,1.0750793759745922,NA,1.075228524021754,NA,1,1,1.0002179098838746,1
9874765,63,k ɯ ɟ e h,5,-20.35414713041565,NA,-Inf,NA,-22.976968237654425,NA,1.283235141884312,NA,1.2830152250357565,NA,1.015169372438029,NA,1.0145770800961191,NA
9874765,70,b e j o p,5,-17.621956818911904,NA,-14.710265369997016,NA,-14.747288468151918,NA,1.318235195988115,NA,1.3179604495421229,NA,1.023964703711502,NA,1.0229099718204642,NA
9874765,70,n y n o s,5,-16.90203561488304,NA,-20.70390771506508,NA,-20.701328454444155,NA,1.2163205673403334,NA,1.2162172370270818,NA,1.00936206536363,NA,1.0090732790913943,NA
9874765,36,b e ʒ y z,5,-20.38453775562813,NA,-17.968651889022336,NA,-17.963773735189676,NA,1.2791360964148726,NA,1.278929028131013,NA,1.0135348320226718,NA,1.0130354616378874,NA
9874765,65,f u c e c,5,-23.511463576787175,NA,-Inf,NA,-29.336731806601904,NA,1.199259331683282,NA,1.1991890556832483,NA,1.0015190025080027,NA,1.0016505248518268,NA
9874765,35,n u ʒ o h,5,-20.647758491408347,NA,-26.42840069407047,NA,-26.092665911065804,NA,1.120706350697388,NA,1.120775199867318,NA,1.0008134367287314,NA,1.0009885521090411,NA
9874765,77,k a m y ɾ,5,-14.60533667129042,NA,-12.566891947703592,NA,-12.592572980919178,NA,1.5244462014259983,NA,1.5237936084044486,NA,1.062697489208468,NA,1.0595720312963168,NA
9874765,72,n ø m ø h,5,-20.22203636369186,NA,-27.127441990238378,NA,-26.772419935381528,NA,1.1051797136202524,NA,1.1052765997185356,NA,1.001638791460164,NA,1.00176987702246,NA
9874765,72,f ɯ d y c,5,-21.761233097918407,NA,-23.891747181935735,NA,-23.686632689099905,NA,1.1325830509681372,NA,1.1326353404889125,NA,1.0056072670834837,NA,1.0055261372591189,NA
9874765,57,g o d͡ʒ ɯ z,5,-19.770537868401828,NA,-17.17904521923025,NA,-17.19916861874007,NA,1.1826737683633608,NA,1.1826307514407104,NA,1.0041826517558374,NA,1.004164363663955,NA
9874765,68,ɫ a m ɯ j,5,-15.11857151857796,NA,-20.33622952955124,NA,-20.330363342345912,NA,1.4001995331332835,NA,1.3997789734141448,NA,1.017897430130006,NA,1.0171616356786684,NA
9874765,81,n e m ɯ v,5,-16.2679106094412,NA,-21.623136884117503,NA,-21.602958834317167,NA,1.3065266810918763,NA,1.3062710632304733,NA,1.0163019738273251,NA,1.015657700859542,NA
9874765,75,n ɯ c y c,5,-23.384060766098123,NA,-Inf,NA,-30.852354594073574,NA,1.099749800486337,NA,1.0998591993321496,NA,1.0003901669756716,NA,1.0005869200881068,NA
9874765,38,d͡ʒ a m a ʒ,5,-17.752742677818908,NA,-17.085266867347194,NA,-17.226367434005237,NA,1.5259583015742766,NA,1.5253144134357843,NA,1.0324208128726595,NA,1.0308841077133883,NA
9874765,91,b a j o p,5,-17.147287610817873,NA,-14.064023784516072,NA,-14.101916418410518,NA,1.4125267904421874,NA,1.4120889097497351,NA,1.0381955836146763,NA,1.0363910290645393,NA
9874765,47,d͡ʒ o ʒ o ʒ,5,-24.480705050348092,NA,-23.65144193577017,NA,-23.604853465371203,NA,1.1063477027090305,NA,1.1064455731324747,NA,1.0009007487476005,NA,1.0010693101437411,NA
9874765,68,l i v o h,5,-19.595109788952644,NA,-27.49272636985236,NA,-27.15263118582112,NA,1.1574639446613604,NA,1.1574688518675773,NA,1.0022967539016463,NA,1.0023928574967222,NA
9874765,81,t e k o n,5,-14.998265880403986,NA,-12.987925813400334,NA,-13.012766174055423,NA,1.404395408692991,NA,1.4039515023966052,NA,1.0462338914653162,NA,1.043960708572914,NA
9874765,42,ɫ o t i v,5,-16.623572496331185,NA,-21.45944618243926,NA,-21.45667533842388,NA,1.270720527524629,NA,1.2705211729498675,NA,1.0235566532375455,NA,1.0224757433127067,NA
9874765,32,b a ʒ i n,5,-17.80349425450386,NA,-14.791020439297638,NA,-14.925564091251209,NA,1.5193623891917725,NA,1.518711994390168,NA,1.0328627171294904,NA,1.0312294576154004,NA
9874765,37,g u m y z,5,-18.91676624227809,NA,-15.093972479028997,NA,-15.137149639038482,NA,1.1894469643775232,NA,1.189394504817783,NA,1.0080570007044969,NA,1.0078402676416895,NA
9874765,32,n u g a v,5,-17.32641256884868,NA,-22.17862386284786,NA,-22.142492609172585,NA,1.295558300366401,NA,1.2953096832430069,NA,1.0097861339305134,NA,1.0094276480806197,NA
9874765,57,c e d͡ʒ e t͡ʃ,5,-20.132543384729967,NA,-Inf,NA,-23.078955930544776,NA,1.3025086740061806,NA,1.30225682196575,NA,1.007703124650714,NA,1.0074974497629463,NA
9874765,36,b e d͡ʒ y z,5,-18.322376643949248,NA,-15.50382960677507,NA,-15.540572147404909,NA,1.291454857997779,NA,1.2912263401344954,NA,1.017144724013624,NA,1.0164538694214755,NA
9874765,38,ɫ o t͡ʃ a v,5,-17.38102037177355,NA,-22.221171339417307,NA,-22.17471603733289,NA,1.2912051431600686,NA,1.2909639988175745,NA,1.0104683496161708,NA,1.010075153889148,NA
9874765,74,t ø l e ɾ,5,-18.092071394057463,NA,-Inf,NA,-23.47218345961383,NA,1.2904993682381145,NA,1.29024438545329,NA,1.015354289300933,NA,1.0146192543931714,NA
9874765,37,g ɯ ʃ a n,5,-16.88053831059943,NA,-13.952848512019289,NA,-13.993863814055455,NA,1.3804651524522582,NA,1.3800477574614127,NA,1.0360723486113332,NA,1.0341140599250127,NA
9874765,37,ɟ ø ɟ y ʃ,5,-28.382025596923334,NA,-Inf,NA,-27.273964274617327,NA,1.06451562774906,NA,1.064678843072776,NA,1.0016113280727483,NA,1.001729331617179,NA
9874765,41,b o ʒ y z,5,-21.657956214237167,NA,-17.8013111360532,NA,-17.796202222359895,NA,1.1717379161722383,NA,1.1717166578887983,NA,1.0080619412428775,NA,1.0078502843412198,NA
9874765,31,l i ʒ o h,5,-21.63837167405498,NA,-29.2969489690406,NA,-28.811359959835062,NA,1.1271576108556265,NA,1.1272152878236117,NA,1.0003270467676877,NA,1.0005276672406118,NA
9873088,56,g u m y z,5,-18.91676624227809,NA,-15.093972479028997,NA,-15.137149639038482,NA,1.1894469643775232,NA,1.189394504817783,NA,1.0080570007044969,NA,1.0078402676416895,NA
9873088,76,ɟ ø ɟ y ʃ,5,-28.382025596923334,NA,-Inf,NA,-27.273964274617327,NA,1.06451562774906,NA,1.064678843072776,NA,1.0016113280727483,NA,1.001729331617179,NA
9873088,80,m e t e ɾ,5,-13.722605695771906,NA,-12.003654907782868,NA,-12.023346713937531,NA,1.5195622914746405,NA,1.518910401773783,NA,1.0525880770319855,NA,1.0498613480187184,NA
9873088,60,t e k o n,5,-14.998265880403986,NA,-12.987925813400334,NA,-13.012766174055423,NA,1.404395408692991,NA,1.4039515023966052,NA,1.0462338914653162,NA,1.043960708572914,NA
9873088,34,b e ʒ i l,5,-20.157665035921532,NA,-17.87290940676915,NA,-18.003973266743422,NA,1.3606430151485247,NA,1.3602899179920174,NA,1.0147080117893146,NA,1.0141386071612013,NA
9873088,35,v ɯ c i c,5,-23.489154875537356,NA,-Inf,NA,-31.50043512796986,NA,1.1869854330618432,NA,1.186935765181287,NA,1.000596848743176,NA,1.0007801201825397,NA
9873088,19,ɫ a m ɯ j,5,-15.11857151857796,NA,-20.33622952955124,NA,-20.330363342345912,NA,1.4001995331332835,NA,1.3997789734141448,NA,1.017897430130006,NA,1.0171616356786684,NA
9873088,39,g o ɟ e ʒ,5,-24.70734295733524,NA,-Inf,NA,-24.892441184593736,NA,1.206949659858697,NA,1.2068658496110196,NA,1.0013992346140868,NA,1.0015409476057728,NA
9873088,33,g ɯ ʃ a n,5,-16.88053831059943,NA,-13.952848512019289,NA,-13.993863814055455,NA,1.3804651524522582,NA,1.3800477574614127,NA,1.0360723486113332,NA,1.0341140599250127,NA
9873088,21,l i ʒ o h,5,-21.63837167405498,NA,-29.2969489690406,NA,-28.811359959835062,NA,1.1271576108556265,NA,1.1272152878236117,NA,1.0003270467676877,NA,1.0005276672406118,NA
9873088,44,v ø l e c,5,-23.323793740357537,NA,-Inf,NA,-33.17836619636902,NA,1.1573076239641735,NA,1.1573097966742572,NA,1.000652103032279,NA,1.0008291941922065,NA
9873088,82,k o ɾ o n,5,-16.15929758860058,NA,-13.868409821172923,NA,-13.895071028995217,NA,1.4086622883685636,NA,1.408210172854805,NA,1.0325528233779742,NA,1.030997388207983,NA
9873088,90,m y z a z,5,-16.873733531508663,NA,-13.8813816786833,NA,-13.92028821240666,NA,1.414095539116758,NA,1.4136394572206412,NA,1.046379285868822,NA,1.044078620549693,NA
9873088,57,b u j o ʒ,5,-21.05836231257191,NA,-17.548890057056813,NA,-17.6640692648367,NA,1.1951964989849069,NA,1.19514022750294,NA,1.009795703059727,NA,1.0094933961448156,NA
9873088,34,b e j o p,5,-17.621956818911904,NA,-14.710265369997016,NA,-14.747288468151918,NA,1.318235195988115,NA,1.3179604495421229,NA,1.023964703711502,NA,1.0229099718204642,NA
9873088,57,g ɯ d͡ʒ ɯ ʃ,5,-19.48982961121296,NA,-15.852311354959165,NA,-15.901866630957937,NA,1.1748084006569268,NA,1.1747780038271325,NA,1.0097080569984351,NA,1.0093543709655342,NA
9873088,21,b e ʒ ɯ z,5,-19.881988712701524,NA,-20.15074841057007,NA,-19.602322161163336,NA,1.3088813810464754,NA,1.308620171979486,NA,1.014317355661407,NA,1.0137690028078854,NA
9873088,15,n ɯ g u v,5,-18.672938523470744,NA,-24.97225112201225,NA,-24.798231194095607,NA,1.1366324521867113,NA,1.1366721183407424,NA,1.0015222117456346,NA,1.001653631447348,NA
9873088,30,b a ʒ i n,5,-17.80349425450386,NA,-14.791020439297638,NA,-14.925564091251209,NA,1.5193623891917725,NA,1.518711994390168,NA,1.0328627171294904,NA,1.0312294576154004,NA
9873088,31,ɫ o t͡ʃ a v,5,-17.38102037177355,NA,-22.221171339417307,NA,-22.17471603733289,NA,1.2912051431600686,NA,1.2909639988175745,NA,1.0104683496161708,NA,1.010075153889148,NA
9873088,43,t ø l e ɾ,5,-18.092071394057463,NA,-Inf,NA,-23.47218345961383,NA,1.2904993682381145,NA,1.29024438545329,NA,1.015354289300933,NA,1.0146192543931714,NA
9873088,13,ɫ o h ɯ v,5,-18.378732324942018,NA,-24.946669907437375,NA,-24.8696524175722,NA,1.1710082034448943,NA,1.1709872550102671,NA,1.002896280390419,NA,1.0029605848662049,NA
9873088,53,b a j o p,5,-17.147287610817873,NA,-14.064023784516072,NA,-14.101916418410518,NA,1.4125267904421874,NA,1.4120889097497351,NA,1.0381955836146763,NA,1.0363910290645393,NA
9873088,63,c e d͡ʒ e t͡ʃ,5,-20.132543384729967,NA,-Inf,NA,-23.078955930544776,NA,1.3025086740061806,NA,1.30225682196575,NA,1.007703124650714,NA,1.0074974497629463,NA
9873088,73,b e t͡ʃ ø z,5,-19.558563039794212,NA,-16.45022001700887,NA,-16.488509727521837,NA,1.2699076960082727,NA,1.2697183110910075,NA,1.015705436550192,NA,1.0150951236806631,NA
9873088,74,d͡ʒ o c y c,5,-25.0483878241706,NA,-Inf,NA,-30.473206137592207,NA,1.1081996356577295,NA,1.108294413751327,NA,1.0006613125519153,NA,1.000843800829829,NA
9873088,80,ɟ y ɟ ø z,5,-28.261172142031192,NA,-Inf,NA,-27.202076859131157,NA,1.0923810950775177,NA,1.0924989300689334,NA,1.0002501387042984,NA,1.0004529214024969,NA
9873088,60,ɟ i ɟ y c,5,-28.50437427410517,NA,-34.16680202918272,NA,-32.967862578483974,NA,1.110255587396653,NA,1.110346812233538,NA,1.000231209196349,NA,1.000436132364972,NA
9873088,74,t ø ɾ i n,5,-16.410405147059684,NA,-14.831918462189485,NA,-14.86886634674382,NA,1.4208089522804974,NA,1.420327529748208,NA,1.0291017054180784,NA,1.0276334200937636,NA
9873088,22,n i m ɯ h,5,-16.125521349527286,NA,-21.514654728099533,NA,-21.48267679386988,NA,1.221402368300542,NA,1.2212936567795851,NA,1.008105939127622,NA,1.0078930238188846,NA
9873088,23,ɟ ø ʒ ɯ ʒ,5,-28.802367630859823,NA,-Inf,NA,-33.852506245096116,NA,1.0750793759745922,NA,1.075228524021754,NA,1,1,1.0002179098838746,1
9873088,63,f ɯ d y c,5,-21.761233097918407,NA,-23.891747181935735,NA,-23.686632689099905,NA,1.1325830509681372,NA,1.1326353404889125,NA,1.0056072670834837,NA,1.0055261372591189,NA
9873088,27,n ɯ c e c,5,-22.009654976643485,NA,-Inf,NA,-30.90854985906133,NA,1.183230340688058,NA,1.18318779269999,NA,1.0009770597047227,NA,1.0011370759656055,NA
9873088,21,v ɯ ʒ o h,5,-21.714556093501535,NA,-Inf,NA,-27.904550653039433,NA,1.1066262553279758,NA,1.1067194621758885,NA,1.0002707972270364,NA,1.000474478028374,NA
9873088,52,g o d͡ʒ ɯ z,5,-19.770537868401828,NA,-17.17904521923025,NA,-17.19916861874007,NA,1.1826737683633608,NA,1.1826307514407104,NA,1.0041826517558374,NA,1.004164363663955,NA
9873088,43,t͡ʃ ø j o p,5,-20.761162543399134,NA,-16.85312947192674,NA,-16.895892356598512,NA,1.1297760413577145,NA,1.129827321681991,NA,1.0043570596970908,NA,1.004335423634715,NA
9873088,31,n ø m ø h,5,-20.22203636369186,NA,-27.127441990238378,NA,-26.772419935381528,NA,1.1051797136202524,NA,1.1052765997185356,NA,1.001638791460164,NA,1.00176987702246,NA
9873088,69,l y l y c,5,-24.087338776513203,NA,-Inf,NA,-33.35849160319946,NA,1.1135850424096871,NA,1.1136703680544862,NA,1.000610288249374,NA,1.0007953005759365,NA
9873088,42,b e ʒ y z,5,-20.38453775562813,NA,-17.968651889022336,NA,-17.963773735189676,NA,1.2791360964148726,NA,1.278929028131013,NA,1.0135348320226718,NA,1.0130354616378874,NA
9873088,29,ɫ o c e j,5,-19.459937199364497,NA,-Inf,NA,-26.8066540964721,NA,1.2048232326919666,NA,1.2047363825587754,NA,1.0060903952169935,NA,1.0059482882890152,NA
9873088,25,l i v o h,5,-19.595109788952644,NA,-27.49272636985236,NA,-27.15263118582112,NA,1.1574639446613604,NA,1.1574688518675773,NA,1.0022967539016463,NA,1.0023928574967222,NA
9873088,25,n i m ø h,5,-17.836768146508483,NA,-23.90398304309107,NA,-23.591272132676064,NA,1.1712000775717255,NA,1.171182741587048,NA,1.0073974584829106,NA,1.0072250641442173,NA
9873088,67,k a m y ɾ,5,-14.60533667129042,NA,-12.566891947703592,NA,-12.592572980919178,NA,1.5244462014259983,NA,1.5237936084044486,NA,1.062697489208468,NA,1.0595720312963168,NA
9873088,43,d͡ʒ o ʒ o ʒ,5,-24.480705050348092,NA,-23.65144193577017,NA,-23.604853465371203,NA,1.1063477027090305,NA,1.1064455731324747,NA,1.0009007487476005,NA,1.0010693101437411,NA
9873088,62,g ɯ ʒ ɯ f,5,-21.788275067767113,NA,-Inf,NA,-25.430059507970466,NA,1.155577346931862,NA,1.155582793730333,NA,1.0034694890371534,NA,1.0034952632757648,NA
9873088,33,ɫ a l e ɾ,5,-15.163099753645444,NA,-19.935814013412394,NA,-19.576163843490317,NA,1.474127120354203,NA,1.473554395483853,NA,1.0201936391485853,NA,1.0192033602125234,NA
9873088,46,l ø ʒ ɯ v,5,-23.962302765397112,NA,-Inf,NA,-31.445776025167124,NA,1.0912637492814083,NA,1.0913810872864589,NA,1.000065210303228,NA,1.0002790383147078,NA
9873088,41,v i ɟ y ʒ,5,-24.876386571500724,NA,-25.881186525811604,NA,-25.267184291001364,NA,1.12770092152038,NA,1.1277617239351925,NA,1.0024086378704609,NA,1.0024984923228988,NA
9873088,62,n u c e c,5,-22.224521947118312,NA,-Inf,NA,-30.235545793839655,NA,1.1941705486603285,NA,1.1941090729768065,NA,1.001356524171781,NA,1.0014965839651273,NA
9873088,38,v ɯ ʒ o ʒ,5,-24.09804256484363,NA,-Inf,NA,-26.60448713952874,NA,1.094757980140496,NA,1.0948759012986842,NA,1.0004664281367202,NA,1.0006578633208734,NA
9873088,25,n e m ɯ v,5,-16.2679106094412,NA,-21.623136884117503,NA,-21.602958834317167,NA,1.3065266810918763,NA,1.3062710632304733,NA,1.0163019738273251,NA,1.015657700859542,NA
9873088,63,g a v e n,5,-16.239688851845823,NA,-13.908186943802582,NA,-13.954428963263789,NA,1.5116455492031928,NA,1.51100876623818,NA,1.0347739691193514,NA,1.033012423159234,NA
9873088,71,d͡ʒ o t͡ʃ u ʒ,5,-22.25933783885341,NA,-25.407920618685885,NA,-25.226670777169343,NA,1.1389450473591287,NA,1.1389844721552644,NA,1.001545014340632,NA,1.0016802565901464,NA
9873088,70,m y p o ʒ,5,-21.062384677092385,NA,-17.12481314942236,NA,-17.238674158015545,NA,1.217353092070428,NA,1.2172586661563085,NA,1.030554594624349,NA,1.0291606916538274,NA
9873088,52,f u c e c,5,-23.511463576787175,NA,-Inf,NA,-29.336731806601904,NA,1.199259331683282,NA,1.1991890556832483,NA,1.0015190025080027,NA,1.0016505248518268,NA
9873088,25,b u ʒ i z,5,-20.2946910095022,NA,-18.014965986359083,NA,-17.95706711599841,NA,1.2623842333719226,NA,1.262198009872272,NA,1.0123552595503351,NA,1.01187554012336,NA
9873088,70,m y k u ɾ,5,-16.16672959638731,NA,-13.647288442981042,NA,-13.67480354663754,NA,1.3486959861244403,NA,1.348345503504382,NA,1.040908137079269,NA,1.0388933343742264,NA
9873088,38,ɟ e g u j,5,-21.813613758746683,NA,-Inf,NA,-27.77270366778515,NA,1.2429834228927066,NA,1.2428362044265289,NA,1.0016771227161092,NA,1.0018008835043444,NA
9873088,57,f u ʒ u ʒ,5,-24.131491850813127,NA,-24.668253654298645,NA,-24.46144519601823,NA,1.1352955974923469,NA,1.135341466415286,NA,1.000975915064953,NA,1.0011424929957409,NA
9873088,77,b i f i z,5,-17.367817790823707,NA,-14.539143873848408,NA,-14.5814801904761,NA,1.3006774174319915,NA,1.300424750199676,NA,1.0215979149021732,NA,1.0206250474382526,NA
9873088,44,l e ʒ a v,5,-20.032673267265825,NA,-26.44332906685423,NA,-26.14940301912727,NA,1.3816363028138647,NA,1.381238823618678,NA,1.0061260075164613,NA,1.0059671413264173,NA
9873088,73,n i l e s,5,-16.331548266468857,NA,-22.702137034627185,NA,-22.335041029784072,NA,1.2559429323718037,NA,1.2557640746194505,NA,1.0105370402756846,NA,1.01014499607184,NA
9873088,40,k ɯ ɟ e h,5,-20.35414713041565,NA,-Inf,NA,-22.976968237654425,NA,1.283235141884312,NA,1.2830152250357565,NA,1.015169372438029,NA,1.0145770800961191,NA
9873088,60,m y ʒ i l,5,-20.891058437119632,NA,-18.275024894086325,NA,-18.26894174408407,NA,1.2897352362290226,NA,1.2895048394454542,NA,1.0287321730069334,NA,1.0274260236712516,NA
9873088,40,g ɯ ɟ ø ʒ,5,-26.888884788763463,NA,-Inf,NA,-25.491689893774726,NA,1.0923427028145285,NA,1.0924665333420214,NA,1.0025458422833493,NA,1.0026299630393898,NA
9873088,31,ɟ ø ʒ a ʒ,5,-27.45584167623776,NA,-Inf,NA,-28.658578991412625,NA,1.2132638879125943,NA,1.2131615198695442,NA,1.0012877520658865,NA,1.001425904834909,NA
9873088,14,l i ʒ u v,5,-21.791901518688565,NA,-27.90170599209823,NA,-27.610340559309456,NA,1.1474829849634645,NA,1.1475039403773133,NA,1.0007835188902832,NA,1.000955566256444,NA
9873088,55,ɫ o t i v,5,-16.623572496331185,NA,-21.45944618243926,NA,-21.45667533842388,NA,1.270720527524629,NA,1.2705211729498675,NA,1.0235566532375455,NA,1.0224757433127067,NA
9873088,73,g a m y z,5,-17.355373317181197,NA,-14.240338449458276,NA,-14.287440891901769,NA,1.3908659418471938,NA,1.390465006547887,NA,1.0224670797058462,NA,1.02149027043917,NA
9873088,67,m y d͡ʒ y z,5,-19.055770045147348,NA,-15.489145500909974,NA,-15.51914804312365,NA,1.2205470790782769,NA,1.2204412615879323,NA,1.0297516825712627,NA,1.028399004052331,NA
9873088,35,b u j ɯ ʒ,5,-20.656800600490904,NA,-Inf,NA,-21.416780472527225,NA,1.226366366213809,NA,1.226253360999328,NA,1.012563203952425,NA,1.0121097739492848,NA
9873088,66,l y l e j,5,-19.772550808587734,NA,-Inf,NA,-29.111148377195256,NA,1.2167590941862367,NA,1.2166514635372478,NA,1.0045229064430488,NA,1.0044630064259272,NA
9873088,40,n u ʒ o h,5,-20.647758491408347,NA,-26.42840069407047,NA,-26.092665911065804,NA,1.120706350697388,NA,1.120775199867318,NA,1.0008134367287314,NA,1.0009885521090411,NA
9873088,37,f u ʒ ɯ ʒ,5,-23.9166248803383,NA,-Inf,NA,-28.2987368958237,NA,1.1450967257617637,NA,1.1451247551929438,NA,1.000975915064953,NA,1.0011424929957409,NA
9873088,54,b u m y ʒ,5,-20.634597061276835,NA,-17.453026450842174,NA,-17.43947379466699,NA,1.203816110471337,NA,1.2037447179670484,NA,1.013503908131295,NA,1.0130055541759393,NA
9873088,40,ɟ y ʒ ɯ ʒ,5,-27.593669876805233,NA,-Inf,NA,-32.54585594703615,NA,1.1262058924390637,NA,1.1262665863054913,NA,1.0001090155892292,NA,1.0003211623361203,NA
9873088,80,j a c ø t͡ʃ,5,-21.596104374841666,NA,-Inf,NA,-22.599644393527782,NA,1.31698528948836,NA,1.316717900772158,NA,1.0178198509358245,NA,1.0171013441808128,NA
9873088,37,v ø l y j,5,-21.757817351341345,NA,-Inf,NA,-31.916689215783485,NA,1.0935205953372813,NA,1.0936337054213383,NA,1.0001956309096838,NA,1.000401295176374,NA
9873088,34,ɫ a ʒ ɯ ʒ,5,-21.057393014683385,NA,-Inf,NA,-26.41048458696313,NA,1.3326568898923266,NA,1.3323604104033762,NA,1.0026538128249567,NA,1.0027322776999663,NA
9873088,49,ɫ o v ø c,5,-22.706813314753763,NA,-Inf,NA,-29.908765850171065,NA,1.1103538449370305,NA,1.1104464091915205,NA,1.0030937070231545,NA,1.0031487260784029,NA
9873088,68,m y ɾ ɯ ɾ,5,-15.856481481342133,NA,-12.944319591547218,NA,-12.972778988107237,NA,1.435298597005871,NA,1.434796547206406,NA,1.053819451965324,NA,1.0510915726346128,NA
9873088,79,b ø d͡ʒ o ʒ,5,-23.199615484381773,NA,-22.946734860541916,NA,-22.872071478740505,NA,1.121083185876453,NA,1.121155460851373,NA,1.0015584369695272,NA,1.0016920324034493,NA
9873088,72,b i d͡ʒ ɯ z,5,-18.017662927348493,NA,-14.765156156833983,NA,-14.806093842831208,NA,1.2350324649864008,NA,1.2348988853670513,NA,1.0156682860234614,NA,1.0150462915601737,NA
9873088,59,b o ʒ y z,5,-21.657956214237167,NA,-17.8013111360532,NA,-17.796202222359895,NA,1.1717379161722383,NA,1.1717166578887983,NA,1.0080619412428775,NA,1.0078502843412198,NA
9873088,57,ɟ i ʒ a ʒ,5,-25.070573459054387,NA,-28.408200172943992,NA,-28.11389151899236,NA,1.2792842518640677,NA,1.2790676617380563,NA,1.001614798833574,NA,1.0017356621916462,NA
9873088,64,b e d͡ʒ y z,5,-18.322376643949248,NA,-15.50382960677507,NA,-15.540572147404909,NA,1.291454857997779,NA,1.2912263401344954,NA,1.017144724013624,NA,1.0164538694214755,NA
9873088,78,m y z e l,5,-18.29810048302488,NA,-15.36637665199515,NA,-15.417853706543786,NA,1.320777681509878,NA,1.3204937774894725,NA,1.0382974481087792,NA,1.0364788587481613,NA
9873088,34,l ø ʒ u v,5,-24.17716973587194,NA,-Inf,NA,-28.848175212289668,NA,1.0814626210119913,NA,1.0815977985088008,NA,1.0004564721225957,NA,1.0006458088997068,NA
9873088,30,ɟ i f e ʒ,5,-23.50725783914693,NA,-25.179036508558365,NA,-24.87841662264246,NA,1.2121684741836356,NA,1.2120754128304632,NA,1.0053026957384814,NA,1.0052306294125322,NA
9873088,52,d͡ʒ a m a ʒ,5,-17.752742677818908,NA,-17.085266867347194,NA,-17.226367434005237,NA,1.5259583015742766,NA,1.5253144134357843,NA,1.0324208128726595,NA,1.0308841077133883,NA
9873088,56,h a j o ʒ,5,-19.70425756699943,NA,-16.051747969710995,NA,-16.174734890728512,NA,1.375285896549857,NA,1.374918035761362,NA,1.0416275407035844,NA,1.0396478965275615,NA
9873088,61,n y n o s,5,-16.90203561488304,NA,-20.70390771506508,NA,-20.701328454444155,NA,1.2163205673403334,NA,1.2162172370270818,NA,1.00936206536363,NA,1.0090732790913943,NA
9873088,31,n u g a v,5,-17.32641256884868,NA,-22.17862386284786,NA,-22.142492609172585,NA,1.295558300366401,NA,1.2953096832430069,NA,1.0097861339305134,NA,1.0094276480806197,NA
9873088,73,n ɯ c y c,5,-23.384060766098123,NA,-Inf,NA,-30.852354594073574,NA,1.099749800486337,NA,1.0998591993321496,NA,1.0003901669756716,NA,1.0005869200881068,NA
9873088,51,n u m ø s,5,-18.01717804587876,NA,-23.274555968238037,NA,-23.130003427749006,NA,1.1671298407351371,NA,1.1671135968518798,NA,1.005615073673373,NA,1.005536090751645,NA
9873088,34,ɫ a g u v,5,-17.315515257959518,NA,-22.20438998670757,NA,-22.1942114842724,NA,1.3402216073124982,NA,1.3399090365344333,NA,1.0047777004065963,NA,1.0047377633341297,NA
9872818,51,ɟ y ɟ ø z,5,-28.261172142031192,NA,-Inf,NA,-27.202076859131157,NA,1.0923810950775177,NA,1.0924989300689334,NA,1.0002501387042984,NA,1.0004529214024969,NA
9872818,52,t ø l e ɾ,5,-18.092071394057463,NA,-Inf,NA,-23.47218345961383,NA,1.2904993682381145,NA,1.29024438545329,NA,1.015354289300933,NA,1.0146192543931714,NA
9872818,51,b u j o ʒ,5,-21.05836231257191,NA,-17.548890057056813,NA,-17.6640692648367,NA,1.1951964989849069,NA,1.19514022750294,NA,1.009795703059727,NA,1.0094933961448156,NA
9872818,24,v ɯ ʒ o ʒ,5,-24.09804256484363,NA,-Inf,NA,-26.60448713952874,NA,1.094757980140496,NA,1.0948759012986842,NA,1.0004664281367202,NA,1.0006578633208734,NA
9872818,52,d͡ʒ o t͡ʃ u ʒ,5,-22.25933783885341,NA,-25.407920618685885,NA,-25.226670777169343,NA,1.1389450473591287,NA,1.1389844721552644,NA,1.001545014340632,NA,1.0016802565901464,NA
9872818,53,b ø d͡ʒ o ʒ,5,-23.199615484381773,NA,-22.946734860541916,NA,-22.872071478740505,NA,1.121083185876453,NA,1.121155460851373,NA,1.0015584369695272,NA,1.0016920324034493,NA
9872818,53,t ø ɾ i n,5,-16.410405147059684,NA,-14.831918462189485,NA,-14.86886634674382,NA,1.4208089522804974,NA,1.420327529748208,NA,1.0291017054180784,NA,1.0276334200937636,NA
9872818,51,b u m y ʒ,5,-20.634597061276835,NA,-17.453026450842174,NA,-17.43947379466699,NA,1.203816110471337,NA,1.2037447179670484,NA,1.013503908131295,NA,1.0130055541759393,NA
9872818,23,k ɯ ɟ e h,5,-20.35414713041565,NA,-Inf,NA,-22.976968237654425,NA,1.283235141884312,NA,1.2830152250357565,NA,1.015169372438029,NA,1.0145770800961191,NA
9872818,24,g ɯ ɟ ø ʒ,5,-26.888884788763463,NA,-Inf,NA,-25.491689893774726,NA,1.0923427028145285,NA,1.0924665333420214,NA,1.0025458422833493,NA,1.0026299630393898,NA
9872818,52,t͡ʃ ø j o p,5,-20.761162543399134,NA,-16.85312947192674,NA,-16.895892356598512,NA,1.1297760413577145,NA,1.129827321681991,NA,1.0043570596970908,NA,1.004335423634715,NA
9872818,50,f u c e c,5,-23.511463576787175,NA,-Inf,NA,-29.336731806601904,NA,1.199259331683282,NA,1.1991890556832483,NA,1.0015190025080027,NA,1.0016505248518268,NA
9872818,52,b i f i z,5,-17.367817790823707,NA,-14.539143873848408,NA,-14.5814801904761,NA,1.3006774174319915,NA,1.300424750199676,NA,1.0215979149021732,NA,1.0206250474382526,NA
9872818,76,n ɯ c y c,5,-23.384060766098123,NA,-Inf,NA,-30.852354594073574,NA,1.099749800486337,NA,1.0998591993321496,NA,1.0003901669756716,NA,1.0005869200881068,NA
9872818,26,ɟ i ʒ a ʒ,5,-25.070573459054387,NA,-28.408200172943992,NA,-28.11389151899236,NA,1.2792842518640677,NA,1.2790676617380563,NA,1.001614798833574,NA,1.0017356621916462,NA
9872818,79,n i m ɯ h,5,-16.125521349527286,NA,-21.514654728099533,NA,-21.48267679386988,NA,1.221402368300542,NA,1.2212936567795851,NA,1.008105939127622,NA,1.0078930238188846,NA
9872818,81,m y k u ɾ,5,-16.16672959638731,NA,-13.647288442981042,NA,-13.67480354663754,NA,1.3486959861244403,NA,1.348345503504382,NA,1.040908137079269,NA,1.0388933343742264,NA
9872818,48,b o ʒ y z,5,-21.657956214237167,NA,-17.8013111360532,NA,-17.796202222359895,NA,1.1717379161722383,NA,1.1717166578887983,NA,1.0080619412428775,NA,1.0078502843412198,NA
9872818,82,n u ʒ o h,5,-20.647758491408347,NA,-26.42840069407047,NA,-26.092665911065804,NA,1.120706350697388,NA,1.120775199867318,NA,1.0008134367287314,NA,1.0009885521090411,NA
9872818,72,l y l y c,5,-24.087338776513203,NA,-Inf,NA,-33.35849160319946,NA,1.1135850424096871,NA,1.1136703680544862,NA,1.000610288249374,NA,1.0007953005759365,NA
9872818,23,g o ɟ e ʒ,5,-24.70734295733524,NA,-Inf,NA,-24.892441184593736,NA,1.206949659858697,NA,1.2068658496110196,NA,1.0013992346140868,NA,1.0015409476057728,NA
9872818,86,n u c e c,5,-22.224521947118312,NA,-Inf,NA,-30.235545793839655,NA,1.1941705486603285,NA,1.1941090729768065,NA,1.001356524171781,NA,1.0014965839651273,NA
9872818,53,f ɯ d y c,5,-21.761233097918407,NA,-23.891747181935735,NA,-23.686632689099905,NA,1.1325830509681372,NA,1.1326353404889125,NA,1.0056072670834837,NA,1.0055261372591189,NA
9872818,40,b a j o p,5,-17.147287610817873,NA,-14.064023784516072,NA,-14.101916418410518,NA,1.4125267904421874,NA,1.4120889097497351,NA,1.0381955836146763,NA,1.0363910290645393,NA
9872818,75,n i l e s,5,-16.331548266468857,NA,-22.702137034627185,NA,-22.335041029784072,NA,1.2559429323718037,NA,1.2557640746194505,NA,1.0105370402756846,NA,1.01014499607184,NA
9872818,17,g a v e n,5,-16.239688851845823,NA,-13.908186943802582,NA,-13.954428963263789,NA,1.5116455492031928,NA,1.51100876623818,NA,1.0347739691193514,NA,1.033012423159234,NA
9872818,19,ɟ y ʒ ɯ ʒ,5,-27.593669876805233,NA,-Inf,NA,-32.54585594703615,NA,1.1262058924390637,NA,1.1262665863054913,NA,1.0001090155892292,NA,1.0003211623361203,NA
9872818,51,d͡ʒ o c y c,5,-25.0483878241706,NA,-Inf,NA,-30.473206137592207,NA,1.1081996356577295,NA,1.108294413751327,NA,1.0006613125519153,NA,1.000843800829829,NA
9872818,51,b a ʒ i n,5,-17.80349425450386,NA,-14.791020439297638,NA,-14.925564091251209,NA,1.5193623891917725,NA,1.518711994390168,NA,1.0328627171294904,NA,1.0312294576154004,NA
9872818,54,ɫ o t͡ʃ a v,5,-17.38102037177355,NA,-22.221171339417307,NA,-22.17471603733289,NA,1.2912051431600686,NA,1.2909639988175745,NA,1.0104683496161708,NA,1.010075153889148,NA
9872818,56,c e d͡ʒ e t͡ʃ,5,-20.132543384729967,NA,-Inf,NA,-23.078955930544776,NA,1.3025086740061806,NA,1.30225682196575,NA,1.007703124650714,NA,1.0074974497629463,NA
9872818,18,v ɯ ʒ o h,5,-21.714556093501535,NA,-Inf,NA,-27.904550653039433,NA,1.1066262553279758,NA,1.1067194621758885,NA,1.0002707972270364,NA,1.000474478028374,NA
9872818,54,ɫ o c e j,5,-19.459937199364497,NA,-Inf,NA,-26.8066540964721,NA,1.2048232326919666,NA,1.2047363825587754,NA,1.0060903952169935,NA,1.0059482882890152,NA
9872818,49,g ɯ d͡ʒ ɯ ʃ,5,-19.48982961121296,NA,-15.852311354959165,NA,-15.901866630957937,NA,1.1748084006569268,NA,1.1747780038271325,NA,1.0097080569984351,NA,1.0093543709655342,NA
9872818,52,b u j ɯ ʒ,5,-20.656800600490904,NA,-Inf,NA,-21.416780472527225,NA,1.226366366213809,NA,1.226253360999328,NA,1.012563203952425,NA,1.0121097739492848,NA
9872818,54,ɟ e g u j,5,-21.813613758746683,NA,-Inf,NA,-27.77270366778515,NA,1.2429834228927066,NA,1.2428362044265289,NA,1.0016771227161092,NA,1.0018008835043444,NA
9872818,54,ɟ i f e ʒ,5,-23.50725783914693,NA,-25.179036508558365,NA,-24.87841662264246,NA,1.2121684741836356,NA,1.2120754128304632,NA,1.0053026957384814,NA,1.0052306294125322,NA
9872818,82,n e m ɯ v,5,-16.2679106094412,NA,-21.623136884117503,NA,-21.602958834317167,NA,1.3065266810918763,NA,1.3062710632304733,NA,1.0163019738273251,NA,1.015657700859542,NA
9872818,47,d͡ʒ o ʒ o ʒ,5,-24.480705050348092,NA,-23.65144193577017,NA,-23.604853465371203,NA,1.1063477027090305,NA,1.1064455731324747,NA,1.0009007487476005,NA,1.0010693101437411,NA
9872818,78,m y ʒ i l,5,-20.891058437119632,NA,-18.275024894086325,NA,-18.26894174408407,NA,1.2897352362290226,NA,1.2895048394454542,NA,1.0287321730069334,NA,1.0274260236712516,NA
9872818,25,ɫ a m ɯ j,5,-15.11857151857796,NA,-20.33622952955124,NA,-20.330363342345912,NA,1.4001995331332835,NA,1.3997789734141448,NA,1.017897430130006,NA,1.0171616356786684,NA
9872818,22,l i ʒ u v,5,-21.791901518688565,NA,-27.90170599209823,NA,-27.610340559309456,NA,1.1474829849634645,NA,1.1475039403773133,NA,1.0007835188902832,NA,1.000955566256444,NA
9872818,44,b e d͡ʒ y z,5,-18.322376643949248,NA,-15.50382960677507,NA,-15.540572147404909,NA,1.291454857997779,NA,1.2912263401344954,NA,1.017144724013624,NA,1.0164538694214755,NA
9872818,24,g ɯ ʃ a n,5,-16.88053831059943,NA,-13.952848512019289,NA,-13.993863814055455,NA,1.3804651524522582,NA,1.3800477574614127,NA,1.0360723486113332,NA,1.0341140599250127,NA
9872818,71,v i ɟ y ʒ,5,-24.876386571500724,NA,-25.881186525811604,NA,-25.267184291001364,NA,1.12770092152038,NA,1.1277617239351925,NA,1.0024086378704609,NA,1.0024984923228988,NA
9872818,83,m y ɾ ɯ ɾ,5,-15.856481481342133,NA,-12.944319591547218,NA,-12.972778988107237,NA,1.435298597005871,NA,1.434796547206406,NA,1.053819451965324,NA,1.0510915726346128,NA
9872818,31,ɫ o v ø c,5,-22.706813314753763,NA,-Inf,NA,-29.908765850171065,NA,1.1103538449370305,NA,1.1104464091915205,NA,1.0030937070231545,NA,1.0031487260784029,NA
9872818,27,ɫ a g u v,5,-17.315515257959518,NA,-22.20438998670757,NA,-22.1942114842724,NA,1.3402216073124982,NA,1.3399090365344333,NA,1.0047777004065963,NA,1.0047377633341297,NA
9872818,24,f u ʒ ɯ ʒ,5,-23.9166248803383,NA,-Inf,NA,-28.2987368958237,NA,1.1450967257617637,NA,1.1451247551929438,NA,1.000975915064953,NA,1.0011424929957409,NA
9872818,48,b e ʒ i l,5,-20.157665035921532,NA,-17.87290940676915,NA,-18.003973266743422,NA,1.3606430151485247,NA,1.3602899179920174,NA,1.0147080117893146,NA,1.0141386071612013,NA
9872818,33,ɫ o t i v,5,-16.623572496331185,NA,-21.45944618243926,NA,-21.45667533842388,NA,1.270720527524629,NA,1.2705211729498675,NA,1.0235566532375455,NA,1.0224757433127067,NA
9872818,68,n ɯ g u v,5,-18.672938523470744,NA,-24.97225112201225,NA,-24.798231194095607,NA,1.1366324521867113,NA,1.1366721183407424,NA,1.0015222117456346,NA,1.001653631447348,NA
9872818,29,ɟ ø ʒ ɯ ʒ,5,-28.802367630859823,NA,-Inf,NA,-33.852506245096116,NA,1.0750793759745922,NA,1.075228524021754,NA,1,1,1.0002179098838746,1
9872818,24,g ɯ ʒ ɯ f,5,-21.788275067767113,NA,-Inf,NA,-25.430059507970466,NA,1.155577346931862,NA,1.155582793730333,NA,1.0034694890371534,NA,1.0034952632757648,NA
9872818,45,b u ʒ i z,5,-20.2946910095022,NA,-18.014965986359083,NA,-17.95706711599841,NA,1.2623842333719226,NA,1.262198009872272,NA,1.0123552595503351,NA,1.01187554012336,NA
9872818,74,n u g a v,5,-17.32641256884868,NA,-22.17862386284786,NA,-22.142492609172585,NA,1.295558300366401,NA,1.2953096832430069,NA,1.0097861339305134,NA,1.0094276480806197,NA
9872818,73,l ø ʒ u v,5,-24.17716973587194,NA,-Inf,NA,-28.848175212289668,NA,1.0814626210119913,NA,1.0815977985088008,NA,1.0004564721225957,NA,1.0006458088997068,NA
9872818,55,d͡ʒ a m a ʒ,5,-17.752742677818908,NA,-17.085266867347194,NA,-17.226367434005237,NA,1.5259583015742766,NA,1.5253144134357843,NA,1.0324208128726595,NA,1.0308841077133883,NA
9872818,76,ɫ o h ɯ v,5,-18.378732324942018,NA,-24.946669907437375,NA,-24.8696524175722,NA,1.1710082034448943,NA,1.1709872550102671,NA,1.002896280390419,NA,1.0029605848662049,NA
9872818,29,b e t͡ʃ ø z,5,-19.558563039794212,NA,-16.45022001700887,NA,-16.488509727521837,NA,1.2699076960082727,NA,1.2697183110910075,NA,1.015705436550192,NA,1.0150951236806631,NA
9872818,25,v ø l y j,5,-21.757817351341345,NA,-Inf,NA,-31.916689215783485,NA,1.0935205953372813,NA,1.0936337054213383,NA,1.0001956309096838,NA,1.000401295176374,NA
9872818,74,k a m y ɾ,5,-14.60533667129042,NA,-12.566891947703592,NA,-12.592572980919178,NA,1.5244462014259983,NA,1.5237936084044486,NA,1.062697489208468,NA,1.0595720312963168,NA
9872818,73,m y z e l,5,-18.29810048302488,NA,-15.36637665199515,NA,-15.417853706543786,NA,1.320777681509878,NA,1.3204937774894725,NA,1.0382974481087792,NA,1.0364788587481613,NA
9872818,65,f u ʒ u ʒ,5,-24.131491850813127,NA,-24.668253654298645,NA,-24.46144519601823,NA,1.1352955974923469,NA,1.135341466415286,NA,1.000975915064953,NA,1.0011424929957409,NA
9872818,25,ɟ ø ʒ a ʒ,5,-27.45584167623776,NA,-Inf,NA,-28.658578991412625,NA,1.2132638879125943,NA,1.2131615198695442,NA,1.0012877520658865,NA,1.001425904834909,NA
9872818,78,n y n o s,5,-16.90203561488304,NA,-20.70390771506508,NA,-20.701328454444155,NA,1.2163205673403334,NA,1.2162172370270818,NA,1.00936206536363,NA,1.0090732790913943,NA
9872818,27,b e j o p,5,-17.621956818911904,NA,-14.710265369997016,NA,-14.747288468151918,NA,1.318235195988115,NA,1.3179604495421229,NA,1.023964703711502,NA,1.0229099718204642,NA
9872818,23,g o d͡ʒ ɯ z,5,-19.770537868401828,NA,-17.17904521923025,NA,-17.19916861874007,NA,1.1826737683633608,NA,1.1826307514407104,NA,1.0041826517558374,NA,1.004164363663955,NA
9872818,48,ɟ ø ɟ y ʃ,5,-28.382025596923334,NA,-Inf,NA,-27.273964274617327,NA,1.06451562774906,NA,1.064678843072776,NA,1.0016113280727483,NA,1.001729331617179,NA
9872818,17,v ø l e c,5,-23.323793740357537,NA,-Inf,NA,-33.17836619636902,NA,1.1573076239641735,NA,1.1573097966742572,NA,1.000652103032279,NA,1.0008291941922065,NA
9872818,38,ɟ i ɟ y c,5,-28.50437427410517,NA,-34.16680202918272,NA,-32.967862578483974,NA,1.110255587396653,NA,1.110346812233538,NA,1.000231209196349,NA,1.000436132364972,NA
9872818,30,b e ʒ y z,5,-20.38453775562813,NA,-17.968651889022336,NA,-17.963773735189676,NA,1.2791360964148726,NA,1.278929028131013,NA,1.0135348320226718,NA,1.0130354616378874,NA
9872818,23,v ɯ c i c,5,-23.489154875537356,NA,-Inf,NA,-31.50043512796986,NA,1.1869854330618432,NA,1.186935765181287,NA,1.000596848743176,NA,1.0007801201825397,NA
9872818,76,m y p o ʒ,5,-21.062384677092385,NA,-17.12481314942236,NA,-17.238674158015545,NA,1.217353092070428,NA,1.2172586661563085,NA,1.030554594624349,NA,1.0291606916538274,NA
9872818,35,b i d͡ʒ ɯ z,5,-18.017662927348493,NA,-14.765156156833983,NA,-14.806093842831208,NA,1.2350324649864008,NA,1.2348988853670513,NA,1.0156682860234614,NA,1.0150462915601737,NA
9872818,78,n u m ø s,5,-18.01717804587876,NA,-23.274555968238037,NA,-23.130003427749006,NA,1.1671298407351371,NA,1.1671135968518798,NA,1.005615073673373,NA,1.005536090751645,NA
9872818,21,l ø ʒ ɯ v,5,-23.962302765397112,NA,-Inf,NA,-31.445776025167124,NA,1.0912637492814083,NA,1.0913810872864589,NA,1.000065210303228,NA,1.0002790383147078,NA
9872818,21,ɫ a ʒ ɯ ʒ,5,-21.057393014683385,NA,-Inf,NA,-26.41048458696313,NA,1.3326568898923266,NA,1.3323604104033762,NA,1.0026538128249567,NA,1.0027322776999663,NA
9872818,44,g u m y z,5,-18.91676624227809,NA,-15.093972479028997,NA,-15.137149639038482,NA,1.1894469643775232,NA,1.189394504817783,NA,1.0080570007044969,NA,1.0078402676416895,NA
9872818,77,m y z a z,5,-16.873733531508663,NA,-13.8813816786833,NA,-13.92028821240666,NA,1.414095539116758,NA,1.4136394572206412,NA,1.046379285868822,NA,1.044078620549693,NA
9872818,19,l y l e j,5,-19.772550808587734,NA,-Inf,NA,-29.111148377195256,NA,1.2167590941862367,NA,1.2166514635372478,NA,1.0045229064430488,NA,1.0044630064259272,NA
9872818,83,n ɯ c e c,5,-22.009654976643485,NA,-Inf,NA,-30.90854985906133,NA,1.183230340688058,NA,1.18318779269999,NA,1.0009770597047227,NA,1.0011370759656055,NA
9872818,81,m y d͡ʒ y z,5,-19.055770045147348,NA,-15.489145500909974,NA,-15.51914804312365,NA,1.2205470790782769,NA,1.2204412615879323,NA,1.0297516825712627,NA,1.028399004052331,NA
9872818,84,k o ɾ o n,5,-16.15929758860058,NA,-13.868409821172923,NA,-13.895071028995217,NA,1.4086622883685636,NA,1.408210172854805,NA,1.0325528233779742,NA,1.030997388207983,NA
9872818,46,h a j o ʒ,5,-19.70425756699943,NA,-16.051747969710995,NA,-16.174734890728512,NA,1.375285896549857,NA,1.374918035761362,NA,1.0416275407035844,NA,1.0396478965275615,NA
9872818,23,ɫ a l e ɾ,5,-15.163099753645444,NA,-19.935814013412394,NA,-19.576163843490317,NA,1.474127120354203,NA,1.473554395483853,NA,1.0201936391485853,NA,1.0192033602125234,NA
9872818,24,l i ʒ o h,5,-21.63837167405498,NA,-29.2969489690406,NA,-28.811359959835062,NA,1.1271576108556265,NA,1.1272152878236117,NA,1.0003270467676877,NA,1.0005276672406118,NA
9872818,25,l i v o h,5,-19.595109788952644,NA,-27.49272636985236,NA,-27.15263118582112,NA,1.1574639446613604,NA,1.1574688518675773,NA,1.0022967539016463,NA,1.0023928574967222,NA
9872818,77,m e t e ɾ,5,-13.722605695771906,NA,-12.003654907782868,NA,-12.023346713937531,NA,1.5195622914746405,NA,1.518910401773783,NA,1.0525880770319855,NA,1.0498613480187184,NA
9872818,24,g a m y z,5,-17.355373317181197,NA,-14.240338449458276,NA,-14.287440891901769,NA,1.3908659418471938,NA,1.390465006547887,NA,1.0224670797058462,NA,1.02149027043917,NA
9872818,68,t e k o n,5,-14.998265880403986,NA,-12.987925813400334,NA,-13.012766174055423,NA,1.404395408692991,NA,1.4039515023966052,NA,1.0462338914653162,NA,1.043960708572914,NA
9872818,31,b e ʒ ɯ z,5,-19.881988712701524,NA,-20.15074841057007,NA,-19.602322161163336,NA,1.3088813810464754,NA,1.308620171979486,NA,1.014317355661407,NA,1.0137690028078854,NA
9872818,72,j a c ø t͡ʃ,5,-21.596104374841666,NA,-Inf,NA,-22.599644393527782,NA,1.31698528948836,NA,1.316717900772158,NA,1.0178198509358245,NA,1.0171013441808128,NA
9872818,78,n i m ø h,5,-17.836768146508483,NA,-23.90398304309107,NA,-23.591272132676064,NA,1.1712000775717255,NA,1.171182741587048,NA,1.0073974584829106,NA,1.0072250641442173,NA
9872818,76,n ø m ø h,5,-20.22203636369186,NA,-27.127441990238378,NA,-26.772419935381528,NA,1.1051797136202524,NA,1.1052765997185356,NA,1.001638791460164,NA,1.00176987702246,NA
9872818,17,l e ʒ a v,5,-20.032673267265825,NA,-26.44332906685423,NA,-26.14940301912727,NA,1.3816363028138647,NA,1.381238823618678,NA,1.0061260075164613,NA,1.0059671413264173,NA
9872759,99,n i l e s,5,-16.331548266468857,NA,-22.702137034627185,NA,-22.335041029784072,NA,1.2559429323718037,NA,1.2557640746194505,NA,1.0105370402756846,NA,1.01014499607184,NA
9872759,24,l i v o h,5,-19.595109788952644,NA,-27.49272636985236,NA,-27.15263118582112,NA,1.1574639446613604,NA,1.1574688518675773,NA,1.0022967539016463,NA,1.0023928574967222,NA
9872759,51,t͡ʃ ø j o p,5,-20.761162543399134,NA,-16.85312947192674,NA,-16.895892356598512,NA,1.1297760413577145,NA,1.129827321681991,NA,1.0043570596970908,NA,1.004335423634715,NA
9872759,100,m e t e ɾ,5,-13.722605695771906,NA,-12.003654907782868,NA,-12.023346713937531,NA,1.5195622914746405,NA,1.518910401773783,NA,1.0525880770319855,NA,1.0498613480187184,NA
9872759,73,b e ʒ y z,5,-20.38453775562813,NA,-17.968651889022336,NA,-17.963773735189676,NA,1.2791360964148726,NA,1.278929028131013,NA,1.0135348320226718,NA,1.0130354616378874,NA
9872759,59,ɟ i ɟ y c,5,-28.50437427410517,NA,-34.16680202918272,NA,-32.967862578483974,NA,1.110255587396653,NA,1.110346812233538,NA,1.000231209196349,NA,1.000436132364972,NA
9872759,73,t ø l e ɾ,5,-18.092071394057463,NA,-Inf,NA,-23.47218345961383,NA,1.2904993682381145,NA,1.29024438545329,NA,1.015354289300933,NA,1.0146192543931714,NA
9872759,53,v i ɟ y ʒ,5,-24.876386571500724,NA,-25.881186525811604,NA,-25.267184291001364,NA,1.12770092152038,NA,1.1277617239351925,NA,1.0024086378704609,NA,1.0024984923228988,NA
9872759,89,t e k o n,5,-14.998265880403986,NA,-12.987925813400334,NA,-13.012766174055423,NA,1.404395408692991,NA,1.4039515023966052,NA,1.0462338914653162,NA,1.043960708572914,NA
9872759,100,ɫ o t i v,5,-16.623572496331185,NA,-21.45944618243926,NA,-21.45667533842388,NA,1.270720527524629,NA,1.2705211729498675,NA,1.0235566532375455,NA,1.0224757433127067,NA
9872759,100,m y d͡ʒ y z,5,-19.055770045147348,NA,-15.489145500909974,NA,-15.51914804312365,NA,1.2205470790782769,NA,1.2204412615879323,NA,1.0297516825712627,NA,1.028399004052331,NA
9872759,25,b u j ɯ ʒ,5,-20.656800600490904,NA,-Inf,NA,-21.416780472527225,NA,1.226366366213809,NA,1.226253360999328,NA,1.012563203952425,NA,1.0121097739492848,NA
9872759,30,b e ʒ i l,5,-20.157665035921532,NA,-17.87290940676915,NA,-18.003973266743422,NA,1.3606430151485247,NA,1.3602899179920174,NA,1.0147080117893146,NA,1.0141386071612013,NA
9872759,0,v ɯ ʒ o ʒ,5,-24.09804256484363,NA,-Inf,NA,-26.60448713952874,NA,1.094757980140496,NA,1.0948759012986842,NA,1.0004664281367202,NA,1.0006578633208734,NA
9872759,74,n e m ɯ v,5,-16.2679106094412,NA,-21.623136884117503,NA,-21.602958834317167,NA,1.3065266810918763,NA,1.3062710632304733,NA,1.0163019738273251,NA,1.015657700859542,NA
9872759,77,v ø l e c,5,-23.323793740357537,NA,-Inf,NA,-33.17836619636902,NA,1.1573076239641735,NA,1.1573097966742572,NA,1.000652103032279,NA,1.0008291941922065,NA
9872759,60,b e t͡ʃ ø z,5,-19.558563039794212,NA,-16.45022001700887,NA,-16.488509727521837,NA,1.2699076960082727,NA,1.2697183110910075,NA,1.015705436550192,NA,1.0150951236806631,NA
9872759,39,ɫ a m ɯ j,5,-15.11857151857796,NA,-20.33622952955124,NA,-20.330363342345912,NA,1.4001995331332835,NA,1.3997789734141448,NA,1.017897430130006,NA,1.0171616356786684,NA
9872759,38,n ɯ g u v,5,-18.672938523470744,NA,-24.97225112201225,NA,-24.798231194095607,NA,1.1366324521867113,NA,1.1366721183407424,NA,1.0015222117456346,NA,1.001653631447348,NA
9872759,51,b a ʒ i n,5,-17.80349425450386,NA,-14.791020439297638,NA,-14.925564091251209,NA,1.5193623891917725,NA,1.518711994390168,NA,1.0328627171294904,NA,1.0312294576154004,NA
9872759,34,b i d͡ʒ ɯ z,5,-18.017662927348493,NA,-14.765156156833983,NA,-14.806093842831208,NA,1.2350324649864008,NA,1.2348988853670513,NA,1.0156682860234614,NA,1.0150462915601737,NA
9872759,74,m y k u ɾ,5,-16.16672959638731,NA,-13.647288442981042,NA,-13.67480354663754,NA,1.3486959861244403,NA,1.348345503504382,NA,1.040908137079269,NA,1.0388933343742264,NA
9872759,100,m y z a z,5,-16.873733531508663,NA,-13.8813816786833,NA,-13.92028821240666,NA,1.414095539116758,NA,1.4136394572206412,NA,1.046379285868822,NA,1.044078620549693,NA
9872759,30,n u g a v,5,-17.32641256884868,NA,-22.17862386284786,NA,-22.142492609172585,NA,1.295558300366401,NA,1.2953096832430069,NA,1.0097861339305134,NA,1.0094276480806197,NA
9872759,34,m y ʒ i l,5,-20.891058437119632,NA,-18.275024894086325,NA,-18.26894174408407,NA,1.2897352362290226,NA,1.2895048394454542,NA,1.0287321730069334,NA,1.0274260236712516,NA
9872759,73,g o d͡ʒ ɯ z,5,-19.770537868401828,NA,-17.17904521923025,NA,-17.19916861874007,NA,1.1826737683633608,NA,1.1826307514407104,NA,1.0041826517558374,NA,1.004164363663955,NA
9872759,74,n ø m ø h,5,-20.22203636369186,NA,-27.127441990238378,NA,-26.772419935381528,NA,1.1051797136202524,NA,1.1052765997185356,NA,1.001638791460164,NA,1.00176987702246,NA
9872759,98,b a j o p,5,-17.147287610817873,NA,-14.064023784516072,NA,-14.101916418410518,NA,1.4125267904421874,NA,1.4120889097497351,NA,1.0381955836146763,NA,1.0363910290645393,NA
9872759,98,f ɯ d y c,5,-21.761233097918407,NA,-23.891747181935735,NA,-23.686632689099905,NA,1.1325830509681372,NA,1.1326353404889125,NA,1.0056072670834837,NA,1.0055261372591189,NA
9872759,75,b i f i z,5,-17.367817790823707,NA,-14.539143873848408,NA,-14.5814801904761,NA,1.3006774174319915,NA,1.300424750199676,NA,1.0215979149021732,NA,1.0206250474382526,NA
9872759,77,l y l e j,5,-19.772550808587734,NA,-Inf,NA,-29.111148377195256,NA,1.2167590941862367,NA,1.2166514635372478,NA,1.0045229064430488,NA,1.0044630064259272,NA
9872759,30,d͡ʒ o ʒ o ʒ,5,-24.480705050348092,NA,-23.65144193577017,NA,-23.604853465371203,NA,1.1063477027090305,NA,1.1064455731324747,NA,1.0009007487476005,NA,1.0010693101437411,NA
9872759,75,k a m y ɾ,5,-14.60533667129042,NA,-12.566891947703592,NA,-12.592572980919178,NA,1.5244462014259983,NA,1.5237936084044486,NA,1.062697489208468,NA,1.0595720312963168,NA
9872759,75,n u m ø s,5,-18.01717804587876,NA,-23.274555968238037,NA,-23.130003427749006,NA,1.1671298407351371,NA,1.1671135968518798,NA,1.005615073673373,NA,1.005536090751645,NA
9872759,31,f u ʒ ɯ ʒ,5,-23.9166248803383,NA,-Inf,NA,-28.2987368958237,NA,1.1450967257617637,NA,1.1451247551929438,NA,1.000975915064953,NA,1.0011424929957409,NA
9872759,28,l i ʒ u v,5,-21.791901518688565,NA,-27.90170599209823,NA,-27.610340559309456,NA,1.1474829849634645,NA,1.1475039403773133,NA,1.0007835188902832,NA,1.000955566256444,NA
9872759,53,g ɯ ʃ a n,5,-16.88053831059943,NA,-13.952848512019289,NA,-13.993863814055455,NA,1.3804651524522582,NA,1.3800477574614127,NA,1.0360723486113332,NA,1.0341140599250127,NA
9872759,42,b o ʒ y z,5,-21.657956214237167,NA,-17.8013111360532,NA,-17.796202222359895,NA,1.1717379161722383,NA,1.1717166578887983,NA,1.0080619412428775,NA,1.0078502843412198,NA
9872759,74,n y n o s,5,-16.90203561488304,NA,-20.70390771506508,NA,-20.701328454444155,NA,1.2163205673403334,NA,1.2162172370270818,NA,1.00936206536363,NA,1.0090732790913943,NA
9872759,99,b e j o p,5,-17.621956818911904,NA,-14.710265369997016,NA,-14.747288468151918,NA,1.318235195988115,NA,1.3179604495421229,NA,1.023964703711502,NA,1.0229099718204642,NA
9872759,35,b u ʒ i z,5,-20.2946910095022,NA,-18.014965986359083,NA,-17.95706711599841,NA,1.2623842333719226,NA,1.262198009872272,NA,1.0123552595503351,NA,1.01187554012336,NA
9872759,53,ɫ o v ø c,5,-22.706813314753763,NA,-Inf,NA,-29.908765850171065,NA,1.1103538449370305,NA,1.1104464091915205,NA,1.0030937070231545,NA,1.0031487260784029,NA
9872759,74,k ɯ ɟ e h,5,-20.35414713041565,NA,-Inf,NA,-22.976968237654425,NA,1.283235141884312,NA,1.2830152250357565,NA,1.015169372438029,NA,1.0145770800961191,NA
9872759,41,ɟ ø ʒ a ʒ,5,-27.45584167623776,NA,-Inf,NA,-28.658578991412625,NA,1.2132638879125943,NA,1.2131615198695442,NA,1.0012877520658865,NA,1.001425904834909,NA
9872759,100,m y z e l,5,-18.29810048302488,NA,-15.36637665199515,NA,-15.417853706543786,NA,1.320777681509878,NA,1.3204937774894725,NA,1.0382974481087792,NA,1.0364788587481613,NA
9872759,52,ɟ ø ɟ y ʃ,5,-28.382025596923334,NA,-Inf,NA,-27.273964274617327,NA,1.06451562774906,NA,1.064678843072776,NA,1.0016113280727483,NA,1.001729331617179,NA
9872759,72,g ɯ d͡ʒ ɯ ʃ,5,-19.48982961121296,NA,-15.852311354959165,NA,-15.901866630957937,NA,1.1748084006569268,NA,1.1747780038271325,NA,1.0097080569984351,NA,1.0093543709655342,NA
9872759,52,ɫ o t͡ʃ a v,5,-17.38102037177355,NA,-22.221171339417307,NA,-22.17471603733289,NA,1.2912051431600686,NA,1.2909639988175745,NA,1.0104683496161708,NA,1.010075153889148,NA
9872759,51,n u ʒ o h,5,-20.647758491408347,NA,-26.42840069407047,NA,-26.092665911065804,NA,1.120706350697388,NA,1.120775199867318,NA,1.0008134367287314,NA,1.0009885521090411,NA
9872759,76,n i m ø h,5,-17.836768146508483,NA,-23.90398304309107,NA,-23.591272132676064,NA,1.1712000775717255,NA,1.171182741587048,NA,1.0073974584829106,NA,1.0072250641442173,NA
9872759,76,b e d͡ʒ y z,5,-18.322376643949248,NA,-15.50382960677507,NA,-15.540572147404909,NA,1.291454857997779,NA,1.2912263401344954,NA,1.017144724013624,NA,1.0164538694214755,NA
9872759,81,ɫ o c e j,5,-19.459937199364497,NA,-Inf,NA,-26.8066540964721,NA,1.2048232326919666,NA,1.2047363825587754,NA,1.0060903952169935,NA,1.0059482882890152,NA
9872759,51,m y p o ʒ,5,-21.062384677092385,NA,-17.12481314942236,NA,-17.238674158015545,NA,1.217353092070428,NA,1.2172586661563085,NA,1.030554594624349,NA,1.0291606916538274,NA
9872759,42,f u ʒ u ʒ,5,-24.131491850813127,NA,-24.668253654298645,NA,-24.46144519601823,NA,1.1352955974923469,NA,1.135341466415286,NA,1.000975915064953,NA,1.0011424929957409,NA
9872759,100,l y l y c,5,-24.087338776513203,NA,-Inf,NA,-33.35849160319946,NA,1.1135850424096871,NA,1.1136703680544862,NA,1.000610288249374,NA,1.0007953005759365,NA
9872759,72,ɟ e g u j,5,-21.813613758746683,NA,-Inf,NA,-27.77270366778515,NA,1.2429834228927066,NA,1.2428362044265289,NA,1.0016771227161092,NA,1.0018008835043444,NA
9872759,100,n u c e c,5,-22.224521947118312,NA,-Inf,NA,-30.235545793839655,NA,1.1941705486603285,NA,1.1941090729768065,NA,1.001356524171781,NA,1.0014965839651273,NA
9872759,40,l ø ʒ u v,5,-24.17716973587194,NA,-Inf,NA,-28.848175212289668,NA,1.0814626210119913,NA,1.0815977985088008,NA,1.0004564721225957,NA,1.0006458088997068,NA
9872759,75,ɫ o h ɯ v,5,-18.378732324942018,NA,-24.946669907437375,NA,-24.8696524175722,NA,1.1710082034448943,NA,1.1709872550102671,NA,1.002896280390419,NA,1.0029605848662049,NA
9872759,99,ɫ a g u v,5,-17.315515257959518,NA,-22.20438998670757,NA,-22.1942114842724,NA,1.3402216073124982,NA,1.3399090365344333,NA,1.0047777004065963,NA,1.0047377633341297,NA
9872759,43,ɟ i f e ʒ,5,-23.50725783914693,NA,-25.179036508558365,NA,-24.87841662264246,NA,1.2121684741836356,NA,1.2120754128304632,NA,1.0053026957384814,NA,1.0052306294125322,NA
9872759,42,g ɯ ʒ ɯ f,5,-21.788275067767113,NA,-Inf,NA,-25.430059507970466,NA,1.155577346931862,NA,1.155582793730333,NA,1.0034694890371534,NA,1.0034952632757648,NA
9872759,100,ɫ a l e ɾ,5,-15.163099753645444,NA,-19.935814013412394,NA,-19.576163843490317,NA,1.474127120354203,NA,1.473554395483853,NA,1.0201936391485853,NA,1.0192033602125234,NA
9872759,88,g u m y z,5,-18.91676624227809,NA,-15.093972479028997,NA,-15.137149639038482,NA,1.1894469643775232,NA,1.189394504817783,NA,1.0080570007044969,NA,1.0078402676416895,NA
9872759,89,f u c e c,5,-23.511463576787175,NA,-Inf,NA,-29.336731806601904,NA,1.199259331683282,NA,1.1991890556832483,NA,1.0015190025080027,NA,1.0016505248518268,NA
9872759,43,g ɯ ɟ ø ʒ,5,-26.888884788763463,NA,-Inf,NA,-25.491689893774726,NA,1.0923427028145285,NA,1.0924665333420214,NA,1.0025458422833493,NA,1.0026299630393898,NA
9872759,59,n i m ɯ h,5,-16.125521349527286,NA,-21.514654728099533,NA,-21.48267679386988,NA,1.221402368300542,NA,1.2212936567795851,NA,1.008105939127622,NA,1.0078930238188846,NA
9872759,73,d͡ʒ o c y c,5,-25.0483878241706,NA,-Inf,NA,-30.473206137592207,NA,1.1081996356577295,NA,1.108294413751327,NA,1.0006613125519153,NA,1.000843800829829,NA
9872759,41,v ɯ ʒ o h,5,-21.714556093501535,NA,-Inf,NA,-27.904550653039433,NA,1.1066262553279758,NA,1.1067194621758885,NA,1.0002707972270364,NA,1.000474478028374,NA
9872759,93,g a m y z,5,-17.355373317181197,NA,-14.240338449458276,NA,-14.287440891901769,NA,1.3908659418471938,NA,1.390465006547887,NA,1.0224670797058462,NA,1.02149027043917,NA
9872759,74,v ø l y j,5,-21.757817351341345,NA,-Inf,NA,-31.916689215783485,NA,1.0935205953372813,NA,1.0936337054213383,NA,1.0001956309096838,NA,1.000401295176374,NA
9872759,38,b u j o ʒ,5,-21.05836231257191,NA,-17.548890057056813,NA,-17.6640692648367,NA,1.1951964989849069,NA,1.19514022750294,NA,1.009795703059727,NA,1.0094933961448156,NA
9872759,37,l ø ʒ ɯ v,5,-23.962302765397112,NA,-Inf,NA,-31.445776025167124,NA,1.0912637492814083,NA,1.0913810872864589,NA,1.000065210303228,NA,1.0002790383147078,NA
9872759,35,l i ʒ o h,5,-21.63837167405498,NA,-29.2969489690406,NA,-28.811359959835062,NA,1.1271576108556265,NA,1.1272152878236117,NA,1.0003270467676877,NA,1.0005276672406118,NA
9872759,38,g o ɟ e ʒ,5,-24.70734295733524,NA,-Inf,NA,-24.892441184593736,NA,1.206949659858697,NA,1.2068658496110196,NA,1.0013992346140868,NA,1.0015409476057728,NA
9872759,40,b ø d͡ʒ o ʒ,5,-23.199615484381773,NA,-22.946734860541916,NA,-22.872071478740505,NA,1.121083185876453,NA,1.121155460851373,NA,1.0015584369695272,NA,1.0016920324034493,NA
9872759,66,v ɯ c i c,5,-23.489154875537356,NA,-Inf,NA,-31.50043512796986,NA,1.1869854330618432,NA,1.186935765181287,NA,1.000596848743176,NA,1.0007801201825397,NA
9872759,41,ɟ y ʒ ɯ ʒ,5,-27.593669876805233,NA,-Inf,NA,-32.54585594703615,NA,1.1262058924390637,NA,1.1262665863054913,NA,1.0001090155892292,NA,1.0003211623361203,NA
9872759,38,l e ʒ a v,5,-20.032673267265825,NA,-26.44332906685423,NA,-26.14940301912727,NA,1.3816363028138647,NA,1.381238823618678,NA,1.0061260075164613,NA,1.0059671413264173,NA
9872759,100,g a v e n,5,-16.239688851845823,NA,-13.908186943802582,NA,-13.954428963263789,NA,1.5116455492031928,NA,1.51100876623818,NA,1.0347739691193514,NA,1.033012423159234,NA
9872759,39,ɟ i ʒ a ʒ,5,-25.070573459054387,NA,-28.408200172943992,NA,-28.11389151899236,NA,1.2792842518640677,NA,1.2790676617380563,NA,1.001614798833574,NA,1.0017356621916462,NA
9872759,24,d͡ʒ a m a ʒ,5,-17.752742677818908,NA,-17.085266867347194,NA,-17.226367434005237,NA,1.5259583015742766,NA,1.5253144134357843,NA,1.0324208128726595,NA,1.0308841077133883,NA
9872759,54,j a c ø t͡ʃ,5,-21.596104374841666,NA,-Inf,NA,-22.599644393527782,NA,1.31698528948836,NA,1.316717900772158,NA,1.0178198509358245,NA,1.0171013441808128,NA
9872759,54,c e d͡ʒ e t͡ʃ,5,-20.132543384729967,NA,-Inf,NA,-23.078955930544776,NA,1.3025086740061806,NA,1.30225682196575,NA,1.007703124650714,NA,1.0074974497629463,NA
9872759,41,d͡ʒ o t͡ʃ u ʒ,5,-22.25933783885341,NA,-25.407920618685885,NA,-25.226670777169343,NA,1.1389450473591287,NA,1.1389844721552644,NA,1.001545014340632,NA,1.0016802565901464,NA
9872759,96,ɟ y ɟ ø z,5,-28.261172142031192,NA,-Inf,NA,-27.202076859131157,NA,1.0923810950775177,NA,1.0924989300689334,NA,1.0002501387042984,NA,1.0004529214024969,NA
9872759,44,h a j o ʒ,5,-19.70425756699943,NA,-16.051747969710995,NA,-16.174734890728512,NA,1.375285896549857,NA,1.374918035761362,NA,1.0416275407035844,NA,1.0396478965275615,NA
9872759,72,m y ɾ ɯ ɾ,5,-15.856481481342133,NA,-12.944319591547218,NA,-12.972778988107237,NA,1.435298597005871,NA,1.434796547206406,NA,1.053819451965324,NA,1.0510915726346128,NA
9872759,42,ɟ ø ʒ ɯ ʒ,5,-28.802367630859823,NA,-Inf,NA,-33.852506245096116,NA,1.0750793759745922,NA,1.075228524021754,NA,1,1,1.0002179098838746,1
9872759,69,n ɯ c y c,5,-23.384060766098123,NA,-Inf,NA,-30.852354594073574,NA,1.099749800486337,NA,1.0998591993321496,NA,1.0003901669756716,NA,1.0005869200881068,NA
9872759,69,n ɯ c e c,5,-22.009654976643485,NA,-Inf,NA,-30.90854985906133,NA,1.183230340688058,NA,1.18318779269999,NA,1.0009770597047227,NA,1.0011370759656055,NA
9872759,41,ɫ a ʒ ɯ ʒ,5,-21.057393014683385,NA,-Inf,NA,-26.41048458696313,NA,1.3326568898923266,NA,1.3323604104033762,NA,1.0026538128249567,NA,1.0027322776999663,NA
9872759,36,b u m y ʒ,5,-20.634597061276835,NA,-17.453026450842174,NA,-17.43947379466699,NA,1.203816110471337,NA,1.2037447179670484,NA,1.013503908131295,NA,1.0130055541759393,NA
9872759,99,k o ɾ o n,5,-16.15929758860058,NA,-13.868409821172923,NA,-13.895071028995217,NA,1.4086622883685636,NA,1.408210172854805,NA,1.0325528233779742,NA,1.030997388207983,NA
9872759,42,b e ʒ ɯ z,5,-19.881988712701524,NA,-20.15074841057007,NA,-19.602322161163336,NA,1.3088813810464754,NA,1.308620171979486,NA,1.014317355661407,NA,1.0137690028078854,NA
9872759,94,t ø ɾ i n,5,-16.410405147059684,NA,-14.831918462189485,NA,-14.86886634674382,NA,1.4208089522804974,NA,1.420327529748208,NA,1.0291017054180784,NA,1.0276334200937636,NA
9877009,26,b a ʒ i n,5,-17.80349425450386,NA,-14.791020439297638,NA,-14.925564091251209,NA,1.5193623891917725,NA,1.518711994390168,NA,1.0328627171294904,NA,1.0312294576154004,NA
9877009,35,b u j ɯ ʒ,5,-20.656800600490904,NA,-Inf,NA,-21.416780472527225,NA,1.226366366213809,NA,1.226253360999328,NA,1.012563203952425,NA,1.0121097739492848,NA
9877009,25,g ɯ ʒ ɯ f,5,-21.788275067767113,NA,-Inf,NA,-25.430059507970466,NA,1.155577346931862,NA,1.155582793730333,NA,1.0034694890371534,NA,1.0034952632757648,NA
9877009,27,n i m ø h,5,-17.836768146508483,NA,-23.90398304309107,NA,-23.591272132676064,NA,1.1712000775717255,NA,1.171182741587048,NA,1.0073974584829106,NA,1.0072250641442173,NA
9877009,59,b e t͡ʃ ø z,5,-19.558563039794212,NA,-16.45022001700887,NA,-16.488509727521837,NA,1.2699076960082727,NA,1.2697183110910075,NA,1.015705436550192,NA,1.0150951236806631,NA
9877009,10,b u j o ʒ,5,-21.05836231257191,NA,-17.548890057056813,NA,-17.6640692648367,NA,1.1951964989849069,NA,1.19514022750294,NA,1.009795703059727,NA,1.0094933961448156,NA
9877009,72,m y z a z,5,-16.873733531508663,NA,-13.8813816786833,NA,-13.92028821240666,NA,1.414095539116758,NA,1.4136394572206412,NA,1.046379285868822,NA,1.044078620549693,NA
9877009,88,m e t e ɾ,5,-13.722605695771906,NA,-12.003654907782868,NA,-12.023346713937531,NA,1.5195622914746405,NA,1.518910401773783,NA,1.0525880770319855,NA,1.0498613480187184,NA
9877009,23,b u m y ʒ,5,-20.634597061276835,NA,-17.453026450842174,NA,-17.43947379466699,NA,1.203816110471337,NA,1.2037447179670484,NA,1.013503908131295,NA,1.0130055541759393,NA
9877009,0,ɟ ø ʒ a ʒ,5,-27.45584167623776,NA,-Inf,NA,-28.658578991412625,NA,1.2132638879125943,NA,1.2131615198695442,NA,1.0012877520658865,NA,1.001425904834909,NA
9877009,0,d͡ʒ o c y c,5,-25.0483878241706,NA,-Inf,NA,-30.473206137592207,NA,1.1081996356577295,NA,1.108294413751327,NA,1.0006613125519153,NA,1.000843800829829,NA
9877009,7,g o ɟ e ʒ,5,-24.70734295733524,NA,-Inf,NA,-24.892441184593736,NA,1.206949659858697,NA,1.2068658496110196,NA,1.0013992346140868,NA,1.0015409476057728,NA
9877009,27,d͡ʒ o ʒ o ʒ,5,-24.480705050348092,NA,-23.65144193577017,NA,-23.604853465371203,NA,1.1063477027090305,NA,1.1064455731324747,NA,1.0009007487476005,NA,1.0010693101437411,NA
9877009,23,h a j o ʒ,5,-19.70425756699943,NA,-16.051747969710995,NA,-16.174734890728512,NA,1.375285896549857,NA,1.374918035761362,NA,1.0416275407035844,NA,1.0396478965275615,NA
9877009,17,n i m ɯ h,5,-16.125521349527286,NA,-21.514654728099533,NA,-21.48267679386988,NA,1.221402368300542,NA,1.2212936567795851,NA,1.008105939127622,NA,1.0078930238188846,NA
9877009,84,ɟ y ɟ ø z,5,-28.261172142031192,NA,-Inf,NA,-27.202076859131157,NA,1.0923810950775177,NA,1.0924989300689334,NA,1.0002501387042984,NA,1.0004529214024969,NA
9877009,41,v i ɟ y ʒ,5,-24.876386571500724,NA,-25.881186525811604,NA,-25.267184291001364,NA,1.12770092152038,NA,1.1277617239351925,NA,1.0024086378704609,NA,1.0024984923228988,NA
9877009,80,g o d͡ʒ ɯ z,5,-19.770537868401828,NA,-17.17904521923025,NA,-17.19916861874007,NA,1.1826737683633608,NA,1.1826307514407104,NA,1.0041826517558374,NA,1.004164363663955,NA
9877009,51,ɫ o t͡ʃ a v,5,-17.38102037177355,NA,-22.221171339417307,NA,-22.17471603733289,NA,1.2912051431600686,NA,1.2909639988175745,NA,1.0104683496161708,NA,1.010075153889148,NA
9877009,73,f ɯ d y c,5,-21.761233097918407,NA,-23.891747181935735,NA,-23.686632689099905,NA,1.1325830509681372,NA,1.1326353404889125,NA,1.0056072670834837,NA,1.0055261372591189,NA
9877009,70,b ø d͡ʒ o ʒ,5,-23.199615484381773,NA,-22.946734860541916,NA,-22.872071478740505,NA,1.121083185876453,NA,1.121155460851373,NA,1.0015584369695272,NA,1.0016920324034493,NA
9877009,44,l i ʒ o h,5,-21.63837167405498,NA,-29.2969489690406,NA,-28.811359959835062,NA,1.1271576108556265,NA,1.1272152878236117,NA,1.0003270467676877,NA,1.0005276672406118,NA
9877009,100,k o ɾ o n,5,-16.15929758860058,NA,-13.868409821172923,NA,-13.895071028995217,NA,1.4086622883685636,NA,1.408210172854805,NA,1.0325528233779742,NA,1.030997388207983,NA
9877009,85,g ɯ ʃ a n,5,-16.88053831059943,NA,-13.952848512019289,NA,-13.993863814055455,NA,1.3804651524522582,NA,1.3800477574614127,NA,1.0360723486113332,NA,1.0341140599250127,NA
9877009,38,f u ʒ u ʒ,5,-24.131491850813127,NA,-24.668253654298645,NA,-24.46144519601823,NA,1.1352955974923469,NA,1.135341466415286,NA,1.000975915064953,NA,1.0011424929957409,NA
9877009,59,t ø l e ɾ,5,-18.092071394057463,NA,-Inf,NA,-23.47218345961383,NA,1.2904993682381145,NA,1.29024438545329,NA,1.015354289300933,NA,1.0146192543931714,NA
9877009,40,l i v o h,5,-19.595109788952644,NA,-27.49272636985236,NA,-27.15263118582112,NA,1.1574639446613604,NA,1.1574688518675773,NA,1.0022967539016463,NA,1.0023928574967222,NA
9877009,39,f u ʒ ɯ ʒ,5,-23.9166248803383,NA,-Inf,NA,-28.2987368958237,NA,1.1450967257617637,NA,1.1451247551929438,NA,1.000975915064953,NA,1.0011424929957409,NA
9877009,17,n ɯ g u v,5,-18.672938523470744,NA,-24.97225112201225,NA,-24.798231194095607,NA,1.1366324521867113,NA,1.1366721183407424,NA,1.0015222117456346,NA,1.001653631447348,NA
9877009,32,ɟ i f e ʒ,5,-23.50725783914693,NA,-25.179036508558365,NA,-24.87841662264246,NA,1.2121684741836356,NA,1.2120754128304632,NA,1.0053026957384814,NA,1.0052306294125322,NA
9877009,68,k a m y ɾ,5,-14.60533667129042,NA,-12.566891947703592,NA,-12.592572980919178,NA,1.5244462014259983,NA,1.5237936084044486,NA,1.062697489208468,NA,1.0595720312963168,NA
9877009,68,d͡ʒ a m a ʒ,5,-17.752742677818908,NA,-17.085266867347194,NA,-17.226367434005237,NA,1.5259583015742766,NA,1.5253144134357843,NA,1.0324208128726595,NA,1.0308841077133883,NA
9877009,71,b e j o p,5,-17.621956818911904,NA,-14.710265369997016,NA,-14.747288468151918,NA,1.318235195988115,NA,1.3179604495421229,NA,1.023964703711502,NA,1.0229099718204642,NA
9877009,36,n i l e s,5,-16.331548266468857,NA,-22.702137034627185,NA,-22.335041029784072,NA,1.2559429323718037,NA,1.2557640746194505,NA,1.0105370402756846,NA,1.01014499607184,NA
9877009,13,ɫ o c e j,5,-19.459937199364497,NA,-Inf,NA,-26.8066540964721,NA,1.2048232326919666,NA,1.2047363825587754,NA,1.0060903952169935,NA,1.0059482882890152,NA
9877009,16,ɫ a ʒ ɯ ʒ,5,-21.057393014683385,NA,-Inf,NA,-26.41048458696313,NA,1.3326568898923266,NA,1.3323604104033762,NA,1.0026538128249567,NA,1.0027322776999663,NA
9877009,77,m y ɾ ɯ ɾ,5,-15.856481481342133,NA,-12.944319591547218,NA,-12.972778988107237,NA,1.435298597005871,NA,1.434796547206406,NA,1.053819451965324,NA,1.0510915726346128,NA
9877009,99,ɫ a l e ɾ,5,-15.163099753645444,NA,-19.935814013412394,NA,-19.576163843490317,NA,1.474127120354203,NA,1.473554395483853,NA,1.0201936391485853,NA,1.0192033602125234,NA
9877009,60,ɫ o v ø c,5,-22.706813314753763,NA,-Inf,NA,-29.908765850171065,NA,1.1103538449370305,NA,1.1104464091915205,NA,1.0030937070231545,NA,1.0031487260784029,NA
9877009,33,v ø l e c,5,-23.323793740357537,NA,-Inf,NA,-33.17836619636902,NA,1.1573076239641735,NA,1.1573097966742572,NA,1.000652103032279,NA,1.0008291941922065,NA
9877009,29,n e m ɯ v,5,-16.2679106094412,NA,-21.623136884117503,NA,-21.602958834317167,NA,1.3065266810918763,NA,1.3062710632304733,NA,1.0163019738273251,NA,1.015657700859542,NA
9877009,34,b a j o p,5,-17.147287610817873,NA,-14.064023784516072,NA,-14.101916418410518,NA,1.4125267904421874,NA,1.4120889097497351,NA,1.0381955836146763,NA,1.0363910290645393,NA
9877009,32,v ɯ ʒ o h,5,-21.714556093501535,NA,-Inf,NA,-27.904550653039433,NA,1.1066262553279758,NA,1.1067194621758885,NA,1.0002707972270364,NA,1.000474478028374,NA
9877009,66,g a m y z,5,-17.355373317181197,NA,-14.240338449458276,NA,-14.287440891901769,NA,1.3908659418471938,NA,1.390465006547887,NA,1.0224670797058462,NA,1.02149027043917,NA
9877009,65,m y ʒ i l,5,-20.891058437119632,NA,-18.275024894086325,NA,-18.26894174408407,NA,1.2897352362290226,NA,1.2895048394454542,NA,1.0287321730069334,NA,1.0274260236712516,NA
9877009,71,b i f i z,5,-17.367817790823707,NA,-14.539143873848408,NA,-14.5814801904761,NA,1.3006774174319915,NA,1.300424750199676,NA,1.0215979149021732,NA,1.0206250474382526,NA
9877009,70,n y n o s,5,-16.90203561488304,NA,-20.70390771506508,NA,-20.701328454444155,NA,1.2163205673403334,NA,1.2162172370270818,NA,1.00936206536363,NA,1.0090732790913943,NA
9877009,95,g ɯ d͡ʒ ɯ ʃ,5,-19.48982961121296,NA,-15.852311354959165,NA,-15.901866630957937,NA,1.1748084006569268,NA,1.1747780038271325,NA,1.0097080569984351,NA,1.0093543709655342,NA
9877009,92,k ɯ ɟ e h,5,-20.35414713041565,NA,-Inf,NA,-22.976968237654425,NA,1.283235141884312,NA,1.2830152250357565,NA,1.015169372438029,NA,1.0145770800961191,NA
9877009,27,g ɯ ɟ ø ʒ,5,-26.888884788763463,NA,-Inf,NA,-25.491689893774726,NA,1.0923427028145285,NA,1.0924665333420214,NA,1.0025458422833493,NA,1.0026299630393898,NA
9877009,53,b e d͡ʒ y z,5,-18.322376643949248,NA,-15.50382960677507,NA,-15.540572147404909,NA,1.291454857997779,NA,1.2912263401344954,NA,1.017144724013624,NA,1.0164538694214755,NA
9877009,33,v ɯ c i c,5,-23.489154875537356,NA,-Inf,NA,-31.50043512796986,NA,1.1869854330618432,NA,1.186935765181287,NA,1.000596848743176,NA,1.0007801201825397,NA
9877009,33,l e ʒ a v,5,-20.032673267265825,NA,-26.44332906685423,NA,-26.14940301912727,NA,1.3816363028138647,NA,1.381238823618678,NA,1.0061260075164613,NA,1.0059671413264173,NA
9877009,69,n u m ø s,5,-18.01717804587876,NA,-23.274555968238037,NA,-23.130003427749006,NA,1.1671298407351371,NA,1.1671135968518798,NA,1.005615073673373,NA,1.005536090751645,NA
9877009,33,b e ʒ y z,5,-20.38453775562813,NA,-17.968651889022336,NA,-17.963773735189676,NA,1.2791360964148726,NA,1.278929028131013,NA,1.0135348320226718,NA,1.0130354616378874,NA
9877009,36,g u m y z,5,-18.91676624227809,NA,-15.093972479028997,NA,-15.137149639038482,NA,1.1894469643775232,NA,1.189394504817783,NA,1.0080570007044969,NA,1.0078402676416895,NA
9877009,67,l i ʒ u v,5,-21.791901518688565,NA,-27.90170599209823,NA,-27.610340559309456,NA,1.1474829849634645,NA,1.1475039403773133,NA,1.0007835188902832,NA,1.000955566256444,NA
9877009,70,b e ʒ ɯ z,5,-19.881988712701524,NA,-20.15074841057007,NA,-19.602322161163336,NA,1.3088813810464754,NA,1.308620171979486,NA,1.014317355661407,NA,1.0137690028078854,NA
9877009,0,ɟ ø ʒ ɯ ʒ,5,-28.802367630859823,NA,-Inf,NA,-33.852506245096116,NA,1.0750793759745922,NA,1.075228524021754,NA,1,1,1.0002179098838746,1
9877009,0,t ø ɾ i n,5,-16.410405147059684,NA,-14.831918462189485,NA,-14.86886634674382,NA,1.4208089522804974,NA,1.420327529748208,NA,1.0291017054180784,NA,1.0276334200937636,NA
9877009,0,v ø l y j,5,-21.757817351341345,NA,-Inf,NA,-31.916689215783485,NA,1.0935205953372813,NA,1.0936337054213383,NA,1.0001956309096838,NA,1.000401295176374,NA
9877009,17,n ɯ c e c,5,-22.009654976643485,NA,-Inf,NA,-30.90854985906133,NA,1.183230340688058,NA,1.18318779269999,NA,1.0009770597047227,NA,1.0011370759656055,NA
9877009,33,n ɯ c y c,5,-23.384060766098123,NA,-Inf,NA,-30.852354594073574,NA,1.099749800486337,NA,1.0998591993321496,NA,1.0003901669756716,NA,1.0005869200881068,NA
9877009,91,m y k u ɾ,5,-16.16672959638731,NA,-13.647288442981042,NA,-13.67480354663754,NA,1.3486959861244403,NA,1.348345503504382,NA,1.040908137079269,NA,1.0388933343742264,NA
9877009,20,b o ʒ y z,5,-21.657956214237167,NA,-17.8013111360532,NA,-17.796202222359895,NA,1.1717379161722383,NA,1.1717166578887983,NA,1.0080619412428775,NA,1.0078502843412198,NA
9877009,91,j a c ø t͡ʃ,5,-21.596104374841666,NA,-Inf,NA,-22.599644393527782,NA,1.31698528948836,NA,1.316717900772158,NA,1.0178198509358245,NA,1.0171013441808128,NA
9877009,30,d͡ʒ o t͡ʃ u ʒ,5,-22.25933783885341,NA,-25.407920618685885,NA,-25.226670777169343,NA,1.1389450473591287,NA,1.1389844721552644,NA,1.001545014340632,NA,1.0016802565901464,NA
9877009,36,ɟ i ɟ y c,5,-28.50437427410517,NA,-34.16680202918272,NA,-32.967862578483974,NA,1.110255587396653,NA,1.110346812233538,NA,1.000231209196349,NA,1.000436132364972,NA
9877009,30,f u c e c,5,-23.511463576787175,NA,-Inf,NA,-29.336731806601904,NA,1.199259331683282,NA,1.1991890556832483,NA,1.0015190025080027,NA,1.0016505248518268,NA
9877009,26,b e ʒ i l,5,-20.157665035921532,NA,-17.87290940676915,NA,-18.003973266743422,NA,1.3606430151485247,NA,1.3602899179920174,NA,1.0147080117893146,NA,1.0141386071612013,NA
9877009,70,m y z e l,5,-18.29810048302488,NA,-15.36637665199515,NA,-15.417853706543786,NA,1.320777681509878,NA,1.3204937774894725,NA,1.0382974481087792,NA,1.0364788587481613,NA
9877009,68,ɫ a g u v,5,-17.315515257959518,NA,-22.20438998670757,NA,-22.1942114842724,NA,1.3402216073124982,NA,1.3399090365344333,NA,1.0047777004065963,NA,1.0047377633341297,NA
9877009,31,ɫ o t i v,5,-16.623572496331185,NA,-21.45944618243926,NA,-21.45667533842388,NA,1.270720527524629,NA,1.2705211729498675,NA,1.0235566532375455,NA,1.0224757433127067,NA
9877009,25,n u c e c,5,-22.224521947118312,NA,-Inf,NA,-30.235545793839655,NA,1.1941705486603285,NA,1.1941090729768065,NA,1.001356524171781,NA,1.0014965839651273,NA
9877009,95,t e k o n,5,-14.998265880403986,NA,-12.987925813400334,NA,-13.012766174055423,NA,1.404395408692991,NA,1.4039515023966052,NA,1.0462338914653162,NA,1.043960708572914,NA
9877009,23,ɟ i ʒ a ʒ,5,-25.070573459054387,NA,-28.408200172943992,NA,-28.11389151899236,NA,1.2792842518640677,NA,1.2790676617380563,NA,1.001614798833574,NA,1.0017356621916462,NA
9877009,32,l ø ʒ ɯ v,5,-23.962302765397112,NA,-Inf,NA,-31.445776025167124,NA,1.0912637492814083,NA,1.0913810872864589,NA,1.000065210303228,NA,1.0002790383147078,NA
9877009,26,v ɯ ʒ o ʒ,5,-24.09804256484363,NA,-Inf,NA,-26.60448713952874,NA,1.094757980140496,NA,1.0948759012986842,NA,1.0004664281367202,NA,1.0006578633208734,NA
9877009,70,ɫ a m ɯ j,5,-15.11857151857796,NA,-20.33622952955124,NA,-20.330363342345912,NA,1.4001995331332835,NA,1.3997789734141448,NA,1.017897430130006,NA,1.0171616356786684,NA
9877009,91,m y d͡ʒ y z,5,-19.055770045147348,NA,-15.489145500909974,NA,-15.51914804312365,NA,1.2205470790782769,NA,1.2204412615879323,NA,1.0297516825712627,NA,1.028399004052331,NA
9877009,0,ɫ o h ɯ v,5,-18.378732324942018,NA,-24.946669907437375,NA,-24.8696524175722,NA,1.1710082034448943,NA,1.1709872550102671,NA,1.002896280390419,NA,1.0029605848662049,NA
9877009,0,l y l y c,5,-24.087338776513203,NA,-Inf,NA,-33.35849160319946,NA,1.1135850424096871,NA,1.1136703680544862,NA,1.000610288249374,NA,1.0007953005759365,NA
9877009,67,m y p o ʒ,5,-21.062384677092385,NA,-17.12481314942236,NA,-17.238674158015545,NA,1.217353092070428,NA,1.2172586661563085,NA,1.030554594624349,NA,1.0291606916538274,NA
9877009,67,l ø ʒ u v,5,-24.17716973587194,NA,-Inf,NA,-28.848175212289668,NA,1.0814626210119913,NA,1.0815977985088008,NA,1.0004564721225957,NA,1.0006458088997068,NA
9877009,75,l y l e j,5,-19.772550808587734,NA,-Inf,NA,-29.111148377195256,NA,1.2167590941862367,NA,1.2166514635372478,NA,1.0045229064430488,NA,1.0044630064259272,NA
9877009,1,b i d͡ʒ ɯ z,5,-18.017662927348493,NA,-14.765156156833983,NA,-14.806093842831208,NA,1.2350324649864008,NA,1.2348988853670513,NA,1.0156682860234614,NA,1.0150462915601737,NA
9877009,37,ɟ y ʒ ɯ ʒ,5,-27.593669876805233,NA,-Inf,NA,-32.54585594703615,NA,1.1262058924390637,NA,1.1262665863054913,NA,1.0001090155892292,NA,1.0003211623361203,NA
9877009,34,b u ʒ i z,5,-20.2946910095022,NA,-18.014965986359083,NA,-17.95706711599841,NA,1.2623842333719226,NA,1.262198009872272,NA,1.0123552595503351,NA,1.01187554012336,NA
9877009,77,ɟ ø ɟ y ʃ,5,-28.382025596923334,NA,-Inf,NA,-27.273964274617327,NA,1.06451562774906,NA,1.064678843072776,NA,1.0016113280727483,NA,1.001729331617179,NA
9877009,74,ɟ e g u j,5,-21.813613758746683,NA,-Inf,NA,-27.77270366778515,NA,1.2429834228927066,NA,1.2428362044265289,NA,1.0016771227161092,NA,1.0018008835043444,NA
9877009,77,n u g a v,5,-17.32641256884868,NA,-22.17862386284786,NA,-22.142492609172585,NA,1.295558300366401,NA,1.2953096832430069,NA,1.0097861339305134,NA,1.0094276480806197,NA
9877009,74,n ø m ø h,5,-20.22203636369186,NA,-27.127441990238378,NA,-26.772419935381528,NA,1.1051797136202524,NA,1.1052765997185356,NA,1.001638791460164,NA,1.00176987702246,NA
9877009,75,t͡ʃ ø j o p,5,-20.761162543399134,NA,-16.85312947192674,NA,-16.895892356598512,NA,1.1297760413577145,NA,1.129827321681991,NA,1.0043570596970908,NA,1.004335423634715,NA
9877009,90,c e d͡ʒ e t͡ʃ,5,-20.132543384729967,NA,-Inf,NA,-23.078955930544776,NA,1.3025086740061806,NA,1.30225682196575,NA,1.007703124650714,NA,1.0074974497629463,NA
9877009,38,g a v e n,5,-16.239688851845823,NA,-13.908186943802582,NA,-13.954428963263789,NA,1.5116455492031928,NA,1.51100876623818,NA,1.0347739691193514,NA,1.033012423159234,NA
9877009,64,n u ʒ o h,5,-20.647758491408347,NA,-26.42840069407047,NA,-26.092665911065804,NA,1.120706350697388,NA,1.120775199867318,NA,1.0008134367287314,NA,1.0009885521090411,NA
9876376,18,ɟ y ɟ ø z,5,-28.261172142031192,NA,-Inf,NA,-27.202076859131157,NA,1.0923810950775177,NA,1.0924989300689334,NA,1.0002501387042984,NA,1.0004529214024969,NA
9876376,3,l ø ʒ ɯ v,5,-23.962302765397112,NA,-Inf,NA,-31.445776025167124,NA,1.0912637492814083,NA,1.0913810872864589,NA,1.000065210303228,NA,1.0002790383147078,NA
9876376,39,k a m y ɾ,5,-14.60533667129042,NA,-12.566891947703592,NA,-12.592572980919178,NA,1.5244462014259983,NA,1.5237936084044486,NA,1.062697489208468,NA,1.0595720312963168,NA
9876376,7,g o ɟ e ʒ,5,-24.70734295733524,NA,-Inf,NA,-24.892441184593736,NA,1.206949659858697,NA,1.2068658496110196,NA,1.0013992346140868,NA,1.0015409476057728,NA
9876376,7,ɟ i f e ʒ,5,-23.50725783914693,NA,-25.179036508558365,NA,-24.87841662264246,NA,1.2121684741836356,NA,1.2120754128304632,NA,1.0053026957384814,NA,1.0052306294125322,NA
9876376,9,v ɯ ʒ o ʒ,5,-24.09804256484363,NA,-Inf,NA,-26.60448713952874,NA,1.094757980140496,NA,1.0948759012986842,NA,1.0004664281367202,NA,1.0006578633208734,NA
9876376,57,l y l e j,5,-19.772550808587734,NA,-Inf,NA,-29.111148377195256,NA,1.2167590941862367,NA,1.2166514635372478,NA,1.0045229064430488,NA,1.0044630064259272,NA
9876376,18,m y ɾ ɯ ɾ,5,-15.856481481342133,NA,-12.944319591547218,NA,-12.972778988107237,NA,1.435298597005871,NA,1.434796547206406,NA,1.053819451965324,NA,1.0510915726346128,NA
9876376,0,g ɯ ʒ ɯ f,5,-21.788275067767113,NA,-Inf,NA,-25.430059507970466,NA,1.155577346931862,NA,1.155582793730333,NA,1.0034694890371534,NA,1.0034952632757648,NA
9876376,17,n ɯ g u v,5,-18.672938523470744,NA,-24.97225112201225,NA,-24.798231194095607,NA,1.1366324521867113,NA,1.1366721183407424,NA,1.0015222117456346,NA,1.001653631447348,NA
9876376,16,d͡ʒ o ʒ o ʒ,5,-24.480705050348092,NA,-23.65144193577017,NA,-23.604853465371203,NA,1.1063477027090305,NA,1.1064455731324747,NA,1.0009007487476005,NA,1.0010693101437411,NA
9876376,0,n ø m ø h,5,-20.22203636369186,NA,-27.127441990238378,NA,-26.772419935381528,NA,1.1051797136202524,NA,1.1052765997185356,NA,1.001638791460164,NA,1.00176987702246,NA
9876376,8,n u ʒ o h,5,-20.647758491408347,NA,-26.42840069407047,NA,-26.092665911065804,NA,1.120706350697388,NA,1.120775199867318,NA,1.0008134367287314,NA,1.0009885521090411,NA
9876376,37,g a v e n,5,-16.239688851845823,NA,-13.908186943802582,NA,-13.954428963263789,NA,1.5116455492031928,NA,1.51100876623818,NA,1.0347739691193514,NA,1.033012423159234,NA
9876376,52,b a j o p,5,-17.147287610817873,NA,-14.064023784516072,NA,-14.101916418410518,NA,1.4125267904421874,NA,1.4120889097497351,NA,1.0381955836146763,NA,1.0363910290645393,NA
9876376,37,n u c e c,5,-22.224521947118312,NA,-Inf,NA,-30.235545793839655,NA,1.1941705486603285,NA,1.1941090729768065,NA,1.001356524171781,NA,1.0014965839651273,NA
9876376,9,g ɯ ɟ ø ʒ,5,-26.888884788763463,NA,-Inf,NA,-25.491689893774726,NA,1.0923427028145285,NA,1.0924665333420214,NA,1.0025458422833493,NA,1.0026299630393898,NA
9876376,41,ɫ a m ɯ j,5,-15.11857151857796,NA,-20.33622952955124,NA,-20.330363342345912,NA,1.4001995331332835,NA,1.3997789734141448,NA,1.017897430130006,NA,1.0171616356786684,NA
9876376,35,t͡ʃ ø j o p,5,-20.761162543399134,NA,-16.85312947192674,NA,-16.895892356598512,NA,1.1297760413577145,NA,1.129827321681991,NA,1.0043570596970908,NA,1.004335423634715,NA
9876376,5,v ɯ ʒ o h,5,-21.714556093501535,NA,-Inf,NA,-27.904550653039433,NA,1.1066262553279758,NA,1.1067194621758885,NA,1.0002707972270364,NA,1.000474478028374,NA
9876376,3,n ɯ c y c,5,-23.384060766098123,NA,-Inf,NA,-30.852354594073574,NA,1.099749800486337,NA,1.0998591993321496,NA,1.0003901669756716,NA,1.0005869200881068,NA
9876376,60,m y z a z,5,-16.873733531508663,NA,-13.8813816786833,NA,-13.92028821240666,NA,1.414095539116758,NA,1.4136394572206412,NA,1.046379285868822,NA,1.044078620549693,NA
9876376,25,ɟ ø ɟ y ʃ,5,-28.382025596923334,NA,-Inf,NA,-27.273964274617327,NA,1.06451562774906,NA,1.064678843072776,NA,1.0016113280727483,NA,1.001729331617179,NA
9876376,13,n e m ɯ v,5,-16.2679106094412,NA,-21.623136884117503,NA,-21.602958834317167,NA,1.3065266810918763,NA,1.3062710632304733,NA,1.0163019738273251,NA,1.015657700859542,NA
9876376,72,t ø l e ɾ,5,-18.092071394057463,NA,-Inf,NA,-23.47218345961383,NA,1.2904993682381145,NA,1.29024438545329,NA,1.015354289300933,NA,1.0146192543931714,NA
9876376,9,d͡ʒ a m a ʒ,5,-17.752742677818908,NA,-17.085266867347194,NA,-17.226367434005237,NA,1.5259583015742766,NA,1.5253144134357843,NA,1.0324208128726595,NA,1.0308841077133883,NA
9876376,18,d͡ʒ o t͡ʃ u ʒ,5,-22.25933783885341,NA,-25.407920618685885,NA,-25.226670777169343,NA,1.1389450473591287,NA,1.1389844721552644,NA,1.001545014340632,NA,1.0016802565901464,NA
9876376,5,n i m ɯ h,5,-16.125521349527286,NA,-21.514654728099533,NA,-21.48267679386988,NA,1.221402368300542,NA,1.2212936567795851,NA,1.008105939127622,NA,1.0078930238188846,NA
9876376,67,f ɯ d y c,5,-21.761233097918407,NA,-23.891747181935735,NA,-23.686632689099905,NA,1.1325830509681372,NA,1.1326353404889125,NA,1.0056072670834837,NA,1.0055261372591189,NA
9876376,18,m y ʒ i l,5,-20.891058437119632,NA,-18.275024894086325,NA,-18.26894174408407,NA,1.2897352362290226,NA,1.2895048394454542,NA,1.0287321730069334,NA,1.0274260236712516,NA
9876376,29,t e k o n,5,-14.998265880403986,NA,-12.987925813400334,NA,-13.012766174055423,NA,1.404395408692991,NA,1.4039515023966052,NA,1.0462338914653162,NA,1.043960708572914,NA
9876376,0,ɫ o h ɯ v,5,-18.378732324942018,NA,-24.946669907437375,NA,-24.8696524175722,NA,1.1710082034448943,NA,1.1709872550102671,NA,1.002896280390419,NA,1.0029605848662049,NA
9876376,15,m y p o ʒ,5,-21.062384677092385,NA,-17.12481314942236,NA,-17.238674158015545,NA,1.217353092070428,NA,1.2172586661563085,NA,1.030554594624349,NA,1.0291606916538274,NA
9876376,33,l i v o h,5,-19.595109788952644,NA,-27.49272636985236,NA,-27.15263118582112,NA,1.1574639446613604,NA,1.1574688518675773,NA,1.0022967539016463,NA,1.0023928574967222,NA
9876376,15,b i d͡ʒ ɯ z,5,-18.017662927348493,NA,-14.765156156833983,NA,-14.806093842831208,NA,1.2350324649864008,NA,1.2348988853670513,NA,1.0156682860234614,NA,1.0150462915601737,NA
9876376,11,b e ʒ y z,5,-20.38453775562813,NA,-17.968651889022336,NA,-17.963773735189676,NA,1.2791360964148726,NA,1.278929028131013,NA,1.0135348320226718,NA,1.0130354616378874,NA
9876376,91,k o ɾ o n,5,-16.15929758860058,NA,-13.868409821172923,NA,-13.895071028995217,NA,1.4086622883685636,NA,1.408210172854805,NA,1.0325528233779742,NA,1.030997388207983,NA
9876376,9,v ø l y j,5,-21.757817351341345,NA,-Inf,NA,-31.916689215783485,NA,1.0935205953372813,NA,1.0936337054213383,NA,1.0001956309096838,NA,1.000401295176374,NA
9876376,28,b e j o p,5,-17.621956818911904,NA,-14.710265369997016,NA,-14.747288468151918,NA,1.318235195988115,NA,1.3179604495421229,NA,1.023964703711502,NA,1.0229099718204642,NA
9876376,30,n u m ø s,5,-18.01717804587876,NA,-23.274555968238037,NA,-23.130003427749006,NA,1.1671298407351371,NA,1.1671135968518798,NA,1.005615073673373,NA,1.005536090751645,NA
9876376,13,f u c e c,5,-23.511463576787175,NA,-Inf,NA,-29.336731806601904,NA,1.199259331683282,NA,1.1991890556832483,NA,1.0015190025080027,NA,1.0016505248518268,NA
9876376,12,v ɯ c i c,5,-23.489154875537356,NA,-Inf,NA,-31.50043512796986,NA,1.1869854330618432,NA,1.186935765181287,NA,1.000596848743176,NA,1.0007801201825397,NA
9876376,12,b e ʒ i l,5,-20.157665035921532,NA,-17.87290940676915,NA,-18.003973266743422,NA,1.3606430151485247,NA,1.3602899179920174,NA,1.0147080117893146,NA,1.0141386071612013,NA
9876376,11,f u ʒ u ʒ,5,-24.131491850813127,NA,-24.668253654298645,NA,-24.46144519601823,NA,1.1352955974923469,NA,1.135341466415286,NA,1.000975915064953,NA,1.0011424929957409,NA
9876376,24,b e t͡ʃ ø z,5,-19.558563039794212,NA,-16.45022001700887,NA,-16.488509727521837,NA,1.2699076960082727,NA,1.2697183110910075,NA,1.015705436550192,NA,1.0150951236806631,NA
9876376,33,g o d͡ʒ ɯ z,5,-19.770537868401828,NA,-17.17904521923025,NA,-17.19916861874007,NA,1.1826737683633608,NA,1.1826307514407104,NA,1.0041826517558374,NA,1.004164363663955,NA
9876376,24,ɫ a g u v,5,-17.315515257959518,NA,-22.20438998670757,NA,-22.1942114842724,NA,1.3402216073124982,NA,1.3399090365344333,NA,1.0047777004065963,NA,1.0047377633341297,NA
9876376,34,m y k u ɾ,5,-16.16672959638731,NA,-13.647288442981042,NA,-13.67480354663754,NA,1.3486959861244403,NA,1.348345503504382,NA,1.040908137079269,NA,1.0388933343742264,NA
9876376,27,l ø ʒ u v,5,-24.17716973587194,NA,-Inf,NA,-28.848175212289668,NA,1.0814626210119913,NA,1.0815977985088008,NA,1.0004564721225957,NA,1.0006458088997068,NA
9876376,36,ɫ o t͡ʃ a v,5,-17.38102037177355,NA,-22.221171339417307,NA,-22.17471603733289,NA,1.2912051431600686,NA,1.2909639988175745,NA,1.0104683496161708,NA,1.010075153889148,NA
9876376,7,h a j o ʒ,5,-19.70425756699943,NA,-16.051747969710995,NA,-16.174734890728512,NA,1.375285896549857,NA,1.374918035761362,NA,1.0416275407035844,NA,1.0396478965275615,NA
9876376,18,ɫ o v ø c,5,-22.706813314753763,NA,-Inf,NA,-29.908765850171065,NA,1.1103538449370305,NA,1.1104464091915205,NA,1.0030937070231545,NA,1.0031487260784029,NA
9876376,87,m e t e ɾ,5,-13.722605695771906,NA,-12.003654907782868,NA,-12.023346713937531,NA,1.5195622914746405,NA,1.518910401773783,NA,1.0525880770319855,NA,1.0498613480187184,NA
9876376,57,ɫ a l e ɾ,5,-15.163099753645444,NA,-19.935814013412394,NA,-19.576163843490317,NA,1.474127120354203,NA,1.473554395483853,NA,1.0201936391485853,NA,1.0192033602125234,NA
9876376,37,g a m y z,5,-17.355373317181197,NA,-14.240338449458276,NA,-14.287440891901769,NA,1.3908659418471938,NA,1.390465006547887,NA,1.0224670797058462,NA,1.02149027043917,NA
9876376,33,b i f i z,5,-17.367817790823707,NA,-14.539143873848408,NA,-14.5814801904761,NA,1.3006774174319915,NA,1.300424750199676,NA,1.0215979149021732,NA,1.0206250474382526,NA
9876376,14,l i ʒ o h,5,-21.63837167405498,NA,-29.2969489690406,NA,-28.811359959835062,NA,1.1271576108556265,NA,1.1272152878236117,NA,1.0003270467676877,NA,1.0005276672406118,NA
9876376,10,b u j ɯ ʒ,5,-20.656800600490904,NA,-Inf,NA,-21.416780472527225,NA,1.226366366213809,NA,1.226253360999328,NA,1.012563203952425,NA,1.0121097739492848,NA
9876376,37,m y d͡ʒ y z,5,-19.055770045147348,NA,-15.489145500909974,NA,-15.51914804312365,NA,1.2205470790782769,NA,1.2204412615879323,NA,1.0297516825712627,NA,1.028399004052331,NA
9876376,10,ɟ e g u j,5,-21.813613758746683,NA,-Inf,NA,-27.77270366778515,NA,1.2429834228927066,NA,1.2428362044265289,NA,1.0016771227161092,NA,1.0018008835043444,NA
9876376,23,l e ʒ a v,5,-20.032673267265825,NA,-26.44332906685423,NA,-26.14940301912727,NA,1.3816363028138647,NA,1.381238823618678,NA,1.0061260075164613,NA,1.0059671413264173,NA
9876376,20,b a ʒ i n,5,-17.80349425450386,NA,-14.791020439297638,NA,-14.925564091251209,NA,1.5193623891917725,NA,1.518711994390168,NA,1.0328627171294904,NA,1.0312294576154004,NA
9876376,18,b u m y ʒ,5,-20.634597061276835,NA,-17.453026450842174,NA,-17.43947379466699,NA,1.203816110471337,NA,1.2037447179670484,NA,1.013503908131295,NA,1.0130055541759393,NA
9876376,1,b ø d͡ʒ o ʒ,5,-23.199615484381773,NA,-22.946734860541916,NA,-22.872071478740505,NA,1.121083185876453,NA,1.121155460851373,NA,1.0015584369695272,NA,1.0016920324034493,NA
9876376,27,n y n o s,5,-16.90203561488304,NA,-20.70390771506508,NA,-20.701328454444155,NA,1.2163205673403334,NA,1.2162172370270818,NA,1.00936206536363,NA,1.0090732790913943,NA
9876376,68,n i l e s,5,-16.331548266468857,NA,-22.702137034627185,NA,-22.335041029784072,NA,1.2559429323718037,NA,1.2557640746194505,NA,1.0105370402756846,NA,1.01014499607184,NA
9876376,11,b e ʒ ɯ z,5,-19.881988712701524,NA,-20.15074841057007,NA,-19.602322161163336,NA,1.3088813810464754,NA,1.308620171979486,NA,1.014317355661407,NA,1.0137690028078854,NA
9876376,11,v i ɟ y ʒ,5,-24.876386571500724,NA,-25.881186525811604,NA,-25.267184291001364,NA,1.12770092152038,NA,1.1277617239351925,NA,1.0024086378704609,NA,1.0024984923228988,NA
9876376,14,b u ʒ i z,5,-20.2946910095022,NA,-18.014965986359083,NA,-17.95706711599841,NA,1.2623842333719226,NA,1.262198009872272,NA,1.0123552595503351,NA,1.01187554012336,NA
9876376,27,j a c ø t͡ʃ,5,-21.596104374841666,NA,-Inf,NA,-22.599644393527782,NA,1.31698528948836,NA,1.316717900772158,NA,1.0178198509358245,NA,1.0171013441808128,NA
9876376,17,b e d͡ʒ y z,5,-18.322376643949248,NA,-15.50382960677507,NA,-15.540572147404909,NA,1.291454857997779,NA,1.2912263401344954,NA,1.017144724013624,NA,1.0164538694214755,NA
9876376,6,k ɯ ɟ e h,5,-20.35414713041565,NA,-Inf,NA,-22.976968237654425,NA,1.283235141884312,NA,1.2830152250357565,NA,1.015169372438029,NA,1.0145770800961191,NA
9876376,56,t ø ɾ i n,5,-16.410405147059684,NA,-14.831918462189485,NA,-14.86886634674382,NA,1.4208089522804974,NA,1.420327529748208,NA,1.0291017054180784,NA,1.0276334200937636,NA
9876376,21,n i m ø h,5,-17.836768146508483,NA,-23.90398304309107,NA,-23.591272132676064,NA,1.1712000775717255,NA,1.171182741587048,NA,1.0073974584829106,NA,1.0072250641442173,NA
9876376,48,g ɯ d͡ʒ ɯ ʃ,5,-19.48982961121296,NA,-15.852311354959165,NA,-15.901866630957937,NA,1.1748084006569268,NA,1.1747780038271325,NA,1.0097080569984351,NA,1.0093543709655342,NA
9876376,22,ɟ i ɟ y c,5,-28.50437427410517,NA,-34.16680202918272,NA,-32.967862578483974,NA,1.110255587396653,NA,1.110346812233538,NA,1.000231209196349,NA,1.000436132364972,NA
9876376,22,b o ʒ y z,5,-21.657956214237167,NA,-17.8013111360532,NA,-17.796202222359895,NA,1.1717379161722383,NA,1.1717166578887983,NA,1.0080619412428775,NA,1.0078502843412198,NA
9876376,17,g u m y z,5,-18.91676624227809,NA,-15.093972479028997,NA,-15.137149639038482,NA,1.1894469643775232,NA,1.189394504817783,NA,1.0080570007044969,NA,1.0078402676416895,NA
9876376,2,ɟ i ʒ a ʒ,5,-25.070573459054387,NA,-28.408200172943992,NA,-28.11389151899236,NA,1.2792842518640677,NA,1.2790676617380563,NA,1.001614798833574,NA,1.0017356621916462,NA
9876376,0,ɫ a ʒ ɯ ʒ,5,-21.057393014683385,NA,-Inf,NA,-26.41048458696313,NA,1.3326568898923266,NA,1.3323604104033762,NA,1.0026538128249567,NA,1.0027322776999663,NA
9876376,0,ɟ ø ʒ ɯ ʒ,5,-28.802367630859823,NA,-Inf,NA,-33.852506245096116,NA,1.0750793759745922,NA,1.075228524021754,NA,1,1,1.0002179098838746,1
9876376,63,ɫ o c e j,5,-19.459937199364497,NA,-Inf,NA,-26.8066540964721,NA,1.2048232326919666,NA,1.2047363825587754,NA,1.0060903952169935,NA,1.0059482882890152,NA
9876376,29,d͡ʒ o c y c,5,-25.0483878241706,NA,-Inf,NA,-30.473206137592207,NA,1.1081996356577295,NA,1.108294413751327,NA,1.0006613125519153,NA,1.000843800829829,NA
9876376,59,l y l y c,5,-24.087338776513203,NA,-Inf,NA,-33.35849160319946,NA,1.1135850424096871,NA,1.1136703680544862,NA,1.000610288249374,NA,1.0007953005759365,NA
9876376,63,m y z e l,5,-18.29810048302488,NA,-15.36637665199515,NA,-15.417853706543786,NA,1.320777681509878,NA,1.3204937774894725,NA,1.0382974481087792,NA,1.0364788587481613,NA
9876376,27,n ɯ c e c,5,-22.009654976643485,NA,-Inf,NA,-30.90854985906133,NA,1.183230340688058,NA,1.18318779269999,NA,1.0009770597047227,NA,1.0011370759656055,NA
9876376,66,ɫ o t i v,5,-16.623572496331185,NA,-21.45944618243926,NA,-21.45667533842388,NA,1.270720527524629,NA,1.2705211729498675,NA,1.0235566532375455,NA,1.0224757433127067,NA
9876376,0,ɟ y ʒ ɯ ʒ,5,-27.593669876805233,NA,-Inf,NA,-32.54585594703615,NA,1.1262058924390637,NA,1.1262665863054913,NA,1.0001090155892292,NA,1.0003211623361203,NA
9876376,62,g ɯ ʃ a n,5,-16.88053831059943,NA,-13.952848512019289,NA,-13.993863814055455,NA,1.3804651524522582,NA,1.3800477574614127,NA,1.0360723486113332,NA,1.0341140599250127,NA
9876376,9,l i ʒ u v,5,-21.791901518688565,NA,-27.90170599209823,NA,-27.610340559309456,NA,1.1474829849634645,NA,1.1475039403773133,NA,1.0007835188902832,NA,1.000955566256444,NA
9876376,71,c e d͡ʒ e t͡ʃ,5,-20.132543384729967,NA,-Inf,NA,-23.078955930544776,NA,1.3025086740061806,NA,1.30225682196575,NA,1.007703124650714,NA,1.0074974497629463,NA
9876376,4,ɟ ø ʒ a ʒ,5,-27.45584167623776,NA,-Inf,NA,-28.658578991412625,NA,1.2132638879125943,NA,1.2131615198695442,NA,1.0012877520658865,NA,1.001425904834909,NA
9876376,0,f u ʒ ɯ ʒ,5,-23.9166248803383,NA,-Inf,NA,-28.2987368958237,NA,1.1450967257617637,NA,1.1451247551929438,NA,1.000975915064953,NA,1.0011424929957409,NA
9876376,66,v ø l e c,5,-23.323793740357537,NA,-Inf,NA,-33.17836619636902,NA,1.1573076239641735,NA,1.1573097966742572,NA,1.000652103032279,NA,1.0008291941922065,NA
9876376,16,b u j o ʒ,5,-21.05836231257191,NA,-17.548890057056813,NA,-17.6640692648367,NA,1.1951964989849069,NA,1.19514022750294,NA,1.009795703059727,NA,1.0094933961448156,NA
9876376,15,n u g a v,5,-17.32641256884868,NA,-22.17862386284786,NA,-22.142492609172585,NA,1.295558300366401,NA,1.2953096832430069,NA,1.0097861339305134,NA,1.0094276480806197,NA
9928688,0,n u c e c,5,-22.224521947118312,NA,-Inf,NA,-30.235545793839655,NA,1.1941705486603285,NA,1.1941090729768065,NA,1.001356524171781,NA,1.0014965839651273,NA
9928688,33,b u j ɯ ʒ,5,-20.656800600490904,NA,-Inf,NA,-21.416780472527225,NA,1.226366366213809,NA,1.226253360999328,NA,1.012563203952425,NA,1.0121097739492848,NA
9928688,68,n ɯ c y c,5,-23.384060766098123,NA,-Inf,NA,-30.852354594073574,NA,1.099749800486337,NA,1.0998591993321496,NA,1.0003901669756716,NA,1.0005869200881068,NA
9928688,35,f u ʒ u ʒ,5,-24.131491850813127,NA,-24.668253654298645,NA,-24.46144519601823,NA,1.1352955974923469,NA,1.135341466415286,NA,1.000975915064953,NA,1.0011424929957409,NA
9928688,0,l e ʒ a v,5,-20.032673267265825,NA,-26.44332906685423,NA,-26.14940301912727,NA,1.3816363028138647,NA,1.381238823618678,NA,1.0061260075164613,NA,1.0059671413264173,NA
9928688,27,ɫ a g u v,5,-17.315515257959518,NA,-22.20438998670757,NA,-22.1942114842724,NA,1.3402216073124982,NA,1.3399090365344333,NA,1.0047777004065963,NA,1.0047377633341297,NA
9928688,26,ɟ i ɟ y c,5,-28.50437427410517,NA,-34.16680202918272,NA,-32.967862578483974,NA,1.110255587396653,NA,1.110346812233538,NA,1.000231209196349,NA,1.000436132364972,NA
9928688,63,v ɯ ʒ o h,5,-21.714556093501535,NA,-Inf,NA,-27.904550653039433,NA,1.1066262553279758,NA,1.1067194621758885,NA,1.0002707972270364,NA,1.000474478028374,NA
9928688,59,g a m y z,5,-17.355373317181197,NA,-14.240338449458276,NA,-14.287440891901769,NA,1.3908659418471938,NA,1.390465006547887,NA,1.0224670797058462,NA,1.02149027043917,NA
9928688,0,l ø ʒ ɯ v,5,-23.962302765397112,NA,-Inf,NA,-31.445776025167124,NA,1.0912637492814083,NA,1.0913810872864589,NA,1.000065210303228,NA,1.0002790383147078,NA
9928688,9,l ø ʒ u v,5,-24.17716973587194,NA,-Inf,NA,-28.848175212289668,NA,1.0814626210119913,NA,1.0815977985088008,NA,1.0004564721225957,NA,1.0006458088997068,NA
9928688,35,ɟ ø ʒ a ʒ,5,-27.45584167623776,NA,-Inf,NA,-28.658578991412625,NA,1.2132638879125943,NA,1.2131615198695442,NA,1.0012877520658865,NA,1.001425904834909,NA
9928688,64,b i d͡ʒ ɯ z,5,-18.017662927348493,NA,-14.765156156833983,NA,-14.806093842831208,NA,1.2350324649864008,NA,1.2348988853670513,NA,1.0156682860234614,NA,1.0150462915601737,NA
9928688,26,l i v o h,5,-19.595109788952644,NA,-27.49272636985236,NA,-27.15263118582112,NA,1.1574639446613604,NA,1.1574688518675773,NA,1.0022967539016463,NA,1.0023928574967222,NA
9928688,24,v ø l e c,5,-23.323793740357537,NA,-Inf,NA,-33.17836619636902,NA,1.1573076239641735,NA,1.1573097966742572,NA,1.000652103032279,NA,1.0008291941922065,NA
9928688,64,n i m ɯ h,5,-16.125521349527286,NA,-21.514654728099533,NA,-21.48267679386988,NA,1.221402368300542,NA,1.2212936567795851,NA,1.008105939127622,NA,1.0078930238188846,NA
9928688,62,b a j o p,5,-17.147287610817873,NA,-14.064023784516072,NA,-14.101916418410518,NA,1.4125267904421874,NA,1.4120889097497351,NA,1.0381955836146763,NA,1.0363910290645393,NA
9928688,62,b e d͡ʒ y z,5,-18.322376643949248,NA,-15.50382960677507,NA,-15.540572147404909,NA,1.291454857997779,NA,1.2912263401344954,NA,1.017144724013624,NA,1.0164538694214755,NA
9928688,100,ɫ a l e ɾ,5,-15.163099753645444,NA,-19.935814013412394,NA,-19.576163843490317,NA,1.474127120354203,NA,1.473554395483853,NA,1.0201936391485853,NA,1.0192033602125234,NA
9928688,30,v ɯ ʒ o ʒ,5,-24.09804256484363,NA,-Inf,NA,-26.60448713952874,NA,1.094757980140496,NA,1.0948759012986842,NA,1.0004664281367202,NA,1.0006578633208734,NA
9928688,33,ɟ y ɟ ø z,5,-28.261172142031192,NA,-Inf,NA,-27.202076859131157,NA,1.0923810950775177,NA,1.0924989300689334,NA,1.0002501387042984,NA,1.0004529214024969,NA
9928688,28,g a v e n,5,-16.239688851845823,NA,-13.908186943802582,NA,-13.954428963263789,NA,1.5116455492031928,NA,1.51100876623818,NA,1.0347739691193514,NA,1.033012423159234,NA
9928688,79,m y z a z,5,-16.873733531508663,NA,-13.8813816786833,NA,-13.92028821240666,NA,1.414095539116758,NA,1.4136394572206412,NA,1.046379285868822,NA,1.044078620549693,NA
9928688,100,b u ʒ i z,5,-20.2946910095022,NA,-18.014965986359083,NA,-17.95706711599841,NA,1.2623842333719226,NA,1.262198009872272,NA,1.0123552595503351,NA,1.01187554012336,NA
9928688,100,b e t͡ʃ ø z,5,-19.558563039794212,NA,-16.45022001700887,NA,-16.488509727521837,NA,1.2699076960082727,NA,1.2697183110910075,NA,1.015705436550192,NA,1.0150951236806631,NA
9928688,0,ɫ o t i v,5,-16.623572496331185,NA,-21.45944618243926,NA,-21.45667533842388,NA,1.270720527524629,NA,1.2705211729498675,NA,1.0235566532375455,NA,1.0224757433127067,NA
9928688,100,b o ʒ y z,5,-21.657956214237167,NA,-17.8013111360532,NA,-17.796202222359895,NA,1.1717379161722383,NA,1.1717166578887983,NA,1.0080619412428775,NA,1.0078502843412198,NA
9928688,33,g ɯ ʃ a n,5,-16.88053831059943,NA,-13.952848512019289,NA,-13.993863814055455,NA,1.3804651524522582,NA,1.3800477574614127,NA,1.0360723486113332,NA,1.0341140599250127,NA
9928688,30,f ɯ d y c,5,-21.761233097918407,NA,-23.891747181935735,NA,-23.686632689099905,NA,1.1325830509681372,NA,1.1326353404889125,NA,1.0056072670834837,NA,1.0055261372591189,NA
9928688,67,n i m ø h,5,-17.836768146508483,NA,-23.90398304309107,NA,-23.591272132676064,NA,1.1712000775717255,NA,1.171182741587048,NA,1.0073974584829106,NA,1.0072250641442173,NA
9928688,33,h a j o ʒ,5,-19.70425756699943,NA,-16.051747969710995,NA,-16.174734890728512,NA,1.375285896549857,NA,1.374918035761362,NA,1.0416275407035844,NA,1.0396478965275615,NA
9928688,71,n u ʒ o h,5,-20.647758491408347,NA,-26.42840069407047,NA,-26.092665911065804,NA,1.120706350697388,NA,1.120775199867318,NA,1.0008134367287314,NA,1.0009885521090411,NA
9928688,45,d͡ʒ o c y c,5,-25.0483878241706,NA,-Inf,NA,-30.473206137592207,NA,1.1081996356577295,NA,1.108294413751327,NA,1.0006613125519153,NA,1.000843800829829,NA
9928688,70,n ø m ø h,5,-20.22203636369186,NA,-27.127441990238378,NA,-26.772419935381528,NA,1.1051797136202524,NA,1.1052765997185356,NA,1.001638791460164,NA,1.00176987702246,NA
9928688,0,ɫ o t͡ʃ a v,5,-17.38102037177355,NA,-22.221171339417307,NA,-22.17471603733289,NA,1.2912051431600686,NA,1.2909639988175745,NA,1.0104683496161708,NA,1.010075153889148,NA
9928688,65,v ɯ c i c,5,-23.489154875537356,NA,-Inf,NA,-31.50043512796986,NA,1.1869854330618432,NA,1.186935765181287,NA,1.000596848743176,NA,1.0007801201825397,NA
9928688,93,m y k u ɾ,5,-16.16672959638731,NA,-13.647288442981042,NA,-13.67480354663754,NA,1.3486959861244403,NA,1.348345503504382,NA,1.040908137079269,NA,1.0388933343742264,NA
9928688,23,ɟ ø ɟ y ʃ,5,-28.382025596923334,NA,-Inf,NA,-27.273964274617327,NA,1.06451562774906,NA,1.064678843072776,NA,1.0016113280727483,NA,1.001729331617179,NA
9928688,0,ɫ a m ɯ j,5,-15.11857151857796,NA,-20.33622952955124,NA,-20.330363342345912,NA,1.4001995331332835,NA,1.3997789734141448,NA,1.017897430130006,NA,1.0171616356786684,NA
9928688,100,v i ɟ y ʒ,5,-24.876386571500724,NA,-25.881186525811604,NA,-25.267184291001364,NA,1.12770092152038,NA,1.1277617239351925,NA,1.0024086378704609,NA,1.0024984923228988,NA
9928688,0,l y l e j,5,-19.772550808587734,NA,-Inf,NA,-29.111148377195256,NA,1.2167590941862367,NA,1.2166514635372478,NA,1.0045229064430488,NA,1.0044630064259272,NA
9928688,64,n e m ɯ v,5,-16.2679106094412,NA,-21.623136884117503,NA,-21.602958834317167,NA,1.3065266810918763,NA,1.3062710632304733,NA,1.0163019738273251,NA,1.015657700859542,NA
9928688,39,v ø l y j,5,-21.757817351341345,NA,-Inf,NA,-31.916689215783485,NA,1.0935205953372813,NA,1.0936337054213383,NA,1.0001956309096838,NA,1.000401295176374,NA
9928688,47,d͡ʒ a m a ʒ,5,-17.752742677818908,NA,-17.085266867347194,NA,-17.226367434005237,NA,1.5259583015742766,NA,1.5253144134357843,NA,1.0324208128726595,NA,1.0308841077133883,NA
9928688,0,l i ʒ u v,5,-21.791901518688565,NA,-27.90170599209823,NA,-27.610340559309456,NA,1.1474829849634645,NA,1.1475039403773133,NA,1.0007835188902832,NA,1.000955566256444,NA
9928688,100,b u m y ʒ,5,-20.634597061276835,NA,-17.453026450842174,NA,-17.43947379466699,NA,1.203816110471337,NA,1.2037447179670484,NA,1.013503908131295,NA,1.0130055541759393,NA
9928688,27,k ɯ ɟ e h,5,-20.35414713041565,NA,-Inf,NA,-22.976968237654425,NA,1.283235141884312,NA,1.2830152250357565,NA,1.015169372438029,NA,1.0145770800961191,NA
9928688,100,b ø d͡ʒ o ʒ,5,-23.199615484381773,NA,-22.946734860541916,NA,-22.872071478740505,NA,1.121083185876453,NA,1.121155460851373,NA,1.0015584369695272,NA,1.0016920324034493,NA
9928688,31,ɟ i ʒ a ʒ,5,-25.070573459054387,NA,-28.408200172943992,NA,-28.11389151899236,NA,1.2792842518640677,NA,1.2790676617380563,NA,1.001614798833574,NA,1.0017356621916462,NA
9928688,66,n u m ø s,5,-18.01717804587876,NA,-23.274555968238037,NA,-23.130003427749006,NA,1.1671298407351371,NA,1.1671135968518798,NA,1.005615073673373,NA,1.005536090751645,NA
9928688,78,m y ʒ i l,5,-20.891058437119632,NA,-18.275024894086325,NA,-18.26894174408407,NA,1.2897352362290226,NA,1.2895048394454542,NA,1.0287321730069334,NA,1.0274260236712516,NA
9928688,32,g u m y z,5,-18.91676624227809,NA,-15.093972479028997,NA,-15.137149639038482,NA,1.1894469643775232,NA,1.189394504817783,NA,1.0080570007044969,NA,1.0078402676416895,NA
9928688,24,ɟ ø ʒ ɯ ʒ,5,-28.802367630859823,NA,-Inf,NA,-33.852506245096116,NA,1.0750793759745922,NA,1.075228524021754,NA,1,1,1.0002179098838746,1
9928688,89,m y d͡ʒ y z,5,-19.055770045147348,NA,-15.489145500909974,NA,-15.51914804312365,NA,1.2205470790782769,NA,1.2204412615879323,NA,1.0297516825712627,NA,1.028399004052331,NA
9928688,91,m y ɾ ɯ ɾ,5,-15.856481481342133,NA,-12.944319591547218,NA,-12.972778988107237,NA,1.435298597005871,NA,1.434796547206406,NA,1.053819451965324,NA,1.0510915726346128,NA
9928688,68,n i l e s,5,-16.331548266468857,NA,-22.702137034627185,NA,-22.335041029784072,NA,1.2559429323718037,NA,1.2557640746194505,NA,1.0105370402756846,NA,1.01014499607184,NA
9928688,39,t ø l e ɾ,5,-18.092071394057463,NA,-Inf,NA,-23.47218345961383,NA,1.2904993682381145,NA,1.29024438545329,NA,1.015354289300933,NA,1.0146192543931714,NA
9928688,0,l y l y c,5,-24.087338776513203,NA,-Inf,NA,-33.35849160319946,NA,1.1135850424096871,NA,1.1136703680544862,NA,1.000610288249374,NA,1.0007953005759365,NA
9928688,8,k a m y ɾ,5,-14.60533667129042,NA,-12.566891947703592,NA,-12.592572980919178,NA,1.5244462014259983,NA,1.5237936084044486,NA,1.062697489208468,NA,1.0595720312963168,NA
9928688,0,ɫ o c e j,5,-19.459937199364497,NA,-Inf,NA,-26.8066540964721,NA,1.2048232326919666,NA,1.2047363825587754,NA,1.0060903952169935,NA,1.0059482882890152,NA
9928688,25,ɟ e g u j,5,-21.813613758746683,NA,-Inf,NA,-27.77270366778515,NA,1.2429834228927066,NA,1.2428362044265289,NA,1.0016771227161092,NA,1.0018008835043444,NA
9928688,48,t͡ʃ ø j o p,5,-20.761162543399134,NA,-16.85312947192674,NA,-16.895892356598512,NA,1.1297760413577145,NA,1.129827321681991,NA,1.0043570596970908,NA,1.004335423634715,NA
9928688,4,ɫ o v ø c,5,-22.706813314753763,NA,-Inf,NA,-29.908765850171065,NA,1.1103538449370305,NA,1.1104464091915205,NA,1.0030937070231545,NA,1.0031487260784029,NA
9928688,61,n y n o s,5,-16.90203561488304,NA,-20.70390771506508,NA,-20.701328454444155,NA,1.2163205673403334,NA,1.2162172370270818,NA,1.00936206536363,NA,1.0090732790913943,NA
9928688,25,g ɯ ʒ ɯ f,5,-21.788275067767113,NA,-Inf,NA,-25.430059507970466,NA,1.155577346931862,NA,1.155582793730333,NA,1.0034694890371534,NA,1.0034952632757648,NA
9928688,74,m y p o ʒ,5,-21.062384677092385,NA,-17.12481314942236,NA,-17.238674158015545,NA,1.217353092070428,NA,1.2172586661563085,NA,1.030554594624349,NA,1.0291606916538274,NA
9928688,63,n ɯ c e c,5,-22.009654976643485,NA,-Inf,NA,-30.90854985906133,NA,1.183230340688058,NA,1.18318779269999,NA,1.0009770597047227,NA,1.0011370759656055,NA
9928688,99,b e ʒ ɯ z,5,-19.881988712701524,NA,-20.15074841057007,NA,-19.602322161163336,NA,1.3088813810464754,NA,1.308620171979486,NA,1.014317355661407,NA,1.0137690028078854,NA
9928688,31,ɟ y ʒ ɯ ʒ,5,-27.593669876805233,NA,-Inf,NA,-32.54585594703615,NA,1.1262058924390637,NA,1.1262665863054913,NA,1.0001090155892292,NA,1.0003211623361203,NA
9928688,97,b u j o ʒ,5,-21.05836231257191,NA,-17.548890057056813,NA,-17.6640692648367,NA,1.1951964989849069,NA,1.19514022750294,NA,1.009795703059727,NA,1.0094933961448156,NA
9928688,25,c e d͡ʒ e t͡ʃ,5,-20.132543384729967,NA,-Inf,NA,-23.078955930544776,NA,1.3025086740061806,NA,1.30225682196575,NA,1.007703124650714,NA,1.0074974497629463,NA
9928688,6,l i ʒ o h,5,-21.63837167405498,NA,-29.2969489690406,NA,-28.811359959835062,NA,1.1271576108556265,NA,1.1272152878236117,NA,1.0003270467676877,NA,1.0005276672406118,NA
9928688,32,t e k o n,5,-14.998265880403986,NA,-12.987925813400334,NA,-13.012766174055423,NA,1.404395408692991,NA,1.4039515023966052,NA,1.0462338914653162,NA,1.043960708572914,NA
9928688,35,t ø ɾ i n,5,-16.410405147059684,NA,-14.831918462189485,NA,-14.86886634674382,NA,1.4208089522804974,NA,1.420327529748208,NA,1.0291017054180784,NA,1.0276334200937636,NA
9928688,22,g ɯ d͡ʒ ɯ ʃ,5,-19.48982961121296,NA,-15.852311354959165,NA,-15.901866630957937,NA,1.1748084006569268,NA,1.1747780038271325,NA,1.0097080569984351,NA,1.0093543709655342,NA
9928688,26,g o d͡ʒ ɯ z,5,-19.770537868401828,NA,-17.17904521923025,NA,-17.19916861874007,NA,1.1826737683633608,NA,1.1826307514407104,NA,1.0041826517558374,NA,1.004164363663955,NA
9928688,96,b e j o p,5,-17.621956818911904,NA,-14.710265369997016,NA,-14.747288468151918,NA,1.318235195988115,NA,1.3179604495421229,NA,1.023964703711502,NA,1.0229099718204642,NA
9928688,97,b i f i z,5,-17.367817790823707,NA,-14.539143873848408,NA,-14.5814801904761,NA,1.3006774174319915,NA,1.300424750199676,NA,1.0215979149021732,NA,1.0206250474382526,NA
9928688,62,f u c e c,5,-23.511463576787175,NA,-Inf,NA,-29.336731806601904,NA,1.199259331683282,NA,1.1991890556832483,NA,1.0015190025080027,NA,1.0016505248518268,NA
9928688,51,j a c ø t͡ʃ,5,-21.596104374841666,NA,-Inf,NA,-22.599644393527782,NA,1.31698528948836,NA,1.316717900772158,NA,1.0178198509358245,NA,1.0171013441808128,NA
9928688,25,g ɯ ɟ ø ʒ,5,-26.888884788763463,NA,-Inf,NA,-25.491689893774726,NA,1.0923427028145285,NA,1.0924665333420214,NA,1.0025458422833493,NA,1.0026299630393898,NA
9928688,1,ɫ a ʒ ɯ ʒ,5,-21.057393014683385,NA,-Inf,NA,-26.41048458696313,NA,1.3326568898923266,NA,1.3323604104033762,NA,1.0026538128249567,NA,1.0027322776999663,NA
9928688,4,ɫ o h ɯ v,5,-18.378732324942018,NA,-24.946669907437375,NA,-24.8696524175722,NA,1.1710082034448943,NA,1.1709872550102671,NA,1.002896280390419,NA,1.0029605848662049,NA
9928688,24,k o ɾ o n,5,-16.15929758860058,NA,-13.868409821172923,NA,-13.895071028995217,NA,1.4086622883685636,NA,1.408210172854805,NA,1.0325528233779742,NA,1.030997388207983,NA
9928688,46,d͡ʒ o ʒ o ʒ,5,-24.480705050348092,NA,-23.65144193577017,NA,-23.604853465371203,NA,1.1063477027090305,NA,1.1064455731324747,NA,1.0009007487476005,NA,1.0010693101437411,NA
9928688,97,b a ʒ i n,5,-17.80349425450386,NA,-14.791020439297638,NA,-14.925564091251209,NA,1.5193623891917725,NA,1.518711994390168,NA,1.0328627171294904,NA,1.0312294576154004,NA
9928688,65,n u g a v,5,-17.32641256884868,NA,-22.17862386284786,NA,-22.142492609172585,NA,1.295558300366401,NA,1.2953096832430069,NA,1.0097861339305134,NA,1.0094276480806197,NA
9928688,97,b e ʒ i l,5,-20.157665035921532,NA,-17.87290940676915,NA,-18.003973266743422,NA,1.3606430151485247,NA,1.3602899179920174,NA,1.0147080117893146,NA,1.0141386071612013,NA
9928688,98,b e ʒ y z,5,-20.38453775562813,NA,-17.968651889022336,NA,-17.963773735189676,NA,1.2791360964148726,NA,1.278929028131013,NA,1.0135348320226718,NA,1.0130354616378874,NA
9928688,27,g o ɟ e ʒ,5,-24.70734295733524,NA,-Inf,NA,-24.892441184593736,NA,1.206949659858697,NA,1.2068658496110196,NA,1.0013992346140868,NA,1.0015409476057728,NA
9928688,40,f u ʒ ɯ ʒ,5,-23.9166248803383,NA,-Inf,NA,-28.2987368958237,NA,1.1450967257617637,NA,1.1451247551929438,NA,1.000975915064953,NA,1.0011424929957409,NA
9928688,48,d͡ʒ o t͡ʃ u ʒ,5,-22.25933783885341,NA,-25.407920618685885,NA,-25.226670777169343,NA,1.1389450473591287,NA,1.1389844721552644,NA,1.001545014340632,NA,1.0016802565901464,NA
9928688,64,n ɯ g u v,5,-18.672938523470744,NA,-24.97225112201225,NA,-24.798231194095607,NA,1.1366324521867113,NA,1.1366721183407424,NA,1.0015222117456346,NA,1.001653631447348,NA
9928688,4,ɟ i f e ʒ,5,-23.50725783914693,NA,-25.179036508558365,NA,-24.87841662264246,NA,1.2121684741836356,NA,1.2120754128304632,NA,1.0053026957384814,NA,1.0052306294125322,NA
9928688,84,m y z e l,5,-18.29810048302488,NA,-15.36637665199515,NA,-15.417853706543786,NA,1.320777681509878,NA,1.3204937774894725,NA,1.0382974481087792,NA,1.0364788587481613,NA
9928688,84,m e t e ɾ,5,-13.722605695771906,NA,-12.003654907782868,NA,-12.023346713937531,NA,1.5195622914746405,NA,1.518910401773783,NA,1.0525880770319855,NA,1.0498613480187184,NA
9871944,27,l i g a v,5,-18.317025751495315,NA,-24.901990127973495,NA,-24.64460050717379,NA,1.3020095605246391,NA,1.3017497711993005,NA,1.0094632673533137,NA,1.0091216418905589,NA
9871944,29,n y m ɯ j,5,-16.9785438270158,NA,-22.43669703100411,NA,-22.421232711240805,NA,1.2136164438653825,NA,1.21351869881907,NA,1.006133848620259,NA,1.0060194361555963,NA
9871944,29,ɫ o h e s,5,-16.45817250086749,NA,-21.317120361286086,NA,-21.272071082039435,NA,1.2426762924026875,NA,1.24252019486607,NA,1.009570595243294,NA,1.0092260466145833,NA
9871944,28,b u h a ʒ,5,-19.63382263150912,NA,-16.589829009805186,NA,-16.73205715679298,NA,1.3523956399527486,NA,1.3520522834985491,NA,1.021610727156267,NA,1.0206577518516846,NA
9871944,31,g a ɟ i l,5,-21.711665732611312,NA,-21.848897140452937,NA,-21.63415311259603,NA,1.4234248610169082,NA,1.4229631257047886,NA,1.0082939096649637,NA,1.0080627500036243,NA
9871944,73,k u ɾ i n,5,-14.89701971471122,NA,-12.94195303395921,NA,-12.96493491685879,NA,1.5007331881655468,NA,1.5001135144861943,NA,1.0493627462694506,NA,1.0468268577985411,NA
9871944,30,s ø ɾ ø ɾ,5,-18.916248108852137,NA,-17.736643428071496,NA,-17.750937164122824,NA,1.311449218136533,NA,1.3111659441356651,NA,1.006315849424642,NA,1.0061905369137407,NA
9871944,27,ʃ o ʒ a v,5,-20.47724743734481,NA,-22.61856961138616,NA,-22.667019868719475,NA,1.288367615858368,NA,1.2881315117422223,NA,1.0061232207228026,NA,1.005964640548633,NA
9871944,26,v ø l ø h,5,-23.290063091036213,NA,-Inf,NA,-32.28412824653789,NA,1.0659556661882257,NA,1.066120812453014,NA,1,1,1.0002179098838746,1
9871944,72,g ɯ d͡ʒ u ɾ,5,-18.401954124401353,NA,-15.514694512570816,NA,-15.553988277275629,NA,1.2206968713441448,NA,1.2205683468578952,NA,1.0114276001889089,NA,1.0109684044339573,NA
9871944,70,l y l i c,5,-22.910768313384416,NA,-Inf,NA,-32.397687831098054,NA,1.203960562382335,NA,1.203881391318237,NA,1.0008711294622858,NA,1.0010398142992691,NA
9871944,80,h a c i z,5,-19.17393398541818,NA,-Inf,NA,-21.131318076779458,NA,1.44361829462378,NA,1.4431184887150887,NA,1.029014126217107,NA,1.027660226668782,NA
9871944,81,m y ɾ e ɾ,5,-14.984624734814105,NA,-12.552940803573671,NA,-12.57913149636152,NA,1.489033852575989,NA,1.4884339967257736,NA,1.064327496486173,NA,1.060981828884185,NA
9871944,24,ɟ i ʒ o ʒ,5,-26.818661125757455,NA,-29.39941525084724,NA,-28.902870287169502,NA,1.1099298726971636,NA,1.110021532393878,NA,1.0005226776773717,NA,1.000711052533111,NA
9871944,18,v ø ɟ y m,5,-24.02986774956105,NA,-Inf,NA,-25.69225069164061,NA,1.09995900556369,NA,1.10005431962118,NA,1.002654692924395,NA,1.0027073865105098,NA
9871944,25,h a ʒ u z,5,-19.829474654606734,NA,-17.11965647191572,NA,-17.218070915836304,NA,1.3720422673264103,NA,1.3716726499377587,NA,1.0259268416966203,NA,1.0247640708076309,NA
9871944,20,h y ʒ a ʒ,5,-22.512279354827413,NA,-22.102878518280345,NA,-22.166868313437227,NA,1.3079157400202015,NA,1.3076496470041246,NA,1.0032923482443703,NA,1.0033251342986491,NA
9871944,21,l e ʒ ɯ h,5,-21.03897463564812,NA,-30.18402807989924,NA,-29.205404715536854,NA,1.244495155727509,NA,1.2443470199359166,NA,1.0007952166504448,NA,1.0009691836637256,NA
9871944,23,b e v e ʒ,5,-19.361992708840056,NA,-16.706821942985723,NA,-16.834862117610335,NA,1.3761639224927549,NA,1.3757870363920413,NA,1.0278984680883785,NA,1.0266329792683782,NA
9871944,23,g ɯ ɟ e ʒ,5,-24.30578124525424,NA,-Inf,NA,-24.815598505272497,NA,1.196280249113463,NA,1.1962148980539262,NA,1.002806683496261,NA,1.0028744767627225,NA
9871944,25,b o ʒ i l,5,-21.431083494530565,NA,-17.705568653800018,NA,-17.83640175391364,NA,1.2532448349058904,NA,1.2530775477498026,NA,1.0092351210095205,NA,1.0089534298645335,NA
9871944,21,n u ʒ ɯ h,5,-20.24619677932734,NA,-27.810791659163197,NA,-27.023579690957725,NA,1.1518762179262898,NA,1.1518883333637062,NA,1.0010090676384151,NA,1.0011719374015406,NA
9871944,23,h a h a ʒ,5,-18.279717885936645,NA,-15.5480561905522,NA,-15.694802669418907,NA,1.5324850375176986,NA,1.5318300917569716,NA,1.049136449025569,NA,1.046733780370724,NA
9871944,24,b i m y ʒ,5,-19.745708670599832,NA,-17.144470810093683,NA,-17.12870059621924,NA,1.224775815843954,NA,1.224668160873623,NA,1.017560989647938,NA,1.0168496999823045,NA
9871944,20,n u v ø h,5,-19.914181691206203,NA,-Inf,NA,-27.03470635875693,NA,1.1319802610032077,NA,1.1320309822151344,NA,1.0023941627725557,NA,1.0024857126666045,NA
9871944,20,m y ʒ ø z,5,-22.32662891088082,NA,-18.58658519622501,NA,-18.33479718703259,NA,1.187771311398157,NA,1.1877241782403851,NA,1.027167731420923,NA,1.0259561075629384,NA
9871944,79,ɫ a t a j,5,-13.539207723328191,NA,-16.70963205807083,NA,-16.722833062461532,NA,1.5581158667217818,NA,1.5574094336214954,NA,1.0364821239096451,NA,1.0346702629498348,NA
9871944,68,ɟ i ɟ i c,5,-27.327803810976384,NA,-34.544864796093734,NA,-33.39335316750246,NA,1.200631107369301,NA,1.2005578354972886,NA,1.0004350671053688,NA,1.0006268044902862,NA
9871944,74,t i k u ɾ,5,-14.757321292630818,NA,-13.776182245400546,NA,-13.797827878122703,NA,1.3425309336547508,NA,1.3421911014635628,NA,1.0178435286691223,NA,1.01704029300458,NA
9871944,27,b u ʒ u z,5,-21.183579400179205,NA,-19.10099770791221,NA,-18.99855357037276,NA,1.1919528697614603,NA,1.191894841679337,NA,1.0090301397771717,NA,1.008755156382551,NA
9871944,26,n u c i v,5,-20.145747666853374,NA,-Inf,NA,-28.879295751792085,NA,1.2126077521025955,NA,1.2125096911983495,NA,1.0022042581137438,NA,1.0022912535659585,NA
9871944,22,n ø t a j,5,-16.60787778582062,NA,-20.729930991692015,NA,-20.69776307610008,NA,1.3204062609894092,NA,1.3201110967426837,NA,1.0202544768288162,NA,1.019299714440256,NA
9871944,80,ɟ e ɟ i c,5,-27.129968484650533,NA,-Inf,NA,-33.995918426500694,NA,1.286798785012282,NA,1.286576434113205,NA,1.0004350671053688,NA,1.0006268044902862,NA
9871944,21,l i ʒ a v,5,-20.23050859359168,NA,-26.93864092108832,NA,-26.6862720433174,NA,1.2954686251708838,NA,1.2952202250027611,NA,1.005853468543388,NA,1.005709010195803,NA
9871944,24,k u t ø ɾ,5,-17.142589509814194,NA,-15.653402142063069,NA,-15.691176305475931,NA,1.32230203950961,NA,1.3220007996898406,NA,1.018129501377924,NA,1.0173831055756966,NA
9871944,68,b o ʒ a n,5,-18.87907738678704,NA,-15.653898437212243,NA,-15.751763646111796,NA,1.3952268910920227,NA,1.3947842803728532,NA,1.034064398232142,NA,1.0322259545780297,NA
9871944,73,b o z y z,5,-19.26283358646827,NA,-16.006298136958325,NA,-16.038972563588715,NA,1.2096753412240209,NA,1.2095880258287266,NA,1.011931948070003,NA,1.0115128583515274,NA
9871944,70,j a b u ʒ,5,-19.31027464586884,NA,-18.66177474584945,NA,-18.602207543248568,NA,1.3727688430545328,NA,1.3724036038051812,NA,1.029576112826616,NA,1.02823132533125,NA
9871944,32,n ɯ c i v,5,-19.93088069637855,NA,-Inf,NA,-29.55229981701376,NA,1.201667544130325,NA,1.201588410921533,NA,1.0018247936466855,NA,1.0019317455664367,NA
9871944,20,n ɯ ʒ ɯ ʒ,5,-22.414816280194614,NA,-Inf,NA,-30.786845680157285,NA,1.1290677347665397,NA,1.129123492209685,NA,1.0003249566724437,NA,1.0005257916572736,NA
9871944,21,v ɯ ʒ a ʒ,5,-22.349954898140567,NA,-Inf,NA,-25.81550837135159,NA,1.2641123593074002,NA,1.2639220306428625,NA,1.0015585492929229,NA,1.0016824729794085,NA
9871944,20,n y n i v,5,-16.875155560146357,NA,-21.870278494630696,NA,-21.860137136995288,NA,1.2901878365226052,NA,1.2899547596023124,NA,1.015590305177985,NA,1.014953753172737,NA
9871944,75,h a t͡ʃ ø z,5,-19.291182011224596,NA,-16.038256272556517,NA,-16.08294553334273,NA,1.3428697105576248,NA,1.3425540778269385,NA,1.02767606738203,NA,1.026436686056419,NA
9871944,19,j o c ø f,5,-23.34087968343175,NA,-Inf,NA,-24.211050554951704,NA,1.1207079699595697,NA,1.1207782546784186,NA,1.0033803356801,NA,1.003419297076754,NA
9871944,19,t͡ʃ i d͡ʒ ɯ t͡ʃ,5,-18.934215266206888,NA,-18.007434786889252,NA,-18.031020698229675,NA,1.1892406476791797,NA,1.1891896194854592,NA,1.007346548615294,NA,1.007170341171165,NA
9871944,19,n u d͡ʒ o h,5,-18.585597379729464,NA,-24.726458930397825,NA,-24.61717125138857,NA,1.1330251122802943,NA,1.1330725118708005,NA,1.001474956791939,NA,1.001614712938203,NA
9871944,46,v ɯ c ø c,5,-25.87442309272073,NA,-Inf,NA,-32.19927328021738,NA,1.0761529069919815,NA,1.076304970573472,NA,1.0002707972270364,NA,1.000474478028374,NA
9871944,40,ɫ a c y c,5,-22.026637500586897,NA,-Inf,NA,-27.84286977614221,NA,1.303338955612124,NA,1.3030961175258404,NA,1.0029370543066431,NA,1.0029999110352912,NA
9871944,35,s ø ɾ ɯ ɾ,5,-17.20500131187094,NA,-15.07133366695696,NA,-15.108072623586152,NA,1.3616515088653494,NA,1.3612768593282027,NA,1.0224207245664567,NA,1.021344720223736,NA
9871944,34,l e ʒ i z,5,-20.353317059019144,NA,-23.404909965851168,NA,-23.138865417442208,NA,1.3100161638106471,NA,1.3097474876247677,NA,1.005750594004306,NA,1.005617778175364,NA
9871944,30,k ɯ k o n,5,-15.853117021089924,NA,-12.795133988211877,NA,-12.823178946592495,NA,1.321191395011316,NA,1.3208914663733455,NA,1.0259375020257335,NA,1.0247328374892803,NA
9871944,77,t e ɾ a n,5,-13.154797069130572,NA,-11.724338917087254,NA,-11.742921937601642,NA,1.6505512704719087,NA,1.6496653866651498,NA,1.1099233378103026,NA,1.104018173778758,NA
9871944,71,ʃ u ɟ y ɾ,5,-21.957256044240108,NA,-22.499173241968023,NA,-21.920606300134068,NA,1.1847548415426716,NA,1.1846904267614222,NA,1.0053463860468044,NA,1.0052425528526925,NA
9871944,30,n ɯ v ø c,5,-22.316148913561925,NA,-Inf,NA,-30.445293983702243,NA,1.1084544645079504,NA,1.1085503214476562,NA,1.001905682716268,NA,1.0020229522148367,NA
9871944,73,ɫ o m ø s,5,-18.19297547659577,NA,-23.7185910215694,NA,-23.576018053983702,NA,1.1580890131919466,NA,1.1580884043189272,NA,1.006369125718587,NA,1.0062507303895665,NA
9871944,34,n e m ø h,5,-17.63893282018263,NA,-23.558108707134007,NA,-23.245886540663424,NA,1.2573677552147065,NA,1.2572013402029647,NA,1.0157239137890697,NA,1.015111998046541,NA
9871944,20,b ɯ d a ʒ,5,-19.12602055601626,NA,-20.08567575275351,NA,-20.179115494716157,NA,1.3411283852127902,NA,1.3408045259119057,NA,1.0103448182681387,NA,1.0099894506104767,NA
9871944,21,t͡ʃ e ʒ u ʒ,5,-23.048080491923255,NA,-22.073070829734753,NA,-22.06130764515632,NA,1.2460500918115391,NA,1.2459043466753474,NA,1.0066654436263762,NA,1.0065329248080075,NA
9871944,26,v ø l i c,5,-23.521629066683385,NA,-Inf,NA,-33.25997944794797,NA,1.1642026037351003,NA,1.1641922265701674,NA,1.0003260515161396,NA,1.0005235520380404,NA
9871944,75,n u l e ɾ,5,-16.7353899896315,NA,-21.8754485295826,NA,-21.502576488019884,NA,1.2814781732006866,NA,1.2812387575669788,NA,1.0164999980354623,NA,1.0157043429334207,NA
9871944,31,ʃ e z u ʒ,5,-20.413361161166105,NA,-21.30607077641668,NA,-21.23961045572301,NA,1.274892670609532,NA,1.2746965965867414,NA,1.0140542779889286,NA,1.0135267325647053,NA
9871944,30,t͡ʃ ø j o ʒ,5,-23.110844320056284,NA,-18.612897025047648,NA,-18.738353722963613,NA,1.1138647273701043,NA,1.1139491411652993,NA,1.0038353772712676,NA,1.0038463961880495,NA
9871944,73,g u h a n,5,-16.986187982608918,NA,-14.003209503389854,NA,-14.037361297492396,NA,1.393585672209114,NA,1.3931455531370758,NA,1.041008945259303,NA,1.0387823974648764,NA
9871944,23,z ø ʒ i l,5,-22.936420602528372,NA,-Inf,NA,-24.4772263559713,NA,1.157513007334928,NA,1.157511308073952,NA,1.001760072495694,NA,1.0018712112846873,NA
9871944,28,b e ʒ a v,5,-18.887323500746025,NA,-19.56906284531509,NA,-19.661279048791737,NA,1.441131755390738,NA,1.4406313873886738,NA,1.018474361069321,NA,1.01766664871558,NA
9871944,22,h ø ʃ a ʒ,5,-21.446707936005243,NA,-21.13827944442946,NA,-21.18485938345635,NA,1.2838250896845864,NA,1.2836003756660834,NA,1.0078943784157934,NA,1.007671292277256,NA
9871944,70,n y m ø s,5,-18.304860118330534,NA,-23.800973686763864,NA,-23.65109261672794,NA,1.1731956986207523,NA,1.1731689601736792,NA,1.0049036855497242,NA,1.0048624490342637,NA
9871944,64,n u g u v,5,-18.88780549394557,NA,-23.829955675252805,NA,-23.77692043460571,NA,1.1475726601589815,NA,1.147593398617559,NA,1.002664785337298,NA,1.0027359066125898,NA
9871944,71,m y ɟ y z,5,-22.469309252839896,NA,-20.420586661988004,NA,-19.572854959613927,NA,1.207846762933068,NA,1.2077630593896518,NA,1.027561468749568,NA,1.0263250935198331,NA
9871944,72,ɫ a c e c,5,-20.652231711132256,NA,-Inf,NA,-27.899065041129965,NA,1.386819495813845,NA,1.3864247108936807,NA,1.0035239470356945,NA,1.00355006691279,NA
9871944,28,b y ʒ u ʒ,5,-23.866384100399888,NA,-23.067365963329937,NA,-22.908307977729834,NA,1.1812596797175028,NA,1.1812260558503582,NA,1.0029253067504076,NA,1.0029894710389118,NA
9871944,28,v e ɟ y ʒ,5,-24.678551245174873,NA,-25.322342225670877,NA,-24.826847868345496,NA,1.2138685991633609,NA,1.2137803225511092,NA,1.0052790884770466,NA,1.0052181146545902,NA
9871944,27,ɟ e j o ʒ,5,-23.913791342449223,NA,-Inf,NA,-24.87491275380586,NA,1.2374689664526486,NA,1.2373395107029062,NA,1.0110946677328192,NA,1.010721436984636,NA
9871944,26,ɟ i ʒ u ʒ,5,-26.631966384151276,NA,-29.991575100561576,NA,-29.47052707287037,NA,1.1312986116566484,NA,1.1313513771126087,NA,1.0003270467676877,NA,1.0005276672406118,NA
9871944,24,n ɯ c y j,5,-20.443678587627296,NA,-Inf,NA,-28.54826058980769,NA,1.1194433120611658,NA,1.119511701447071,NA,1.0005205875821277,NA,1.0007091769497731,NA
9871944,33,b a ɟ ø ʒ,5,-24.86506702537125,NA,-Inf,NA,-23.420803652697536,NA,1.3358300822798563,NA,1.335532677648985,NA,1.0206378838430394,NA,1.0197712158697192,NA
9871944,73,b i t͡ʃ ø z,5,-19.756398366120063,NA,-16.19975610039546,NA,-16.23976513062291,NA,1.1837400183652915,NA,1.1836997124750908,NA,1.0128196585784826,NA,1.0123617470711583,NA
9871944,29,d͡ʒ y b a ʒ,5,-20.242830063624115,NA,-19.67879062473088,NA,-19.79752495934659,NA,1.3058041354405645,NA,1.3055414123656015,NA,1.0127232269111113,NA,1.01223747830455,NA
9871944,26,t͡ʃ e ʒ ø z,5,-22.14933769066073,NA,-19.18578744927172,NA,-19.077176117348685,NA,1.222407977281713,NA,1.2223008694112456,NA,1.00686107453606,NA,1.0067163101005072,NA
9871944,72,m y d͡ʒ u z,5,-18.768087972695568,NA,-15.447888818271592,NA,-15.47911401039972,NA,1.2404912354404627,NA,1.2403491166587477,NA,1.0319024111948645,NA,1.0304219098064595,NA
9871944,29,b i ɟ i ʒ,5,-23.15230334260776,NA,-24.915909991588407,NA,-24.35353692250794,NA,1.266203336252664,NA,1.2660164134332708,NA,1.012035144436651,NA,1.0116199754960176,NA
9871944,24,ɟ ø t͡ʃ e ʒ,5,-25.895838414443286,NA,-Inf,NA,-26.01302387459999,NA,1.140043237235324,NA,1.1400750278451808,NA,1.0022924360788037,NA,1.0023829981607115,NA
9871944,32,g ɯ ʒ u ʒ,5,-24.04112686624343,NA,-Inf,NA,-24.742720107269367,NA,1.1331254198362304,NA,1.1331750499516993,NA,1.0024913344887347,NA,1.002578336813267,NA
9871944,29,b o p ɯ z,5,-18.80572539465341,NA,-15.575160863623148,NA,-15.6123249065678,NA,1.2287916059057706,NA,1.228668657107823,NA,1.014936867151038,NA,1.014349109888668,NA
9871944,34,b o p o ʒ,5,-21.602409734503315,NA,-17.33475181640033,NA,-17.45672173398626,NA,1.180862690747296,NA,1.1808313744606571,NA,1.012965315438448,NA,1.01249501576141,NA
9871944,29,b o ʒ u ɾ,5,-20.188385139391087,NA,-16.322503633728758,NA,-16.394241238881506,NA,1.250175714529859,NA,1.249996348711549,NA,1.0147786024753525,NA,1.0141465127170373,NA
9871944,31,z a ʒ o ʒ,5,-22.39965586755501,NA,-21.87536781165056,NA,-21.900778541508014,NA,1.3043020941229309,NA,1.3040574801062963,NA,1.0045825459876734,NA,1.004557699117261,NA
9871944,70,l i l e h,5,-18.919528331099233,NA,-28.0860697294688,NA,-27.46035835823068,NA,1.2245450186213964,NA,1.2244264214977632,NA,1.0031029632868411,NA,1.0031441439625928,NA
9871944,32,g ɯ d͡ʒ i n,5,-17.765150906217194,NA,-14.572887378272108,NA,-14.613885458742647,NA,1.288193771309351,NA,1.2879431620866866,NA,1.019118781821044,NA,1.0181985618821732,NA
9871944,76,t i s ø ɾ,5,-16.6433666420812,NA,-15.288823083741889,NA,-15.32336104232457,NA,1.2934630318516254,NA,1.2932118263382686,NA,1.009196713442622,NA,1.0089195099707884,NA
9871944,27,h y ʒ o ʒ,5,-24.26036702153048,NA,-23.09409359618359,NA,-22.955847081614372,NA,1.1385613608532974,NA,1.1386035176599465,NA,1.0022002270881678,NA,1.0023005246401142,NA
9871944,25,z a ʒ ɯ ʒ,5,-21.998094155474003,NA,-Inf,NA,-26.305727027014363,NA,1.3354719613518329,NA,1.3351706136026844,NA,1.0043869150779896,NA,1.0043743138247614,NA
9871944,28,b ø t͡ʃ u ʒ,5,-23.04040938456597,NA,-22.79008801093924,NA,-22.657649428790645,NA,1.141361768943645,NA,1.1413970478706803,NA,1.0020862604454976,NA,1.0021930802819217,NA
9871944,27,ɫ o h u v,5,-18.593599295416848,NA,-24.062385001701756,NA,-23.99927255278523,NA,1.1612070751754773,NA,1.1612039662326097,NA,1.0043702249837334,NA,1.004350345813558,NA
9871944,75,s ø ɾ u ɾ,5,-17.419868282345767,NA,-15.476373057880078,NA,-15.513651402105268,NA,1.3518503805959323,NA,1.3514935705505449,NA,1.0191373454814323,NA,1.0182579368786828,NA
9871944,23,d͡ʒ o c i c,5,-23.871817361041813,NA,-Inf,NA,-30.898696726610687,NA,1.1985751556303774,NA,1.1985054370150776,NA,1.000922153764827,NA,1.0010883145531615,NA
9872129,69,n e m ø h,5,-17.63893282018263,NA,-23.558108707134007,NA,-23.245886540663424,NA,1.2573677552147065,NA,1.2572013402029647,NA,1.0157239137890697,NA,1.015111998046541,NA
9872129,79,s ø ɾ ø ɾ,5,-18.916248108852137,NA,-17.736643428071496,NA,-17.750937164122824,NA,1.311449218136533,NA,1.3111659441356651,NA,1.006315849424642,NA,1.0061905369137407,NA
9872129,33,l i g a v,5,-18.317025751495315,NA,-24.901990127973495,NA,-24.64460050717379,NA,1.3020095605246391,NA,1.3017497711993005,NA,1.0094632673533137,NA,1.0091216418905589,NA
9872129,56,v ø l i c,5,-23.521629066683385,NA,-Inf,NA,-33.25997944794797,NA,1.1642026037351003,NA,1.1641922265701674,NA,1.0003260515161396,NA,1.0005235520380404,NA
9872129,87,ɫ o h e s,5,-16.45817250086749,NA,-21.317120361286086,NA,-21.272071082039435,NA,1.2426762924026875,NA,1.24252019486607,NA,1.009570595243294,NA,1.0092260466145833,NA
9872129,95,ɟ ø t͡ʃ e ʒ,5,-25.895838414443286,NA,-Inf,NA,-26.01302387459999,NA,1.140043237235324,NA,1.1400750278451808,NA,1.0022924360788037,NA,1.0023829981607115,NA
9872129,99,h a c i z,5,-19.17393398541818,NA,-Inf,NA,-21.131318076779458,NA,1.44361829462378,NA,1.4431184887150887,NA,1.029014126217107,NA,1.027660226668782,NA
9872129,99,b o z y z,5,-19.26283358646827,NA,-16.006298136958325,NA,-16.038972563588715,NA,1.2096753412240209,NA,1.2095880258287266,NA,1.011931948070003,NA,1.0115128583515274,NA
9872129,78,ʃ e z u ʒ,5,-20.413361161166105,NA,-21.30607077641668,NA,-21.23961045572301,NA,1.274892670609532,NA,1.2746965965867414,NA,1.0140542779889286,NA,1.0135267325647053,NA
9872129,28,n ɯ ʒ ɯ ʒ,5,-22.414816280194614,NA,-Inf,NA,-30.786845680157285,NA,1.1290677347665397,NA,1.129123492209685,NA,1.0003249566724437,NA,1.0005257916572736,NA
9872129,36,b ɯ d a ʒ,5,-19.12602055601626,NA,-20.08567575275351,NA,-20.179115494716157,NA,1.3411283852127902,NA,1.3408045259119057,NA,1.0103448182681387,NA,1.0099894506104767,NA
9872129,26,t͡ʃ e ʒ ø z,5,-22.14933769066073,NA,-19.18578744927172,NA,-19.077176117348685,NA,1.222407977281713,NA,1.2223008694112456,NA,1.00686107453606,NA,1.0067163101005072,NA
9872129,40,h y ʒ o ʒ,5,-24.26036702153048,NA,-23.09409359618359,NA,-22.955847081614372,NA,1.1385613608532974,NA,1.1386035176599465,NA,1.0022002270881678,NA,1.0023005246401142,NA
9872129,32,b ø t͡ʃ u ʒ,5,-23.04040938456597,NA,-22.79008801093924,NA,-22.657649428790645,NA,1.141361768943645,NA,1.1413970478706803,NA,1.0020862604454976,NA,1.0021930802819217,NA
9872129,63,b o ʒ u ɾ,5,-20.188385139391087,NA,-16.322503633728758,NA,-16.394241238881506,NA,1.250175714529859,NA,1.249996348711549,NA,1.0147786024753525,NA,1.0141465127170373,NA
9872129,39,n u ʒ ɯ h,5,-20.24619677932734,NA,-27.810791659163197,NA,-27.023579690957725,NA,1.1518762179262898,NA,1.1518883333637062,NA,1.0010090676384151,NA,1.0011719374015406,NA
9872129,76,g ɯ d͡ʒ u ɾ,5,-18.401954124401353,NA,-15.514694512570816,NA,-15.553988277275629,NA,1.2206968713441448,NA,1.2205683468578952,NA,1.0114276001889089,NA,1.0109684044339573,NA
9872129,82,n u g u v,5,-18.88780549394557,NA,-23.829955675252805,NA,-23.77692043460571,NA,1.1475726601589815,NA,1.147593398617559,NA,1.002664785337298,NA,1.0027359066125898,NA
9872129,65,g a ɟ i l,5,-21.711665732611312,NA,-21.848897140452937,NA,-21.63415311259603,NA,1.4234248610169082,NA,1.4229631257047886,NA,1.0082939096649637,NA,1.0080627500036243,NA
9872129,39,v e ɟ y ʒ,5,-24.678551245174873,NA,-25.322342225670877,NA,-24.826847868345496,NA,1.2138685991633609,NA,1.2137803225511092,NA,1.0052790884770466,NA,1.0052181146545902,NA
9872129,80,h a h a ʒ,5,-18.279717885936645,NA,-15.5480561905522,NA,-15.694802669418907,NA,1.5324850375176986,NA,1.5318300917569716,NA,1.049136449025569,NA,1.046733780370724,NA
9872129,100,b u h a ʒ,5,-19.63382263150912,NA,-16.589829009805186,NA,-16.73205715679298,NA,1.3523956399527486,NA,1.3520522834985491,NA,1.021610727156267,NA,1.0206577518516846,NA
9872129,83,b i m y ʒ,5,-19.745708670599832,NA,-17.144470810093683,NA,-17.12870059621924,NA,1.224775815843954,NA,1.224668160873623,NA,1.017560989647938,NA,1.0168496999823045,NA
9872129,84,g ɯ ɟ e ʒ,5,-24.30578124525424,NA,-Inf,NA,-24.815598505272497,NA,1.196280249113463,NA,1.1962148980539262,NA,1.002806683496261,NA,1.0028744767627225,NA
9872129,34,n u c i v,5,-20.145747666853374,NA,-Inf,NA,-28.879295751792085,NA,1.2126077521025955,NA,1.2125096911983495,NA,1.0022042581137438,NA,1.0022912535659585,NA
9872129,68,b e ʒ a v,5,-18.887323500746025,NA,-19.56906284531509,NA,-19.661279048791737,NA,1.441131755390738,NA,1.4406313873886738,NA,1.018474361069321,NA,1.01766664871558,NA
9872129,87,n y m ø s,5,-18.304860118330534,NA,-23.800973686763864,NA,-23.65109261672794,NA,1.1731956986207523,NA,1.1731689601736792,NA,1.0049036855497242,NA,1.0048624490342637,NA
9872129,95,ɫ a c y c,5,-22.026637500586897,NA,-Inf,NA,-27.84286977614221,NA,1.303338955612124,NA,1.3030961175258404,NA,1.0029370543066431,NA,1.0029999110352912,NA
9872129,66,n y n i v,5,-16.875155560146357,NA,-21.870278494630696,NA,-21.860137136995288,NA,1.2901878365226052,NA,1.2899547596023124,NA,1.015590305177985,NA,1.014953753172737,NA
9872129,35,ɟ e j o ʒ,5,-23.913791342449223,NA,-Inf,NA,-24.87491275380586,NA,1.2374689664526486,NA,1.2373395107029062,NA,1.0110946677328192,NA,1.010721436984636,NA
9872129,91,n u d͡ʒ o h,5,-18.585597379729464,NA,-24.726458930397825,NA,-24.61717125138857,NA,1.1330251122802943,NA,1.1330725118708005,NA,1.001474956791939,NA,1.001614712938203,NA
9872129,98,z a ʒ ɯ ʒ,5,-21.998094155474003,NA,-Inf,NA,-26.305727027014363,NA,1.3354719613518329,NA,1.3351706136026844,NA,1.0043869150779896,NA,1.0043743138247614,NA
9872129,25,ɟ i ʒ u ʒ,5,-26.631966384151276,NA,-29.991575100561576,NA,-29.47052707287037,NA,1.1312986116566484,NA,1.1313513771126087,NA,1.0003270467676877,NA,1.0005276672406118,NA
9872129,31,n ɯ c i v,5,-19.93088069637855,NA,-Inf,NA,-29.55229981701376,NA,1.201667544130325,NA,1.201588410921533,NA,1.0018247936466855,NA,1.0019317455664367,NA
9872129,97,k u t ø ɾ,5,-17.142589509814194,NA,-15.653402142063069,NA,-15.691176305475931,NA,1.32230203950961,NA,1.3220007996898406,NA,1.018129501377924,NA,1.0173831055756966,NA
9872129,30,t͡ʃ e ʒ u ʒ,5,-23.048080491923255,NA,-22.073070829734753,NA,-22.06130764515632,NA,1.2460500918115391,NA,1.2459043466753474,NA,1.0066654436263762,NA,1.0065329248080075,NA
9872129,83,t i k u ɾ,5,-14.757321292630818,NA,-13.776182245400546,NA,-13.797827878122703,NA,1.3425309336547508,NA,1.3421911014635628,NA,1.0178435286691223,NA,1.01704029300458,NA
9872129,75,s ø ɾ u ɾ,5,-17.419868282345767,NA,-15.476373057880078,NA,-15.513651402105268,NA,1.3518503805959323,NA,1.3514935705505449,NA,1.0191373454814323,NA,1.0182579368786828,NA
9872129,99,ɫ o m ø s,5,-18.19297547659577,NA,-23.7185910215694,NA,-23.576018053983702,NA,1.1580890131919466,NA,1.1580884043189272,NA,1.006369125718587,NA,1.0062507303895665,NA
9872129,92,ʃ o ʒ a v,5,-20.47724743734481,NA,-22.61856961138616,NA,-22.667019868719475,NA,1.288367615858368,NA,1.2881315117422223,NA,1.0061232207228026,NA,1.005964640548633,NA
9872129,100,n u l e ɾ,5,-16.7353899896315,NA,-21.8754485295826,NA,-21.502576488019884,NA,1.2814781732006866,NA,1.2812387575669788,NA,1.0164999980354623,NA,1.0157043429334207,NA
9872129,91,j a b u ʒ,5,-19.31027464586884,NA,-18.66177474584945,NA,-18.602207543248568,NA,1.3727688430545328,NA,1.3724036038051812,NA,1.029576112826616,NA,1.02823132533125,NA
9872129,100,ɫ a t a j,5,-13.539207723328191,NA,-16.70963205807083,NA,-16.722833062461532,NA,1.5581158667217818,NA,1.5574094336214954,NA,1.0364821239096451,NA,1.0346702629498348,NA
9872129,24,s ø ɾ ɯ ɾ,5,-17.20500131187094,NA,-15.07133366695696,NA,-15.108072623586152,NA,1.3616515088653494,NA,1.3612768593282027,NA,1.0224207245664567,NA,1.021344720223736,NA
9872129,82,g u h a n,5,-16.986187982608918,NA,-14.003209503389854,NA,-14.037361297492396,NA,1.393585672209114,NA,1.3931455531370758,NA,1.041008945259303,NA,1.0387823974648764,NA
9872129,34,t͡ʃ ø j o ʒ,5,-23.110844320056284,NA,-18.612897025047648,NA,-18.738353722963613,NA,1.1138647273701043,NA,1.1139491411652993,NA,1.0038353772712676,NA,1.0038463961880495,NA
9872129,78,b u ʒ u z,5,-21.183579400179205,NA,-19.10099770791221,NA,-18.99855357037276,NA,1.1919528697614603,NA,1.191894841679337,NA,1.0090301397771717,NA,1.008755156382551,NA
9872129,100,h ø ʃ a ʒ,5,-21.446707936005243,NA,-21.13827944442946,NA,-21.18485938345635,NA,1.2838250896845864,NA,1.2836003756660834,NA,1.0078943784157934,NA,1.007671292277256,NA
9872129,100,k u ɾ i n,5,-14.89701971471122,NA,-12.94195303395921,NA,-12.96493491685879,NA,1.5007331881655468,NA,1.5001135144861943,NA,1.0493627462694506,NA,1.0468268577985411,NA
9872129,15,n ɯ v ø c,5,-22.316148913561925,NA,-Inf,NA,-30.445293983702243,NA,1.1084544645079504,NA,1.1085503214476562,NA,1.001905682716268,NA,1.0020229522148367,NA
9872129,24,l y l i c,5,-22.910768313384416,NA,-Inf,NA,-32.397687831098054,NA,1.203960562382335,NA,1.203881391318237,NA,1.0008711294622858,NA,1.0010398142992691,NA
9872129,12,z ø ʒ i l,5,-22.936420602528372,NA,-Inf,NA,-24.4772263559713,NA,1.157513007334928,NA,1.157511308073952,NA,1.001760072495694,NA,1.0018712112846873,NA
9872129,90,m y ʒ ø z,5,-22.32662891088082,NA,-18.58658519622501,NA,-18.33479718703259,NA,1.187771311398157,NA,1.1877241782403851,NA,1.027167731420923,NA,1.0259561075629384,NA
9872129,85,b a ɟ ø ʒ,5,-24.86506702537125,NA,-Inf,NA,-23.420803652697536,NA,1.3358300822798563,NA,1.335532677648985,NA,1.0206378838430394,NA,1.0197712158697192,NA
9872129,77,b o p o ʒ,5,-21.602409734503315,NA,-17.33475181640033,NA,-17.45672173398626,NA,1.180862690747296,NA,1.1808313744606571,NA,1.012965315438448,NA,1.01249501576141,NA
9872129,30,v ø l ø h,5,-23.290063091036213,NA,-Inf,NA,-32.28412824653789,NA,1.0659556661882257,NA,1.066120812453014,NA,1,1,1.0002179098838746,1
9872129,19,g ɯ ʒ u ʒ,5,-24.04112686624343,NA,-Inf,NA,-24.742720107269367,NA,1.1331254198362304,NA,1.1331750499516993,NA,1.0024913344887347,NA,1.002578336813267,NA
9872129,90,ɫ o h u v,5,-18.593599295416848,NA,-24.062385001701756,NA,-23.99927255278523,NA,1.1612070751754773,NA,1.1612039662326097,NA,1.0043702249837334,NA,1.004350345813558,NA
9872129,91,n u v ø h,5,-19.914181691206203,NA,-Inf,NA,-27.03470635875693,NA,1.1319802610032077,NA,1.1320309822151344,NA,1.0023941627725557,NA,1.0024857126666045,NA
9872129,82,j o c ø f,5,-23.34087968343175,NA,-Inf,NA,-24.211050554951704,NA,1.1207079699595697,NA,1.1207782546784186,NA,1.0033803356801,NA,1.003419297076754,NA
9872129,88,d͡ʒ o c i c,5,-23.871817361041813,NA,-Inf,NA,-30.898696726610687,NA,1.1985751556303774,NA,1.1985054370150776,NA,1.000922153764827,NA,1.0010883145531615,NA
9872129,33,t͡ʃ i d͡ʒ ɯ t͡ʃ,5,-18.934215266206888,NA,-18.007434786889252,NA,-18.031020698229675,NA,1.1892406476791797,NA,1.1891896194854592,NA,1.007346548615294,NA,1.007170341171165,NA
9872129,25,v ɯ c ø c,5,-25.87442309272073,NA,-Inf,NA,-32.19927328021738,NA,1.0761529069919815,NA,1.076304970573472,NA,1.0002707972270364,NA,1.000474478028374,NA
9872129,12,z a ʒ o ʒ,5,-22.39965586755501,NA,-21.87536781165056,NA,-21.900778541508014,NA,1.3043020941229309,NA,1.3040574801062963,NA,1.0045825459876734,NA,1.004557699117261,NA
9872129,16,b e v e ʒ,5,-19.361992708840056,NA,-16.706821942985723,NA,-16.834862117610335,NA,1.3761639224927549,NA,1.3757870363920413,NA,1.0278984680883785,NA,1.0266329792683782,NA
9872129,8,h y ʒ a ʒ,5,-22.512279354827413,NA,-22.102878518280345,NA,-22.166868313437227,NA,1.3079157400202015,NA,1.3076496470041246,NA,1.0032923482443703,NA,1.0033251342986491,NA
9872129,61,l i l e h,5,-18.919528331099233,NA,-28.0860697294688,NA,-27.46035835823068,NA,1.2245450186213964,NA,1.2244264214977632,NA,1.0031029632868411,NA,1.0031441439625928,NA
9872129,68,l i ʒ a v,5,-20.23050859359168,NA,-26.93864092108832,NA,-26.6862720433174,NA,1.2954686251708838,NA,1.2952202250027611,NA,1.005853468543388,NA,1.005709010195803,NA
9872129,89,ɫ a c e c,5,-20.652231711132256,NA,-Inf,NA,-27.899065041129965,NA,1.386819495813845,NA,1.3864247108936807,NA,1.0035239470356945,NA,1.00355006691279,NA
9872129,96,l e ʒ i z,5,-20.353317059019144,NA,-23.404909965851168,NA,-23.138865417442208,NA,1.3100161638106471,NA,1.3097474876247677,NA,1.005750594004306,NA,1.005617778175364,NA
9872129,41,h a ʒ u z,5,-19.829474654606734,NA,-17.11965647191572,NA,-17.218070915836304,NA,1.3720422673264103,NA,1.3716726499377587,NA,1.0259268416966203,NA,1.0247640708076309,NA
9872129,99,m y ɾ e ɾ,5,-14.984624734814105,NA,-12.552940803573671,NA,-12.57913149636152,NA,1.489033852575989,NA,1.4884339967257736,NA,1.064327496486173,NA,1.060981828884185,NA
9872129,35,l e ʒ ɯ h,5,-21.03897463564812,NA,-30.18402807989924,NA,-29.205404715536854,NA,1.244495155727509,NA,1.2443470199359166,NA,1.0007952166504448,NA,1.0009691836637256,NA
9872129,79,d͡ʒ y b a ʒ,5,-20.242830063624115,NA,-19.67879062473088,NA,-19.79752495934659,NA,1.3058041354405645,NA,1.3055414123656015,NA,1.0127232269111113,NA,1.01223747830455,NA
9872129,69,v ø ɟ y m,5,-24.02986774956105,NA,-Inf,NA,-25.69225069164061,NA,1.09995900556369,NA,1.10005431962118,NA,1.002654692924395,NA,1.0027073865105098,NA
9872129,74,k ɯ k o n,5,-15.853117021089924,NA,-12.795133988211877,NA,-12.823178946592495,NA,1.321191395011316,NA,1.3208914663733455,NA,1.0259375020257335,NA,1.0247328374892803,NA
9872129,91,b i t͡ʃ ø z,5,-19.756398366120063,NA,-16.19975610039546,NA,-16.23976513062291,NA,1.1837400183652915,NA,1.1836997124750908,NA,1.0128196585784826,NA,1.0123617470711583,NA
9872129,95,b o ʒ a n,5,-18.87907738678704,NA,-15.653898437212243,NA,-15.751763646111796,NA,1.3952268910920227,NA,1.3947842803728532,NA,1.034064398232142,NA,1.0322259545780297,NA
9872129,99,m y ɟ y z,5,-22.469309252839896,NA,-20.420586661988004,NA,-19.572854959613927,NA,1.207846762933068,NA,1.2077630593896518,NA,1.027561468749568,NA,1.0263250935198331,NA
9872129,34,ɟ i ʒ o ʒ,5,-26.818661125757455,NA,-29.39941525084724,NA,-28.902870287169502,NA,1.1099298726971636,NA,1.110021532393878,NA,1.0005226776773717,NA,1.000711052533111,NA
9872129,98,m y d͡ʒ u z,5,-18.768087972695568,NA,-15.447888818271592,NA,-15.47911401039972,NA,1.2404912354404627,NA,1.2403491166587477,NA,1.0319024111948645,NA,1.0304219098064595,NA
9872129,69,g ɯ d͡ʒ i n,5,-17.765150906217194,NA,-14.572887378272108,NA,-14.613885458742647,NA,1.288193771309351,NA,1.2879431620866866,NA,1.019118781821044,NA,1.0181985618821732,NA
9872129,87,ɟ i ɟ i c,5,-27.327803810976384,NA,-34.544864796093734,NA,-33.39335316750246,NA,1.200631107369301,NA,1.2005578354972886,NA,1.0004350671053688,NA,1.0006268044902862,NA
9872129,98,ʃ u ɟ y ɾ,5,-21.957256044240108,NA,-22.499173241968023,NA,-21.920606300134068,NA,1.1847548415426716,NA,1.1846904267614222,NA,1.0053463860468044,NA,1.0052425528526925,NA
9872129,73,b y ʒ u ʒ,5,-23.866384100399888,NA,-23.067365963329937,NA,-22.908307977729834,NA,1.1812596797175028,NA,1.1812260558503582,NA,1.0029253067504076,NA,1.0029894710389118,NA
9872129,59,b i ɟ i ʒ,5,-23.15230334260776,NA,-24.915909991588407,NA,-24.35353692250794,NA,1.266203336252664,NA,1.2660164134332708,NA,1.012035144436651,NA,1.0116199754960176,NA
9872129,96,h a t͡ʃ ø z,5,-19.291182011224596,NA,-16.038256272556517,NA,-16.08294553334273,NA,1.3428697105576248,NA,1.3425540778269385,NA,1.02767606738203,NA,1.026436686056419,NA
9872129,37,b o ʒ i l,5,-21.431083494530565,NA,-17.705568653800018,NA,-17.83640175391364,NA,1.2532448349058904,NA,1.2530775477498026,NA,1.0092351210095205,NA,1.0089534298645335,NA
9872129,67,n ø t a j,5,-16.60787778582062,NA,-20.729930991692015,NA,-20.69776307610008,NA,1.3204062609894092,NA,1.3201110967426837,NA,1.0202544768288162,NA,1.019299714440256,NA
9872129,7,v ɯ ʒ a ʒ,5,-22.349954898140567,NA,-Inf,NA,-25.81550837135159,NA,1.2641123593074002,NA,1.2639220306428625,NA,1.0015585492929229,NA,1.0016824729794085,NA
9872129,17,n y m ɯ j,5,-16.9785438270158,NA,-22.43669703100411,NA,-22.421232711240805,NA,1.2136164438653825,NA,1.21351869881907,NA,1.006133848620259,NA,1.0060194361555963,NA
9872129,88,b o p ɯ z,5,-18.80572539465341,NA,-15.575160863623148,NA,-15.6123249065678,NA,1.2287916059057706,NA,1.228668657107823,NA,1.014936867151038,NA,1.014349109888668,NA
9872129,100,t e ɾ a n,5,-13.154797069130572,NA,-11.724338917087254,NA,-11.742921937601642,NA,1.6505512704719087,NA,1.6496653866651498,NA,1.1099233378103026,NA,1.104018173778758,NA
9872129,57,t i s ø ɾ,5,-16.6433666420812,NA,-15.288823083741889,NA,-15.32336104232457,NA,1.2934630318516254,NA,1.2932118263382686,NA,1.009196713442622,NA,1.0089195099707884,NA
9872129,36,n ɯ c y j,5,-20.443678587627296,NA,-Inf,NA,-28.54826058980769,NA,1.1194433120611658,NA,1.119511701447071,NA,1.0005205875821277,NA,1.0007091769497731,NA
9872129,75,ɟ e ɟ i c,5,-27.129968484650533,NA,-Inf,NA,-33.995918426500694,NA,1.286798785012282,NA,1.286576434113205,NA,1.0004350671053688,NA,1.0006268044902862,NA
9872397,13,ɫ a t a j,5,-13.539207723328191,NA,-16.70963205807083,NA,-16.722833062461532,NA,1.5581158667217818,NA,1.5574094336214954,NA,1.0364821239096451,NA,1.0346702629498348,NA
9872397,51,t i k u ɾ,5,-14.757321292630818,NA,-13.776182245400546,NA,-13.797827878122703,NA,1.3425309336547508,NA,1.3421911014635628,NA,1.0178435286691223,NA,1.01704029300458,NA
9872397,16,n u c i v,5,-20.145747666853374,NA,-Inf,NA,-28.879295751792085,NA,1.2126077521025955,NA,1.2125096911983495,NA,1.0022042581137438,NA,1.0022912535659585,NA
9872397,89,b o ʒ a n,5,-18.87907738678704,NA,-15.653898437212243,NA,-15.751763646111796,NA,1.3952268910920227,NA,1.3947842803728532,NA,1.034064398232142,NA,1.0322259545780297,NA
9872397,11,m y ɟ y z,5,-22.469309252839896,NA,-20.420586661988004,NA,-19.572854959613927,NA,1.207846762933068,NA,1.2077630593896518,NA,1.027561468749568,NA,1.0263250935198331,NA
9872397,14,m y ʒ ø z,5,-22.32662891088082,NA,-18.58658519622501,NA,-18.33479718703259,NA,1.187771311398157,NA,1.1877241782403851,NA,1.027167731420923,NA,1.0259561075629384,NA
9872397,50,b o p ɯ z,5,-18.80572539465341,NA,-15.575160863623148,NA,-15.6123249065678,NA,1.2287916059057706,NA,1.228668657107823,NA,1.014936867151038,NA,1.014349109888668,NA
9872397,86,h a h a ʒ,5,-18.279717885936645,NA,-15.5480561905522,NA,-15.694802669418907,NA,1.5324850375176986,NA,1.5318300917569716,NA,1.049136449025569,NA,1.046733780370724,NA
9872397,13,v ɯ ʒ a ʒ,5,-22.349954898140567,NA,-Inf,NA,-25.81550837135159,NA,1.2641123593074002,NA,1.2639220306428625,NA,1.0015585492929229,NA,1.0016824729794085,NA
9872397,12,b u h a ʒ,5,-19.63382263150912,NA,-16.589829009805186,NA,-16.73205715679298,NA,1.3523956399527486,NA,1.3520522834985491,NA,1.021610727156267,NA,1.0206577518516846,NA
9872397,53,ɟ ø t͡ʃ e ʒ,5,-25.895838414443286,NA,-Inf,NA,-26.01302387459999,NA,1.140043237235324,NA,1.1400750278451808,NA,1.0022924360788037,NA,1.0023829981607115,NA
9872397,53,ɟ e ɟ i c,5,-27.129968484650533,NA,-Inf,NA,-33.995918426500694,NA,1.286798785012282,NA,1.286576434113205,NA,1.0004350671053688,NA,1.0006268044902862,NA
9872397,53,s ø ɾ u ɾ,5,-17.419868282345767,NA,-15.476373057880078,NA,-15.513651402105268,NA,1.3518503805959323,NA,1.3514935705505449,NA,1.0191373454814323,NA,1.0182579368786828,NA
9872397,100,t͡ʃ i d͡ʒ ɯ t͡ʃ,5,-18.934215266206888,NA,-18.007434786889252,NA,-18.031020698229675,NA,1.1892406476791797,NA,1.1891896194854592,NA,1.007346548615294,NA,1.007170341171165,NA
9872397,100,g ɯ d͡ʒ i n,5,-17.765150906217194,NA,-14.572887378272108,NA,-14.613885458742647,NA,1.288193771309351,NA,1.2879431620866866,NA,1.019118781821044,NA,1.0181985618821732,NA
9872397,12,l i ʒ a v,5,-20.23050859359168,NA,-26.93864092108832,NA,-26.6862720433174,NA,1.2954686251708838,NA,1.2952202250027611,NA,1.005853468543388,NA,1.005709010195803,NA
9872397,49,j a b u ʒ,5,-19.31027464586884,NA,-18.66177474584945,NA,-18.602207543248568,NA,1.3727688430545328,NA,1.3724036038051812,NA,1.029576112826616,NA,1.02823132533125,NA
9872397,52,k u t ø ɾ,5,-17.142589509814194,NA,-15.653402142063069,NA,-15.691176305475931,NA,1.32230203950961,NA,1.3220007996898406,NA,1.018129501377924,NA,1.0173831055756966,NA
9872397,13,n y n i v,5,-16.875155560146357,NA,-21.870278494630696,NA,-21.860137136995288,NA,1.2901878365226052,NA,1.2899547596023124,NA,1.015590305177985,NA,1.014953753172737,NA
9872397,14,b o z y z,5,-19.26283358646827,NA,-16.006298136958325,NA,-16.038972563588715,NA,1.2096753412240209,NA,1.2095880258287266,NA,1.011931948070003,NA,1.0115128583515274,NA
9872397,12,j o c ø f,5,-23.34087968343175,NA,-Inf,NA,-24.211050554951704,NA,1.1207079699595697,NA,1.1207782546784186,NA,1.0033803356801,NA,1.003419297076754,NA
9872397,88,n u ʒ ɯ h,5,-20.24619677932734,NA,-27.810791659163197,NA,-27.023579690957725,NA,1.1518762179262898,NA,1.1518883333637062,NA,1.0010090676384151,NA,1.0011719374015406,NA
9872397,13,g ɯ d͡ʒ u ɾ,5,-18.401954124401353,NA,-15.514694512570816,NA,-15.553988277275629,NA,1.2206968713441448,NA,1.2205683468578952,NA,1.0114276001889089,NA,1.0109684044339573,NA
9872397,14,l e ʒ ɯ h,5,-21.03897463564812,NA,-30.18402807989924,NA,-29.205404715536854,NA,1.244495155727509,NA,1.2443470199359166,NA,1.0007952166504448,NA,1.0009691836637256,NA
9872397,14,n u g u v,5,-18.88780549394557,NA,-23.829955675252805,NA,-23.77692043460571,NA,1.1475726601589815,NA,1.147593398617559,NA,1.002664785337298,NA,1.0027359066125898,NA
9872397,13,n ɯ c i v,5,-19.93088069637855,NA,-Inf,NA,-29.55229981701376,NA,1.201667544130325,NA,1.201588410921533,NA,1.0018247936466855,NA,1.0019317455664367,NA
9872397,13,z ø ʒ i l,5,-22.936420602528372,NA,-Inf,NA,-24.4772263559713,NA,1.157513007334928,NA,1.157511308073952,NA,1.001760072495694,NA,1.0018712112846873,NA
9872397,13,ɟ i ʒ o ʒ,5,-26.818661125757455,NA,-29.39941525084724,NA,-28.902870287169502,NA,1.1099298726971636,NA,1.110021532393878,NA,1.0005226776773717,NA,1.000711052533111,NA
9872397,14,t͡ʃ e ʒ u ʒ,5,-23.048080491923255,NA,-22.073070829734753,NA,-22.06130764515632,NA,1.2460500918115391,NA,1.2459043466753474,NA,1.0066654436263762,NA,1.0065329248080075,NA
9872397,54,ɫ a c y c,5,-22.026637500586897,NA,-Inf,NA,-27.84286977614221,NA,1.303338955612124,NA,1.3030961175258404,NA,1.0029370543066431,NA,1.0029999110352912,NA
9872397,14,b e ʒ a v,5,-18.887323500746025,NA,-19.56906284531509,NA,-19.661279048791737,NA,1.441131755390738,NA,1.4406313873886738,NA,1.018474361069321,NA,1.01766664871558,NA
9872397,89,t͡ʃ e ʒ ø z,5,-22.14933769066073,NA,-19.18578744927172,NA,-19.077176117348685,NA,1.222407977281713,NA,1.2223008694112456,NA,1.00686107453606,NA,1.0067163101005072,NA
9872397,67,v ø l ø h,5,-23.290063091036213,NA,-Inf,NA,-32.28412824653789,NA,1.0659556661882257,NA,1.066120812453014,NA,1,1,1.0002179098838746,1
9872397,50,n u l e ɾ,5,-16.7353899896315,NA,-21.8754485295826,NA,-21.502576488019884,NA,1.2814781732006866,NA,1.2812387575669788,NA,1.0164999980354623,NA,1.0157043429334207,NA
9872397,15,l i l e h,5,-18.919528331099233,NA,-28.0860697294688,NA,-27.46035835823068,NA,1.2245450186213964,NA,1.2244264214977632,NA,1.0031029632868411,NA,1.0031441439625928,NA
9872397,14,n y m ø s,5,-18.304860118330534,NA,-23.800973686763864,NA,-23.65109261672794,NA,1.1731956986207523,NA,1.1731689601736792,NA,1.0049036855497242,NA,1.0048624490342637,NA
9872397,15,ɟ e j o ʒ,5,-23.913791342449223,NA,-Inf,NA,-24.87491275380586,NA,1.2374689664526486,NA,1.2373395107029062,NA,1.0110946677328192,NA,1.010721436984636,NA
9872397,48,ɫ a c e c,5,-20.652231711132256,NA,-Inf,NA,-27.899065041129965,NA,1.386819495813845,NA,1.3864247108936807,NA,1.0035239470356945,NA,1.00355006691279,NA
9872397,53,h a c i z,5,-19.17393398541818,NA,-Inf,NA,-21.131318076779458,NA,1.44361829462378,NA,1.4431184887150887,NA,1.029014126217107,NA,1.027660226668782,NA
9872397,14,ʃ o ʒ a v,5,-20.47724743734481,NA,-22.61856961138616,NA,-22.667019868719475,NA,1.288367615858368,NA,1.2881315117422223,NA,1.0061232207228026,NA,1.005964640548633,NA
9872397,16,b y ʒ u ʒ,5,-23.866384100399888,NA,-23.067365963329937,NA,-22.908307977729834,NA,1.1812596797175028,NA,1.1812260558503582,NA,1.0029253067504076,NA,1.0029894710389118,NA
9872397,54,ʃ u ɟ y ɾ,5,-21.957256044240108,NA,-22.499173241968023,NA,-21.920606300134068,NA,1.1847548415426716,NA,1.1846904267614222,NA,1.0053463860468044,NA,1.0052425528526925,NA
9872397,47,ɟ i ɟ i c,5,-27.327803810976384,NA,-34.544864796093734,NA,-33.39335316750246,NA,1.200631107369301,NA,1.2005578354972886,NA,1.0004350671053688,NA,1.0006268044902862,NA
9872397,86,g a ɟ i l,5,-21.711665732611312,NA,-21.848897140452937,NA,-21.63415311259603,NA,1.4234248610169082,NA,1.4229631257047886,NA,1.0082939096649637,NA,1.0080627500036243,NA
9872397,15,g ɯ ɟ e ʒ,5,-24.30578124525424,NA,-Inf,NA,-24.815598505272497,NA,1.196280249113463,NA,1.1962148980539262,NA,1.002806683496261,NA,1.0028744767627225,NA
9872397,55,v ɯ c ø c,5,-25.87442309272073,NA,-Inf,NA,-32.19927328021738,NA,1.0761529069919815,NA,1.076304970573472,NA,1.0002707972270364,NA,1.000474478028374,NA
9872397,53,t e ɾ a n,5,-13.154797069130572,NA,-11.724338917087254,NA,-11.742921937601642,NA,1.6505512704719087,NA,1.6496653866651498,NA,1.1099233378103026,NA,1.104018173778758,NA
9872397,85,k ɯ k o n,5,-15.853117021089924,NA,-12.795133988211877,NA,-12.823178946592495,NA,1.321191395011316,NA,1.3208914663733455,NA,1.0259375020257335,NA,1.0247328374892803,NA
9872397,12,b o p o ʒ,5,-21.602409734503315,NA,-17.33475181640033,NA,-17.45672173398626,NA,1.180862690747296,NA,1.1808313744606571,NA,1.012965315438448,NA,1.01249501576141,NA
9872397,15,n ɯ c y j,5,-20.443678587627296,NA,-Inf,NA,-28.54826058980769,NA,1.1194433120611658,NA,1.119511701447071,NA,1.0005205875821277,NA,1.0007091769497731,NA
9872397,51,l i g a v,5,-18.317025751495315,NA,-24.901990127973495,NA,-24.64460050717379,NA,1.3020095605246391,NA,1.3017497711993005,NA,1.0094632673533137,NA,1.0091216418905589,NA
9872397,70,z a ʒ o ʒ,5,-22.39965586755501,NA,-21.87536781165056,NA,-21.900778541508014,NA,1.3043020941229309,NA,1.3040574801062963,NA,1.0045825459876734,NA,1.004557699117261,NA
9872397,62,b o ʒ u ɾ,5,-20.188385139391087,NA,-16.322503633728758,NA,-16.394241238881506,NA,1.250175714529859,NA,1.249996348711549,NA,1.0147786024753525,NA,1.0141465127170373,NA
9872397,51,m y d͡ʒ u z,5,-18.768087972695568,NA,-15.447888818271592,NA,-15.47911401039972,NA,1.2404912354404627,NA,1.2403491166587477,NA,1.0319024111948645,NA,1.0304219098064595,NA
9872397,14,n u v ø h,5,-19.914181691206203,NA,-Inf,NA,-27.03470635875693,NA,1.1319802610032077,NA,1.1320309822151344,NA,1.0023941627725557,NA,1.0024857126666045,NA
9872397,14,b ø t͡ʃ u ʒ,5,-23.04040938456597,NA,-22.79008801093924,NA,-22.657649428790645,NA,1.141361768943645,NA,1.1413970478706803,NA,1.0020862604454976,NA,1.0021930802819217,NA
9872397,50,s ø ɾ ø ɾ,5,-18.916248108852137,NA,-17.736643428071496,NA,-17.750937164122824,NA,1.311449218136533,NA,1.3111659441356651,NA,1.006315849424642,NA,1.0061905369137407,NA
9872397,15,n ɯ ʒ ɯ ʒ,5,-22.414816280194614,NA,-Inf,NA,-30.786845680157285,NA,1.1290677347665397,NA,1.129123492209685,NA,1.0003249566724437,NA,1.0005257916572736,NA
9872397,15,t͡ʃ ø j o ʒ,5,-23.110844320056284,NA,-18.612897025047648,NA,-18.738353722963613,NA,1.1138647273701043,NA,1.1139491411652993,NA,1.0038353772712676,NA,1.0038463961880495,NA
9872397,18,h ø ʃ a ʒ,5,-21.446707936005243,NA,-21.13827944442946,NA,-21.18485938345635,NA,1.2838250896845864,NA,1.2836003756660834,NA,1.0078943784157934,NA,1.007671292277256,NA
9872397,72,ɫ o h u v,5,-18.593599295416848,NA,-24.062385001701756,NA,-23.99927255278523,NA,1.1612070751754773,NA,1.1612039662326097,NA,1.0043702249837334,NA,1.004350345813558,NA
9872397,26,g ɯ ʒ u ʒ,5,-24.04112686624343,NA,-Inf,NA,-24.742720107269367,NA,1.1331254198362304,NA,1.1331750499516993,NA,1.0024913344887347,NA,1.002578336813267,NA
9872397,25,h y ʒ o ʒ,5,-24.26036702153048,NA,-23.09409359618359,NA,-22.955847081614372,NA,1.1385613608532974,NA,1.1386035176599465,NA,1.0022002270881678,NA,1.0023005246401142,NA
9872397,15,v ø l i c,5,-23.521629066683385,NA,-Inf,NA,-33.25997944794797,NA,1.1642026037351003,NA,1.1641922265701674,NA,1.0003260515161396,NA,1.0005235520380404,NA
9872397,49,k u ɾ i n,5,-14.89701971471122,NA,-12.94195303395921,NA,-12.96493491685879,NA,1.5007331881655468,NA,1.5001135144861943,NA,1.0493627462694506,NA,1.0468268577985411,NA
9872397,69,t i s ø ɾ,5,-16.6433666420812,NA,-15.288823083741889,NA,-15.32336104232457,NA,1.2934630318516254,NA,1.2932118263382686,NA,1.009196713442622,NA,1.0089195099707884,NA
9872397,16,n y m ɯ j,5,-16.9785438270158,NA,-22.43669703100411,NA,-22.421232711240805,NA,1.2136164438653825,NA,1.21351869881907,NA,1.006133848620259,NA,1.0060194361555963,NA
9872397,49,n ɯ v ø c,5,-22.316148913561925,NA,-Inf,NA,-30.445293983702243,NA,1.1084544645079504,NA,1.1085503214476562,NA,1.001905682716268,NA,1.0020229522148367,NA
9872397,70,n e m ø h,5,-17.63893282018263,NA,-23.558108707134007,NA,-23.245886540663424,NA,1.2573677552147065,NA,1.2572013402029647,NA,1.0157239137890697,NA,1.015111998046541,NA
9872397,14,n u d͡ʒ o h,5,-18.585597379729464,NA,-24.726458930397825,NA,-24.61717125138857,NA,1.1330251122802943,NA,1.1330725118708005,NA,1.001474956791939,NA,1.001614712938203,NA
9872397,52,m y ɾ e ɾ,5,-14.984624734814105,NA,-12.552940803573671,NA,-12.57913149636152,NA,1.489033852575989,NA,1.4884339967257736,NA,1.064327496486173,NA,1.060981828884185,NA
9872397,16,l e ʒ i z,5,-20.353317059019144,NA,-23.404909965851168,NA,-23.138865417442208,NA,1.3100161638106471,NA,1.3097474876247677,NA,1.005750594004306,NA,1.005617778175364,NA
9872397,71,d͡ʒ o c i c,5,-23.871817361041813,NA,-Inf,NA,-30.898696726610687,NA,1.1985751556303774,NA,1.1985054370150776,NA,1.000922153764827,NA,1.0010883145531615,NA
9872397,34,v ø ɟ y m,5,-24.02986774956105,NA,-Inf,NA,-25.69225069164061,NA,1.09995900556369,NA,1.10005431962118,NA,1.002654692924395,NA,1.0027073865105098,NA
9872397,15,h a ʒ u z,5,-19.829474654606734,NA,-17.11965647191572,NA,-17.218070915836304,NA,1.3720422673264103,NA,1.3716726499377587,NA,1.0259268416966203,NA,1.0247640708076309,NA
9872397,15,d͡ʒ y b a ʒ,5,-20.242830063624115,NA,-19.67879062473088,NA,-19.79752495934659,NA,1.3058041354405645,NA,1.3055414123656015,NA,1.0127232269111113,NA,1.01223747830455,NA
9872397,52,h a t͡ʃ ø z,5,-19.291182011224596,NA,-16.038256272556517,NA,-16.08294553334273,NA,1.3428697105576248,NA,1.3425540778269385,NA,1.02767606738203,NA,1.026436686056419,NA
9872397,16,b i ɟ i ʒ,5,-23.15230334260776,NA,-24.915909991588407,NA,-24.35353692250794,NA,1.266203336252664,NA,1.2660164134332708,NA,1.012035144436651,NA,1.0116199754960176,NA
9872397,15,z a ʒ ɯ ʒ,5,-21.998094155474003,NA,-Inf,NA,-26.305727027014363,NA,1.3354719613518329,NA,1.3351706136026844,NA,1.0043869150779896,NA,1.0043743138247614,NA
9872397,16,ɟ i ʒ u ʒ,5,-26.631966384151276,NA,-29.991575100561576,NA,-29.47052707287037,NA,1.1312986116566484,NA,1.1313513771126087,NA,1.0003270467676877,NA,1.0005276672406118,NA
9872397,14,ʃ e z u ʒ,5,-20.413361161166105,NA,-21.30607077641668,NA,-21.23961045572301,NA,1.274892670609532,NA,1.2746965965867414,NA,1.0140542779889286,NA,1.0135267325647053,NA
9872397,37,b o ʒ i l,5,-21.431083494530565,NA,-17.705568653800018,NA,-17.83640175391364,NA,1.2532448349058904,NA,1.2530775477498026,NA,1.0092351210095205,NA,1.0089534298645335,NA
9872397,67,b u ʒ u z,5,-21.183579400179205,NA,-19.10099770791221,NA,-18.99855357037276,NA,1.1919528697614603,NA,1.191894841679337,NA,1.0090301397771717,NA,1.008755156382551,NA
9872397,30,b e v e ʒ,5,-19.361992708840056,NA,-16.706821942985723,NA,-16.834862117610335,NA,1.3761639224927549,NA,1.3757870363920413,NA,1.0278984680883785,NA,1.0266329792683782,NA
9872397,67,ɫ o m ø s,5,-18.19297547659577,NA,-23.7185910215694,NA,-23.576018053983702,NA,1.1580890131919466,NA,1.1580884043189272,NA,1.006369125718587,NA,1.0062507303895665,NA
9872397,13,h y ʒ a ʒ,5,-22.512279354827413,NA,-22.102878518280345,NA,-22.166868313437227,NA,1.3079157400202015,NA,1.3076496470041246,NA,1.0032923482443703,NA,1.0033251342986491,NA
9872397,50,g u h a n,5,-16.986187982608918,NA,-14.003209503389854,NA,-14.037361297492396,NA,1.393585672209114,NA,1.3931455531370758,NA,1.041008945259303,NA,1.0387823974648764,NA
9872397,53,b a ɟ ø ʒ,5,-24.86506702537125,NA,-Inf,NA,-23.420803652697536,NA,1.3358300822798563,NA,1.335532677648985,NA,1.0206378838430394,NA,1.0197712158697192,NA
9872397,0,b i m y ʒ,5,-19.745708670599832,NA,-17.144470810093683,NA,-17.12870059621924,NA,1.224775815843954,NA,1.224668160873623,NA,1.017560989647938,NA,1.0168496999823045,NA
9872397,73,ɫ o h e s,5,-16.45817250086749,NA,-21.317120361286086,NA,-21.272071082039435,NA,1.2426762924026875,NA,1.24252019486607,NA,1.009570595243294,NA,1.0092260466145833,NA
9872397,52,s ø ɾ ɯ ɾ,5,-17.20500131187094,NA,-15.07133366695696,NA,-15.108072623586152,NA,1.3616515088653494,NA,1.3612768593282027,NA,1.0224207245664567,NA,1.021344720223736,NA
9872397,22,v e ɟ y ʒ,5,-24.678551245174873,NA,-25.322342225670877,NA,-24.826847868345496,NA,1.2138685991633609,NA,1.2137803225511092,NA,1.0052790884770466,NA,1.0052181146545902,NA
9872397,30,l y l i c,5,-22.910768313384416,NA,-Inf,NA,-32.397687831098054,NA,1.203960562382335,NA,1.203881391318237,NA,1.0008711294622858,NA,1.0010398142992691,NA
9872397,53,b i t͡ʃ ø z,5,-19.756398366120063,NA,-16.19975610039546,NA,-16.23976513062291,NA,1.1837400183652915,NA,1.1836997124750908,NA,1.0128196585784826,NA,1.0123617470711583,NA
9872397,52,n ø t a j,5,-16.60787778582062,NA,-20.729930991692015,NA,-20.69776307610008,NA,1.3204062609894092,NA,1.3201110967426837,NA,1.0202544768288162,NA,1.019299714440256,NA
9872397,13,b ɯ d a ʒ,5,-19.12602055601626,NA,-20.08567575275351,NA,-20.179115494716157,NA,1.3411283852127902,NA,1.3408045259119057,NA,1.0103448182681387,NA,1.0099894506104767,NA
9872574,15,g a ɟ i l,5,-21.711665732611312,NA,-21.848897140452937,NA,-21.63415311259603,NA,1.4234248610169082,NA,1.4229631257047886,NA,1.0082939096649637,NA,1.0080627500036243,NA
9872574,27,ɟ ø t͡ʃ e ʒ,5,-25.895838414443286,NA,-Inf,NA,-26.01302387459999,NA,1.140043237235324,NA,1.1400750278451808,NA,1.0022924360788037,NA,1.0023829981607115,NA
9872574,11,t i s ø ɾ,5,-16.6433666420812,NA,-15.288823083741889,NA,-15.32336104232457,NA,1.2934630318516254,NA,1.2932118263382686,NA,1.009196713442622,NA,1.0089195099707884,NA
9872574,11,b y ʒ u ʒ,5,-23.866384100399888,NA,-23.067365963329937,NA,-22.908307977729834,NA,1.1812596797175028,NA,1.1812260558503582,NA,1.0029253067504076,NA,1.0029894710389118,NA
9872574,11,d͡ʒ o c i c,5,-23.871817361041813,NA,-Inf,NA,-30.898696726610687,NA,1.1985751556303774,NA,1.1985054370150776,NA,1.000922153764827,NA,1.0010883145531615,NA
9872574,13,z a ʒ ɯ ʒ,5,-21.998094155474003,NA,-Inf,NA,-26.305727027014363,NA,1.3354719613518329,NA,1.3351706136026844,NA,1.0043869150779896,NA,1.0043743138247614,NA
9872574,12,ɟ e j o ʒ,5,-23.913791342449223,NA,-Inf,NA,-24.87491275380586,NA,1.2374689664526486,NA,1.2373395107029062,NA,1.0110946677328192,NA,1.010721436984636,NA
9872574,13,b ø t͡ʃ u ʒ,5,-23.04040938456597,NA,-22.79008801093924,NA,-22.657649428790645,NA,1.141361768943645,NA,1.1413970478706803,NA,1.0020862604454976,NA,1.0021930802819217,NA
9872574,13,l y l i c,5,-22.910768313384416,NA,-Inf,NA,-32.397687831098054,NA,1.203960562382335,NA,1.203881391318237,NA,1.0008711294622858,NA,1.0010398142992691,NA
9872574,12,g ɯ ʒ u ʒ,5,-24.04112686624343,NA,-Inf,NA,-24.742720107269367,NA,1.1331254198362304,NA,1.1331750499516993,NA,1.0024913344887347,NA,1.002578336813267,NA
9872574,12,n ɯ c i v,5,-19.93088069637855,NA,-Inf,NA,-29.55229981701376,NA,1.201667544130325,NA,1.201588410921533,NA,1.0018247936466855,NA,1.0019317455664367,NA
9872574,11,j o c ø f,5,-23.34087968343175,NA,-Inf,NA,-24.211050554951704,NA,1.1207079699595697,NA,1.1207782546784186,NA,1.0033803356801,NA,1.003419297076754,NA
9872574,7,n ɯ v ø c,5,-22.316148913561925,NA,-Inf,NA,-30.445293983702243,NA,1.1084544645079504,NA,1.1085503214476562,NA,1.001905682716268,NA,1.0020229522148367,NA
9872574,14,ɫ a t a j,5,-13.539207723328191,NA,-16.70963205807083,NA,-16.722833062461532,NA,1.5581158667217818,NA,1.5574094336214954,NA,1.0364821239096451,NA,1.0346702629498348,NA
9872574,6,h a h a ʒ,5,-18.279717885936645,NA,-15.5480561905522,NA,-15.694802669418907,NA,1.5324850375176986,NA,1.5318300917569716,NA,1.049136449025569,NA,1.046733780370724,NA
9872574,7,b a ɟ ø ʒ,5,-24.86506702537125,NA,-Inf,NA,-23.420803652697536,NA,1.3358300822798563,NA,1.335532677648985,NA,1.0206378838430394,NA,1.0197712158697192,NA
9872574,7,b i m y ʒ,5,-19.745708670599832,NA,-17.144470810093683,NA,-17.12870059621924,NA,1.224775815843954,NA,1.224668160873623,NA,1.017560989647938,NA,1.0168496999823045,NA
9872574,71,t e ɾ a n,5,-13.154797069130572,NA,-11.724338917087254,NA,-11.742921937601642,NA,1.6505512704719087,NA,1.6496653866651498,NA,1.1099233378103026,NA,1.104018173778758,NA
9872574,8,v ɯ c ø c,5,-25.87442309272073,NA,-Inf,NA,-32.19927328021738,NA,1.0761529069919815,NA,1.076304970573472,NA,1.0002707972270364,NA,1.000474478028374,NA
9872574,14,b e ʒ a v,5,-18.887323500746025,NA,-19.56906284531509,NA,-19.661279048791737,NA,1.441131755390738,NA,1.4406313873886738,NA,1.018474361069321,NA,1.01766664871558,NA
9872574,9,ɟ i ʒ o ʒ,5,-26.818661125757455,NA,-29.39941525084724,NA,-28.902870287169502,NA,1.1099298726971636,NA,1.110021532393878,NA,1.0005226776773717,NA,1.000711052533111,NA
9872574,12,s ø ɾ ø ɾ,5,-18.916248108852137,NA,-17.736643428071496,NA,-17.750937164122824,NA,1.311449218136533,NA,1.3111659441356651,NA,1.006315849424642,NA,1.0061905369137407,NA
9872574,7,ʃ o ʒ a v,5,-20.47724743734481,NA,-22.61856961138616,NA,-22.667019868719475,NA,1.288367615858368,NA,1.2881315117422223,NA,1.0061232207228026,NA,1.005964640548633,NA
9872574,13,g ɯ ɟ e ʒ,5,-24.30578124525424,NA,-Inf,NA,-24.815598505272497,NA,1.196280249113463,NA,1.1962148980539262,NA,1.002806683496261,NA,1.0028744767627225,NA
9872574,5,b o ʒ u ɾ,5,-20.188385139391087,NA,-16.322503633728758,NA,-16.394241238881506,NA,1.250175714529859,NA,1.249996348711549,NA,1.0147786024753525,NA,1.0141465127170373,NA
9872574,3,v ø l ø h,5,-23.290063091036213,NA,-Inf,NA,-32.28412824653789,NA,1.0659556661882257,NA,1.066120812453014,NA,1,1,1.0002179098838746,1
9872574,66,b o z y z,5,-19.26283358646827,NA,-16.006298136958325,NA,-16.038972563588715,NA,1.2096753412240209,NA,1.2095880258287266,NA,1.011931948070003,NA,1.0115128583515274,NA
9872574,8,h y ʒ a ʒ,5,-22.512279354827413,NA,-22.102878518280345,NA,-22.166868313437227,NA,1.3079157400202015,NA,1.3076496470041246,NA,1.0032923482443703,NA,1.0033251342986491,NA
9872574,56,b o p ɯ z,5,-18.80572539465341,NA,-15.575160863623148,NA,-15.6123249065678,NA,1.2287916059057706,NA,1.228668657107823,NA,1.014936867151038,NA,1.014349109888668,NA
9872574,10,n u v ø h,5,-19.914181691206203,NA,-Inf,NA,-27.03470635875693,NA,1.1319802610032077,NA,1.1320309822151344,NA,1.0023941627725557,NA,1.0024857126666045,NA
9872574,62,t i k u ɾ,5,-14.757321292630818,NA,-13.776182245400546,NA,-13.797827878122703,NA,1.3425309336547508,NA,1.3421911014635628,NA,1.0178435286691223,NA,1.01704029300458,NA
9872574,0,l i l e h,5,-18.919528331099233,NA,-28.0860697294688,NA,-27.46035835823068,NA,1.2245450186213964,NA,1.2244264214977632,NA,1.0031029632868411,NA,1.0031441439625928,NA
9872574,1,b o ʒ i l,5,-21.431083494530565,NA,-17.705568653800018,NA,-17.83640175391364,NA,1.2532448349058904,NA,1.2530775477498026,NA,1.0092351210095205,NA,1.0089534298645335,NA
9872574,8,ɫ o h e s,5,-16.45817250086749,NA,-21.317120361286086,NA,-21.272071082039435,NA,1.2426762924026875,NA,1.24252019486607,NA,1.009570595243294,NA,1.0092260466145833,NA
9872574,1,v e ɟ y ʒ,5,-24.678551245174873,NA,-25.322342225670877,NA,-24.826847868345496,NA,1.2138685991633609,NA,1.2137803225511092,NA,1.0052790884770466,NA,1.0052181146545902,NA
9872574,6,b u ʒ u z,5,-21.183579400179205,NA,-19.10099770791221,NA,-18.99855357037276,NA,1.1919528697614603,NA,1.191894841679337,NA,1.0090301397771717,NA,1.008755156382551,NA
9872574,5,n ɯ c y j,5,-20.443678587627296,NA,-Inf,NA,-28.54826058980769,NA,1.1194433120611658,NA,1.119511701447071,NA,1.0005205875821277,NA,1.0007091769497731,NA
9872574,3,g ɯ d͡ʒ u ɾ,5,-18.401954124401353,NA,-15.514694512570816,NA,-15.553988277275629,NA,1.2206968713441448,NA,1.2205683468578952,NA,1.0114276001889089,NA,1.0109684044339573,NA
9872574,6,m y d͡ʒ u z,5,-18.768087972695568,NA,-15.447888818271592,NA,-15.47911401039972,NA,1.2404912354404627,NA,1.2403491166587477,NA,1.0319024111948645,NA,1.0304219098064595,NA
9872574,3,n y n i v,5,-16.875155560146357,NA,-21.870278494630696,NA,-21.860137136995288,NA,1.2901878365226052,NA,1.2899547596023124,NA,1.015590305177985,NA,1.014953753172737,NA
9872574,7,n u l e ɾ,5,-16.7353899896315,NA,-21.8754485295826,NA,-21.502576488019884,NA,1.2814781732006866,NA,1.2812387575669788,NA,1.0164999980354623,NA,1.0157043429334207,NA
9872574,11,b o p o ʒ,5,-21.602409734503315,NA,-17.33475181640033,NA,-17.45672173398626,NA,1.180862690747296,NA,1.1808313744606571,NA,1.012965315438448,NA,1.01249501576141,NA
9872574,59,m y ɟ y z,5,-22.469309252839896,NA,-20.420586661988004,NA,-19.572854959613927,NA,1.207846762933068,NA,1.2077630593896518,NA,1.027561468749568,NA,1.0263250935198331,NA
9872574,20,h y ʒ o ʒ,5,-24.26036702153048,NA,-23.09409359618359,NA,-22.955847081614372,NA,1.1385613608532974,NA,1.1386035176599465,NA,1.0022002270881678,NA,1.0023005246401142,NA
9872574,7,t͡ʃ i d͡ʒ ɯ t͡ʃ,5,-18.934215266206888,NA,-18.007434786889252,NA,-18.031020698229675,NA,1.1892406476791797,NA,1.1891896194854592,NA,1.007346548615294,NA,1.007170341171165,NA
9872574,5,b ɯ d a ʒ,5,-19.12602055601626,NA,-20.08567575275351,NA,-20.179115494716157,NA,1.3411283852127902,NA,1.3408045259119057,NA,1.0103448182681387,NA,1.0099894506104767,NA
9872574,4,h ø ʃ a ʒ,5,-21.446707936005243,NA,-21.13827944442946,NA,-21.18485938345635,NA,1.2838250896845864,NA,1.2836003756660834,NA,1.0078943784157934,NA,1.007671292277256,NA
9872574,2,l e ʒ i z,5,-20.353317059019144,NA,-23.404909965851168,NA,-23.138865417442208,NA,1.3100161638106471,NA,1.3097474876247677,NA,1.005750594004306,NA,1.005617778175364,NA
9872574,8,b o ʒ a n,5,-18.87907738678704,NA,-15.653898437212243,NA,-15.751763646111796,NA,1.3952268910920227,NA,1.3947842803728532,NA,1.034064398232142,NA,1.0322259545780297,NA
9872574,0,b e v e ʒ,5,-19.361992708840056,NA,-16.706821942985723,NA,-16.834862117610335,NA,1.3761639224927549,NA,1.3757870363920413,NA,1.0278984680883785,NA,1.0266329792683782,NA
9872574,12,n u c i v,5,-20.145747666853374,NA,-Inf,NA,-28.879295751792085,NA,1.2126077521025955,NA,1.2125096911983495,NA,1.0022042581137438,NA,1.0022912535659585,NA
9872574,7,ɫ o m ø s,5,-18.19297547659577,NA,-23.7185910215694,NA,-23.576018053983702,NA,1.1580890131919466,NA,1.1580884043189272,NA,1.006369125718587,NA,1.0062507303895665,NA
9872574,5,v ø l i c,5,-23.521629066683385,NA,-Inf,NA,-33.25997944794797,NA,1.1642026037351003,NA,1.1641922265701674,NA,1.0003260515161396,NA,1.0005235520380404,NA
9872574,0,s ø ɾ u ɾ,5,-17.419868282345767,NA,-15.476373057880078,NA,-15.513651402105268,NA,1.3518503805959323,NA,1.3514935705505449,NA,1.0191373454814323,NA,1.0182579368786828,NA
9872574,2,s ø ɾ ɯ ɾ,5,-17.20500131187094,NA,-15.07133366695696,NA,-15.108072623586152,NA,1.3616515088653494,NA,1.3612768593282027,NA,1.0224207245664567,NA,1.021344720223736,NA
9872574,64,b i t͡ʃ ø z,5,-19.756398366120063,NA,-16.19975610039546,NA,-16.23976513062291,NA,1.1837400183652915,NA,1.1836997124750908,NA,1.0128196585784826,NA,1.0123617470711583,NA
9872574,5,t͡ʃ e ʒ u ʒ,5,-23.048080491923255,NA,-22.073070829734753,NA,-22.06130764515632,NA,1.2460500918115391,NA,1.2459043466753474,NA,1.0066654436263762,NA,1.0065329248080075,NA
9872574,9,d͡ʒ y b a ʒ,5,-20.242830063624115,NA,-19.67879062473088,NA,-19.79752495934659,NA,1.3058041354405645,NA,1.3055414123656015,NA,1.0127232269111113,NA,1.01223747830455,NA
9872574,9,g ɯ d͡ʒ i n,5,-17.765150906217194,NA,-14.572887378272108,NA,-14.613885458742647,NA,1.288193771309351,NA,1.2879431620866866,NA,1.019118781821044,NA,1.0181985618821732,NA
9872574,4,n u d͡ʒ o h,5,-18.585597379729464,NA,-24.726458930397825,NA,-24.61717125138857,NA,1.1330251122802943,NA,1.1330725118708005,NA,1.001474956791939,NA,1.001614712938203,NA
9872574,2,n u ʒ ɯ h,5,-20.24619677932734,NA,-27.810791659163197,NA,-27.023579690957725,NA,1.1518762179262898,NA,1.1518883333637062,NA,1.0010090676384151,NA,1.0011719374015406,NA
9872574,7,ɟ i ʒ u ʒ,5,-26.631966384151276,NA,-29.991575100561576,NA,-29.47052707287037,NA,1.1312986116566484,NA,1.1313513771126087,NA,1.0003270467676877,NA,1.0005276672406118,NA
9872574,4,k u t ø ɾ,5,-17.142589509814194,NA,-15.653402142063069,NA,-15.691176305475931,NA,1.32230203950961,NA,1.3220007996898406,NA,1.018129501377924,NA,1.0173831055756966,NA
9872574,2,m y ʒ ø z,5,-22.32662891088082,NA,-18.58658519622501,NA,-18.33479718703259,NA,1.187771311398157,NA,1.1877241782403851,NA,1.027167731420923,NA,1.0259561075629384,NA
9872574,7,n ɯ ʒ ɯ ʒ,5,-22.414816280194614,NA,-Inf,NA,-30.786845680157285,NA,1.1290677347665397,NA,1.129123492209685,NA,1.0003249566724437,NA,1.0005257916572736,NA
9872574,32,h a c i z,5,-19.17393398541818,NA,-Inf,NA,-21.131318076779458,NA,1.44361829462378,NA,1.4431184887150887,NA,1.029014126217107,NA,1.027660226668782,NA
9872574,7,v ø ɟ y m,5,-24.02986774956105,NA,-Inf,NA,-25.69225069164061,NA,1.09995900556369,NA,1.10005431962118,NA,1.002654692924395,NA,1.0027073865105098,NA
9872574,56,ɫ a c e c,5,-20.652231711132256,NA,-Inf,NA,-27.899065041129965,NA,1.386819495813845,NA,1.3864247108936807,NA,1.0035239470356945,NA,1.00355006691279,NA
9872574,0,l i g a v,5,-18.317025751495315,NA,-24.901990127973495,NA,-24.64460050717379,NA,1.3020095605246391,NA,1.3017497711993005,NA,1.0094632673533137,NA,1.0091216418905589,NA
9872574,2,h a ʒ u z,5,-19.829474654606734,NA,-17.11965647191572,NA,-17.218070915836304,NA,1.3720422673264103,NA,1.3716726499377587,NA,1.0259268416966203,NA,1.0247640708076309,NA
9872574,55,ʃ u ɟ y ɾ,5,-21.957256044240108,NA,-22.499173241968023,NA,-21.920606300134068,NA,1.1847548415426716,NA,1.1846904267614222,NA,1.0053463860468044,NA,1.0052425528526925,NA
9872574,0,ɫ a c y c,5,-22.026637500586897,NA,-Inf,NA,-27.84286977614221,NA,1.303338955612124,NA,1.3030961175258404,NA,1.0029370543066431,NA,1.0029999110352912,NA
9872574,3,b i ɟ i ʒ,5,-23.15230334260776,NA,-24.915909991588407,NA,-24.35353692250794,NA,1.266203336252664,NA,1.2660164134332708,NA,1.012035144436651,NA,1.0116199754960176,NA
9872574,3,n e m ø h,5,-17.63893282018263,NA,-23.558108707134007,NA,-23.245886540663424,NA,1.2573677552147065,NA,1.2572013402029647,NA,1.0157239137890697,NA,1.015111998046541,NA
9872574,1,b u h a ʒ,5,-19.63382263150912,NA,-16.589829009805186,NA,-16.73205715679298,NA,1.3523956399527486,NA,1.3520522834985491,NA,1.021610727156267,NA,1.0206577518516846,NA
9872574,7,ɫ o h u v,5,-18.593599295416848,NA,-24.062385001701756,NA,-23.99927255278523,NA,1.1612070751754773,NA,1.1612039662326097,NA,1.0043702249837334,NA,1.004350345813558,NA
9872574,4,z a ʒ o ʒ,5,-22.39965586755501,NA,-21.87536781165056,NA,-21.900778541508014,NA,1.3043020941229309,NA,1.3040574801062963,NA,1.0045825459876734,NA,1.004557699117261,NA
9872574,0,n y m ɯ j,5,-16.9785438270158,NA,-22.43669703100411,NA,-22.421232711240805,NA,1.2136164438653825,NA,1.21351869881907,NA,1.006133848620259,NA,1.0060194361555963,NA
9872574,56,g u h a n,5,-16.986187982608918,NA,-14.003209503389854,NA,-14.037361297492396,NA,1.393585672209114,NA,1.3931455531370758,NA,1.041008945259303,NA,1.0387823974648764,NA
9872574,0,t͡ʃ ø j o ʒ,5,-23.110844320056284,NA,-18.612897025047648,NA,-18.738353722963613,NA,1.1138647273701043,NA,1.1139491411652993,NA,1.0038353772712676,NA,1.0038463961880495,NA
9872574,3,l i ʒ a v,5,-20.23050859359168,NA,-26.93864092108832,NA,-26.6862720433174,NA,1.2954686251708838,NA,1.2952202250027611,NA,1.005853468543388,NA,1.005709010195803,NA
9872574,5,z ø ʒ i l,5,-22.936420602528372,NA,-Inf,NA,-24.4772263559713,NA,1.157513007334928,NA,1.157511308073952,NA,1.001760072495694,NA,1.0018712112846873,NA
9872574,13,t͡ʃ e ʒ ø z,5,-22.14933769066073,NA,-19.18578744927172,NA,-19.077176117348685,NA,1.222407977281713,NA,1.2223008694112456,NA,1.00686107453606,NA,1.0067163101005072,NA
9872574,76,m y ɾ e ɾ,5,-14.984624734814105,NA,-12.552940803573671,NA,-12.57913149636152,NA,1.489033852575989,NA,1.4884339967257736,NA,1.064327496486173,NA,1.060981828884185,NA
9872574,7,n y m ø s,5,-18.304860118330534,NA,-23.800973686763864,NA,-23.65109261672794,NA,1.1731956986207523,NA,1.1731689601736792,NA,1.0049036855497242,NA,1.0048624490342637,NA
9872574,6,j a b u ʒ,5,-19.31027464586884,NA,-18.66177474584945,NA,-18.602207543248568,NA,1.3727688430545328,NA,1.3724036038051812,NA,1.029576112826616,NA,1.02823132533125,NA
9872574,2,k ɯ k o n,5,-15.853117021089924,NA,-12.795133988211877,NA,-12.823178946592495,NA,1.321191395011316,NA,1.3208914663733455,NA,1.0259375020257335,NA,1.0247328374892803,NA
9872574,5,v ɯ ʒ a ʒ,5,-22.349954898140567,NA,-Inf,NA,-25.81550837135159,NA,1.2641123593074002,NA,1.2639220306428625,NA,1.0015585492929229,NA,1.0016824729794085,NA
9872574,58,ɟ e ɟ i c,5,-27.129968484650533,NA,-Inf,NA,-33.995918426500694,NA,1.286798785012282,NA,1.286576434113205,NA,1.0004350671053688,NA,1.0006268044902862,NA
9872574,21,k u ɾ i n,5,-14.89701971471122,NA,-12.94195303395921,NA,-12.96493491685879,NA,1.5007331881655468,NA,1.5001135144861943,NA,1.0493627462694506,NA,1.0468268577985411,NA
9872574,3,ʃ e z u ʒ,5,-20.413361161166105,NA,-21.30607077641668,NA,-21.23961045572301,NA,1.274892670609532,NA,1.2746965965867414,NA,1.0140542779889286,NA,1.0135267325647053,NA
9872574,0,n u g u v,5,-18.88780549394557,NA,-23.829955675252805,NA,-23.77692043460571,NA,1.1475726601589815,NA,1.147593398617559,NA,1.002664785337298,NA,1.0027359066125898,NA
9872574,2,ɟ i ɟ i c,5,-27.327803810976384,NA,-34.544864796093734,NA,-33.39335316750246,NA,1.200631107369301,NA,1.2005578354972886,NA,1.0004350671053688,NA,1.0006268044902862,NA
9872574,56,n ø t a j,5,-16.60787778582062,NA,-20.729930991692015,NA,-20.69776307610008,NA,1.3204062609894092,NA,1.3201110967426837,NA,1.0202544768288162,NA,1.019299714440256,NA
9872574,5,h a t͡ʃ ø z,5,-19.291182011224596,NA,-16.038256272556517,NA,-16.08294553334273,NA,1.3428697105576248,NA,1.3425540778269385,NA,1.02767606738203,NA,1.026436686056419,NA
9872574,8,l e ʒ ɯ h,5,-21.03897463564812,NA,-30.18402807989924,NA,-29.205404715536854,NA,1.244495155727509,NA,1.2443470199359166,NA,1.0007952166504448,NA,1.0009691836637256,NA
9872650,44,l e ʒ ɯ h,5,-21.03897463564812,NA,-30.18402807989924,NA,-29.205404715536854,NA,1.244495155727509,NA,1.2443470199359166,NA,1.0007952166504448,NA,1.0009691836637256,NA
9872650,44,h a ʒ u z,5,-19.829474654606734,NA,-17.11965647191572,NA,-17.218070915836304,NA,1.3720422673264103,NA,1.3716726499377587,NA,1.0259268416966203,NA,1.0247640708076309,NA
9872650,80,ɟ i ɟ i c,5,-27.327803810976384,NA,-34.544864796093734,NA,-33.39335316750246,NA,1.200631107369301,NA,1.2005578354972886,NA,1.0004350671053688,NA,1.0006268044902862,NA
9872650,56,n y n i v,5,-16.875155560146357,NA,-21.870278494630696,NA,-21.860137136995288,NA,1.2901878365226052,NA,1.2899547596023124,NA,1.015590305177985,NA,1.014953753172737,NA
9872650,37,v ɯ ʒ a ʒ,5,-22.349954898140567,NA,-Inf,NA,-25.81550837135159,NA,1.2641123593074002,NA,1.2639220306428625,NA,1.0015585492929229,NA,1.0016824729794085,NA
9872650,62,n u g u v,5,-18.88780549394557,NA,-23.829955675252805,NA,-23.77692043460571,NA,1.1475726601589815,NA,1.147593398617559,NA,1.002664785337298,NA,1.0027359066125898,NA
9872650,65,ɟ e ɟ i c,5,-27.129968484650533,NA,-Inf,NA,-33.995918426500694,NA,1.286798785012282,NA,1.286576434113205,NA,1.0004350671053688,NA,1.0006268044902862,NA
9872650,33,b y ʒ u ʒ,5,-23.866384100399888,NA,-23.067365963329937,NA,-22.908307977729834,NA,1.1812596797175028,NA,1.1812260558503582,NA,1.0029253067504076,NA,1.0029894710389118,NA
9872650,62,n e m ø h,5,-17.63893282018263,NA,-23.558108707134007,NA,-23.245886540663424,NA,1.2573677552147065,NA,1.2572013402029647,NA,1.0157239137890697,NA,1.015111998046541,NA
9872650,97,b i t͡ʃ ø z,5,-19.756398366120063,NA,-16.19975610039546,NA,-16.23976513062291,NA,1.1837400183652915,NA,1.1836997124750908,NA,1.0128196585784826,NA,1.0123617470711583,NA
9872650,68,n ø t a j,5,-16.60787778582062,NA,-20.729930991692015,NA,-20.69776307610008,NA,1.3204062609894092,NA,1.3201110967426837,NA,1.0202544768288162,NA,1.019299714440256,NA
9872650,48,ɟ ø t͡ʃ e ʒ,5,-25.895838414443286,NA,-Inf,NA,-26.01302387459999,NA,1.140043237235324,NA,1.1400750278451808,NA,1.0022924360788037,NA,1.0023829981607115,NA
9872650,42,ɟ i ʒ u ʒ,5,-26.631966384151276,NA,-29.991575100561576,NA,-29.47052707287037,NA,1.1312986116566484,NA,1.1313513771126087,NA,1.0003270467676877,NA,1.0005276672406118,NA
9872650,68,l i g a v,5,-18.317025751495315,NA,-24.901990127973495,NA,-24.64460050717379,NA,1.3020095605246391,NA,1.3017497711993005,NA,1.0094632673533137,NA,1.0091216418905589,NA
9872650,59,t i k u ɾ,5,-14.757321292630818,NA,-13.776182245400546,NA,-13.797827878122703,NA,1.3425309336547508,NA,1.3421911014635628,NA,1.0178435286691223,NA,1.01704029300458,NA
9872650,87,m y ɾ e ɾ,5,-14.984624734814105,NA,-12.552940803573671,NA,-12.57913149636152,NA,1.489033852575989,NA,1.4884339967257736,NA,1.064327496486173,NA,1.060981828884185,NA
9872650,35,ɟ i ʒ o ʒ,5,-26.818661125757455,NA,-29.39941525084724,NA,-28.902870287169502,NA,1.1099298726971636,NA,1.110021532393878,NA,1.0005226776773717,NA,1.000711052533111,NA
9872650,74,g u h a n,5,-16.986187982608918,NA,-14.003209503389854,NA,-14.037361297492396,NA,1.393585672209114,NA,1.3931455531370758,NA,1.041008945259303,NA,1.0387823974648764,NA
9872650,45,z a ʒ o ʒ,5,-22.39965586755501,NA,-21.87536781165056,NA,-21.900778541508014,NA,1.3043020941229309,NA,1.3040574801062963,NA,1.0045825459876734,NA,1.004557699117261,NA
9872650,53,b u h a ʒ,5,-19.63382263150912,NA,-16.589829009805186,NA,-16.73205715679298,NA,1.3523956399527486,NA,1.3520522834985491,NA,1.021610727156267,NA,1.0206577518516846,NA
9872650,61,g ɯ d͡ʒ i n,5,-17.765150906217194,NA,-14.572887378272108,NA,-14.613885458742647,NA,1.288193771309351,NA,1.2879431620866866,NA,1.019118781821044,NA,1.0181985618821732,NA
9872650,45,b a ɟ ø ʒ,5,-24.86506702537125,NA,-Inf,NA,-23.420803652697536,NA,1.3358300822798563,NA,1.335532677648985,NA,1.0206378838430394,NA,1.0197712158697192,NA
9872650,50,z ø ʒ i l,5,-22.936420602528372,NA,-Inf,NA,-24.4772263559713,NA,1.157513007334928,NA,1.157511308073952,NA,1.001760072495694,NA,1.0018712112846873,NA
9872650,37,g ɯ ʒ u ʒ,5,-24.04112686624343,NA,-Inf,NA,-24.742720107269367,NA,1.1331254198362304,NA,1.1331750499516993,NA,1.0024913344887347,NA,1.002578336813267,NA
9872650,54,l e ʒ i z,5,-20.353317059019144,NA,-23.404909965851168,NA,-23.138865417442208,NA,1.3100161638106471,NA,1.3097474876247677,NA,1.005750594004306,NA,1.005617778175364,NA
9872650,51,b e v e ʒ,5,-19.361992708840056,NA,-16.706821942985723,NA,-16.834862117610335,NA,1.3761639224927549,NA,1.3757870363920413,NA,1.0278984680883785,NA,1.0266329792683782,NA
9872650,50,v ɯ c ø c,5,-25.87442309272073,NA,-Inf,NA,-32.19927328021738,NA,1.0761529069919815,NA,1.076304970573472,NA,1.0002707972270364,NA,1.000474478028374,NA
9872650,56,n y m ø s,5,-18.304860118330534,NA,-23.800973686763864,NA,-23.65109261672794,NA,1.1731956986207523,NA,1.1731689601736792,NA,1.0049036855497242,NA,1.0048624490342637,NA
9872650,74,n u c i v,5,-20.145747666853374,NA,-Inf,NA,-28.879295751792085,NA,1.2126077521025955,NA,1.2125096911983495,NA,1.0022042581137438,NA,1.0022912535659585,NA
9872650,76,ɫ o h u v,5,-18.593599295416848,NA,-24.062385001701756,NA,-23.99927255278523,NA,1.1612070751754773,NA,1.1612039662326097,NA,1.0043702249837334,NA,1.004350345813558,NA
9872650,89,m y ɟ y z,5,-22.469309252839896,NA,-20.420586661988004,NA,-19.572854959613927,NA,1.207846762933068,NA,1.2077630593896518,NA,1.027561468749568,NA,1.0263250935198331,NA
9872650,58,g a ɟ i l,5,-21.711665732611312,NA,-21.848897140452937,NA,-21.63415311259603,NA,1.4234248610169082,NA,1.4229631257047886,NA,1.0082939096649637,NA,1.0080627500036243,NA
9872650,54,d͡ʒ o c i c,5,-23.871817361041813,NA,-Inf,NA,-30.898696726610687,NA,1.1985751556303774,NA,1.1985054370150776,NA,1.000922153764827,NA,1.0010883145531615,NA
9872650,47,h y ʒ a ʒ,5,-22.512279354827413,NA,-22.102878518280345,NA,-22.166868313437227,NA,1.3079157400202015,NA,1.3076496470041246,NA,1.0032923482443703,NA,1.0033251342986491,NA
9872650,50,b o p o ʒ,5,-21.602409734503315,NA,-17.33475181640033,NA,-17.45672173398626,NA,1.180862690747296,NA,1.1808313744606571,NA,1.012965315438448,NA,1.01249501576141,NA
9872650,49,j o c ø f,5,-23.34087968343175,NA,-Inf,NA,-24.211050554951704,NA,1.1207079699595697,NA,1.1207782546784186,NA,1.0033803356801,NA,1.003419297076754,NA
9872650,63,t i s ø ɾ,5,-16.6433666420812,NA,-15.288823083741889,NA,-15.32336104232457,NA,1.2934630318516254,NA,1.2932118263382686,NA,1.009196713442622,NA,1.0089195099707884,NA
9872650,54,v ø l ø h,5,-23.290063091036213,NA,-Inf,NA,-32.28412824653789,NA,1.0659556661882257,NA,1.066120812453014,NA,1,1,1.0002179098838746,1
9872650,50,n ɯ ʒ ɯ ʒ,5,-22.414816280194614,NA,-Inf,NA,-30.786845680157285,NA,1.1290677347665397,NA,1.129123492209685,NA,1.0003249566724437,NA,1.0005257916572736,NA
9872650,50,s ø ɾ ɯ ɾ,5,-17.20500131187094,NA,-15.07133366695696,NA,-15.108072623586152,NA,1.3616515088653494,NA,1.3612768593282027,NA,1.0224207245664567,NA,1.021344720223736,NA
9872650,48,t͡ʃ e ʒ ø z,5,-22.14933769066073,NA,-19.18578744927172,NA,-19.077176117348685,NA,1.222407977281713,NA,1.2223008694112456,NA,1.00686107453606,NA,1.0067163101005072,NA
9872650,35,t͡ʃ e ʒ u ʒ,5,-23.048080491923255,NA,-22.073070829734753,NA,-22.06130764515632,NA,1.2460500918115391,NA,1.2459043466753474,NA,1.0066654436263762,NA,1.0065329248080075,NA
9872650,50,ɟ e j o ʒ,5,-23.913791342449223,NA,-Inf,NA,-24.87491275380586,NA,1.2374689664526486,NA,1.2373395107029062,NA,1.0110946677328192,NA,1.010721436984636,NA
9872650,47,d͡ʒ y b a ʒ,5,-20.242830063624115,NA,-19.67879062473088,NA,-19.79752495934659,NA,1.3058041354405645,NA,1.3055414123656015,NA,1.0127232269111113,NA,1.01223747830455,NA
9872650,56,ɫ o h e s,5,-16.45817250086749,NA,-21.317120361286086,NA,-21.272071082039435,NA,1.2426762924026875,NA,1.24252019486607,NA,1.009570595243294,NA,1.0092260466145833,NA
9872650,50,n y m ɯ j,5,-16.9785438270158,NA,-22.43669703100411,NA,-22.421232711240805,NA,1.2136164438653825,NA,1.21351869881907,NA,1.006133848620259,NA,1.0060194361555963,NA
9872650,51,b i ɟ i ʒ,5,-23.15230334260776,NA,-24.915909991588407,NA,-24.35353692250794,NA,1.266203336252664,NA,1.2660164134332708,NA,1.012035144436651,NA,1.0116199754960176,NA
9872650,46,ʃ o ʒ a v,5,-20.47724743734481,NA,-22.61856961138616,NA,-22.667019868719475,NA,1.288367615858368,NA,1.2881315117422223,NA,1.0061232207228026,NA,1.005964640548633,NA
9872650,76,h a t͡ʃ ø z,5,-19.291182011224596,NA,-16.038256272556517,NA,-16.08294553334273,NA,1.3428697105576248,NA,1.3425540778269385,NA,1.02767606738203,NA,1.026436686056419,NA
9872650,59,l i ʒ a v,5,-20.23050859359168,NA,-26.93864092108832,NA,-26.6862720433174,NA,1.2954686251708838,NA,1.2952202250027611,NA,1.005853468543388,NA,1.005709010195803,NA
9872650,52,n ɯ v ø c,5,-22.316148913561925,NA,-Inf,NA,-30.445293983702243,NA,1.1084544645079504,NA,1.1085503214476562,NA,1.001905682716268,NA,1.0020229522148367,NA
9872650,41,n u ʒ ɯ h,5,-20.24619677932734,NA,-27.810791659163197,NA,-27.023579690957725,NA,1.1518762179262898,NA,1.1518883333637062,NA,1.0010090676384151,NA,1.0011719374015406,NA
9872650,44,t͡ʃ i d͡ʒ ɯ t͡ʃ,5,-18.934215266206888,NA,-18.007434786889252,NA,-18.031020698229675,NA,1.1892406476791797,NA,1.1891896194854592,NA,1.007346548615294,NA,1.007170341171165,NA
9872650,60,k u t ø ɾ,5,-17.142589509814194,NA,-15.653402142063069,NA,-15.691176305475931,NA,1.32230203950961,NA,1.3220007996898406,NA,1.018129501377924,NA,1.0173831055756966,NA
9872650,43,n u v ø h,5,-19.914181691206203,NA,-Inf,NA,-27.03470635875693,NA,1.1319802610032077,NA,1.1320309822151344,NA,1.0023941627725557,NA,1.0024857126666045,NA
9872650,65,s ø ɾ ø ɾ,5,-18.916248108852137,NA,-17.736643428071496,NA,-17.750937164122824,NA,1.311449218136533,NA,1.3111659441356651,NA,1.006315849424642,NA,1.0061905369137407,NA
9872650,31,b ø t͡ʃ u ʒ,5,-23.04040938456597,NA,-22.79008801093924,NA,-22.657649428790645,NA,1.141361768943645,NA,1.1413970478706803,NA,1.0020862604454976,NA,1.0021930802819217,NA
9872650,67,ɫ a c e c,5,-20.652231711132256,NA,-Inf,NA,-27.899065041129965,NA,1.386819495813845,NA,1.3864247108936807,NA,1.0035239470356945,NA,1.00355006691279,NA
9872650,55,s ø ɾ u ɾ,5,-17.419868282345767,NA,-15.476373057880078,NA,-15.513651402105268,NA,1.3518503805959323,NA,1.3514935705505449,NA,1.0191373454814323,NA,1.0182579368786828,NA
9872650,61,n u d͡ʒ o h,5,-18.585597379729464,NA,-24.726458930397825,NA,-24.61717125138857,NA,1.1330251122802943,NA,1.1330725118708005,NA,1.001474956791939,NA,1.001614712938203,NA
9872650,62,b o ʒ i l,5,-21.431083494530565,NA,-17.705568653800018,NA,-17.83640175391364,NA,1.2532448349058904,NA,1.2530775477498026,NA,1.0092351210095205,NA,1.0089534298645335,NA
9872650,64,b o z y z,5,-19.26283358646827,NA,-16.006298136958325,NA,-16.038972563588715,NA,1.2096753412240209,NA,1.2095880258287266,NA,1.011931948070003,NA,1.0115128583515274,NA
9872650,59,g ɯ d͡ʒ u ɾ,5,-18.401954124401353,NA,-15.514694512570816,NA,-15.553988277275629,NA,1.2206968713441448,NA,1.2205683468578952,NA,1.0114276001889089,NA,1.0109684044339573,NA
9872650,53,n ɯ c y j,5,-20.443678587627296,NA,-Inf,NA,-28.54826058980769,NA,1.1194433120611658,NA,1.119511701447071,NA,1.0005205875821277,NA,1.0007091769497731,NA
9872650,44,g ɯ ɟ e ʒ,5,-24.30578124525424,NA,-Inf,NA,-24.815598505272497,NA,1.196280249113463,NA,1.1962148980539262,NA,1.002806683496261,NA,1.0028744767627225,NA
9872650,62,ɫ a c y c,5,-22.026637500586897,NA,-Inf,NA,-27.84286977614221,NA,1.303338955612124,NA,1.3030961175258404,NA,1.0029370543066431,NA,1.0029999110352912,NA
9872650,47,j a b u ʒ,5,-19.31027464586884,NA,-18.66177474584945,NA,-18.602207543248568,NA,1.3727688430545328,NA,1.3724036038051812,NA,1.029576112826616,NA,1.02823132533125,NA
9872650,52,b e ʒ a v,5,-18.887323500746025,NA,-19.56906284531509,NA,-19.661279048791737,NA,1.441131755390738,NA,1.4406313873886738,NA,1.018474361069321,NA,1.01766664871558,NA
9872650,84,k u ɾ i n,5,-14.89701971471122,NA,-12.94195303395921,NA,-12.96493491685879,NA,1.5007331881655468,NA,1.5001135144861943,NA,1.0493627462694506,NA,1.0468268577985411,NA
9872650,73,ɫ a t a j,5,-13.539207723328191,NA,-16.70963205807083,NA,-16.722833062461532,NA,1.5581158667217818,NA,1.5574094336214954,NA,1.0364821239096451,NA,1.0346702629498348,NA
9872650,48,t͡ʃ ø j o ʒ,5,-23.110844320056284,NA,-18.612897025047648,NA,-18.738353722963613,NA,1.1138647273701043,NA,1.1139491411652993,NA,1.0038353772712676,NA,1.0038463961880495,NA
9872650,40,m y ʒ ø z,5,-22.32662891088082,NA,-18.58658519622501,NA,-18.33479718703259,NA,1.187771311398157,NA,1.1877241782403851,NA,1.027167731420923,NA,1.0259561075629384,NA
9872650,59,n ɯ c i v,5,-19.93088069637855,NA,-Inf,NA,-29.55229981701376,NA,1.201667544130325,NA,1.201588410921533,NA,1.0018247936466855,NA,1.0019317455664367,NA
9872650,52,b o ʒ a n,5,-18.87907738678704,NA,-15.653898437212243,NA,-15.751763646111796,NA,1.3952268910920227,NA,1.3947842803728532,NA,1.034064398232142,NA,1.0322259545780297,NA
9872650,58,l i l e h,5,-18.919528331099233,NA,-28.0860697294688,NA,-27.46035835823068,NA,1.2245450186213964,NA,1.2244264214977632,NA,1.0031029632868411,NA,1.0031441439625928,NA
9872650,48,b ɯ d a ʒ,5,-19.12602055601626,NA,-20.08567575275351,NA,-20.179115494716157,NA,1.3411283852127902,NA,1.3408045259119057,NA,1.0103448182681387,NA,1.0099894506104767,NA
9872650,55,k ɯ k o n,5,-15.853117021089924,NA,-12.795133988211877,NA,-12.823178946592495,NA,1.321191395011316,NA,1.3208914663733455,NA,1.0259375020257335,NA,1.0247328374892803,NA
9872650,52,h a h a ʒ,5,-18.279717885936645,NA,-15.5480561905522,NA,-15.694802669418907,NA,1.5324850375176986,NA,1.5318300917569716,NA,1.049136449025569,NA,1.046733780370724,NA
9872650,61,b o ʒ u ɾ,5,-20.188385139391087,NA,-16.322503633728758,NA,-16.394241238881506,NA,1.250175714529859,NA,1.249996348711549,NA,1.0147786024753525,NA,1.0141465127170373,NA
9872650,41,ʃ e z u ʒ,5,-20.413361161166105,NA,-21.30607077641668,NA,-21.23961045572301,NA,1.274892670609532,NA,1.2746965965867414,NA,1.0140542779889286,NA,1.0135267325647053,NA
9872650,53,ʃ u ɟ y ɾ,5,-21.957256044240108,NA,-22.499173241968023,NA,-21.920606300134068,NA,1.1847548415426716,NA,1.1846904267614222,NA,1.0053463860468044,NA,1.0052425528526925,NA
9872650,97,t e ɾ a n,5,-13.154797069130572,NA,-11.724338917087254,NA,-11.742921937601642,NA,1.6505512704719087,NA,1.6496653866651498,NA,1.1099233378103026,NA,1.104018173778758,NA
9872650,53,ɫ o m ø s,5,-18.19297547659577,NA,-23.7185910215694,NA,-23.576018053983702,NA,1.1580890131919466,NA,1.1580884043189272,NA,1.006369125718587,NA,1.0062507303895665,NA
9872650,53,m y d͡ʒ u z,5,-18.768087972695568,NA,-15.447888818271592,NA,-15.47911401039972,NA,1.2404912354404627,NA,1.2403491166587477,NA,1.0319024111948645,NA,1.0304219098064595,NA
9872650,42,h y ʒ o ʒ,5,-24.26036702153048,NA,-23.09409359618359,NA,-22.955847081614372,NA,1.1385613608532974,NA,1.1386035176599465,NA,1.0022002270881678,NA,1.0023005246401142,NA
9872650,55,v ø l i c,5,-23.521629066683385,NA,-Inf,NA,-33.25997944794797,NA,1.1642026037351003,NA,1.1641922265701674,NA,1.0003260515161396,NA,1.0005235520380404,NA
9872650,54,n u l e ɾ,5,-16.7353899896315,NA,-21.8754485295826,NA,-21.502576488019884,NA,1.2814781732006866,NA,1.2812387575669788,NA,1.0164999980354623,NA,1.0157043429334207,NA
9872650,40,h ø ʃ a ʒ,5,-21.446707936005243,NA,-21.13827944442946,NA,-21.18485938345635,NA,1.2838250896845864,NA,1.2836003756660834,NA,1.0078943784157934,NA,1.007671292277256,NA
9872650,98,h a c i z,5,-19.17393398541818,NA,-Inf,NA,-21.131318076779458,NA,1.44361829462378,NA,1.4431184887150887,NA,1.029014126217107,NA,1.027660226668782,NA
9872650,41,b i m y ʒ,5,-19.745708670599832,NA,-17.144470810093683,NA,-17.12870059621924,NA,1.224775815843954,NA,1.224668160873623,NA,1.017560989647938,NA,1.0168496999823045,NA
9872650,39,v e ɟ y ʒ,5,-24.678551245174873,NA,-25.322342225670877,NA,-24.826847868345496,NA,1.2138685991633609,NA,1.2137803225511092,NA,1.0052790884770466,NA,1.0052181146545902,NA
9872650,65,v ø ɟ y m,5,-24.02986774956105,NA,-Inf,NA,-25.69225069164061,NA,1.09995900556369,NA,1.10005431962118,NA,1.002654692924395,NA,1.0027073865105098,NA
9872650,39,z a ʒ ɯ ʒ,5,-21.998094155474003,NA,-Inf,NA,-26.305727027014363,NA,1.3354719613518329,NA,1.3351706136026844,NA,1.0043869150779896,NA,1.0043743138247614,NA
9872650,100,l y l i c,5,-22.910768313384416,NA,-Inf,NA,-32.397687831098054,NA,1.203960562382335,NA,1.203881391318237,NA,1.0008711294622858,NA,1.0010398142992691,NA
9872650,50,b o p ɯ z,5,-18.80572539465341,NA,-15.575160863623148,NA,-15.6123249065678,NA,1.2287916059057706,NA,1.228668657107823,NA,1.014936867151038,NA,1.014349109888668,NA
9872650,53,b u ʒ u z,5,-21.183579400179205,NA,-19.10099770791221,NA,-18.99855357037276,NA,1.1919528697614603,NA,1.191894841679337,NA,1.0090301397771717,NA,1.008755156382551,NA
9872671,58,n u g u v,5,-18.88780549394557,NA,-23.829955675252805,NA,-23.77692043460571,NA,1.1475726601589815,NA,1.147593398617559,NA,1.002664785337298,NA,1.0027359066125898,NA
9872671,19,l i ʒ a v,5,-20.23050859359168,NA,-26.93864092108832,NA,-26.6862720433174,NA,1.2954686251708838,NA,1.2952202250027611,NA,1.005853468543388,NA,1.005709010195803,NA
9872671,18,s ø ɾ u ɾ,5,-17.419868282345767,NA,-15.476373057880078,NA,-15.513651402105268,NA,1.3518503805959323,NA,1.3514935705505449,NA,1.0191373454814323,NA,1.0182579368786828,NA
9872671,58,b o ʒ u ɾ,5,-20.188385139391087,NA,-16.322503633728758,NA,-16.394241238881506,NA,1.250175714529859,NA,1.249996348711549,NA,1.0147786024753525,NA,1.0141465127170373,NA
9872671,19,l i l e h,5,-18.919528331099233,NA,-28.0860697294688,NA,-27.46035835823068,NA,1.2245450186213964,NA,1.2244264214977632,NA,1.0031029632868411,NA,1.0031441439625928,NA
9872671,54,m y ɟ y z,5,-22.469309252839896,NA,-20.420586661988004,NA,-19.572854959613927,NA,1.207846762933068,NA,1.2077630593896518,NA,1.027561468749568,NA,1.0263250935198331,NA
9872671,18,j o c ø f,5,-23.34087968343175,NA,-Inf,NA,-24.211050554951704,NA,1.1207079699595697,NA,1.1207782546784186,NA,1.0033803356801,NA,1.003419297076754,NA
9872671,59,g ɯ d͡ʒ u ɾ,5,-18.401954124401353,NA,-15.514694512570816,NA,-15.553988277275629,NA,1.2206968713441448,NA,1.2205683468578952,NA,1.0114276001889089,NA,1.0109684044339573,NA
9872671,58,l i g a v,5,-18.317025751495315,NA,-24.901990127973495,NA,-24.64460050717379,NA,1.3020095605246391,NA,1.3017497711993005,NA,1.0094632673533137,NA,1.0091216418905589,NA
9872671,59,b i t͡ʃ ø z,5,-19.756398366120063,NA,-16.19975610039546,NA,-16.23976513062291,NA,1.1837400183652915,NA,1.1836997124750908,NA,1.0128196585784826,NA,1.0123617470711583,NA
9872671,23,h a h a ʒ,5,-18.279717885936645,NA,-15.5480561905522,NA,-15.694802669418907,NA,1.5324850375176986,NA,1.5318300917569716,NA,1.049136449025569,NA,1.046733780370724,NA
9872671,16,ɫ a c y c,5,-22.026637500586897,NA,-Inf,NA,-27.84286977614221,NA,1.303338955612124,NA,1.3030961175258404,NA,1.0029370543066431,NA,1.0029999110352912,NA
9872671,61,s ø ɾ ø ɾ,5,-18.916248108852137,NA,-17.736643428071496,NA,-17.750937164122824,NA,1.311449218136533,NA,1.3111659441356651,NA,1.006315849424642,NA,1.0061905369137407,NA
9872671,17,b o ʒ i l,5,-21.431083494530565,NA,-17.705568653800018,NA,-17.83640175391364,NA,1.2532448349058904,NA,1.2530775477498026,NA,1.0092351210095205,NA,1.0089534298645335,NA
9872671,14,v ɯ c ø c,5,-25.87442309272073,NA,-Inf,NA,-32.19927328021738,NA,1.0761529069919815,NA,1.076304970573472,NA,1.0002707972270364,NA,1.000474478028374,NA
9872671,22,j a b u ʒ,5,-19.31027464586884,NA,-18.66177474584945,NA,-18.602207543248568,NA,1.3727688430545328,NA,1.3724036038051812,NA,1.029576112826616,NA,1.02823132533125,NA
9872671,20,b y ʒ u ʒ,5,-23.866384100399888,NA,-23.067365963329937,NA,-22.908307977729834,NA,1.1812596797175028,NA,1.1812260558503582,NA,1.0029253067504076,NA,1.0029894710389118,NA
9872671,19,n y m ɯ j,5,-16.9785438270158,NA,-22.43669703100411,NA,-22.421232711240805,NA,1.2136164438653825,NA,1.21351869881907,NA,1.006133848620259,NA,1.0060194361555963,NA
9872671,16,z ø ʒ i l,5,-22.936420602528372,NA,-Inf,NA,-24.4772263559713,NA,1.157513007334928,NA,1.157511308073952,NA,1.001760072495694,NA,1.0018712112846873,NA
9872671,17,v ø l ø h,5,-23.290063091036213,NA,-Inf,NA,-32.28412824653789,NA,1.0659556661882257,NA,1.066120812453014,NA,1,1,1.0002179098838746,1
9872671,56,ɫ o h u v,5,-18.593599295416848,NA,-24.062385001701756,NA,-23.99927255278523,NA,1.1612070751754773,NA,1.1612039662326097,NA,1.0043702249837334,NA,1.004350345813558,NA
9872671,84,h a c i z,5,-19.17393398541818,NA,-Inf,NA,-21.131318076779458,NA,1.44361829462378,NA,1.4431184887150887,NA,1.029014126217107,NA,1.027660226668782,NA
9872671,56,h a ʒ u z,5,-19.829474654606734,NA,-17.11965647191572,NA,-17.218070915836304,NA,1.3720422673264103,NA,1.3716726499377587,NA,1.0259268416966203,NA,1.0247640708076309,NA
9872671,56,t͡ʃ i d͡ʒ ɯ t͡ʃ,5,-18.934215266206888,NA,-18.007434786889252,NA,-18.031020698229675,NA,1.1892406476791797,NA,1.1891896194854592,NA,1.007346548615294,NA,1.007170341171165,NA
9872671,13,n y n i v,5,-16.875155560146357,NA,-21.870278494630696,NA,-21.860137136995288,NA,1.2901878365226052,NA,1.2899547596023124,NA,1.015590305177985,NA,1.014953753172737,NA
9872671,56,m y ɾ e ɾ,5,-14.984624734814105,NA,-12.552940803573671,NA,-12.57913149636152,NA,1.489033852575989,NA,1.4884339967257736,NA,1.064327496486173,NA,1.060981828884185,NA
9872671,57,m y d͡ʒ u z,5,-18.768087972695568,NA,-15.447888818271592,NA,-15.47911401039972,NA,1.2404912354404627,NA,1.2403491166587477,NA,1.0319024111948645,NA,1.0304219098064595,NA
9872671,83,ɫ a c e c,5,-20.652231711132256,NA,-Inf,NA,-27.899065041129965,NA,1.386819495813845,NA,1.3864247108936807,NA,1.0035239470356945,NA,1.00355006691279,NA
9872671,59,n y m ø s,5,-18.304860118330534,NA,-23.800973686763864,NA,-23.65109261672794,NA,1.1731956986207523,NA,1.1731689601736792,NA,1.0049036855497242,NA,1.0048624490342637,NA
9872671,28,ɟ i ʒ o ʒ,5,-26.818661125757455,NA,-29.39941525084724,NA,-28.902870287169502,NA,1.1099298726971636,NA,1.110021532393878,NA,1.0005226776773717,NA,1.000711052533111,NA
9872671,15,b u h a ʒ,5,-19.63382263150912,NA,-16.589829009805186,NA,-16.73205715679298,NA,1.3523956399527486,NA,1.3520522834985491,NA,1.021610727156267,NA,1.0206577518516846,NA
9872671,19,h ø ʃ a ʒ,5,-21.446707936005243,NA,-21.13827944442946,NA,-21.18485938345635,NA,1.2838250896845864,NA,1.2836003756660834,NA,1.0078943784157934,NA,1.007671292277256,NA
9872671,22,n ɯ ʒ ɯ ʒ,5,-22.414816280194614,NA,-Inf,NA,-30.786845680157285,NA,1.1290677347665397,NA,1.129123492209685,NA,1.0003249566724437,NA,1.0005257916572736,NA
9872671,57,h a t͡ʃ ø z,5,-19.291182011224596,NA,-16.038256272556517,NA,-16.08294553334273,NA,1.3428697105576248,NA,1.3425540778269385,NA,1.02767606738203,NA,1.026436686056419,NA
9872671,20,ɟ e j o ʒ,5,-23.913791342449223,NA,-Inf,NA,-24.87491275380586,NA,1.2374689664526486,NA,1.2373395107029062,NA,1.0110946677328192,NA,1.010721436984636,NA
9872671,87,t e ɾ a n,5,-13.154797069130572,NA,-11.724338917087254,NA,-11.742921937601642,NA,1.6505512704719087,NA,1.6496653866651498,NA,1.1099233378103026,NA,1.104018173778758,NA
9872671,25,b i ɟ i ʒ,5,-23.15230334260776,NA,-24.915909991588407,NA,-24.35353692250794,NA,1.266203336252664,NA,1.2660164134332708,NA,1.012035144436651,NA,1.0116199754960176,NA
9872671,24,g ɯ ɟ e ʒ,5,-24.30578124525424,NA,-Inf,NA,-24.815598505272497,NA,1.196280249113463,NA,1.1962148980539262,NA,1.002806683496261,NA,1.0028744767627225,NA
9872671,24,n ɯ c i v,5,-19.93088069637855,NA,-Inf,NA,-29.55229981701376,NA,1.201667544130325,NA,1.201588410921533,NA,1.0018247936466855,NA,1.0019317455664367,NA
9872671,89,g u h a n,5,-16.986187982608918,NA,-14.003209503389854,NA,-14.037361297492396,NA,1.393585672209114,NA,1.3931455531370758,NA,1.041008945259303,NA,1.0387823974648764,NA
9872671,59,ʃ u ɟ y ɾ,5,-21.957256044240108,NA,-22.499173241968023,NA,-21.920606300134068,NA,1.1847548415426716,NA,1.1846904267614222,NA,1.0053463860468044,NA,1.0052425528526925,NA
9872671,61,k ɯ k o n,5,-15.853117021089924,NA,-12.795133988211877,NA,-12.823178946592495,NA,1.321191395011316,NA,1.3208914663733455,NA,1.0259375020257335,NA,1.0247328374892803,NA
9872671,84,ɫ a t a j,5,-13.539207723328191,NA,-16.70963205807083,NA,-16.722833062461532,NA,1.5581158667217818,NA,1.5574094336214954,NA,1.0364821239096451,NA,1.0346702629498348,NA
9872671,55,ɫ o m ø s,5,-18.19297547659577,NA,-23.7185910215694,NA,-23.576018053983702,NA,1.1580890131919466,NA,1.1580884043189272,NA,1.006369125718587,NA,1.0062507303895665,NA
9872671,30,n u ʒ ɯ h,5,-20.24619677932734,NA,-27.810791659163197,NA,-27.023579690957725,NA,1.1518762179262898,NA,1.1518883333637062,NA,1.0010090676384151,NA,1.0011719374015406,NA
9872671,21,b i m y ʒ,5,-19.745708670599832,NA,-17.144470810093683,NA,-17.12870059621924,NA,1.224775815843954,NA,1.224668160873623,NA,1.017560989647938,NA,1.0168496999823045,NA
9872671,89,k u ɾ i n,5,-14.89701971471122,NA,-12.94195303395921,NA,-12.96493491685879,NA,1.5007331881655468,NA,1.5001135144861943,NA,1.0493627462694506,NA,1.0468268577985411,NA
9872671,57,n e m ø h,5,-17.63893282018263,NA,-23.558108707134007,NA,-23.245886540663424,NA,1.2573677552147065,NA,1.2572013402029647,NA,1.0157239137890697,NA,1.015111998046541,NA
9872671,27,b e ʒ a v,5,-18.887323500746025,NA,-19.56906284531509,NA,-19.661279048791737,NA,1.441131755390738,NA,1.4406313873886738,NA,1.018474361069321,NA,1.01766664871558,NA
9872671,20,z a ʒ ɯ ʒ,5,-21.998094155474003,NA,-Inf,NA,-26.305727027014363,NA,1.3354719613518329,NA,1.3351706136026844,NA,1.0043869150779896,NA,1.0043743138247614,NA
9872671,21,n ø t a j,5,-16.60787778582062,NA,-20.729930991692015,NA,-20.69776307610008,NA,1.3204062609894092,NA,1.3201110967426837,NA,1.0202544768288162,NA,1.019299714440256,NA
9872671,19,b u ʒ u z,5,-21.183579400179205,NA,-19.10099770791221,NA,-18.99855357037276,NA,1.1919528697614603,NA,1.191894841679337,NA,1.0090301397771717,NA,1.008755156382551,NA
9872671,21,h y ʒ o ʒ,5,-24.26036702153048,NA,-23.09409359618359,NA,-22.955847081614372,NA,1.1385613608532974,NA,1.1386035176599465,NA,1.0022002270881678,NA,1.0023005246401142,NA
9872671,20,ʃ o ʒ a v,5,-20.47724743734481,NA,-22.61856961138616,NA,-22.667019868719475,NA,1.288367615858368,NA,1.2881315117422223,NA,1.0061232207228026,NA,1.005964640548633,NA
9872671,88,t i s ø ɾ,5,-16.6433666420812,NA,-15.288823083741889,NA,-15.32336104232457,NA,1.2934630318516254,NA,1.2932118263382686,NA,1.009196713442622,NA,1.0089195099707884,NA
9872671,88,t i k u ɾ,5,-14.757321292630818,NA,-13.776182245400546,NA,-13.797827878122703,NA,1.3425309336547508,NA,1.3421911014635628,NA,1.0178435286691223,NA,1.01704029300458,NA
9872671,25,h y ʒ a ʒ,5,-22.512279354827413,NA,-22.102878518280345,NA,-22.166868313437227,NA,1.3079157400202015,NA,1.3076496470041246,NA,1.0032923482443703,NA,1.0033251342986491,NA
9872671,53,n u c i v,5,-20.145747666853374,NA,-Inf,NA,-28.879295751792085,NA,1.2126077521025955,NA,1.2125096911983495,NA,1.0022042581137438,NA,1.0022912535659585,NA
9872671,58,n u v ø h,5,-19.914181691206203,NA,-Inf,NA,-27.03470635875693,NA,1.1319802610032077,NA,1.1320309822151344,NA,1.0023941627725557,NA,1.0024857126666045,NA
9872671,23,d͡ʒ o c i c,5,-23.871817361041813,NA,-Inf,NA,-30.898696726610687,NA,1.1985751556303774,NA,1.1985054370150776,NA,1.000922153764827,NA,1.0010883145531615,NA
9872671,24,b ɯ d a ʒ,5,-19.12602055601626,NA,-20.08567575275351,NA,-20.179115494716157,NA,1.3411283852127902,NA,1.3408045259119057,NA,1.0103448182681387,NA,1.0099894506104767,NA
9872671,22,l e ʒ i z,5,-20.353317059019144,NA,-23.404909965851168,NA,-23.138865417442208,NA,1.3100161638106471,NA,1.3097474876247677,NA,1.005750594004306,NA,1.005617778175364,NA
9872671,82,k u t ø ɾ,5,-17.142589509814194,NA,-15.653402142063069,NA,-15.691176305475931,NA,1.32230203950961,NA,1.3220007996898406,NA,1.018129501377924,NA,1.0173831055756966,NA
9872671,58,d͡ʒ y b a ʒ,5,-20.242830063624115,NA,-19.67879062473088,NA,-19.79752495934659,NA,1.3058041354405645,NA,1.3055414123656015,NA,1.0127232269111113,NA,1.01223747830455,NA
9872671,17,t͡ʃ e ʒ u ʒ,5,-23.048080491923255,NA,-22.073070829734753,NA,-22.06130764515632,NA,1.2460500918115391,NA,1.2459043466753474,NA,1.0066654436263762,NA,1.0065329248080075,NA
9872671,19,t͡ʃ e ʒ ø z,5,-22.14933769066073,NA,-19.18578744927172,NA,-19.077176117348685,NA,1.222407977281713,NA,1.2223008694112456,NA,1.00686107453606,NA,1.0067163101005072,NA
9872671,19,b o p o ʒ,5,-21.602409734503315,NA,-17.33475181640033,NA,-17.45672173398626,NA,1.180862690747296,NA,1.1808313744606571,NA,1.012965315438448,NA,1.01249501576141,NA
9872671,56,ɟ ø t͡ʃ e ʒ,5,-25.895838414443286,NA,-Inf,NA,-26.01302387459999,NA,1.140043237235324,NA,1.1400750278451808,NA,1.0022924360788037,NA,1.0023829981607115,NA
9872671,20,b o ʒ a n,5,-18.87907738678704,NA,-15.653898437212243,NA,-15.751763646111796,NA,1.3952268910920227,NA,1.3947842803728532,NA,1.034064398232142,NA,1.0322259545780297,NA
9872671,15,n u d͡ʒ o h,5,-18.585597379729464,NA,-24.726458930397825,NA,-24.61717125138857,NA,1.1330251122802943,NA,1.1330725118708005,NA,1.001474956791939,NA,1.001614712938203,NA
9872671,16,b ø t͡ʃ u ʒ,5,-23.04040938456597,NA,-22.79008801093924,NA,-22.657649428790645,NA,1.141361768943645,NA,1.1413970478706803,NA,1.0020862604454976,NA,1.0021930802819217,NA
9872671,20,t͡ʃ ø j o ʒ,5,-23.110844320056284,NA,-18.612897025047648,NA,-18.738353722963613,NA,1.1138647273701043,NA,1.1139491411652993,NA,1.0038353772712676,NA,1.0038463961880495,NA
9872671,90,n u l e ɾ,5,-16.7353899896315,NA,-21.8754485295826,NA,-21.502576488019884,NA,1.2814781732006866,NA,1.2812387575669788,NA,1.0164999980354623,NA,1.0157043429334207,NA
9872671,28,g ɯ ʒ u ʒ,5,-24.04112686624343,NA,-Inf,NA,-24.742720107269367,NA,1.1331254198362304,NA,1.1331750499516993,NA,1.0024913344887347,NA,1.002578336813267,NA
9872671,64,ɟ i ɟ i c,5,-27.327803810976384,NA,-34.544864796093734,NA,-33.39335316750246,NA,1.200631107369301,NA,1.2005578354972886,NA,1.0004350671053688,NA,1.0006268044902862,NA
9872671,23,v ɯ ʒ a ʒ,5,-22.349954898140567,NA,-Inf,NA,-25.81550837135159,NA,1.2641123593074002,NA,1.2639220306428625,NA,1.0015585492929229,NA,1.0016824729794085,NA
9872671,59,s ø ɾ ɯ ɾ,5,-17.20500131187094,NA,-15.07133366695696,NA,-15.108072623586152,NA,1.3616515088653494,NA,1.3612768593282027,NA,1.0224207245664567,NA,1.021344720223736,NA
9872671,59,g ɯ d͡ʒ i n,5,-17.765150906217194,NA,-14.572887378272108,NA,-14.613885458742647,NA,1.288193771309351,NA,1.2879431620866866,NA,1.019118781821044,NA,1.0181985618821732,NA
9872671,90,ɟ e ɟ i c,5,-27.129968484650533,NA,-Inf,NA,-33.995918426500694,NA,1.286798785012282,NA,1.286576434113205,NA,1.0004350671053688,NA,1.0006268044902862,NA
9872671,58,z a ʒ o ʒ,5,-22.39965586755501,NA,-21.87536781165056,NA,-21.900778541508014,NA,1.3043020941229309,NA,1.3040574801062963,NA,1.0045825459876734,NA,1.004557699117261,NA
9872671,21,m y ʒ ø z,5,-22.32662891088082,NA,-18.58658519622501,NA,-18.33479718703259,NA,1.187771311398157,NA,1.1877241782403851,NA,1.027167731420923,NA,1.0259561075629384,NA
9872671,20,b e v e ʒ,5,-19.361992708840056,NA,-16.706821942985723,NA,-16.834862117610335,NA,1.3761639224927549,NA,1.3757870363920413,NA,1.0278984680883785,NA,1.0266329792683782,NA
9872671,50,b o p ɯ z,5,-18.80572539465341,NA,-15.575160863623148,NA,-15.6123249065678,NA,1.2287916059057706,NA,1.228668657107823,NA,1.014936867151038,NA,1.014349109888668,NA
9872671,23,b a ɟ ø ʒ,5,-24.86506702537125,NA,-Inf,NA,-23.420803652697536,NA,1.3358300822798563,NA,1.335532677648985,NA,1.0206378838430394,NA,1.0197712158697192,NA
9872671,26,v ø l i c,5,-23.521629066683385,NA,-Inf,NA,-33.25997944794797,NA,1.1642026037351003,NA,1.1641922265701674,NA,1.0003260515161396,NA,1.0005235520380404,NA
9872671,83,l y l i c,5,-22.910768313384416,NA,-Inf,NA,-32.397687831098054,NA,1.203960562382335,NA,1.203881391318237,NA,1.0008711294622858,NA,1.0010398142992691,NA
9872671,26,ɟ i ʒ u ʒ,5,-26.631966384151276,NA,-29.991575100561576,NA,-29.47052707287037,NA,1.1312986116566484,NA,1.1313513771126087,NA,1.0003270467676877,NA,1.0005276672406118,NA
9872671,25,v e ɟ y ʒ,5,-24.678551245174873,NA,-25.322342225670877,NA,-24.826847868345496,NA,1.2138685991633609,NA,1.2137803225511092,NA,1.0052790884770466,NA,1.0052181146545902,NA
9872671,26,n ɯ v ø c,5,-22.316148913561925,NA,-Inf,NA,-30.445293983702243,NA,1.1084544645079504,NA,1.1085503214476562,NA,1.001905682716268,NA,1.0020229522148367,NA
9872671,83,g a ɟ i l,5,-21.711665732611312,NA,-21.848897140452937,NA,-21.63415311259603,NA,1.4234248610169082,NA,1.4229631257047886,NA,1.0082939096649637,NA,1.0080627500036243,NA
9872671,18,l e ʒ ɯ h,5,-21.03897463564812,NA,-30.18402807989924,NA,-29.205404715536854,NA,1.244495155727509,NA,1.2443470199359166,NA,1.0007952166504448,NA,1.0009691836637256,NA
9872671,25,n ɯ c y j,5,-20.443678587627296,NA,-Inf,NA,-28.54826058980769,NA,1.1194433120611658,NA,1.119511701447071,NA,1.0005205875821277,NA,1.0007091769497731,NA
9872671,63,ɫ o h e s,5,-16.45817250086749,NA,-21.317120361286086,NA,-21.272071082039435,NA,1.2426762924026875,NA,1.24252019486607,NA,1.009570595243294,NA,1.0092260466145833,NA
9872671,58,v ø ɟ y m,5,-24.02986774956105,NA,-Inf,NA,-25.69225069164061,NA,1.09995900556369,NA,1.10005431962118,NA,1.002654692924395,NA,1.0027073865105098,NA
9872671,27,ʃ e z u ʒ,5,-20.413361161166105,NA,-21.30607077641668,NA,-21.23961045572301,NA,1.274892670609532,NA,1.2746965965867414,NA,1.0140542779889286,NA,1.0135267325647053,NA
9872671,27,b o z y z,5,-19.26283358646827,NA,-16.006298136958325,NA,-16.038972563588715,NA,1.2096753412240209,NA,1.2095880258287266,NA,1.011931948070003,NA,1.0115128583515274,NA
9872942,97,b i t͡ʃ ø z,5,-19.756398366120063,NA,-16.19975610039546,NA,-16.23976513062291,NA,1.1837400183652915,NA,1.1836997124750908,NA,1.0128196585784826,NA,1.0123617470711583,NA
9872942,84,ɫ a c e c,5,-20.652231711132256,NA,-Inf,NA,-27.899065041129965,NA,1.386819495813845,NA,1.3864247108936807,NA,1.0035239470356945,NA,1.00355006691279,NA
9872942,22,h a ʒ u z,5,-19.829474654606734,NA,-17.11965647191572,NA,-17.218070915836304,NA,1.3720422673264103,NA,1.3716726499377587,NA,1.0259268416966203,NA,1.0247640708076309,NA
9872942,71,k u t ø ɾ,5,-17.142589509814194,NA,-15.653402142063069,NA,-15.691176305475931,NA,1.32230203950961,NA,1.3220007996898406,NA,1.018129501377924,NA,1.0173831055756966,NA
9872942,14,s ø ɾ ɯ ɾ,5,-17.20500131187094,NA,-15.07133366695696,NA,-15.108072623586152,NA,1.3616515088653494,NA,1.3612768593282027,NA,1.0224207245664567,NA,1.021344720223736,NA
9872942,53,l i ʒ a v,5,-20.23050859359168,NA,-26.93864092108832,NA,-26.6862720433174,NA,1.2954686251708838,NA,1.2952202250027611,NA,1.005853468543388,NA,1.005709010195803,NA
9872942,0,t͡ʃ i d͡ʒ ɯ t͡ʃ,5,-18.934215266206888,NA,-18.007434786889252,NA,-18.031020698229675,NA,1.1892406476791797,NA,1.1891896194854592,NA,1.007346548615294,NA,1.007170341171165,NA
9872942,95,t i k u ɾ,5,-14.757321292630818,NA,-13.776182245400546,NA,-13.797827878122703,NA,1.3425309336547508,NA,1.3421911014635628,NA,1.0178435286691223,NA,1.01704029300458,NA
9872942,47,g a ɟ i l,5,-21.711665732611312,NA,-21.848897140452937,NA,-21.63415311259603,NA,1.4234248610169082,NA,1.4229631257047886,NA,1.0082939096649637,NA,1.0080627500036243,NA
9872942,55,l i g a v,5,-18.317025751495315,NA,-24.901990127973495,NA,-24.64460050717379,NA,1.3020095605246391,NA,1.3017497711993005,NA,1.0094632673533137,NA,1.0091216418905589,NA
9872942,100,h ø ʃ a ʒ,5,-21.446707936005243,NA,-21.13827944442946,NA,-21.18485938345635,NA,1.2838250896845864,NA,1.2836003756660834,NA,1.0078943784157934,NA,1.007671292277256,NA
9872942,40,g ɯ ʒ u ʒ,5,-24.04112686624343,NA,-Inf,NA,-24.742720107269367,NA,1.1331254198362304,NA,1.1331750499516993,NA,1.0024913344887347,NA,1.002578336813267,NA
9872942,74,t i s ø ɾ,5,-16.6433666420812,NA,-15.288823083741889,NA,-15.32336104232457,NA,1.2934630318516254,NA,1.2932118263382686,NA,1.009196713442622,NA,1.0089195099707884,NA
9872942,59,b i ɟ i ʒ,5,-23.15230334260776,NA,-24.915909991588407,NA,-24.35353692250794,NA,1.266203336252664,NA,1.2660164134332708,NA,1.012035144436651,NA,1.0116199754960176,NA
9872942,2,b o ʒ a n,5,-18.87907738678704,NA,-15.653898437212243,NA,-15.751763646111796,NA,1.3952268910920227,NA,1.3947842803728532,NA,1.034064398232142,NA,1.0322259545780297,NA
9872942,90,ɫ a c y c,5,-22.026637500586897,NA,-Inf,NA,-27.84286977614221,NA,1.303338955612124,NA,1.3030961175258404,NA,1.0029370543066431,NA,1.0029999110352912,NA
9872942,9,h a h a ʒ,5,-18.279717885936645,NA,-15.5480561905522,NA,-15.694802669418907,NA,1.5324850375176986,NA,1.5318300917569716,NA,1.049136449025569,NA,1.046733780370724,NA
9872942,56,v e ɟ y ʒ,5,-24.678551245174873,NA,-25.322342225670877,NA,-24.826847868345496,NA,1.2138685991633609,NA,1.2137803225511092,NA,1.0052790884770466,NA,1.0052181146545902,NA
9872942,44,m y ʒ ø z,5,-22.32662891088082,NA,-18.58658519622501,NA,-18.33479718703259,NA,1.187771311398157,NA,1.1877241782403851,NA,1.027167731420923,NA,1.0259561075629384,NA
9872942,47,b o p ɯ z,5,-18.80572539465341,NA,-15.575160863623148,NA,-15.6123249065678,NA,1.2287916059057706,NA,1.228668657107823,NA,1.014936867151038,NA,1.014349109888668,NA
9872942,10,b e v e ʒ,5,-19.361992708840056,NA,-16.706821942985723,NA,-16.834862117610335,NA,1.3761639224927549,NA,1.3757870363920413,NA,1.0278984680883785,NA,1.0266329792683782,NA
9872942,0,b u h a ʒ,5,-19.63382263150912,NA,-16.589829009805186,NA,-16.73205715679298,NA,1.3523956399527486,NA,1.3520522834985491,NA,1.021610727156267,NA,1.0206577518516846,NA
9872942,73,ʃ u ɟ y ɾ,5,-21.957256044240108,NA,-22.499173241968023,NA,-21.920606300134068,NA,1.1847548415426716,NA,1.1846904267614222,NA,1.0053463860468044,NA,1.0052425528526925,NA
9872942,72,b a ɟ ø ʒ,5,-24.86506702537125,NA,-Inf,NA,-23.420803652697536,NA,1.3358300822798563,NA,1.335532677648985,NA,1.0206378838430394,NA,1.0197712158697192,NA
9872942,92,s ø ɾ u ɾ,5,-17.419868282345767,NA,-15.476373057880078,NA,-15.513651402105268,NA,1.3518503805959323,NA,1.3514935705505449,NA,1.0191373454814323,NA,1.0182579368786828,NA
9872942,100,b i m y ʒ,5,-19.745708670599832,NA,-17.144470810093683,NA,-17.12870059621924,NA,1.224775815843954,NA,1.224668160873623,NA,1.017560989647938,NA,1.0168496999823045,NA
9872942,100,b o z y z,5,-19.26283358646827,NA,-16.006298136958325,NA,-16.038972563588715,NA,1.2096753412240209,NA,1.2095880258287266,NA,1.011931948070003,NA,1.0115128583515274,NA
9872942,15,v ɯ ʒ a ʒ,5,-22.349954898140567,NA,-Inf,NA,-25.81550837135159,NA,1.2641123593074002,NA,1.2639220306428625,NA,1.0015585492929229,NA,1.0016824729794085,NA
9872942,79,ɟ e ɟ i c,5,-27.129968484650533,NA,-Inf,NA,-33.995918426500694,NA,1.286798785012282,NA,1.286576434113205,NA,1.0004350671053688,NA,1.0006268044902862,NA
9872942,43,b e ʒ a v,5,-18.887323500746025,NA,-19.56906284531509,NA,-19.661279048791737,NA,1.441131755390738,NA,1.4406313873886738,NA,1.018474361069321,NA,1.01766664871558,NA
9872942,45,b y ʒ u ʒ,5,-23.866384100399888,NA,-23.067365963329937,NA,-22.908307977729834,NA,1.1812596797175028,NA,1.1812260558503582,NA,1.0029253067504076,NA,1.0029894710389118,NA
9872942,13,l e ʒ ɯ h,5,-21.03897463564812,NA,-30.18402807989924,NA,-29.205404715536854,NA,1.244495155727509,NA,1.2443470199359166,NA,1.0007952166504448,NA,1.0009691836637256,NA
9872942,78,n ø t a j,5,-16.60787778582062,NA,-20.729930991692015,NA,-20.69776307610008,NA,1.3204062609894092,NA,1.3201110967426837,NA,1.0202544768288162,NA,1.019299714440256,NA
9872942,75,g u h a n,5,-16.986187982608918,NA,-14.003209503389854,NA,-14.037361297492396,NA,1.393585672209114,NA,1.3931455531370758,NA,1.041008945259303,NA,1.0387823974648764,NA
9872942,72,d͡ʒ o c i c,5,-23.871817361041813,NA,-Inf,NA,-30.898696726610687,NA,1.1985751556303774,NA,1.1985054370150776,NA,1.000922153764827,NA,1.0010883145531615,NA
9872942,68,n u d͡ʒ o h,5,-18.585597379729464,NA,-24.726458930397825,NA,-24.61717125138857,NA,1.1330251122802943,NA,1.1330725118708005,NA,1.001474956791939,NA,1.001614712938203,NA
9872942,95,v ø ɟ y m,5,-24.02986774956105,NA,-Inf,NA,-25.69225069164061,NA,1.09995900556369,NA,1.10005431962118,NA,1.002654692924395,NA,1.0027073865105098,NA
9872942,15,n ɯ v ø c,5,-22.316148913561925,NA,-Inf,NA,-30.445293983702243,NA,1.1084544645079504,NA,1.1085503214476562,NA,1.001905682716268,NA,1.0020229522148367,NA
9872942,59,d͡ʒ y b a ʒ,5,-20.242830063624115,NA,-19.67879062473088,NA,-19.79752495934659,NA,1.3058041354405645,NA,1.3055414123656015,NA,1.0127232269111113,NA,1.01223747830455,NA
9872942,27,n y m ɯ j,5,-16.9785438270158,NA,-22.43669703100411,NA,-22.421232711240805,NA,1.2136164438653825,NA,1.21351869881907,NA,1.006133848620259,NA,1.0060194361555963,NA
9872942,38,n ɯ ʒ ɯ ʒ,5,-22.414816280194614,NA,-Inf,NA,-30.786845680157285,NA,1.1290677347665397,NA,1.129123492209685,NA,1.0003249566724437,NA,1.0005257916572736,NA
9872942,75,b o ʒ i l,5,-21.431083494530565,NA,-17.705568653800018,NA,-17.83640175391364,NA,1.2532448349058904,NA,1.2530775477498026,NA,1.0092351210095205,NA,1.0089534298645335,NA
9872942,14,ɫ o h e s,5,-16.45817250086749,NA,-21.317120361286086,NA,-21.272071082039435,NA,1.2426762924026875,NA,1.24252019486607,NA,1.009570595243294,NA,1.0092260466145833,NA
9872942,77,l y l i c,5,-22.910768313384416,NA,-Inf,NA,-32.397687831098054,NA,1.203960562382335,NA,1.203881391318237,NA,1.0008711294622858,NA,1.0010398142992691,NA
9872942,55,ɟ ø t͡ʃ e ʒ,5,-25.895838414443286,NA,-Inf,NA,-26.01302387459999,NA,1.140043237235324,NA,1.1400750278451808,NA,1.0022924360788037,NA,1.0023829981607115,NA
9872942,15,l i l e h,5,-18.919528331099233,NA,-28.0860697294688,NA,-27.46035835823068,NA,1.2245450186213964,NA,1.2244264214977632,NA,1.0031029632868411,NA,1.0031441439625928,NA
9872942,92,m y ɟ y z,5,-22.469309252839896,NA,-20.420586661988004,NA,-19.572854959613927,NA,1.207846762933068,NA,1.2077630593896518,NA,1.027561468749568,NA,1.0263250935198331,NA
9872942,8,ɫ o h u v,5,-18.593599295416848,NA,-24.062385001701756,NA,-23.99927255278523,NA,1.1612070751754773,NA,1.1612039662326097,NA,1.0043702249837334,NA,1.004350345813558,NA
9872942,54,t͡ʃ ø j o ʒ,5,-23.110844320056284,NA,-18.612897025047648,NA,-18.738353722963613,NA,1.1138647273701043,NA,1.1139491411652993,NA,1.0038353772712676,NA,1.0038463961880495,NA
9872942,45,z ø ʒ i l,5,-22.936420602528372,NA,-Inf,NA,-24.4772263559713,NA,1.157513007334928,NA,1.157511308073952,NA,1.001760072495694,NA,1.0018712112846873,NA
9872942,9,k ɯ k o n,5,-15.853117021089924,NA,-12.795133988211877,NA,-12.823178946592495,NA,1.321191395011316,NA,1.3208914663733455,NA,1.0259375020257335,NA,1.0247328374892803,NA
9872942,40,z a ʒ o ʒ,5,-22.39965586755501,NA,-21.87536781165056,NA,-21.900778541508014,NA,1.3043020941229309,NA,1.3040574801062963,NA,1.0045825459876734,NA,1.004557699117261,NA
9872942,72,n u c i v,5,-20.145747666853374,NA,-Inf,NA,-28.879295751792085,NA,1.2126077521025955,NA,1.2125096911983495,NA,1.0022042581137438,NA,1.0022912535659585,NA
9872942,85,b o p o ʒ,5,-21.602409734503315,NA,-17.33475181640033,NA,-17.45672173398626,NA,1.180862690747296,NA,1.1808313744606571,NA,1.012965315438448,NA,1.01249501576141,NA
9872942,57,ɟ i ʒ o ʒ,5,-26.818661125757455,NA,-29.39941525084724,NA,-28.902870287169502,NA,1.1099298726971636,NA,1.110021532393878,NA,1.0005226776773717,NA,1.000711052533111,NA
9872942,99,h a c i z,5,-19.17393398541818,NA,-Inf,NA,-21.131318076779458,NA,1.44361829462378,NA,1.4431184887150887,NA,1.029014126217107,NA,1.027660226668782,NA
9872942,9,j a b u ʒ,5,-19.31027464586884,NA,-18.66177474584945,NA,-18.602207543248568,NA,1.3727688430545328,NA,1.3724036038051812,NA,1.029576112826616,NA,1.02823132533125,NA
9872942,9,b ø t͡ʃ u ʒ,5,-23.04040938456597,NA,-22.79008801093924,NA,-22.657649428790645,NA,1.141361768943645,NA,1.1413970478706803,NA,1.0020862604454976,NA,1.0021930802819217,NA
9872942,12,z a ʒ ɯ ʒ,5,-21.998094155474003,NA,-Inf,NA,-26.305727027014363,NA,1.3354719613518329,NA,1.3351706136026844,NA,1.0043869150779896,NA,1.0043743138247614,NA
9872942,76,ɫ o m ø s,5,-18.19297547659577,NA,-23.7185910215694,NA,-23.576018053983702,NA,1.1580890131919466,NA,1.1580884043189272,NA,1.006369125718587,NA,1.0062507303895665,NA
9872942,9,b o ʒ u ɾ,5,-20.188385139391087,NA,-16.322503633728758,NA,-16.394241238881506,NA,1.250175714529859,NA,1.249996348711549,NA,1.0147786024753525,NA,1.0141465127170373,NA
9872942,1,ɟ i ʒ u ʒ,5,-26.631966384151276,NA,-29.991575100561576,NA,-29.47052707287037,NA,1.1312986116566484,NA,1.1313513771126087,NA,1.0003270467676877,NA,1.0005276672406118,NA
9872942,96,h a t͡ʃ ø z,5,-19.291182011224596,NA,-16.038256272556517,NA,-16.08294553334273,NA,1.3428697105576248,NA,1.3425540778269385,NA,1.02767606738203,NA,1.026436686056419,NA
9872942,35,h y ʒ a ʒ,5,-22.512279354827413,NA,-22.102878518280345,NA,-22.166868313437227,NA,1.3079157400202015,NA,1.3076496470041246,NA,1.0032923482443703,NA,1.0033251342986491,NA
9872942,83,n y m ø s,5,-18.304860118330534,NA,-23.800973686763864,NA,-23.65109261672794,NA,1.1731956986207523,NA,1.1731689601736792,NA,1.0049036855497242,NA,1.0048624490342637,NA
9872942,35,n u ʒ ɯ h,5,-20.24619677932734,NA,-27.810791659163197,NA,-27.023579690957725,NA,1.1518762179262898,NA,1.1518883333637062,NA,1.0010090676384151,NA,1.0011719374015406,NA
9872942,88,v ø l ø h,5,-23.290063091036213,NA,-Inf,NA,-32.28412824653789,NA,1.0659556661882257,NA,1.066120812453014,NA,1,1,1.0002179098838746,1
9872942,70,v ɯ c ø c,5,-25.87442309272073,NA,-Inf,NA,-32.19927328021738,NA,1.0761529069919815,NA,1.076304970573472,NA,1.0002707972270364,NA,1.000474478028374,NA
9872942,67,ɟ i ɟ i c,5,-27.327803810976384,NA,-34.544864796093734,NA,-33.39335316750246,NA,1.200631107369301,NA,1.2005578354972886,NA,1.0004350671053688,NA,1.0006268044902862,NA
9872942,0,ʃ o ʒ a v,5,-20.47724743734481,NA,-22.61856961138616,NA,-22.667019868719475,NA,1.288367615858368,NA,1.2881315117422223,NA,1.0061232207228026,NA,1.005964640548633,NA
9872942,54,g ɯ d͡ʒ i n,5,-17.765150906217194,NA,-14.572887378272108,NA,-14.613885458742647,NA,1.288193771309351,NA,1.2879431620866866,NA,1.019118781821044,NA,1.0181985618821732,NA
9872942,28,n e m ø h,5,-17.63893282018263,NA,-23.558108707134007,NA,-23.245886540663424,NA,1.2573677552147065,NA,1.2572013402029647,NA,1.0157239137890697,NA,1.015111998046541,NA
9872942,94,l e ʒ i z,5,-20.353317059019144,NA,-23.404909965851168,NA,-23.138865417442208,NA,1.3100161638106471,NA,1.3097474876247677,NA,1.005750594004306,NA,1.005617778175364,NA
9872942,98,m y ɾ e ɾ,5,-14.984624734814105,NA,-12.552940803573671,NA,-12.57913149636152,NA,1.489033852575989,NA,1.4884339967257736,NA,1.064327496486173,NA,1.060981828884185,NA
9872942,94,s ø ɾ ø ɾ,5,-18.916248108852137,NA,-17.736643428071496,NA,-17.750937164122824,NA,1.311449218136533,NA,1.3111659441356651,NA,1.006315849424642,NA,1.0061905369137407,NA
9872942,94,g ɯ d͡ʒ u ɾ,5,-18.401954124401353,NA,-15.514694512570816,NA,-15.553988277275629,NA,1.2206968713441448,NA,1.2205683468578952,NA,1.0114276001889089,NA,1.0109684044339573,NA
9872942,57,n ɯ c y j,5,-20.443678587627296,NA,-Inf,NA,-28.54826058980769,NA,1.1194433120611658,NA,1.119511701447071,NA,1.0005205875821277,NA,1.0007091769497731,NA
9872942,93,n u g u v,5,-18.88780549394557,NA,-23.829955675252805,NA,-23.77692043460571,NA,1.1475726601589815,NA,1.147593398617559,NA,1.002664785337298,NA,1.0027359066125898,NA
9872942,9,t͡ʃ e ʒ u ʒ,5,-23.048080491923255,NA,-22.073070829734753,NA,-22.06130764515632,NA,1.2460500918115391,NA,1.2459043466753474,NA,1.0066654436263762,NA,1.0065329248080075,NA
9872942,8,b u ʒ u z,5,-21.183579400179205,NA,-19.10099770791221,NA,-18.99855357037276,NA,1.1919528697614603,NA,1.191894841679337,NA,1.0090301397771717,NA,1.008755156382551,NA
9872942,93,t e ɾ a n,5,-13.154797069130572,NA,-11.724338917087254,NA,-11.742921937601642,NA,1.6505512704719087,NA,1.6496653866651498,NA,1.1099233378103026,NA,1.104018173778758,NA
9872942,33,t͡ʃ e ʒ ø z,5,-22.14933769066073,NA,-19.18578744927172,NA,-19.077176117348685,NA,1.222407977281713,NA,1.2223008694112456,NA,1.00686107453606,NA,1.0067163101005072,NA
9872942,78,k u ɾ i n,5,-14.89701971471122,NA,-12.94195303395921,NA,-12.96493491685879,NA,1.5007331881655468,NA,1.5001135144861943,NA,1.0493627462694506,NA,1.0468268577985411,NA
9872942,68,j o c ø f,5,-23.34087968343175,NA,-Inf,NA,-24.211050554951704,NA,1.1207079699595697,NA,1.1207782546784186,NA,1.0033803356801,NA,1.003419297076754,NA
9872942,38,n ɯ c i v,5,-19.93088069637855,NA,-Inf,NA,-29.55229981701376,NA,1.201667544130325,NA,1.201588410921533,NA,1.0018247936466855,NA,1.0019317455664367,NA
9872942,72,n y n i v,5,-16.875155560146357,NA,-21.870278494630696,NA,-21.860137136995288,NA,1.2901878365226052,NA,1.2899547596023124,NA,1.015590305177985,NA,1.014953753172737,NA
9872942,68,n u v ø h,5,-19.914181691206203,NA,-Inf,NA,-27.03470635875693,NA,1.1319802610032077,NA,1.1320309822151344,NA,1.0023941627725557,NA,1.0024857126666045,NA
9872942,27,h y ʒ o ʒ,5,-24.26036702153048,NA,-23.09409359618359,NA,-22.955847081614372,NA,1.1385613608532974,NA,1.1386035176599465,NA,1.0022002270881678,NA,1.0023005246401142,NA
9872942,41,b ɯ d a ʒ,5,-19.12602055601626,NA,-20.08567575275351,NA,-20.179115494716157,NA,1.3411283852127902,NA,1.3408045259119057,NA,1.0103448182681387,NA,1.0099894506104767,NA
9872942,10,v ø l i c,5,-23.521629066683385,NA,-Inf,NA,-33.25997944794797,NA,1.1642026037351003,NA,1.1641922265701674,NA,1.0003260515161396,NA,1.0005235520380404,NA
9872942,88,m y d͡ʒ u z,5,-18.768087972695568,NA,-15.447888818271592,NA,-15.47911401039972,NA,1.2404912354404627,NA,1.2403491166587477,NA,1.0319024111948645,NA,1.0304219098064595,NA
9872942,85,ɫ a t a j,5,-13.539207723328191,NA,-16.70963205807083,NA,-16.722833062461532,NA,1.5581158667217818,NA,1.5574094336214954,NA,1.0364821239096451,NA,1.0346702629498348,NA
9872942,41,ʃ e z u ʒ,5,-20.413361161166105,NA,-21.30607077641668,NA,-21.23961045572301,NA,1.274892670609532,NA,1.2746965965867414,NA,1.0140542779889286,NA,1.0135267325647053,NA
9872942,43,g ɯ ɟ e ʒ,5,-24.30578124525424,NA,-Inf,NA,-24.815598505272497,NA,1.196280249113463,NA,1.1962148980539262,NA,1.002806683496261,NA,1.0028744767627225,NA
9872942,97,n u l e ɾ,5,-16.7353899896315,NA,-21.8754485295826,NA,-21.502576488019884,NA,1.2814781732006866,NA,1.2812387575669788,NA,1.0164999980354623,NA,1.0157043429334207,NA
9872942,31,ɟ e j o ʒ,5,-23.913791342449223,NA,-Inf,NA,-24.87491275380586,NA,1.2374689664526486,NA,1.2373395107029062,NA,1.0110946677328192,NA,1.010721436984636,NA
9873088,33,g ɯ ʒ u ʒ,5,-24.04112686624343,NA,-Inf,NA,-24.742720107269367,NA,1.1331254198362304,NA,1.1331750499516993,NA,1.0024913344887347,NA,1.002578336813267,NA
9873088,57,n e m ø h,5,-17.63893282018263,NA,-23.558108707134007,NA,-23.245886540663424,NA,1.2573677552147065,NA,1.2572013402029647,NA,1.0157239137890697,NA,1.015111998046541,NA
9873088,43,b a ɟ ø ʒ,5,-24.86506702537125,NA,-Inf,NA,-23.420803652697536,NA,1.3358300822798563,NA,1.335532677648985,NA,1.0206378838430394,NA,1.0197712158697192,NA
9873088,20,n ɯ v ø c,5,-22.316148913561925,NA,-Inf,NA,-30.445293983702243,NA,1.1084544645079504,NA,1.1085503214476562,NA,1.001905682716268,NA,1.0020229522148367,NA
9873088,34,g ɯ ɟ e ʒ,5,-24.30578124525424,NA,-Inf,NA,-24.815598505272497,NA,1.196280249113463,NA,1.1962148980539262,NA,1.002806683496261,NA,1.0028744767627225,NA
9873088,54,v ø l ø h,5,-23.290063091036213,NA,-Inf,NA,-32.28412824653789,NA,1.0659556661882257,NA,1.066120812453014,NA,1,1,1.0002179098838746,1
9873088,76,h a c i z,5,-19.17393398541818,NA,-Inf,NA,-21.131318076779458,NA,1.44361829462378,NA,1.4431184887150887,NA,1.029014126217107,NA,1.027660226668782,NA
9873088,57,t͡ʃ e ʒ ø z,5,-22.14933769066073,NA,-19.18578744927172,NA,-19.077176117348685,NA,1.222407977281713,NA,1.2223008694112456,NA,1.00686107453606,NA,1.0067163101005072,NA
9873088,66,d͡ʒ y b a ʒ,5,-20.242830063624115,NA,-19.67879062473088,NA,-19.79752495934659,NA,1.3058041354405645,NA,1.3055414123656015,NA,1.0127232269111113,NA,1.01223747830455,NA
9873088,45,g a ɟ i l,5,-21.711665732611312,NA,-21.848897140452937,NA,-21.63415311259603,NA,1.4234248610169082,NA,1.4229631257047886,NA,1.0082939096649637,NA,1.0080627500036243,NA
9873088,81,b ø t͡ʃ u ʒ,5,-23.04040938456597,NA,-22.79008801093924,NA,-22.657649428790645,NA,1.141361768943645,NA,1.1413970478706803,NA,1.0020862604454976,NA,1.0021930802819217,NA
9873088,61,b e v e ʒ,5,-19.361992708840056,NA,-16.706821942985723,NA,-16.834862117610335,NA,1.3761639224927549,NA,1.3757870363920413,NA,1.0278984680883785,NA,1.0266329792683782,NA
9873088,18,ɫ o h u v,5,-18.593599295416848,NA,-24.062385001701756,NA,-23.99927255278523,NA,1.1612070751754773,NA,1.1612039662326097,NA,1.0043702249837334,NA,1.004350345813558,NA
9873088,58,n ɯ ʒ ɯ ʒ,5,-22.414816280194614,NA,-Inf,NA,-30.786845680157285,NA,1.1290677347665397,NA,1.129123492209685,NA,1.0003249566724437,NA,1.0005257916572736,NA
9873088,30,l i ʒ a v,5,-20.23050859359168,NA,-26.93864092108832,NA,-26.6862720433174,NA,1.2954686251708838,NA,1.2952202250027611,NA,1.005853468543388,NA,1.005709010195803,NA
9873088,59,n ɯ c y j,5,-20.443678587627296,NA,-Inf,NA,-28.54826058980769,NA,1.1194433120611658,NA,1.119511701447071,NA,1.0005205875821277,NA,1.0007091769497731,NA
9873088,34,v ɯ ʒ a ʒ,5,-22.349954898140567,NA,-Inf,NA,-25.81550837135159,NA,1.2641123593074002,NA,1.2639220306428625,NA,1.0015585492929229,NA,1.0016824729794085,NA
9873088,51,ɟ e j o ʒ,5,-23.913791342449223,NA,-Inf,NA,-24.87491275380586,NA,1.2374689664526486,NA,1.2373395107029062,NA,1.0110946677328192,NA,1.010721436984636,NA
9873088,84,t e ɾ a n,5,-13.154797069130572,NA,-11.724338917087254,NA,-11.742921937601642,NA,1.6505512704719087,NA,1.6496653866651498,NA,1.1099233378103026,NA,1.104018173778758,NA
9873088,45,v ø l i c,5,-23.521629066683385,NA,-Inf,NA,-33.25997944794797,NA,1.1642026037351003,NA,1.1641922265701674,NA,1.0003260515161396,NA,1.0005235520380404,NA
9873088,59,v ɯ c ø c,5,-25.87442309272073,NA,-Inf,NA,-32.19927328021738,NA,1.0761529069919815,NA,1.076304970573472,NA,1.0002707972270364,NA,1.000474478028374,NA
9873088,66,ɟ i ɟ i c,5,-27.327803810976384,NA,-34.544864796093734,NA,-33.39335316750246,NA,1.200631107369301,NA,1.2005578354972886,NA,1.0004350671053688,NA,1.0006268044902862,NA
9873088,56,h y ʒ o ʒ,5,-24.26036702153048,NA,-23.09409359618359,NA,-22.955847081614372,NA,1.1385613608532974,NA,1.1386035176599465,NA,1.0022002270881678,NA,1.0023005246401142,NA
9873088,61,b ɯ d a ʒ,5,-19.12602055601626,NA,-20.08567575275351,NA,-20.179115494716157,NA,1.3411283852127902,NA,1.3408045259119057,NA,1.0103448182681387,NA,1.0099894506104767,NA
9873088,75,m y ɾ e ɾ,5,-14.984624734814105,NA,-12.552940803573671,NA,-12.57913149636152,NA,1.489033852575989,NA,1.4884339967257736,NA,1.064327496486173,NA,1.060981828884185,NA
9873088,43,ʃ o ʒ a v,5,-20.47724743734481,NA,-22.61856961138616,NA,-22.667019868719475,NA,1.288367615858368,NA,1.2881315117422223,NA,1.0061232207228026,NA,1.005964640548633,NA
9873088,53,s ø ɾ ɯ ɾ,5,-17.20500131187094,NA,-15.07133366695696,NA,-15.108072623586152,NA,1.3616515088653494,NA,1.3612768593282027,NA,1.0224207245664567,NA,1.021344720223736,NA
9873088,62,g u h a n,5,-16.986187982608918,NA,-14.003209503389854,NA,-14.037361297492396,NA,1.393585672209114,NA,1.3931455531370758,NA,1.041008945259303,NA,1.0387823974648764,NA
9873088,42,n u ʒ ɯ h,5,-20.24619677932734,NA,-27.810791659163197,NA,-27.023579690957725,NA,1.1518762179262898,NA,1.1518883333637062,NA,1.0010090676384151,NA,1.0011719374015406,NA
9873088,38,n u d͡ʒ o h,5,-18.585597379729464,NA,-24.726458930397825,NA,-24.61717125138857,NA,1.1330251122802943,NA,1.1330725118708005,NA,1.001474956791939,NA,1.001614712938203,NA
9873088,68,n ø t a j,5,-16.60787778582062,NA,-20.729930991692015,NA,-20.69776307610008,NA,1.3204062609894092,NA,1.3201110967426837,NA,1.0202544768288162,NA,1.019299714440256,NA
9873088,78,m y d͡ʒ u z,5,-18.768087972695568,NA,-15.447888818271592,NA,-15.47911401039972,NA,1.2404912354404627,NA,1.2403491166587477,NA,1.0319024111948645,NA,1.0304219098064595,NA
9873088,58,s ø ɾ u ɾ,5,-17.419868282345767,NA,-15.476373057880078,NA,-15.513651402105268,NA,1.3518503805959323,NA,1.3514935705505449,NA,1.0191373454814323,NA,1.0182579368786828,NA
9873088,57,n u g u v,5,-18.88780549394557,NA,-23.829955675252805,NA,-23.77692043460571,NA,1.1475726601589815,NA,1.147593398617559,NA,1.002664785337298,NA,1.0027359066125898,NA
9873088,58,ʃ e z u ʒ,5,-20.413361161166105,NA,-21.30607077641668,NA,-21.23961045572301,NA,1.274892670609532,NA,1.2746965965867414,NA,1.0140542779889286,NA,1.0135267325647053,NA
9873088,57,b o ʒ i l,5,-21.431083494530565,NA,-17.705568653800018,NA,-17.83640175391364,NA,1.2532448349058904,NA,1.2530775477498026,NA,1.0092351210095205,NA,1.0089534298645335,NA
9873088,65,l i l e h,5,-18.919528331099233,NA,-28.0860697294688,NA,-27.46035835823068,NA,1.2245450186213964,NA,1.2244264214977632,NA,1.0031029632868411,NA,1.0031441439625928,NA
9873088,62,ɫ a c y c,5,-22.026637500586897,NA,-Inf,NA,-27.84286977614221,NA,1.303338955612124,NA,1.3030961175258404,NA,1.0029370543066431,NA,1.0029999110352912,NA
9873088,52,b o p ɯ z,5,-18.80572539465341,NA,-15.575160863623148,NA,-15.6123249065678,NA,1.2287916059057706,NA,1.228668657107823,NA,1.014936867151038,NA,1.014349109888668,NA
9873088,70,h a ʒ u z,5,-19.829474654606734,NA,-17.11965647191572,NA,-17.218070915836304,NA,1.3720422673264103,NA,1.3716726499377587,NA,1.0259268416966203,NA,1.0247640708076309,NA
9873088,40,ɫ o m ø s,5,-18.19297547659577,NA,-23.7185910215694,NA,-23.576018053983702,NA,1.1580890131919466,NA,1.1580884043189272,NA,1.006369125718587,NA,1.0062507303895665,NA
9873088,29,h a h a ʒ,5,-18.279717885936645,NA,-15.5480561905522,NA,-15.694802669418907,NA,1.5324850375176986,NA,1.5318300917569716,NA,1.049136449025569,NA,1.046733780370724,NA
9873088,52,t i k u ɾ,5,-14.757321292630818,NA,-13.776182245400546,NA,-13.797827878122703,NA,1.3425309336547508,NA,1.3421911014635628,NA,1.0178435286691223,NA,1.01704029300458,NA
9873088,64,n ɯ c i v,5,-19.93088069637855,NA,-Inf,NA,-29.55229981701376,NA,1.201667544130325,NA,1.201588410921533,NA,1.0018247936466855,NA,1.0019317455664367,NA
9873088,62,n u l e ɾ,5,-16.7353899896315,NA,-21.8754485295826,NA,-21.502576488019884,NA,1.2814781732006866,NA,1.2812387575669788,NA,1.0164999980354623,NA,1.0157043429334207,NA
9873088,56,ɟ e ɟ i c,5,-27.129968484650533,NA,-Inf,NA,-33.995918426500694,NA,1.286798785012282,NA,1.286576434113205,NA,1.0004350671053688,NA,1.0006268044902862,NA
9873088,68,g ɯ d͡ʒ i n,5,-17.765150906217194,NA,-14.572887378272108,NA,-14.613885458742647,NA,1.288193771309351,NA,1.2879431620866866,NA,1.019118781821044,NA,1.0181985618821732,NA
9873088,64,t͡ʃ ø j o ʒ,5,-23.110844320056284,NA,-18.612897025047648,NA,-18.738353722963613,NA,1.1138647273701043,NA,1.1139491411652993,NA,1.0038353772712676,NA,1.0038463961880495,NA
9873088,74,ɫ a t a j,5,-13.539207723328191,NA,-16.70963205807083,NA,-16.722833062461532,NA,1.5581158667217818,NA,1.5574094336214954,NA,1.0364821239096451,NA,1.0346702629498348,NA
9873088,59,b i t͡ʃ ø z,5,-19.756398366120063,NA,-16.19975610039546,NA,-16.23976513062291,NA,1.1837400183652915,NA,1.1836997124750908,NA,1.0128196585784826,NA,1.0123617470711583,NA
9873088,56,v e ɟ y ʒ,5,-24.678551245174873,NA,-25.322342225670877,NA,-24.826847868345496,NA,1.2138685991633609,NA,1.2137803225511092,NA,1.0052790884770466,NA,1.0052181146545902,NA
9873088,44,z a ʒ o ʒ,5,-22.39965586755501,NA,-21.87536781165056,NA,-21.900778541508014,NA,1.3043020941229309,NA,1.3040574801062963,NA,1.0045825459876734,NA,1.004557699117261,NA
9873088,55,b u ʒ u z,5,-21.183579400179205,NA,-19.10099770791221,NA,-18.99855357037276,NA,1.1919528697614603,NA,1.191894841679337,NA,1.0090301397771717,NA,1.008755156382551,NA
9873088,45,h y ʒ a ʒ,5,-22.512279354827413,NA,-22.102878518280345,NA,-22.166868313437227,NA,1.3079157400202015,NA,1.3076496470041246,NA,1.0032923482443703,NA,1.0033251342986491,NA
9873088,38,d͡ʒ o c i c,5,-23.871817361041813,NA,-Inf,NA,-30.898696726610687,NA,1.1985751556303774,NA,1.1985054370150776,NA,1.000922153764827,NA,1.0010883145531615,NA
9873088,60,h ø ʃ a ʒ,5,-21.446707936005243,NA,-21.13827944442946,NA,-21.18485938345635,NA,1.2838250896845864,NA,1.2836003756660834,NA,1.0078943784157934,NA,1.007671292277256,NA
9873088,46,b i ɟ i ʒ,5,-23.15230334260776,NA,-24.915909991588407,NA,-24.35353692250794,NA,1.266203336252664,NA,1.2660164134332708,NA,1.012035144436651,NA,1.0116199754960176,NA
9873088,74,b u h a ʒ,5,-19.63382263150912,NA,-16.589829009805186,NA,-16.73205715679298,NA,1.3523956399527486,NA,1.3520522834985491,NA,1.021610727156267,NA,1.0206577518516846,NA
9873088,72,ʃ u ɟ y ɾ,5,-21.957256044240108,NA,-22.499173241968023,NA,-21.920606300134068,NA,1.1847548415426716,NA,1.1846904267614222,NA,1.0053463860468044,NA,1.0052425528526925,NA
9873088,33,z ø ʒ i l,5,-22.936420602528372,NA,-Inf,NA,-24.4772263559713,NA,1.157513007334928,NA,1.157511308073952,NA,1.001760072495694,NA,1.0018712112846873,NA
9873088,55,b o z y z,5,-19.26283358646827,NA,-16.006298136958325,NA,-16.038972563588715,NA,1.2096753412240209,NA,1.2095880258287266,NA,1.011931948070003,NA,1.0115128583515274,NA
9873088,49,t͡ʃ e ʒ u ʒ,5,-23.048080491923255,NA,-22.073070829734753,NA,-22.06130764515632,NA,1.2460500918115391,NA,1.2459043466753474,NA,1.0066654436263762,NA,1.0065329248080075,NA
9873088,14,l i g a v,5,-18.317025751495315,NA,-24.901990127973495,NA,-24.64460050717379,NA,1.3020095605246391,NA,1.3017497711993005,NA,1.0094632673533137,NA,1.0091216418905589,NA
9873088,60,b o ʒ u ɾ,5,-20.188385139391087,NA,-16.322503633728758,NA,-16.394241238881506,NA,1.250175714529859,NA,1.249996348711549,NA,1.0147786024753525,NA,1.0141465127170373,NA
9873088,84,ɫ o h e s,5,-16.45817250086749,NA,-21.317120361286086,NA,-21.272071082039435,NA,1.2426762924026875,NA,1.24252019486607,NA,1.009570595243294,NA,1.0092260466145833,NA
9873088,62,h a t͡ʃ ø z,5,-19.291182011224596,NA,-16.038256272556517,NA,-16.08294553334273,NA,1.3428697105576248,NA,1.3425540778269385,NA,1.02767606738203,NA,1.026436686056419,NA
9873088,58,b y ʒ u ʒ,5,-23.866384100399888,NA,-23.067365963329937,NA,-22.908307977729834,NA,1.1812596797175028,NA,1.1812260558503582,NA,1.0029253067504076,NA,1.0029894710389118,NA
9873088,57,v ø ɟ y m,5,-24.02986774956105,NA,-Inf,NA,-25.69225069164061,NA,1.09995900556369,NA,1.10005431962118,NA,1.002654692924395,NA,1.0027073865105098,NA
9873088,59,n y m ø s,5,-18.304860118330534,NA,-23.800973686763864,NA,-23.65109261672794,NA,1.1731956986207523,NA,1.1731689601736792,NA,1.0049036855497242,NA,1.0048624490342637,NA
9873088,40,b e ʒ a v,5,-18.887323500746025,NA,-19.56906284531509,NA,-19.661279048791737,NA,1.441131755390738,NA,1.4406313873886738,NA,1.018474361069321,NA,1.01766664871558,NA
9873088,60,ɫ a c e c,5,-20.652231711132256,NA,-Inf,NA,-27.899065041129965,NA,1.386819495813845,NA,1.3864247108936807,NA,1.0035239470356945,NA,1.00355006691279,NA
9873088,61,k ɯ k o n,5,-15.853117021089924,NA,-12.795133988211877,NA,-12.823178946592495,NA,1.321191395011316,NA,1.3208914663733455,NA,1.0259375020257335,NA,1.0247328374892803,NA
9873088,43,n u c i v,5,-20.145747666853374,NA,-Inf,NA,-28.879295751792085,NA,1.2126077521025955,NA,1.2125096911983495,NA,1.0022042581137438,NA,1.0022912535659585,NA
9873088,30,l e ʒ ɯ h,5,-21.03897463564812,NA,-30.18402807989924,NA,-29.205404715536854,NA,1.244495155727509,NA,1.2443470199359166,NA,1.0007952166504448,NA,1.0009691836637256,NA
9873088,35,k u t ø ɾ,5,-17.142589509814194,NA,-15.653402142063069,NA,-15.691176305475931,NA,1.32230203950961,NA,1.3220007996898406,NA,1.018129501377924,NA,1.0173831055756966,NA
9873088,54,n y n i v,5,-16.875155560146357,NA,-21.870278494630696,NA,-21.860137136995288,NA,1.2901878365226052,NA,1.2899547596023124,NA,1.015590305177985,NA,1.014953753172737,NA
9873088,60,l y l i c,5,-22.910768313384416,NA,-Inf,NA,-32.397687831098054,NA,1.203960562382335,NA,1.203881391318237,NA,1.0008711294622858,NA,1.0010398142992691,NA
9873088,69,b o p o ʒ,5,-21.602409734503315,NA,-17.33475181640033,NA,-17.45672173398626,NA,1.180862690747296,NA,1.1808313744606571,NA,1.012965315438448,NA,1.01249501576141,NA
9873088,28,n y m ɯ j,5,-16.9785438270158,NA,-22.43669703100411,NA,-22.421232711240805,NA,1.2136164438653825,NA,1.21351869881907,NA,1.006133848620259,NA,1.0060194361555963,NA
9873088,45,ɟ i ʒ u ʒ,5,-26.631966384151276,NA,-29.991575100561576,NA,-29.47052707287037,NA,1.1312986116566484,NA,1.1313513771126087,NA,1.0003270467676877,NA,1.0005276672406118,NA
9873088,62,t i s ø ɾ,5,-16.6433666420812,NA,-15.288823083741889,NA,-15.32336104232457,NA,1.2934630318516254,NA,1.2932118263382686,NA,1.009196713442622,NA,1.0089195099707884,NA
9873088,42,j o c ø f,5,-23.34087968343175,NA,-Inf,NA,-24.211050554951704,NA,1.1207079699595697,NA,1.1207782546784186,NA,1.0033803356801,NA,1.003419297076754,NA
9873088,64,g ɯ d͡ʒ u ɾ,5,-18.401954124401353,NA,-15.514694512570816,NA,-15.553988277275629,NA,1.2206968713441448,NA,1.2205683468578952,NA,1.0114276001889089,NA,1.0109684044339573,NA
9873088,51,t͡ʃ i d͡ʒ ɯ t͡ʃ,5,-18.934215266206888,NA,-18.007434786889252,NA,-18.031020698229675,NA,1.1892406476791797,NA,1.1891896194854592,NA,1.007346548615294,NA,1.007170341171165,NA
9873088,43,ɟ i ʒ o ʒ,5,-26.818661125757455,NA,-29.39941525084724,NA,-28.902870287169502,NA,1.1099298726971636,NA,1.110021532393878,NA,1.0005226776773717,NA,1.000711052533111,NA
9873088,54,b i m y ʒ,5,-19.745708670599832,NA,-17.144470810093683,NA,-17.12870059621924,NA,1.224775815843954,NA,1.224668160873623,NA,1.017560989647938,NA,1.0168496999823045,NA
9873088,58,b o ʒ a n,5,-18.87907738678704,NA,-15.653898437212243,NA,-15.751763646111796,NA,1.3952268910920227,NA,1.3947842803728532,NA,1.034064398232142,NA,1.0322259545780297,NA
9873088,60,k u ɾ i n,5,-14.89701971471122,NA,-12.94195303395921,NA,-12.96493491685879,NA,1.5007331881655468,NA,1.5001135144861943,NA,1.0493627462694506,NA,1.0468268577985411,NA
9873088,55,n u v ø h,5,-19.914181691206203,NA,-Inf,NA,-27.03470635875693,NA,1.1319802610032077,NA,1.1320309822151344,NA,1.0023941627725557,NA,1.0024857126666045,NA
9873088,60,ɟ ø t͡ʃ e ʒ,5,-25.895838414443286,NA,-Inf,NA,-26.01302387459999,NA,1.140043237235324,NA,1.1400750278451808,NA,1.0022924360788037,NA,1.0023829981607115,NA
9873088,44,j a b u ʒ,5,-19.31027464586884,NA,-18.66177474584945,NA,-18.602207543248568,NA,1.3727688430545328,NA,1.3724036038051812,NA,1.029576112826616,NA,1.02823132533125,NA
9873088,62,m y ʒ ø z,5,-22.32662891088082,NA,-18.58658519622501,NA,-18.33479718703259,NA,1.187771311398157,NA,1.1877241782403851,NA,1.027167731420923,NA,1.0259561075629384,NA
9873088,67,m y ɟ y z,5,-22.469309252839896,NA,-20.420586661988004,NA,-19.572854959613927,NA,1.207846762933068,NA,1.2077630593896518,NA,1.027561468749568,NA,1.0263250935198331,NA
9873088,28,z a ʒ ɯ ʒ,5,-21.998094155474003,NA,-Inf,NA,-26.305727027014363,NA,1.3354719613518329,NA,1.3351706136026844,NA,1.0043869150779896,NA,1.0043743138247614,NA
9873088,45,s ø ɾ ø ɾ,5,-18.916248108852137,NA,-17.736643428071496,NA,-17.750937164122824,NA,1.311449218136533,NA,1.3111659441356651,NA,1.006315849424642,NA,1.0061905369137407,NA
9873088,40,l e ʒ i z,5,-20.353317059019144,NA,-23.404909965851168,NA,-23.138865417442208,NA,1.3100161638106471,NA,1.3097474876247677,NA,1.005750594004306,NA,1.005617778175364,NA
9873153,0,b o p o ʒ,5,-21.602409734503315,NA,-17.33475181640033,NA,-17.45672173398626,NA,1.180862690747296,NA,1.1808313744606571,NA,1.012965315438448,NA,1.01249501576141,NA
9873153,32,v ø l i c,5,-23.521629066683385,NA,-Inf,NA,-33.25997944794797,NA,1.1642026037351003,NA,1.1641922265701674,NA,1.0003260515161396,NA,1.0005235520380404,NA
9873153,74,m y ɟ y z,5,-22.469309252839896,NA,-20.420586661988004,NA,-19.572854959613927,NA,1.207846762933068,NA,1.2077630593896518,NA,1.027561468749568,NA,1.0263250935198331,NA
9873153,55,ɫ a c y c,5,-22.026637500586897,NA,-Inf,NA,-27.84286977614221,NA,1.303338955612124,NA,1.3030961175258404,NA,1.0029370543066431,NA,1.0029999110352912,NA
9873153,10,v ɯ c ø c,5,-25.87442309272073,NA,-Inf,NA,-32.19927328021738,NA,1.0761529069919815,NA,1.076304970573472,NA,1.0002707972270364,NA,1.000474478028374,NA
9873153,12,ɫ a t a j,5,-13.539207723328191,NA,-16.70963205807083,NA,-16.722833062461532,NA,1.5581158667217818,NA,1.5574094336214954,NA,1.0364821239096451,NA,1.0346702629498348,NA
9873153,10,l e ʒ ɯ h,5,-21.03897463564812,NA,-30.18402807989924,NA,-29.205404715536854,NA,1.244495155727509,NA,1.2443470199359166,NA,1.0007952166504448,NA,1.0009691836637256,NA
9873153,75,n u l e ɾ,5,-16.7353899896315,NA,-21.8754485295826,NA,-21.502576488019884,NA,1.2814781732006866,NA,1.2812387575669788,NA,1.0164999980354623,NA,1.0157043429334207,NA
9873153,98,g u h a n,5,-16.986187982608918,NA,-14.003209503389854,NA,-14.037361297492396,NA,1.393585672209114,NA,1.3931455531370758,NA,1.041008945259303,NA,1.0387823974648764,NA
9873153,21,h a ʒ u z,5,-19.829474654606734,NA,-17.11965647191572,NA,-17.218070915836304,NA,1.3720422673264103,NA,1.3716726499377587,NA,1.0259268416966203,NA,1.0247640708076309,NA
9873153,77,ɫ a c e c,5,-20.652231711132256,NA,-Inf,NA,-27.899065041129965,NA,1.386819495813845,NA,1.3864247108936807,NA,1.0035239470356945,NA,1.00355006691279,NA
9873153,12,j a b u ʒ,5,-19.31027464586884,NA,-18.66177474584945,NA,-18.602207543248568,NA,1.3727688430545328,NA,1.3724036038051812,NA,1.029576112826616,NA,1.02823132533125,NA
9873153,79,k u t ø ɾ,5,-17.142589509814194,NA,-15.653402142063069,NA,-15.691176305475931,NA,1.32230203950961,NA,1.3220007996898406,NA,1.018129501377924,NA,1.0173831055756966,NA
9873153,23,n u c i v,5,-20.145747666853374,NA,-Inf,NA,-28.879295751792085,NA,1.2126077521025955,NA,1.2125096911983495,NA,1.0022042581137438,NA,1.0022912535659585,NA
9873153,0,v ɯ ʒ a ʒ,5,-22.349954898140567,NA,-Inf,NA,-25.81550837135159,NA,1.2641123593074002,NA,1.2639220306428625,NA,1.0015585492929229,NA,1.0016824729794085,NA
9873153,59,ɫ o h u v,5,-18.593599295416848,NA,-24.062385001701756,NA,-23.99927255278523,NA,1.1612070751754773,NA,1.1612039662326097,NA,1.0043702249837334,NA,1.004350345813558,NA
9873153,81,b i t͡ʃ ø z,5,-19.756398366120063,NA,-16.19975610039546,NA,-16.23976513062291,NA,1.1837400183652915,NA,1.1836997124750908,NA,1.0128196585784826,NA,1.0123617470711583,NA
9873153,76,b a ɟ ø ʒ,5,-24.86506702537125,NA,-Inf,NA,-23.420803652697536,NA,1.3358300822798563,NA,1.335532677648985,NA,1.0206378838430394,NA,1.0197712158697192,NA
9873153,17,b ø t͡ʃ u ʒ,5,-23.04040938456597,NA,-22.79008801093924,NA,-22.657649428790645,NA,1.141361768943645,NA,1.1413970478706803,NA,1.0020862604454976,NA,1.0021930802819217,NA
9873153,51,ɫ o m ø s,5,-18.19297547659577,NA,-23.7185910215694,NA,-23.576018053983702,NA,1.1580890131919466,NA,1.1580884043189272,NA,1.006369125718587,NA,1.0062507303895665,NA
9873153,37,l i g a v,5,-18.317025751495315,NA,-24.901990127973495,NA,-24.64460050717379,NA,1.3020095605246391,NA,1.3017497711993005,NA,1.0094632673533137,NA,1.0091216418905589,NA
9873153,3,b u ʒ u z,5,-21.183579400179205,NA,-19.10099770791221,NA,-18.99855357037276,NA,1.1919528697614603,NA,1.191894841679337,NA,1.0090301397771717,NA,1.008755156382551,NA
9873153,0,g ɯ ɟ e ʒ,5,-24.30578124525424,NA,-Inf,NA,-24.815598505272497,NA,1.196280249113463,NA,1.1962148980539262,NA,1.002806683496261,NA,1.0028744767627225,NA
9873153,32,ɟ i ɟ i c,5,-27.327803810976384,NA,-34.544864796093734,NA,-33.39335316750246,NA,1.200631107369301,NA,1.2005578354972886,NA,1.0004350671053688,NA,1.0006268044902862,NA
9873153,29,d͡ʒ y b a ʒ,5,-20.242830063624115,NA,-19.67879062473088,NA,-19.79752495934659,NA,1.3058041354405645,NA,1.3055414123656015,NA,1.0127232269111113,NA,1.01223747830455,NA
9873153,58,s ø ɾ u ɾ,5,-17.419868282345767,NA,-15.476373057880078,NA,-15.513651402105268,NA,1.3518503805959323,NA,1.3514935705505449,NA,1.0191373454814323,NA,1.0182579368786828,NA
9873153,30,n ɯ v ø c,5,-22.316148913561925,NA,-Inf,NA,-30.445293983702243,NA,1.1084544645079504,NA,1.1085503214476562,NA,1.001905682716268,NA,1.0020229522148367,NA
9873153,0,h a h a ʒ,5,-18.279717885936645,NA,-15.5480561905522,NA,-15.694802669418907,NA,1.5324850375176986,NA,1.5318300917569716,NA,1.049136449025569,NA,1.046733780370724,NA
9873153,74,l y l i c,5,-22.910768313384416,NA,-Inf,NA,-32.397687831098054,NA,1.203960562382335,NA,1.203881391318237,NA,1.0008711294622858,NA,1.0010398142992691,NA
9873153,1,b e v e ʒ,5,-19.361992708840056,NA,-16.706821942985723,NA,-16.834862117610335,NA,1.3761639224927549,NA,1.3757870363920413,NA,1.0278984680883785,NA,1.0266329792683782,NA
9873153,69,n y m ø s,5,-18.304860118330534,NA,-23.800973686763864,NA,-23.65109261672794,NA,1.1731956986207523,NA,1.1731689601736792,NA,1.0049036855497242,NA,1.0048624490342637,NA
9873153,29,t͡ʃ e ʒ ø z,5,-22.14933769066073,NA,-19.18578744927172,NA,-19.077176117348685,NA,1.222407977281713,NA,1.2223008694112456,NA,1.00686107453606,NA,1.0067163101005072,NA
9873153,17,h y ʒ o ʒ,5,-24.26036702153048,NA,-23.09409359618359,NA,-22.955847081614372,NA,1.1385613608532974,NA,1.1386035176599465,NA,1.0022002270881678,NA,1.0023005246401142,NA
9873153,20,n ɯ c y j,5,-20.443678587627296,NA,-Inf,NA,-28.54826058980769,NA,1.1194433120611658,NA,1.119511701447071,NA,1.0005205875821277,NA,1.0007091769497731,NA
9873153,54,b o p ɯ z,5,-18.80572539465341,NA,-15.575160863623148,NA,-15.6123249065678,NA,1.2287916059057706,NA,1.228668657107823,NA,1.014936867151038,NA,1.014349109888668,NA
9873153,25,l i l e h,5,-18.919528331099233,NA,-28.0860697294688,NA,-27.46035835823068,NA,1.2245450186213964,NA,1.2244264214977632,NA,1.0031029632868411,NA,1.0031441439625928,NA
9873153,45,n ø t a j,5,-16.60787778582062,NA,-20.729930991692015,NA,-20.69776307610008,NA,1.3204062609894092,NA,1.3201110967426837,NA,1.0202544768288162,NA,1.019299714440256,NA
9873153,71,n u g u v,5,-18.88780549394557,NA,-23.829955675252805,NA,-23.77692043460571,NA,1.1475726601589815,NA,1.147593398617559,NA,1.002664785337298,NA,1.0027359066125898,NA
9873153,17,z ø ʒ i l,5,-22.936420602528372,NA,-Inf,NA,-24.4772263559713,NA,1.157513007334928,NA,1.157511308073952,NA,1.001760072495694,NA,1.0018712112846873,NA
9873153,38,n u v ø h,5,-19.914181691206203,NA,-Inf,NA,-27.03470635875693,NA,1.1319802610032077,NA,1.1320309822151344,NA,1.0023941627725557,NA,1.0024857126666045,NA
9873153,69,b o z y z,5,-19.26283358646827,NA,-16.006298136958325,NA,-16.038972563588715,NA,1.2096753412240209,NA,1.2095880258287266,NA,1.011931948070003,NA,1.0115128583515274,NA
9873153,19,ʃ e z u ʒ,5,-20.413361161166105,NA,-21.30607077641668,NA,-21.23961045572301,NA,1.274892670609532,NA,1.2746965965867414,NA,1.0140542779889286,NA,1.0135267325647053,NA
9873153,0,s ø ɾ ø ɾ,5,-18.916248108852137,NA,-17.736643428071496,NA,-17.750937164122824,NA,1.311449218136533,NA,1.3111659441356651,NA,1.006315849424642,NA,1.0061905369137407,NA
9873153,0,t͡ʃ i d͡ʒ ɯ t͡ʃ,5,-18.934215266206888,NA,-18.007434786889252,NA,-18.031020698229675,NA,1.1892406476791797,NA,1.1891896194854592,NA,1.007346548615294,NA,1.007170341171165,NA
9873153,98,h a c i z,5,-19.17393398541818,NA,-Inf,NA,-21.131318076779458,NA,1.44361829462378,NA,1.4431184887150887,NA,1.029014126217107,NA,1.027660226668782,NA
9873153,74,h a t͡ʃ ø z,5,-19.291182011224596,NA,-16.038256272556517,NA,-16.08294553334273,NA,1.3428697105576248,NA,1.3425540778269385,NA,1.02767606738203,NA,1.026436686056419,NA
9873153,27,v ø l ø h,5,-23.290063091036213,NA,-Inf,NA,-32.28412824653789,NA,1.0659556661882257,NA,1.066120812453014,NA,1,1,1.0002179098838746,1
9873153,20,ɟ e j o ʒ,5,-23.913791342449223,NA,-Inf,NA,-24.87491275380586,NA,1.2374689664526486,NA,1.2373395107029062,NA,1.0110946677328192,NA,1.010721436984636,NA
9873153,19,m y ʒ ø z,5,-22.32662891088082,NA,-18.58658519622501,NA,-18.33479718703259,NA,1.187771311398157,NA,1.1877241782403851,NA,1.027167731420923,NA,1.0259561075629384,NA
9873153,54,d͡ʒ o c i c,5,-23.871817361041813,NA,-Inf,NA,-30.898696726610687,NA,1.1985751556303774,NA,1.1985054370150776,NA,1.000922153764827,NA,1.0010883145531615,NA
9873153,73,ɫ o h e s,5,-16.45817250086749,NA,-21.317120361286086,NA,-21.272071082039435,NA,1.2426762924026875,NA,1.24252019486607,NA,1.009570595243294,NA,1.0092260466145833,NA
9873153,75,k u ɾ i n,5,-14.89701971471122,NA,-12.94195303395921,NA,-12.96493491685879,NA,1.5007331881655468,NA,1.5001135144861943,NA,1.0493627462694506,NA,1.0468268577985411,NA
9873153,30,n y n i v,5,-16.875155560146357,NA,-21.870278494630696,NA,-21.860137136995288,NA,1.2901878365226052,NA,1.2899547596023124,NA,1.015590305177985,NA,1.014953753172737,NA
9873153,25,b o ʒ u ɾ,5,-20.188385139391087,NA,-16.322503633728758,NA,-16.394241238881506,NA,1.250175714529859,NA,1.249996348711549,NA,1.0147786024753525,NA,1.0141465127170373,NA
9873153,53,b o ʒ i l,5,-21.431083494530565,NA,-17.705568653800018,NA,-17.83640175391364,NA,1.2532448349058904,NA,1.2530775477498026,NA,1.0092351210095205,NA,1.0089534298645335,NA
9873153,23,v e ɟ y ʒ,5,-24.678551245174873,NA,-25.322342225670877,NA,-24.826847868345496,NA,1.2138685991633609,NA,1.2137803225511092,NA,1.0052790884770466,NA,1.0052181146545902,NA
9873153,78,t i k u ɾ,5,-14.757321292630818,NA,-13.776182245400546,NA,-13.797827878122703,NA,1.3425309336547508,NA,1.3421911014635628,NA,1.0178435286691223,NA,1.01704029300458,NA
9873153,23,g ɯ ʒ u ʒ,5,-24.04112686624343,NA,-Inf,NA,-24.742720107269367,NA,1.1331254198362304,NA,1.1331750499516993,NA,1.0024913344887347,NA,1.002578336813267,NA
9873153,24,b i m y ʒ,5,-19.745708670599832,NA,-17.144470810093683,NA,-17.12870059621924,NA,1.224775815843954,NA,1.224668160873623,NA,1.017560989647938,NA,1.0168496999823045,NA
9873153,91,ʃ u ɟ y ɾ,5,-21.957256044240108,NA,-22.499173241968023,NA,-21.920606300134068,NA,1.1847548415426716,NA,1.1846904267614222,NA,1.0053463860468044,NA,1.0052425528526925,NA
9873153,23,b y ʒ u ʒ,5,-23.866384100399888,NA,-23.067365963329937,NA,-22.908307977729834,NA,1.1812596797175028,NA,1.1812260558503582,NA,1.0029253067504076,NA,1.0029894710389118,NA
9873153,35,n u d͡ʒ o h,5,-18.585597379729464,NA,-24.726458930397825,NA,-24.61717125138857,NA,1.1330251122802943,NA,1.1330725118708005,NA,1.001474956791939,NA,1.001614712938203,NA
9873153,62,b ɯ d a ʒ,5,-19.12602055601626,NA,-20.08567575275351,NA,-20.179115494716157,NA,1.3411283852127902,NA,1.3408045259119057,NA,1.0103448182681387,NA,1.0099894506104767,NA
9873153,21,z a ʒ ɯ ʒ,5,-21.998094155474003,NA,-Inf,NA,-26.305727027014363,NA,1.3354719613518329,NA,1.3351706136026844,NA,1.0043869150779896,NA,1.0043743138247614,NA
9873153,37,ɟ ø t͡ʃ e ʒ,5,-25.895838414443286,NA,-Inf,NA,-26.01302387459999,NA,1.140043237235324,NA,1.1400750278451808,NA,1.0022924360788037,NA,1.0023829981607115,NA
9873153,25,h ø ʃ a ʒ,5,-21.446707936005243,NA,-21.13827944442946,NA,-21.18485938345635,NA,1.2838250896845864,NA,1.2836003756660834,NA,1.0078943784157934,NA,1.007671292277256,NA
9873153,24,l e ʒ i z,5,-20.353317059019144,NA,-23.404909965851168,NA,-23.138865417442208,NA,1.3100161638106471,NA,1.3097474876247677,NA,1.005750594004306,NA,1.005617778175364,NA
9873153,71,m y d͡ʒ u z,5,-18.768087972695568,NA,-15.447888818271592,NA,-15.47911401039972,NA,1.2404912354404627,NA,1.2403491166587477,NA,1.0319024111948645,NA,1.0304219098064595,NA
9873153,27,s ø ɾ ɯ ɾ,5,-17.20500131187094,NA,-15.07133366695696,NA,-15.108072623586152,NA,1.3616515088653494,NA,1.3612768593282027,NA,1.0224207245664567,NA,1.021344720223736,NA
9873153,90,t e ɾ a n,5,-13.154797069130572,NA,-11.724338917087254,NA,-11.742921937601642,NA,1.6505512704719087,NA,1.6496653866651498,NA,1.1099233378103026,NA,1.104018173778758,NA
9873153,28,g ɯ d͡ʒ u ɾ,5,-18.401954124401353,NA,-15.514694512570816,NA,-15.553988277275629,NA,1.2206968713441448,NA,1.2205683468578952,NA,1.0114276001889089,NA,1.0109684044339573,NA
9873153,23,n ɯ ʒ ɯ ʒ,5,-22.414816280194614,NA,-Inf,NA,-30.786845680157285,NA,1.1290677347665397,NA,1.129123492209685,NA,1.0003249566724437,NA,1.0005257916572736,NA
9873153,32,n y m ɯ j,5,-16.9785438270158,NA,-22.43669703100411,NA,-22.421232711240805,NA,1.2136164438653825,NA,1.21351869881907,NA,1.006133848620259,NA,1.0060194361555963,NA
9873153,0,z a ʒ o ʒ,5,-22.39965586755501,NA,-21.87536781165056,NA,-21.900778541508014,NA,1.3043020941229309,NA,1.3040574801062963,NA,1.0045825459876734,NA,1.004557699117261,NA
9873153,32,v ø ɟ y m,5,-24.02986774956105,NA,-Inf,NA,-25.69225069164061,NA,1.09995900556369,NA,1.10005431962118,NA,1.002654692924395,NA,1.0027073865105098,NA
9873153,30,ɟ i ʒ o ʒ,5,-26.818661125757455,NA,-29.39941525084724,NA,-28.902870287169502,NA,1.1099298726971636,NA,1.110021532393878,NA,1.0005226776773717,NA,1.000711052533111,NA
9873153,22,b o ʒ a n,5,-18.87907738678704,NA,-15.653898437212243,NA,-15.751763646111796,NA,1.3952268910920227,NA,1.3947842803728532,NA,1.034064398232142,NA,1.0322259545780297,NA
9873153,25,b e ʒ a v,5,-18.887323500746025,NA,-19.56906284531509,NA,-19.661279048791737,NA,1.441131755390738,NA,1.4406313873886738,NA,1.018474361069321,NA,1.01766664871558,NA
9873153,44,n e m ø h,5,-17.63893282018263,NA,-23.558108707134007,NA,-23.245886540663424,NA,1.2573677552147065,NA,1.2572013402029647,NA,1.0157239137890697,NA,1.015111998046541,NA
9873153,21,t͡ʃ e ʒ u ʒ,5,-23.048080491923255,NA,-22.073070829734753,NA,-22.06130764515632,NA,1.2460500918115391,NA,1.2459043466753474,NA,1.0066654436263762,NA,1.0065329248080075,NA
9873153,91,g a ɟ i l,5,-21.711665732611312,NA,-21.848897140452937,NA,-21.63415311259603,NA,1.4234248610169082,NA,1.4229631257047886,NA,1.0082939096649637,NA,1.0080627500036243,NA
9873153,23,ɟ i ʒ u ʒ,5,-26.631966384151276,NA,-29.991575100561576,NA,-29.47052707287037,NA,1.1312986116566484,NA,1.1313513771126087,NA,1.0003270467676877,NA,1.0005276672406118,NA
9873153,65,k ɯ k o n,5,-15.853117021089924,NA,-12.795133988211877,NA,-12.823178946592495,NA,1.321191395011316,NA,1.3208914663733455,NA,1.0259375020257335,NA,1.0247328374892803,NA
9873153,27,b i ɟ i ʒ,5,-23.15230334260776,NA,-24.915909991588407,NA,-24.35353692250794,NA,1.266203336252664,NA,1.2660164134332708,NA,1.012035144436651,NA,1.0116199754960176,NA
9873153,0,ʃ o ʒ a v,5,-20.47724743734481,NA,-22.61856961138616,NA,-22.667019868719475,NA,1.288367615858368,NA,1.2881315117422223,NA,1.0061232207228026,NA,1.005964640548633,NA
9873153,100,m y ɾ e ɾ,5,-14.984624734814105,NA,-12.552940803573671,NA,-12.57913149636152,NA,1.489033852575989,NA,1.4884339967257736,NA,1.064327496486173,NA,1.060981828884185,NA
9873153,0,j o c ø f,5,-23.34087968343175,NA,-Inf,NA,-24.211050554951704,NA,1.1207079699595697,NA,1.1207782546784186,NA,1.0033803356801,NA,1.003419297076754,NA
9873153,15,g ɯ d͡ʒ i n,5,-17.765150906217194,NA,-14.572887378272108,NA,-14.613885458742647,NA,1.288193771309351,NA,1.2879431620866866,NA,1.019118781821044,NA,1.0181985618821732,NA
9873153,23,n u ʒ ɯ h,5,-20.24619677932734,NA,-27.810791659163197,NA,-27.023579690957725,NA,1.1518762179262898,NA,1.1518883333637062,NA,1.0010090676384151,NA,1.0011719374015406,NA
9873153,58,ɟ e ɟ i c,5,-27.129968484650533,NA,-Inf,NA,-33.995918426500694,NA,1.286798785012282,NA,1.286576434113205,NA,1.0004350671053688,NA,1.0006268044902862,NA
9873153,18,n ɯ c i v,5,-19.93088069637855,NA,-Inf,NA,-29.55229981701376,NA,1.201667544130325,NA,1.201588410921533,NA,1.0018247936466855,NA,1.0019317455664367,NA
9873153,21,t͡ʃ ø j o ʒ,5,-23.110844320056284,NA,-18.612897025047648,NA,-18.738353722963613,NA,1.1138647273701043,NA,1.1139491411652993,NA,1.0038353772712676,NA,1.0038463961880495,NA
9873153,14,l i ʒ a v,5,-20.23050859359168,NA,-26.93864092108832,NA,-26.6862720433174,NA,1.2954686251708838,NA,1.2952202250027611,NA,1.005853468543388,NA,1.005709010195803,NA
9873153,18,b u h a ʒ,5,-19.63382263150912,NA,-16.589829009805186,NA,-16.73205715679298,NA,1.3523956399527486,NA,1.3520522834985491,NA,1.021610727156267,NA,1.0206577518516846,NA
9873153,61,t i s ø ɾ,5,-16.6433666420812,NA,-15.288823083741889,NA,-15.32336104232457,NA,1.2934630318516254,NA,1.2932118263382686,NA,1.009196713442622,NA,1.0089195099707884,NA
9873153,25,h y ʒ a ʒ,5,-22.512279354827413,NA,-22.102878518280345,NA,-22.166868313437227,NA,1.3079157400202015,NA,1.3076496470041246,NA,1.0032923482443703,NA,1.0033251342986491,NA
9928688,60,b i t͡ʃ ø z,5,-19.756398366120063,NA,-16.19975610039546,NA,-16.23976513062291,NA,1.1837400183652915,NA,1.1836997124750908,NA,1.0128196585784826,NA,1.0123617470711583,NA
9928688,14,ɫ a c e c,5,-20.652231711132256,NA,-Inf,NA,-27.899065041129965,NA,1.386819495813845,NA,1.3864247108936807,NA,1.0035239470356945,NA,1.00355006691279,NA
9928688,9,b e ʒ a v,5,-18.887323500746025,NA,-19.56906284531509,NA,-19.661279048791737,NA,1.441131755390738,NA,1.4406313873886738,NA,1.018474361069321,NA,1.01766664871558,NA
9928688,30,d͡ʒ o c i c,5,-23.871817361041813,NA,-Inf,NA,-30.898696726610687,NA,1.1985751556303774,NA,1.1985054370150776,NA,1.000922153764827,NA,1.0010883145531615,NA
9928688,0,h y ʒ o ʒ,5,-24.26036702153048,NA,-23.09409359618359,NA,-22.955847081614372,NA,1.1385613608532974,NA,1.1386035176599465,NA,1.0022002270881678,NA,1.0023005246401142,NA
9928688,46,b i m y ʒ,5,-19.745708670599832,NA,-17.144470810093683,NA,-17.12870059621924,NA,1.224775815843954,NA,1.224668160873623,NA,1.017560989647938,NA,1.0168496999823045,NA
9928688,22,t͡ʃ ø j o ʒ,5,-23.110844320056284,NA,-18.612897025047648,NA,-18.738353722963613,NA,1.1138647273701043,NA,1.1139491411652993,NA,1.0038353772712676,NA,1.0038463961880495,NA
9928688,71,g ɯ ɟ e ʒ,5,-24.30578124525424,NA,-Inf,NA,-24.815598505272497,NA,1.196280249113463,NA,1.1962148980539262,NA,1.002806683496261,NA,1.0028744767627225,NA
9928688,34,n u ʒ ɯ h,5,-20.24619677932734,NA,-27.810791659163197,NA,-27.023579690957725,NA,1.1518762179262898,NA,1.1518883333637062,NA,1.0010090676384151,NA,1.0011719374015406,NA
9928688,88,l i l e h,5,-18.919528331099233,NA,-28.0860697294688,NA,-27.46035835823068,NA,1.2245450186213964,NA,1.2244264214977632,NA,1.0031029632868411,NA,1.0031441439625928,NA
9928688,21,s ø ɾ ɯ ɾ,5,-17.20500131187094,NA,-15.07133366695696,NA,-15.108072623586152,NA,1.3616515088653494,NA,1.3612768593282027,NA,1.0224207245664567,NA,1.021344720223736,NA
9928688,0,b o ʒ u ɾ,5,-20.188385139391087,NA,-16.322503633728758,NA,-16.394241238881506,NA,1.250175714529859,NA,1.249996348711549,NA,1.0147786024753525,NA,1.0141465127170373,NA
9928688,0,v e ɟ y ʒ,5,-24.678551245174873,NA,-25.322342225670877,NA,-24.826847868345496,NA,1.2138685991633609,NA,1.2137803225511092,NA,1.0052790884770466,NA,1.0052181146545902,NA
9928688,55,ɫ a t a j,5,-13.539207723328191,NA,-16.70963205807083,NA,-16.722833062461532,NA,1.5581158667217818,NA,1.5574094336214954,NA,1.0364821239096451,NA,1.0346702629498348,NA
9928688,17,v ø l ø h,5,-23.290063091036213,NA,-Inf,NA,-32.28412824653789,NA,1.0659556661882257,NA,1.066120812453014,NA,1,1,1.0002179098838746,1
9928688,63,b a ɟ ø ʒ,5,-24.86506702537125,NA,-Inf,NA,-23.420803652697536,NA,1.3358300822798563,NA,1.335532677648985,NA,1.0206378838430394,NA,1.0197712158697192,NA
9928688,84,g a ɟ i l,5,-21.711665732611312,NA,-21.848897140452937,NA,-21.63415311259603,NA,1.4234248610169082,NA,1.4229631257047886,NA,1.0082939096649637,NA,1.0080627500036243,NA
9928688,18,n u l e ɾ,5,-16.7353899896315,NA,-21.8754485295826,NA,-21.502576488019884,NA,1.2814781732006866,NA,1.2812387575669788,NA,1.0164999980354623,NA,1.0157043429334207,NA
9928688,16,l i ʒ a v,5,-20.23050859359168,NA,-26.93864092108832,NA,-26.6862720433174,NA,1.2954686251708838,NA,1.2952202250027611,NA,1.005853468543388,NA,1.005709010195803,NA
9928688,0,l e ʒ i z,5,-20.353317059019144,NA,-23.404909965851168,NA,-23.138865417442208,NA,1.3100161638106471,NA,1.3097474876247677,NA,1.005750594004306,NA,1.005617778175364,NA
9928688,64,h a c i z,5,-19.17393398541818,NA,-Inf,NA,-21.131318076779458,NA,1.44361829462378,NA,1.4431184887150887,NA,1.029014126217107,NA,1.027660226668782,NA
9928688,34,s ø ɾ u ɾ,5,-17.419868282345767,NA,-15.476373057880078,NA,-15.513651402105268,NA,1.3518503805959323,NA,1.3514935705505449,NA,1.0191373454814323,NA,1.0182579368786828,NA
9928688,55,ɫ o m ø s,5,-18.19297547659577,NA,-23.7185910215694,NA,-23.576018053983702,NA,1.1580890131919466,NA,1.1580884043189272,NA,1.006369125718587,NA,1.0062507303895665,NA
9928688,0,b o ʒ a n,5,-18.87907738678704,NA,-15.653898437212243,NA,-15.751763646111796,NA,1.3952268910920227,NA,1.3947842803728532,NA,1.034064398232142,NA,1.0322259545780297,NA
9928688,0,h a h a ʒ,5,-18.279717885936645,NA,-15.5480561905522,NA,-15.694802669418907,NA,1.5324850375176986,NA,1.5318300917569716,NA,1.049136449025569,NA,1.046733780370724,NA
9928688,33,z ø ʒ i l,5,-22.936420602528372,NA,-Inf,NA,-24.4772263559713,NA,1.157513007334928,NA,1.157511308073952,NA,1.001760072495694,NA,1.0018712112846873,NA
9928688,15,b o p o ʒ,5,-21.602409734503315,NA,-17.33475181640033,NA,-17.45672173398626,NA,1.180862690747296,NA,1.1808313744606571,NA,1.012965315438448,NA,1.01249501576141,NA
9928688,58,n ɯ c i v,5,-19.93088069637855,NA,-Inf,NA,-29.55229981701376,NA,1.201667544130325,NA,1.201588410921533,NA,1.0018247936466855,NA,1.0019317455664367,NA
9928688,16,b u h a ʒ,5,-19.63382263150912,NA,-16.589829009805186,NA,-16.73205715679298,NA,1.3523956399527486,NA,1.3520522834985491,NA,1.021610727156267,NA,1.0206577518516846,NA
9928688,89,ɟ e j o ʒ,5,-23.913791342449223,NA,-Inf,NA,-24.87491275380586,NA,1.2374689664526486,NA,1.2373395107029062,NA,1.0110946677328192,NA,1.010721436984636,NA
9928688,70,t i k u ɾ,5,-14.757321292630818,NA,-13.776182245400546,NA,-13.797827878122703,NA,1.3425309336547508,NA,1.3421911014635628,NA,1.0178435286691223,NA,1.01704029300458,NA
9928688,52,n ø t a j,5,-16.60787778582062,NA,-20.729930991692015,NA,-20.69776307610008,NA,1.3204062609894092,NA,1.3201110967426837,NA,1.0202544768288162,NA,1.019299714440256,NA
9928688,10,v ɯ c ø c,5,-25.87442309272073,NA,-Inf,NA,-32.19927328021738,NA,1.0761529069919815,NA,1.076304970573472,NA,1.0002707972270364,NA,1.000474478028374,NA
9928688,22,m y ʒ ø z,5,-22.32662891088082,NA,-18.58658519622501,NA,-18.33479718703259,NA,1.187771311398157,NA,1.1877241782403851,NA,1.027167731420923,NA,1.0259561075629384,NA
9928688,9,g ɯ ʒ u ʒ,5,-24.04112686624343,NA,-Inf,NA,-24.742720107269367,NA,1.1331254198362304,NA,1.1331750499516993,NA,1.0024913344887347,NA,1.002578336813267,NA
9928688,11,h y ʒ a ʒ,5,-22.512279354827413,NA,-22.102878518280345,NA,-22.166868313437227,NA,1.3079157400202015,NA,1.3076496470041246,NA,1.0032923482443703,NA,1.0033251342986491,NA
9928688,40,ɟ e ɟ i c,5,-27.129968484650533,NA,-Inf,NA,-33.995918426500694,NA,1.286798785012282,NA,1.286576434113205,NA,1.0004350671053688,NA,1.0006268044902862,NA
9928688,80,b o z y z,5,-19.26283358646827,NA,-16.006298136958325,NA,-16.038972563588715,NA,1.2096753412240209,NA,1.2095880258287266,NA,1.011931948070003,NA,1.0115128583515274,NA
9928688,86,t e ɾ a n,5,-13.154797069130572,NA,-11.724338917087254,NA,-11.742921937601642,NA,1.6505512704719087,NA,1.6496653866651498,NA,1.1099233378103026,NA,1.104018173778758,NA
9928688,86,n u d͡ʒ o h,5,-18.585597379729464,NA,-24.726458930397825,NA,-24.61717125138857,NA,1.1330251122802943,NA,1.1330725118708005,NA,1.001474956791939,NA,1.001614712938203,NA
9928688,70,ɟ ø t͡ʃ e ʒ,5,-25.895838414443286,NA,-Inf,NA,-26.01302387459999,NA,1.140043237235324,NA,1.1400750278451808,NA,1.0022924360788037,NA,1.0023829981607115,NA
9928688,0,j a b u ʒ,5,-19.31027464586884,NA,-18.66177474584945,NA,-18.602207543248568,NA,1.3727688430545328,NA,1.3724036038051812,NA,1.029576112826616,NA,1.02823132533125,NA
9928688,86,ʃ u ɟ y ɾ,5,-21.957256044240108,NA,-22.499173241968023,NA,-21.920606300134068,NA,1.1847548415426716,NA,1.1846904267614222,NA,1.0053463860468044,NA,1.0052425528526925,NA
9928688,88,n y n i v,5,-16.875155560146357,NA,-21.870278494630696,NA,-21.860137136995288,NA,1.2901878365226052,NA,1.2899547596023124,NA,1.015590305177985,NA,1.014953753172737,NA
9928688,4,l i g a v,5,-18.317025751495315,NA,-24.901990127973495,NA,-24.64460050717379,NA,1.3020095605246391,NA,1.3017497711993005,NA,1.0094632673533137,NA,1.0091216418905589,NA
9928688,27,v ø ɟ y m,5,-24.02986774956105,NA,-Inf,NA,-25.69225069164061,NA,1.09995900556369,NA,1.10005431962118,NA,1.002654692924395,NA,1.0027073865105098,NA
9928688,5,n y m ɯ j,5,-16.9785438270158,NA,-22.43669703100411,NA,-22.421232711240805,NA,1.2136164438653825,NA,1.21351869881907,NA,1.006133848620259,NA,1.0060194361555963,NA
9928688,11,l e ʒ ɯ h,5,-21.03897463564812,NA,-30.18402807989924,NA,-29.205404715536854,NA,1.244495155727509,NA,1.2443470199359166,NA,1.0007952166504448,NA,1.0009691836637256,NA
9928688,40,ɫ a c y c,5,-22.026637500586897,NA,-Inf,NA,-27.84286977614221,NA,1.303338955612124,NA,1.3030961175258404,NA,1.0029370543066431,NA,1.0029999110352912,NA
9928688,3,d͡ʒ y b a ʒ,5,-20.242830063624115,NA,-19.67879062473088,NA,-19.79752495934659,NA,1.3058041354405645,NA,1.3055414123656015,NA,1.0127232269111113,NA,1.01223747830455,NA
9928688,5,t͡ʃ e ʒ u ʒ,5,-23.048080491923255,NA,-22.073070829734753,NA,-22.06130764515632,NA,1.2460500918115391,NA,1.2459043466753474,NA,1.0066654436263762,NA,1.0065329248080075,NA
9928688,6,b ø t͡ʃ u ʒ,5,-23.04040938456597,NA,-22.79008801093924,NA,-22.657649428790645,NA,1.141361768943645,NA,1.1413970478706803,NA,1.0020862604454976,NA,1.0021930802819217,NA
9928688,15,b ɯ d a ʒ,5,-19.12602055601626,NA,-20.08567575275351,NA,-20.179115494716157,NA,1.3411283852127902,NA,1.3408045259119057,NA,1.0103448182681387,NA,1.0099894506104767,NA
9928688,89,n u v ø h,5,-19.914181691206203,NA,-Inf,NA,-27.03470635875693,NA,1.1319802610032077,NA,1.1320309822151344,NA,1.0023941627725557,NA,1.0024857126666045,NA
9928688,15,n ɯ c y j,5,-20.443678587627296,NA,-Inf,NA,-28.54826058980769,NA,1.1194433120611658,NA,1.119511701447071,NA,1.0005205875821277,NA,1.0007091769497731,NA
9928688,1,v ø l i c,5,-23.521629066683385,NA,-Inf,NA,-33.25997944794797,NA,1.1642026037351003,NA,1.1641922265701674,NA,1.0003260515161396,NA,1.0005235520380404,NA
9928688,11,ɟ i ɟ i c,5,-27.327803810976384,NA,-34.544864796093734,NA,-33.39335316750246,NA,1.200631107369301,NA,1.2005578354972886,NA,1.0004350671053688,NA,1.0006268044902862,NA
9928688,88,b o p ɯ z,5,-18.80572539465341,NA,-15.575160863623148,NA,-15.6123249065678,NA,1.2287916059057706,NA,1.228668657107823,NA,1.014936867151038,NA,1.014349109888668,NA
9928688,68,h a t͡ʃ ø z,5,-19.291182011224596,NA,-16.038256272556517,NA,-16.08294553334273,NA,1.3428697105576248,NA,1.3425540778269385,NA,1.02767606738203,NA,1.026436686056419,NA
9928688,0,z a ʒ o ʒ,5,-22.39965586755501,NA,-21.87536781165056,NA,-21.900778541508014,NA,1.3043020941229309,NA,1.3040574801062963,NA,1.0045825459876734,NA,1.004557699117261,NA
9928688,0,l y l i c,5,-22.910768313384416,NA,-Inf,NA,-32.397687831098054,NA,1.203960562382335,NA,1.203881391318237,NA,1.0008711294622858,NA,1.0010398142992691,NA
9928688,13,n ɯ ʒ ɯ ʒ,5,-22.414816280194614,NA,-Inf,NA,-30.786845680157285,NA,1.1290677347665397,NA,1.129123492209685,NA,1.0003249566724437,NA,1.0005257916572736,NA
9928688,41,b y ʒ u ʒ,5,-23.866384100399888,NA,-23.067365963329937,NA,-22.908307977729834,NA,1.1812596797175028,NA,1.1812260558503582,NA,1.0029253067504076,NA,1.0029894710389118,NA
9928688,89,g u h a n,5,-16.986187982608918,NA,-14.003209503389854,NA,-14.037361297492396,NA,1.393585672209114,NA,1.3931455531370758,NA,1.041008945259303,NA,1.0387823974648764,NA
9928688,0,h ø ʃ a ʒ,5,-21.446707936005243,NA,-21.13827944442946,NA,-21.18485938345635,NA,1.2838250896845864,NA,1.2836003756660834,NA,1.0078943784157934,NA,1.007671292277256,NA
9928688,6,h a ʒ u z,5,-19.829474654606734,NA,-17.11965647191572,NA,-17.218070915836304,NA,1.3720422673264103,NA,1.3716726499377587,NA,1.0259268416966203,NA,1.0247640708076309,NA
9928688,20,ɟ i ʒ u ʒ,5,-26.631966384151276,NA,-29.991575100561576,NA,-29.47052707287037,NA,1.1312986116566484,NA,1.1313513771126087,NA,1.0003270467676877,NA,1.0005276672406118,NA
9928688,19,b e v e ʒ,5,-19.361992708840056,NA,-16.706821942985723,NA,-16.834862117610335,NA,1.3761639224927549,NA,1.3757870363920413,NA,1.0278984680883785,NA,1.0266329792683782,NA
9928688,87,ɫ o h e s,5,-16.45817250086749,NA,-21.317120361286086,NA,-21.272071082039435,NA,1.2426762924026875,NA,1.24252019486607,NA,1.009570595243294,NA,1.0092260466145833,NA
9928688,17,ʃ e z u ʒ,5,-20.413361161166105,NA,-21.30607077641668,NA,-21.23961045572301,NA,1.274892670609532,NA,1.2746965965867414,NA,1.0140542779889286,NA,1.0135267325647053,NA
9928688,10,g ɯ d͡ʒ i n,5,-17.765150906217194,NA,-14.572887378272108,NA,-14.613885458742647,NA,1.288193771309351,NA,1.2879431620866866,NA,1.019118781821044,NA,1.0181985618821732,NA
9928688,26,z a ʒ ɯ ʒ,5,-21.998094155474003,NA,-Inf,NA,-26.305727027014363,NA,1.3354719613518329,NA,1.3351706136026844,NA,1.0043869150779896,NA,1.0043743138247614,NA
9928688,0,t͡ʃ i d͡ʒ ɯ t͡ʃ,5,-18.934215266206888,NA,-18.007434786889252,NA,-18.031020698229675,NA,1.1892406476791797,NA,1.1891896194854592,NA,1.007346548615294,NA,1.007170341171165,NA
9928688,88,k u ɾ i n,5,-14.89701971471122,NA,-12.94195303395921,NA,-12.96493491685879,NA,1.5007331881655468,NA,1.5001135144861943,NA,1.0493627462694506,NA,1.0468268577985411,NA
9928688,72,m y ɾ e ɾ,5,-14.984624734814105,NA,-12.552940803573671,NA,-12.57913149636152,NA,1.489033852575989,NA,1.4884339967257736,NA,1.064327496486173,NA,1.060981828884185,NA
9928688,5,b u ʒ u z,5,-21.183579400179205,NA,-19.10099770791221,NA,-18.99855357037276,NA,1.1919528697614603,NA,1.191894841679337,NA,1.0090301397771717,NA,1.008755156382551,NA
9928688,20,ɟ i ʒ o ʒ,5,-26.818661125757455,NA,-29.39941525084724,NA,-28.902870287169502,NA,1.1099298726971636,NA,1.110021532393878,NA,1.0005226776773717,NA,1.000711052533111,NA
9928688,63,g ɯ d͡ʒ u ɾ,5,-18.401954124401353,NA,-15.514694512570816,NA,-15.553988277275629,NA,1.2206968713441448,NA,1.2205683468578952,NA,1.0114276001889089,NA,1.0109684044339573,NA
9928688,76,t i s ø ɾ,5,-16.6433666420812,NA,-15.288823083741889,NA,-15.32336104232457,NA,1.2934630318516254,NA,1.2932118263382686,NA,1.009196713442622,NA,1.0089195099707884,NA
9928688,5,k ɯ k o n,5,-15.853117021089924,NA,-12.795133988211877,NA,-12.823178946592495,NA,1.321191395011316,NA,1.3208914663733455,NA,1.0259375020257335,NA,1.0247328374892803,NA
9928688,5,b o ʒ i l,5,-21.431083494530565,NA,-17.705568653800018,NA,-17.83640175391364,NA,1.2532448349058904,NA,1.2530775477498026,NA,1.0092351210095205,NA,1.0089534298645335,NA
9928688,24,n y m ø s,5,-18.304860118330534,NA,-23.800973686763864,NA,-23.65109261672794,NA,1.1731956986207523,NA,1.1731689601736792,NA,1.0049036855497242,NA,1.0048624490342637,NA
9928688,89,k u t ø ɾ,5,-17.142589509814194,NA,-15.653402142063069,NA,-15.691176305475931,NA,1.32230203950961,NA,1.3220007996898406,NA,1.018129501377924,NA,1.0173831055756966,NA
9928688,5,n e m ø h,5,-17.63893282018263,NA,-23.558108707134007,NA,-23.245886540663424,NA,1.2573677552147065,NA,1.2572013402029647,NA,1.0157239137890697,NA,1.015111998046541,NA
9928688,11,b i ɟ i ʒ,5,-23.15230334260776,NA,-24.915909991588407,NA,-24.35353692250794,NA,1.266203336252664,NA,1.2660164134332708,NA,1.012035144436651,NA,1.0116199754960176,NA
9928688,11,v ɯ ʒ a ʒ,5,-22.349954898140567,NA,-Inf,NA,-25.81550837135159,NA,1.2641123593074002,NA,1.2639220306428625,NA,1.0015585492929229,NA,1.0016824729794085,NA
9928688,23,ɫ o h u v,5,-18.593599295416848,NA,-24.062385001701756,NA,-23.99927255278523,NA,1.1612070751754773,NA,1.1612039662326097,NA,1.0043702249837334,NA,1.004350345813558,NA
9928688,7,ʃ o ʒ a v,5,-20.47724743734481,NA,-22.61856961138616,NA,-22.667019868719475,NA,1.288367615858368,NA,1.2881315117422223,NA,1.0061232207228026,NA,1.005964640548633,NA
9928688,89,s ø ɾ ø ɾ,5,-18.916248108852137,NA,-17.736643428071496,NA,-17.750937164122824,NA,1.311449218136533,NA,1.3111659441356651,NA,1.006315849424642,NA,1.0061905369137407,NA
9928688,0,t͡ʃ e ʒ ø z,5,-22.14933769066073,NA,-19.18578744927172,NA,-19.077176117348685,NA,1.222407977281713,NA,1.2223008694112456,NA,1.00686107453606,NA,1.0067163101005072,NA
9928688,20,n ɯ v ø c,5,-22.316148913561925,NA,-Inf,NA,-30.445293983702243,NA,1.1084544645079504,NA,1.1085503214476562,NA,1.001905682716268,NA,1.0020229522148367,NA
9928688,76,m y ɟ y z,5,-22.469309252839896,NA,-20.420586661988004,NA,-19.572854959613927,NA,1.207846762933068,NA,1.2077630593896518,NA,1.027561468749568,NA,1.0263250935198331,NA
9928688,50,m y d͡ʒ u z,5,-18.768087972695568,NA,-15.447888818271592,NA,-15.47911401039972,NA,1.2404912354404627,NA,1.2403491166587477,NA,1.0319024111948645,NA,1.0304219098064595,NA
9928688,23,n u c i v,5,-20.145747666853374,NA,-Inf,NA,-28.879295751792085,NA,1.2126077521025955,NA,1.2125096911983495,NA,1.0022042581137438,NA,1.0022912535659585,NA
9928688,21,n u g u v,5,-18.88780549394557,NA,-23.829955675252805,NA,-23.77692043460571,NA,1.1475726601589815,NA,1.147593398617559,NA,1.002664785337298,NA,1.0027359066125898,NA
9928688,87,j o c ø f,5,-23.34087968343175,NA,-Inf,NA,-24.211050554951704,NA,1.1207079699595697,NA,1.1207782546784186,NA,1.0033803356801,NA,1.003419297076754,NA
9900839,64,n ɯ c i v,5,-19.93088069637855,NA,-Inf,NA,-29.55229981701376,NA,1.201667544130325,NA,1.201588410921533,NA,1.0018247936466855,NA,1.0019317455664367,NA
9900839,55,b o z y z,5,-19.26283358646827,NA,-16.006298136958325,NA,-16.038972563588715,NA,1.2096753412240209,NA,1.2095880258287266,NA,1.011931948070003,NA,1.0115128583515274,NA
9900839,40,n y m ɯ j,5,-16.9785438270158,NA,-22.43669703100411,NA,-22.421232711240805,NA,1.2136164438653825,NA,1.21351869881907,NA,1.006133848620259,NA,1.0060194361555963,NA
9900839,32,b e ʒ a v,5,-18.887323500746025,NA,-19.56906284531509,NA,-19.661279048791737,NA,1.441131755390738,NA,1.4406313873886738,NA,1.018474361069321,NA,1.01766664871558,NA
9900839,34,ʃ e z u ʒ,5,-20.413361161166105,NA,-21.30607077641668,NA,-21.23961045572301,NA,1.274892670609532,NA,1.2746965965867414,NA,1.0140542779889286,NA,1.0135267325647053,NA
9900839,31,h ø ʃ a ʒ,5,-21.446707936005243,NA,-21.13827944442946,NA,-21.18485938345635,NA,1.2838250896845864,NA,1.2836003756660834,NA,1.0078943784157934,NA,1.007671292277256,NA
9900839,39,n ɯ c y j,5,-20.443678587627296,NA,-Inf,NA,-28.54826058980769,NA,1.1194433120611658,NA,1.119511701447071,NA,1.0005205875821277,NA,1.0007091769497731,NA
9900839,47,b e v e ʒ,5,-19.361992708840056,NA,-16.706821942985723,NA,-16.834862117610335,NA,1.3761639224927549,NA,1.3757870363920413,NA,1.0278984680883785,NA,1.0266329792683782,NA
9900839,46,n ɯ ʒ ɯ ʒ,5,-22.414816280194614,NA,-Inf,NA,-30.786845680157285,NA,1.1290677347665397,NA,1.129123492209685,NA,1.0003249566724437,NA,1.0005257916572736,NA
9900839,42,s ø ɾ ø ɾ,5,-18.916248108852137,NA,-17.736643428071496,NA,-17.750937164122824,NA,1.311449218136533,NA,1.3111659441356651,NA,1.006315849424642,NA,1.0061905369137407,NA
9900839,70,h a c i z,5,-19.17393398541818,NA,-Inf,NA,-21.131318076779458,NA,1.44361829462378,NA,1.4431184887150887,NA,1.029014126217107,NA,1.027660226668782,NA
9900839,69,l i l e h,5,-18.919528331099233,NA,-28.0860697294688,NA,-27.46035835823068,NA,1.2245450186213964,NA,1.2244264214977632,NA,1.0031029632868411,NA,1.0031441439625928,NA
9900839,66,b o p ɯ z,5,-18.80572539465341,NA,-15.575160863623148,NA,-15.6123249065678,NA,1.2287916059057706,NA,1.228668657107823,NA,1.014936867151038,NA,1.014349109888668,NA
9900839,56,ʃ u ɟ y ɾ,5,-21.957256044240108,NA,-22.499173241968023,NA,-21.920606300134068,NA,1.1847548415426716,NA,1.1846904267614222,NA,1.0053463860468044,NA,1.0052425528526925,NA
9900839,23,n y n i v,5,-16.875155560146357,NA,-21.870278494630696,NA,-21.860137136995288,NA,1.2901878365226052,NA,1.2899547596023124,NA,1.015590305177985,NA,1.014953753172737,NA
9900839,89,t e ɾ a n,5,-13.154797069130572,NA,-11.724338917087254,NA,-11.742921937601642,NA,1.6505512704719087,NA,1.6496653866651498,NA,1.1099233378103026,NA,1.104018173778758,NA
9900839,5,ɫ a c e c,5,-20.652231711132256,NA,-Inf,NA,-27.899065041129965,NA,1.386819495813845,NA,1.3864247108936807,NA,1.0035239470356945,NA,1.00355006691279,NA
9900839,5,b o ʒ i l,5,-21.431083494530565,NA,-17.705568653800018,NA,-17.83640175391364,NA,1.2532448349058904,NA,1.2530775477498026,NA,1.0092351210095205,NA,1.0089534298645335,NA
9900839,9,ʃ o ʒ a v,5,-20.47724743734481,NA,-22.61856961138616,NA,-22.667019868719475,NA,1.288367615858368,NA,1.2881315117422223,NA,1.0061232207228026,NA,1.005964640548633,NA
9900839,86,t i s ø ɾ,5,-16.6433666420812,NA,-15.288823083741889,NA,-15.32336104232457,NA,1.2934630318516254,NA,1.2932118263382686,NA,1.009196713442622,NA,1.0089195099707884,NA
9900839,73,k u ɾ i n,5,-14.89701971471122,NA,-12.94195303395921,NA,-12.96493491685879,NA,1.5007331881655468,NA,1.5001135144861943,NA,1.0493627462694506,NA,1.0468268577985411,NA
9900839,18,n u d͡ʒ o h,5,-18.585597379729464,NA,-24.726458930397825,NA,-24.61717125138857,NA,1.1330251122802943,NA,1.1330725118708005,NA,1.001474956791939,NA,1.001614712938203,NA
9900839,27,h a h a ʒ,5,-18.279717885936645,NA,-15.5480561905522,NA,-15.694802669418907,NA,1.5324850375176986,NA,1.5318300917569716,NA,1.049136449025569,NA,1.046733780370724,NA
9900839,12,h y ʒ a ʒ,5,-22.512279354827413,NA,-22.102878518280345,NA,-22.166868313437227,NA,1.3079157400202015,NA,1.3076496470041246,NA,1.0032923482443703,NA,1.0033251342986491,NA
9900839,11,n u g u v,5,-18.88780549394557,NA,-23.829955675252805,NA,-23.77692043460571,NA,1.1475726601589815,NA,1.147593398617559,NA,1.002664785337298,NA,1.0027359066125898,NA
9900839,31,g ɯ ɟ e ʒ,5,-24.30578124525424,NA,-Inf,NA,-24.815598505272497,NA,1.196280249113463,NA,1.1962148980539262,NA,1.002806683496261,NA,1.0028744767627225,NA
9900839,47,b i m y ʒ,5,-19.745708670599832,NA,-17.144470810093683,NA,-17.12870059621924,NA,1.224775815843954,NA,1.224668160873623,NA,1.017560989647938,NA,1.0168496999823045,NA
9900839,58,t i k u ɾ,5,-14.757321292630818,NA,-13.776182245400546,NA,-13.797827878122703,NA,1.3425309336547508,NA,1.3421911014635628,NA,1.0178435286691223,NA,1.01704029300458,NA
9900839,34,ɫ a t a j,5,-13.539207723328191,NA,-16.70963205807083,NA,-16.722833062461532,NA,1.5581158667217818,NA,1.5574094336214954,NA,1.0364821239096451,NA,1.0346702629498348,NA
9900839,36,g ɯ d͡ʒ i n,5,-17.765150906217194,NA,-14.572887378272108,NA,-14.613885458742647,NA,1.288193771309351,NA,1.2879431620866866,NA,1.019118781821044,NA,1.0181985618821732,NA
9900839,37,g a ɟ i l,5,-21.711665732611312,NA,-21.848897140452937,NA,-21.63415311259603,NA,1.4234248610169082,NA,1.4229631257047886,NA,1.0082939096649637,NA,1.0080627500036243,NA
9900839,15,b i ɟ i ʒ,5,-23.15230334260776,NA,-24.915909991588407,NA,-24.35353692250794,NA,1.266203336252664,NA,1.2660164134332708,NA,1.012035144436651,NA,1.0116199754960176,NA
9900839,70,l y l i c,5,-22.910768313384416,NA,-Inf,NA,-32.397687831098054,NA,1.203960562382335,NA,1.203881391318237,NA,1.0008711294622858,NA,1.0010398142992691,NA
9900839,22,z a ʒ o ʒ,5,-22.39965586755501,NA,-21.87536781165056,NA,-21.900778541508014,NA,1.3043020941229309,NA,1.3040574801062963,NA,1.0045825459876734,NA,1.004557699117261,NA
9900839,35,b y ʒ u ʒ,5,-23.866384100399888,NA,-23.067365963329937,NA,-22.908307977729834,NA,1.1812596797175028,NA,1.1812260558503582,NA,1.0029253067504076,NA,1.0029894710389118,NA
9900839,79,d͡ʒ o c i c,5,-23.871817361041813,NA,-Inf,NA,-30.898696726610687,NA,1.1985751556303774,NA,1.1985054370150776,NA,1.000922153764827,NA,1.0010883145531615,NA
9900839,6,ɟ e j o ʒ,5,-23.913791342449223,NA,-Inf,NA,-24.87491275380586,NA,1.2374689664526486,NA,1.2373395107029062,NA,1.0110946677328192,NA,1.010721436984636,NA
9900839,1,t͡ʃ i d͡ʒ ɯ t͡ʃ,5,-18.934215266206888,NA,-18.007434786889252,NA,-18.031020698229675,NA,1.1892406476791797,NA,1.1891896194854592,NA,1.007346548615294,NA,1.007170341171165,NA
9900839,79,h a ʒ u z,5,-19.829474654606734,NA,-17.11965647191572,NA,-17.218070915836304,NA,1.3720422673264103,NA,1.3716726499377587,NA,1.0259268416966203,NA,1.0247640708076309,NA
9900839,77,b u ʒ u z,5,-21.183579400179205,NA,-19.10099770791221,NA,-18.99855357037276,NA,1.1919528697614603,NA,1.191894841679337,NA,1.0090301397771717,NA,1.008755156382551,NA
9900839,17,ɟ e ɟ i c,5,-27.129968484650533,NA,-Inf,NA,-33.995918426500694,NA,1.286798785012282,NA,1.286576434113205,NA,1.0004350671053688,NA,1.0006268044902862,NA
9900839,58,k ɯ k o n,5,-15.853117021089924,NA,-12.795133988211877,NA,-12.823178946592495,NA,1.321191395011316,NA,1.3208914663733455,NA,1.0259375020257335,NA,1.0247328374892803,NA
9900839,25,j o c ø f,5,-23.34087968343175,NA,-Inf,NA,-24.211050554951704,NA,1.1207079699595697,NA,1.1207782546784186,NA,1.0033803356801,NA,1.003419297076754,NA
9900839,14,z a ʒ ɯ ʒ,5,-21.998094155474003,NA,-Inf,NA,-26.305727027014363,NA,1.3354719613518329,NA,1.3351706136026844,NA,1.0043869150779896,NA,1.0043743138247614,NA
9900839,69,ɟ ø t͡ʃ e ʒ,5,-25.895838414443286,NA,-Inf,NA,-26.01302387459999,NA,1.140043237235324,NA,1.1400750278451808,NA,1.0022924360788037,NA,1.0023829981607115,NA
9900839,30,b a ɟ ø ʒ,5,-24.86506702537125,NA,-Inf,NA,-23.420803652697536,NA,1.3358300822798563,NA,1.335532677648985,NA,1.0206378838430394,NA,1.0197712158697192,NA
9900839,15,b ɯ d a ʒ,5,-19.12602055601626,NA,-20.08567575275351,NA,-20.179115494716157,NA,1.3411283852127902,NA,1.3408045259119057,NA,1.0103448182681387,NA,1.0099894506104767,NA
9900839,81,m y ɟ y z,5,-22.469309252839896,NA,-20.420586661988004,NA,-19.572854959613927,NA,1.207846762933068,NA,1.2077630593896518,NA,1.027561468749568,NA,1.0263250935198331,NA
9900839,80,h a t͡ʃ ø z,5,-19.291182011224596,NA,-16.038256272556517,NA,-16.08294553334273,NA,1.3428697105576248,NA,1.3425540778269385,NA,1.02767606738203,NA,1.026436686056419,NA
9900839,24,b ø t͡ʃ u ʒ,5,-23.04040938456597,NA,-22.79008801093924,NA,-22.657649428790645,NA,1.141361768943645,NA,1.1413970478706803,NA,1.0020862604454976,NA,1.0021930802819217,NA
9900839,17,n y m ø s,5,-18.304860118330534,NA,-23.800973686763864,NA,-23.65109261672794,NA,1.1731956986207523,NA,1.1731689601736792,NA,1.0049036855497242,NA,1.0048624490342637,NA
9900839,74,v ø ɟ y m,5,-24.02986774956105,NA,-Inf,NA,-25.69225069164061,NA,1.09995900556369,NA,1.10005431962118,NA,1.002654692924395,NA,1.0027073865105098,NA
9900839,22,b u h a ʒ,5,-19.63382263150912,NA,-16.589829009805186,NA,-16.73205715679298,NA,1.3523956399527486,NA,1.3520522834985491,NA,1.021610727156267,NA,1.0206577518516846,NA
9900839,27,ɟ i ɟ i c,5,-27.327803810976384,NA,-34.544864796093734,NA,-33.39335316750246,NA,1.200631107369301,NA,1.2005578354972886,NA,1.0004350671053688,NA,1.0006268044902862,NA
9900839,27,ɫ o m ø s,5,-18.19297547659577,NA,-23.7185910215694,NA,-23.576018053983702,NA,1.1580890131919466,NA,1.1580884043189272,NA,1.006369125718587,NA,1.0062507303895665,NA
9900839,90,g ɯ d͡ʒ u ɾ,5,-18.401954124401353,NA,-15.514694512570816,NA,-15.553988277275629,NA,1.2206968713441448,NA,1.2205683468578952,NA,1.0114276001889089,NA,1.0109684044339573,NA
9900839,98,g u h a n,5,-16.986187982608918,NA,-14.003209503389854,NA,-14.037361297492396,NA,1.393585672209114,NA,1.3931455531370758,NA,1.041008945259303,NA,1.0387823974648764,NA
9900839,16,n u ʒ ɯ h,5,-20.24619677932734,NA,-27.810791659163197,NA,-27.023579690957725,NA,1.1518762179262898,NA,1.1518883333637062,NA,1.0010090676384151,NA,1.0011719374015406,NA
9900839,25,s ø ɾ ɯ ɾ,5,-17.20500131187094,NA,-15.07133366695696,NA,-15.108072623586152,NA,1.3616515088653494,NA,1.3612768593282027,NA,1.0224207245664567,NA,1.021344720223736,NA
9900839,24,v e ɟ y ʒ,5,-24.678551245174873,NA,-25.322342225670877,NA,-24.826847868345496,NA,1.2138685991633609,NA,1.2137803225511092,NA,1.0052790884770466,NA,1.0052181146545902,NA
9900839,35,n u c i v,5,-20.145747666853374,NA,-Inf,NA,-28.879295751792085,NA,1.2126077521025955,NA,1.2125096911983495,NA,1.0022042581137438,NA,1.0022912535659585,NA
9900839,17,v ɯ c ø c,5,-25.87442309272073,NA,-Inf,NA,-32.19927328021738,NA,1.0761529069919815,NA,1.076304970573472,NA,1.0002707972270364,NA,1.000474478028374,NA
9900839,11,n u v ø h,5,-19.914181691206203,NA,-Inf,NA,-27.03470635875693,NA,1.1319802610032077,NA,1.1320309822151344,NA,1.0023941627725557,NA,1.0024857126666045,NA
9900839,59,b o ʒ a n,5,-18.87907738678704,NA,-15.653898437212243,NA,-15.751763646111796,NA,1.3952268910920227,NA,1.3947842803728532,NA,1.034064398232142,NA,1.0322259545780297,NA
9900839,88,n u l e ɾ,5,-16.7353899896315,NA,-21.8754485295826,NA,-21.502576488019884,NA,1.2814781732006866,NA,1.2812387575669788,NA,1.0164999980354623,NA,1.0157043429334207,NA
9900839,31,t͡ʃ e ʒ ø z,5,-22.14933769066073,NA,-19.18578744927172,NA,-19.077176117348685,NA,1.222407977281713,NA,1.2223008694112456,NA,1.00686107453606,NA,1.0067163101005072,NA
9900839,25,t͡ʃ e ʒ u ʒ,5,-23.048080491923255,NA,-22.073070829734753,NA,-22.06130764515632,NA,1.2460500918115391,NA,1.2459043466753474,NA,1.0066654436263762,NA,1.0065329248080075,NA
9900839,14,n ɯ v ø c,5,-22.316148913561925,NA,-Inf,NA,-30.445293983702243,NA,1.1084544645079504,NA,1.1085503214476562,NA,1.001905682716268,NA,1.0020229522148367,NA
9900839,7,l i ʒ a v,5,-20.23050859359168,NA,-26.93864092108832,NA,-26.6862720433174,NA,1.2954686251708838,NA,1.2952202250027611,NA,1.005853468543388,NA,1.005709010195803,NA
9900839,4,v ø l i c,5,-23.521629066683385,NA,-Inf,NA,-33.25997944794797,NA,1.1642026037351003,NA,1.1641922265701674,NA,1.0003260515161396,NA,1.0005235520380404,NA
9900839,55,ɫ a c y c,5,-22.026637500586897,NA,-Inf,NA,-27.84286977614221,NA,1.303338955612124,NA,1.3030961175258404,NA,1.0029370543066431,NA,1.0029999110352912,NA
9900839,26,l e ʒ ɯ h,5,-21.03897463564812,NA,-30.18402807989924,NA,-29.205404715536854,NA,1.244495155727509,NA,1.2443470199359166,NA,1.0007952166504448,NA,1.0009691836637256,NA
9900839,13,l e ʒ i z,5,-20.353317059019144,NA,-23.404909965851168,NA,-23.138865417442208,NA,1.3100161638106471,NA,1.3097474876247677,NA,1.005750594004306,NA,1.005617778175364,NA
9900839,35,v ɯ ʒ a ʒ,5,-22.349954898140567,NA,-Inf,NA,-25.81550837135159,NA,1.2641123593074002,NA,1.2639220306428625,NA,1.0015585492929229,NA,1.0016824729794085,NA
9900839,26,ɫ o h u v,5,-18.593599295416848,NA,-24.062385001701756,NA,-23.99927255278523,NA,1.1612070751754773,NA,1.1612039662326097,NA,1.0043702249837334,NA,1.004350345813558,NA
9900839,91,m y ɾ e ɾ,5,-14.984624734814105,NA,-12.552940803573671,NA,-12.57913149636152,NA,1.489033852575989,NA,1.4884339967257736,NA,1.064327496486173,NA,1.060981828884185,NA
9900839,23,t͡ʃ ø j o ʒ,5,-23.110844320056284,NA,-18.612897025047648,NA,-18.738353722963613,NA,1.1138647273701043,NA,1.1139491411652993,NA,1.0038353772712676,NA,1.0038463961880495,NA
9900839,11,b o p o ʒ,5,-21.602409734503315,NA,-17.33475181640033,NA,-17.45672173398626,NA,1.180862690747296,NA,1.1808313744606571,NA,1.012965315438448,NA,1.01249501576141,NA
9900839,35,n e m ø h,5,-17.63893282018263,NA,-23.558108707134007,NA,-23.245886540663424,NA,1.2573677552147065,NA,1.2572013402029647,NA,1.0157239137890697,NA,1.015111998046541,NA
9900839,48,ɫ o h e s,5,-16.45817250086749,NA,-21.317120361286086,NA,-21.272071082039435,NA,1.2426762924026875,NA,1.24252019486607,NA,1.009570595243294,NA,1.0092260466145833,NA
9900839,37,l i g a v,5,-18.317025751495315,NA,-24.901990127973495,NA,-24.64460050717379,NA,1.3020095605246391,NA,1.3017497711993005,NA,1.0094632673533137,NA,1.0091216418905589,NA
9900839,13,d͡ʒ y b a ʒ,5,-20.242830063624115,NA,-19.67879062473088,NA,-19.79752495934659,NA,1.3058041354405645,NA,1.3055414123656015,NA,1.0127232269111113,NA,1.01223747830455,NA
9900839,9,m y ʒ ø z,5,-22.32662891088082,NA,-18.58658519622501,NA,-18.33479718703259,NA,1.187771311398157,NA,1.1877241782403851,NA,1.027167731420923,NA,1.0259561075629384,NA
9900839,88,b i t͡ʃ ø z,5,-19.756398366120063,NA,-16.19975610039546,NA,-16.23976513062291,NA,1.1837400183652915,NA,1.1836997124750908,NA,1.0128196585784826,NA,1.0123617470711583,NA
9900839,27,h y ʒ o ʒ,5,-24.26036702153048,NA,-23.09409359618359,NA,-22.955847081614372,NA,1.1385613608532974,NA,1.1386035176599465,NA,1.0022002270881678,NA,1.0023005246401142,NA
9900839,14,z ø ʒ i l,5,-22.936420602528372,NA,-Inf,NA,-24.4772263559713,NA,1.157513007334928,NA,1.157511308073952,NA,1.001760072495694,NA,1.0018712112846873,NA
9900839,3,v ø l ø h,5,-23.290063091036213,NA,-Inf,NA,-32.28412824653789,NA,1.0659556661882257,NA,1.066120812453014,NA,1,1,1.0002179098838746,1
9900839,13,ɟ i ʒ o ʒ,5,-26.818661125757455,NA,-29.39941525084724,NA,-28.902870287169502,NA,1.1099298726971636,NA,1.110021532393878,NA,1.0005226776773717,NA,1.000711052533111,NA
9900839,90,k u t ø ɾ,5,-17.142589509814194,NA,-15.653402142063069,NA,-15.691176305475931,NA,1.32230203950961,NA,1.3220007996898406,NA,1.018129501377924,NA,1.0173831055756966,NA
9900839,26,n ø t a j,5,-16.60787778582062,NA,-20.729930991692015,NA,-20.69776307610008,NA,1.3204062609894092,NA,1.3201110967426837,NA,1.0202544768288162,NA,1.019299714440256,NA
9900839,99,m y d͡ʒ u z,5,-18.768087972695568,NA,-15.447888818271592,NA,-15.47911401039972,NA,1.2404912354404627,NA,1.2403491166587477,NA,1.0319024111948645,NA,1.0304219098064595,NA
9900839,17,ɟ i ʒ u ʒ,5,-26.631966384151276,NA,-29.991575100561576,NA,-29.47052707287037,NA,1.1312986116566484,NA,1.1313513771126087,NA,1.0003270467676877,NA,1.0005276672406118,NA
9900839,14,g ɯ ʒ u ʒ,5,-24.04112686624343,NA,-Inf,NA,-24.742720107269367,NA,1.1331254198362304,NA,1.1331750499516993,NA,1.0024913344887347,NA,1.002578336813267,NA
9900839,30,j a b u ʒ,5,-19.31027464586884,NA,-18.66177474584945,NA,-18.602207543248568,NA,1.3727688430545328,NA,1.3724036038051812,NA,1.029576112826616,NA,1.02823132533125,NA
9900839,57,s ø ɾ u ɾ,5,-17.419868282345767,NA,-15.476373057880078,NA,-15.513651402105268,NA,1.3518503805959323,NA,1.3514935705505449,NA,1.0191373454814323,NA,1.0182579368786828,NA
9900839,64,b o ʒ u ɾ,5,-20.188385139391087,NA,-16.322503633728758,NA,-16.394241238881506,NA,1.250175714529859,NA,1.249996348711549,NA,1.0147786024753525,NA,1.0141465127170373,NA
9880557,20,l e ʒ i z,5,-20.353317059019144,NA,-23.404909965851168,NA,-23.138865417442208,NA,1.3100161638106471,NA,1.3097474876247677,NA,1.005750594004306,NA,1.005617778175364,NA
9880557,24,b o p o ʒ,5,-21.602409734503315,NA,-17.33475181640033,NA,-17.45672173398626,NA,1.180862690747296,NA,1.1808313744606571,NA,1.012965315438448,NA,1.01249501576141,NA
9880557,0,ɟ i ʒ o ʒ,5,-26.818661125757455,NA,-29.39941525084724,NA,-28.902870287169502,NA,1.1099298726971636,NA,1.110021532393878,NA,1.0005226776773717,NA,1.000711052533111,NA
9880557,100,k u t ø ɾ,5,-17.142589509814194,NA,-15.653402142063069,NA,-15.691176305475931,NA,1.32230203950961,NA,1.3220007996898406,NA,1.018129501377924,NA,1.0173831055756966,NA
9880557,100,m y ɾ e ɾ,5,-14.984624734814105,NA,-12.552940803573671,NA,-12.57913149636152,NA,1.489033852575989,NA,1.4884339967257736,NA,1.064327496486173,NA,1.060981828884185,NA
9880557,21,n ɯ c y j,5,-20.443678587627296,NA,-Inf,NA,-28.54826058980769,NA,1.1194433120611658,NA,1.119511701447071,NA,1.0005205875821277,NA,1.0007091769497731,NA
9880557,100,l y l i c,5,-22.910768313384416,NA,-Inf,NA,-32.397687831098054,NA,1.203960562382335,NA,1.203881391318237,NA,1.0008711294622858,NA,1.0010398142992691,NA
9880557,0,n ɯ ʒ ɯ ʒ,5,-22.414816280194614,NA,-Inf,NA,-30.786845680157285,NA,1.1290677347665397,NA,1.129123492209685,NA,1.0003249566724437,NA,1.0005257916572736,NA
9880557,100,n u g u v,5,-18.88780549394557,NA,-23.829955675252805,NA,-23.77692043460571,NA,1.1475726601589815,NA,1.147593398617559,NA,1.002664785337298,NA,1.0027359066125898,NA
9880557,69,b o z y z,5,-19.26283358646827,NA,-16.006298136958325,NA,-16.038972563588715,NA,1.2096753412240209,NA,1.2095880258287266,NA,1.011931948070003,NA,1.0115128583515274,NA
9880557,0,n u v ø h,5,-19.914181691206203,NA,-Inf,NA,-27.03470635875693,NA,1.1319802610032077,NA,1.1320309822151344,NA,1.0023941627725557,NA,1.0024857126666045,NA
9880557,76,h a h a ʒ,5,-18.279717885936645,NA,-15.5480561905522,NA,-15.694802669418907,NA,1.5324850375176986,NA,1.5318300917569716,NA,1.049136449025569,NA,1.046733780370724,NA
9880557,100,k u ɾ i n,5,-14.89701971471122,NA,-12.94195303395921,NA,-12.96493491685879,NA,1.5007331881655468,NA,1.5001135144861943,NA,1.0493627462694506,NA,1.0468268577985411,NA
9880557,100,ɫ a t a j,5,-13.539207723328191,NA,-16.70963205807083,NA,-16.722833062461532,NA,1.5581158667217818,NA,1.5574094336214954,NA,1.0364821239096451,NA,1.0346702629498348,NA
9880557,27,b ø t͡ʃ u ʒ,5,-23.04040938456597,NA,-22.79008801093924,NA,-22.657649428790645,NA,1.141361768943645,NA,1.1413970478706803,NA,1.0020862604454976,NA,1.0021930802819217,NA
9880557,77,n u d͡ʒ o h,5,-18.585597379729464,NA,-24.726458930397825,NA,-24.61717125138857,NA,1.1330251122802943,NA,1.1330725118708005,NA,1.001474956791939,NA,1.001614712938203,NA
9880557,23,z a ʒ o ʒ,5,-22.39965586755501,NA,-21.87536781165056,NA,-21.900778541508014,NA,1.3043020941229309,NA,1.3040574801062963,NA,1.0045825459876734,NA,1.004557699117261,NA
9880557,18,j o c ø f,5,-23.34087968343175,NA,-Inf,NA,-24.211050554951704,NA,1.1207079699595697,NA,1.1207782546784186,NA,1.0033803356801,NA,1.003419297076754,NA
9880557,24,h y ʒ o ʒ,5,-24.26036702153048,NA,-23.09409359618359,NA,-22.955847081614372,NA,1.1385613608532974,NA,1.1386035176599465,NA,1.0022002270881678,NA,1.0023005246401142,NA
9880557,27,b a ɟ ø ʒ,5,-24.86506702537125,NA,-Inf,NA,-23.420803652697536,NA,1.3358300822798563,NA,1.335532677648985,NA,1.0206378838430394,NA,1.0197712158697192,NA
9880557,100,b o ʒ a n,5,-18.87907738678704,NA,-15.653898437212243,NA,-15.751763646111796,NA,1.3952268910920227,NA,1.3947842803728532,NA,1.034064398232142,NA,1.0322259545780297,NA
9880557,72,n ø t a j,5,-16.60787778582062,NA,-20.729930991692015,NA,-20.69776307610008,NA,1.3204062609894092,NA,1.3201110967426837,NA,1.0202544768288162,NA,1.019299714440256,NA
9880557,0,b y ʒ u ʒ,5,-23.866384100399888,NA,-23.067365963329937,NA,-22.908307977729834,NA,1.1812596797175028,NA,1.1812260558503582,NA,1.0029253067504076,NA,1.0029894710389118,NA
9880557,0,g ɯ ʒ u ʒ,5,-24.04112686624343,NA,-Inf,NA,-24.742720107269367,NA,1.1331254198362304,NA,1.1331750499516993,NA,1.0024913344887347,NA,1.002578336813267,NA
9880557,74,ʃ u ɟ y ɾ,5,-21.957256044240108,NA,-22.499173241968023,NA,-21.920606300134068,NA,1.1847548415426716,NA,1.1846904267614222,NA,1.0053463860468044,NA,1.0052425528526925,NA
9880557,78,d͡ʒ o c i c,5,-23.871817361041813,NA,-Inf,NA,-30.898696726610687,NA,1.1985751556303774,NA,1.1985054370150776,NA,1.000922153764827,NA,1.0010883145531615,NA
9880557,100,g u h a n,5,-16.986187982608918,NA,-14.003209503389854,NA,-14.037361297492396,NA,1.393585672209114,NA,1.3931455531370758,NA,1.041008945259303,NA,1.0387823974648764,NA
9880557,77,l i g a v,5,-18.317025751495315,NA,-24.901990127973495,NA,-24.64460050717379,NA,1.3020095605246391,NA,1.3017497711993005,NA,1.0094632673533137,NA,1.0091216418905589,NA
9880557,99,n y n i v,5,-16.875155560146357,NA,-21.870278494630696,NA,-21.860137136995288,NA,1.2901878365226052,NA,1.2899547596023124,NA,1.015590305177985,NA,1.014953753172737,NA
9880557,100,h a c i z,5,-19.17393398541818,NA,-Inf,NA,-21.131318076779458,NA,1.44361829462378,NA,1.4431184887150887,NA,1.029014126217107,NA,1.027660226668782,NA
9880557,78,b e ʒ a v,5,-18.887323500746025,NA,-19.56906284531509,NA,-19.661279048791737,NA,1.441131755390738,NA,1.4406313873886738,NA,1.018474361069321,NA,1.01766664871558,NA
9880557,80,h a t͡ʃ ø z,5,-19.291182011224596,NA,-16.038256272556517,NA,-16.08294553334273,NA,1.3428697105576248,NA,1.3425540778269385,NA,1.02767606738203,NA,1.026436686056419,NA
9880557,71,ɫ a c y c,5,-22.026637500586897,NA,-Inf,NA,-27.84286977614221,NA,1.303338955612124,NA,1.3030961175258404,NA,1.0029370543066431,NA,1.0029999110352912,NA
9880557,100,b i t͡ʃ ø z,5,-19.756398366120063,NA,-16.19975610039546,NA,-16.23976513062291,NA,1.1837400183652915,NA,1.1836997124750908,NA,1.0128196585784826,NA,1.0123617470711583,NA
9880557,100,b u h a ʒ,5,-19.63382263150912,NA,-16.589829009805186,NA,-16.73205715679298,NA,1.3523956399527486,NA,1.3520522834985491,NA,1.021610727156267,NA,1.0206577518516846,NA
9880557,100,g ɯ d͡ʒ u ɾ,5,-18.401954124401353,NA,-15.514694512570816,NA,-15.553988277275629,NA,1.2206968713441448,NA,1.2205683468578952,NA,1.0114276001889089,NA,1.0109684044339573,NA
9880557,100,v ø l i c,5,-23.521629066683385,NA,-Inf,NA,-33.25997944794797,NA,1.1642026037351003,NA,1.1641922265701674,NA,1.0003260515161396,NA,1.0005235520380404,NA
9880557,18,l e ʒ ɯ h,5,-21.03897463564812,NA,-30.18402807989924,NA,-29.205404715536854,NA,1.244495155727509,NA,1.2443470199359166,NA,1.0007952166504448,NA,1.0009691836637256,NA
9880557,75,k ɯ k o n,5,-15.853117021089924,NA,-12.795133988211877,NA,-12.823178946592495,NA,1.321191395011316,NA,1.3208914663733455,NA,1.0259375020257335,NA,1.0247328374892803,NA
9880557,76,v e ɟ y ʒ,5,-24.678551245174873,NA,-25.322342225670877,NA,-24.826847868345496,NA,1.2138685991633609,NA,1.2137803225511092,NA,1.0052790884770466,NA,1.0052181146545902,NA
9880557,0,z a ʒ ɯ ʒ,5,-21.998094155474003,NA,-Inf,NA,-26.305727027014363,NA,1.3354719613518329,NA,1.3351706136026844,NA,1.0043869150779896,NA,1.0043743138247614,NA
9880557,76,m y d͡ʒ u z,5,-18.768087972695568,NA,-15.447888818271592,NA,-15.47911401039972,NA,1.2404912354404627,NA,1.2403491166587477,NA,1.0319024111948645,NA,1.0304219098064595,NA
9880557,17,v ɯ c ø c,5,-25.87442309272073,NA,-Inf,NA,-32.19927328021738,NA,1.0761529069919815,NA,1.076304970573472,NA,1.0002707972270364,NA,1.000474478028374,NA
9880557,100,b e v e ʒ,5,-19.361992708840056,NA,-16.706821942985723,NA,-16.834862117610335,NA,1.3761639224927549,NA,1.3757870363920413,NA,1.0278984680883785,NA,1.0266329792683782,NA
9880557,70,v ɯ ʒ a ʒ,5,-22.349954898140567,NA,-Inf,NA,-25.81550837135159,NA,1.2641123593074002,NA,1.2639220306428625,NA,1.0015585492929229,NA,1.0016824729794085,NA
9880557,19,b i m y ʒ,5,-19.745708670599832,NA,-17.144470810093683,NA,-17.12870059621924,NA,1.224775815843954,NA,1.224668160873623,NA,1.017560989647938,NA,1.0168496999823045,NA
9880557,100,ɟ i ɟ i c,5,-27.327803810976384,NA,-34.544864796093734,NA,-33.39335316750246,NA,1.200631107369301,NA,1.2005578354972886,NA,1.0004350671053688,NA,1.0006268044902862,NA
9880557,26,ʃ e z u ʒ,5,-20.413361161166105,NA,-21.30607077641668,NA,-21.23961045572301,NA,1.274892670609532,NA,1.2746965965867414,NA,1.0140542779889286,NA,1.0135267325647053,NA
9880557,75,t͡ʃ e ʒ ø z,5,-22.14933769066073,NA,-19.18578744927172,NA,-19.077176117348685,NA,1.222407977281713,NA,1.2223008694112456,NA,1.00686107453606,NA,1.0067163101005072,NA
9880557,97,m y ɟ y z,5,-22.469309252839896,NA,-20.420586661988004,NA,-19.572854959613927,NA,1.207846762933068,NA,1.2077630593896518,NA,1.027561468749568,NA,1.0263250935198331,NA
9880557,0,b o ʒ i l,5,-21.431083494530565,NA,-17.705568653800018,NA,-17.83640175391364,NA,1.2532448349058904,NA,1.2530775477498026,NA,1.0092351210095205,NA,1.0089534298645335,NA
9880557,21,l i ʒ a v,5,-20.23050859359168,NA,-26.93864092108832,NA,-26.6862720433174,NA,1.2954686251708838,NA,1.2952202250027611,NA,1.005853468543388,NA,1.005709010195803,NA
9880557,0,s ø ɾ ɯ ɾ,5,-17.20500131187094,NA,-15.07133366695696,NA,-15.108072623586152,NA,1.3616515088653494,NA,1.3612768593282027,NA,1.0224207245664567,NA,1.021344720223736,NA
9880557,23,t͡ʃ ø j o ʒ,5,-23.110844320056284,NA,-18.612897025047648,NA,-18.738353722963613,NA,1.1138647273701043,NA,1.1139491411652993,NA,1.0038353772712676,NA,1.0038463961880495,NA
9880557,69,ɫ o m ø s,5,-18.19297547659577,NA,-23.7185910215694,NA,-23.576018053983702,NA,1.1580890131919466,NA,1.1580884043189272,NA,1.006369125718587,NA,1.0062507303895665,NA
9880557,21,n u l e ɾ,5,-16.7353899896315,NA,-21.8754485295826,NA,-21.502576488019884,NA,1.2814781732006866,NA,1.2812387575669788,NA,1.0164999980354623,NA,1.0157043429334207,NA
9880557,76,b o ʒ u ɾ,5,-20.188385139391087,NA,-16.322503633728758,NA,-16.394241238881506,NA,1.250175714529859,NA,1.249996348711549,NA,1.0147786024753525,NA,1.0141465127170373,NA
9880557,23,ɫ o h e s,5,-16.45817250086749,NA,-21.317120361286086,NA,-21.272071082039435,NA,1.2426762924026875,NA,1.24252019486607,NA,1.009570595243294,NA,1.0092260466145833,NA
9880557,100,t i s ø ɾ,5,-16.6433666420812,NA,-15.288823083741889,NA,-15.32336104232457,NA,1.2934630318516254,NA,1.2932118263382686,NA,1.009196713442622,NA,1.0089195099707884,NA
9880557,27,s ø ɾ u ɾ,5,-17.419868282345767,NA,-15.476373057880078,NA,-15.513651402105268,NA,1.3518503805959323,NA,1.3514935705505449,NA,1.0191373454814323,NA,1.0182579368786828,NA
9880557,0,n y m ɯ j,5,-16.9785438270158,NA,-22.43669703100411,NA,-22.421232711240805,NA,1.2136164438653825,NA,1.21351869881907,NA,1.006133848620259,NA,1.0060194361555963,NA
9880557,24,t i k u ɾ,5,-14.757321292630818,NA,-13.776182245400546,NA,-13.797827878122703,NA,1.3425309336547508,NA,1.3421911014635628,NA,1.0178435286691223,NA,1.01704029300458,NA
9880557,71,n u c i v,5,-20.145747666853374,NA,-Inf,NA,-28.879295751792085,NA,1.2126077521025955,NA,1.2125096911983495,NA,1.0022042581137438,NA,1.0022912535659585,NA
9880557,75,ɟ ø t͡ʃ e ʒ,5,-25.895838414443286,NA,-Inf,NA,-26.01302387459999,NA,1.140043237235324,NA,1.1400750278451808,NA,1.0022924360788037,NA,1.0023829981607115,NA
9880557,16,n ɯ c i v,5,-19.93088069637855,NA,-Inf,NA,-29.55229981701376,NA,1.201667544130325,NA,1.201588410921533,NA,1.0018247936466855,NA,1.0019317455664367,NA
9880557,0,t͡ʃ e ʒ u ʒ,5,-23.048080491923255,NA,-22.073070829734753,NA,-22.06130764515632,NA,1.2460500918115391,NA,1.2459043466753474,NA,1.0066654436263762,NA,1.0065329248080075,NA
9880557,0,h ø ʃ a ʒ,5,-21.446707936005243,NA,-21.13827944442946,NA,-21.18485938345635,NA,1.2838250896845864,NA,1.2836003756660834,NA,1.0078943784157934,NA,1.007671292277256,NA
9880557,81,v ø l ø h,5,-23.290063091036213,NA,-Inf,NA,-32.28412824653789,NA,1.0659556661882257,NA,1.066120812453014,NA,1,1,1.0002179098838746,1
9880557,24,b o p ɯ z,5,-18.80572539465341,NA,-15.575160863623148,NA,-15.6123249065678,NA,1.2287916059057706,NA,1.228668657107823,NA,1.014936867151038,NA,1.014349109888668,NA
9880557,75,b i ɟ i ʒ,5,-23.15230334260776,NA,-24.915909991588407,NA,-24.35353692250794,NA,1.266203336252664,NA,1.2660164134332708,NA,1.012035144436651,NA,1.0116199754960176,NA
9880557,0,n ɯ v ø c,5,-22.316148913561925,NA,-Inf,NA,-30.445293983702243,NA,1.1084544645079504,NA,1.1085503214476562,NA,1.001905682716268,NA,1.0020229522148367,NA
9880557,17,h y ʒ a ʒ,5,-22.512279354827413,NA,-22.102878518280345,NA,-22.166868313437227,NA,1.3079157400202015,NA,1.3076496470041246,NA,1.0032923482443703,NA,1.0033251342986491,NA
9880557,100,v ø ɟ y m,5,-24.02986774956105,NA,-Inf,NA,-25.69225069164061,NA,1.09995900556369,NA,1.10005431962118,NA,1.002654692924395,NA,1.0027073865105098,NA
9880557,17,d͡ʒ y b a ʒ,5,-20.242830063624115,NA,-19.67879062473088,NA,-19.79752495934659,NA,1.3058041354405645,NA,1.3055414123656015,NA,1.0127232269111113,NA,1.01223747830455,NA
9880557,95,ɟ e ɟ i c,5,-27.129968484650533,NA,-Inf,NA,-33.995918426500694,NA,1.286798785012282,NA,1.286576434113205,NA,1.0004350671053688,NA,1.0006268044902862,NA
9880557,0,g ɯ ɟ e ʒ,5,-24.30578124525424,NA,-Inf,NA,-24.815598505272497,NA,1.196280249113463,NA,1.1962148980539262,NA,1.002806683496261,NA,1.0028744767627225,NA
9880557,0,b ɯ d a ʒ,5,-19.12602055601626,NA,-20.08567575275351,NA,-20.179115494716157,NA,1.3411283852127902,NA,1.3408045259119057,NA,1.0103448182681387,NA,1.0099894506104767,NA
9880557,70,ɫ a c e c,5,-20.652231711132256,NA,-Inf,NA,-27.899065041129965,NA,1.386819495813845,NA,1.3864247108936807,NA,1.0035239470356945,NA,1.00355006691279,NA
9880557,73,h a ʒ u z,5,-19.829474654606734,NA,-17.11965647191572,NA,-17.218070915836304,NA,1.3720422673264103,NA,1.3716726499377587,NA,1.0259268416966203,NA,1.0247640708076309,NA
9880557,20,l i l e h,5,-18.919528331099233,NA,-28.0860697294688,NA,-27.46035835823068,NA,1.2245450186213964,NA,1.2244264214977632,NA,1.0031029632868411,NA,1.0031441439625928,NA
9880557,0,z ø ʒ i l,5,-22.936420602528372,NA,-Inf,NA,-24.4772263559713,NA,1.157513007334928,NA,1.157511308073952,NA,1.001760072495694,NA,1.0018712112846873,NA
9880557,77,t e ɾ a n,5,-13.154797069130572,NA,-11.724338917087254,NA,-11.742921937601642,NA,1.6505512704719087,NA,1.6496653866651498,NA,1.1099233378103026,NA,1.104018173778758,NA
9880557,0,g ɯ d͡ʒ i n,5,-17.765150906217194,NA,-14.572887378272108,NA,-14.613885458742647,NA,1.288193771309351,NA,1.2879431620866866,NA,1.019118781821044,NA,1.0181985618821732,NA
9880557,21,ɟ e j o ʒ,5,-23.913791342449223,NA,-Inf,NA,-24.87491275380586,NA,1.2374689664526486,NA,1.2373395107029062,NA,1.0110946677328192,NA,1.010721436984636,NA
9880557,0,t͡ʃ i d͡ʒ ɯ t͡ʃ,5,-18.934215266206888,NA,-18.007434786889252,NA,-18.031020698229675,NA,1.1892406476791797,NA,1.1891896194854592,NA,1.007346548615294,NA,1.007170341171165,NA
9880557,24,ɟ i ʒ u ʒ,5,-26.631966384151276,NA,-29.991575100561576,NA,-29.47052707287037,NA,1.1312986116566484,NA,1.1313513771126087,NA,1.0003270467676877,NA,1.0005276672406118,NA
9880557,73,ʃ o ʒ a v,5,-20.47724743734481,NA,-22.61856961138616,NA,-22.667019868719475,NA,1.288367615858368,NA,1.2881315117422223,NA,1.0061232207228026,NA,1.005964640548633,NA
9880557,100,ɫ o h u v,5,-18.593599295416848,NA,-24.062385001701756,NA,-23.99927255278523,NA,1.1612070751754773,NA,1.1612039662326097,NA,1.0043702249837334,NA,1.004350345813558,NA
9880557,100,s ø ɾ ø ɾ,5,-18.916248108852137,NA,-17.736643428071496,NA,-17.750937164122824,NA,1.311449218136533,NA,1.3111659441356651,NA,1.006315849424642,NA,1.0061905369137407,NA
9880557,75,n u ʒ ɯ h,5,-20.24619677932734,NA,-27.810791659163197,NA,-27.023579690957725,NA,1.1518762179262898,NA,1.1518883333637062,NA,1.0010090676384151,NA,1.0011719374015406,NA
9880557,72,b u ʒ u z,5,-21.183579400179205,NA,-19.10099770791221,NA,-18.99855357037276,NA,1.1919528697614603,NA,1.191894841679337,NA,1.0090301397771717,NA,1.008755156382551,NA
9880557,70,g a ɟ i l,5,-21.711665732611312,NA,-21.848897140452937,NA,-21.63415311259603,NA,1.4234248610169082,NA,1.4229631257047886,NA,1.0082939096649637,NA,1.0080627500036243,NA
9880557,28,j a b u ʒ,5,-19.31027464586884,NA,-18.66177474584945,NA,-18.602207543248568,NA,1.3727688430545328,NA,1.3724036038051812,NA,1.029576112826616,NA,1.02823132533125,NA
9880557,75,n e m ø h,5,-17.63893282018263,NA,-23.558108707134007,NA,-23.245886540663424,NA,1.2573677552147065,NA,1.2572013402029647,NA,1.0157239137890697,NA,1.015111998046541,NA
9880557,100,n y m ø s,5,-18.304860118330534,NA,-23.800973686763864,NA,-23.65109261672794,NA,1.1731956986207523,NA,1.1731689601736792,NA,1.0049036855497242,NA,1.0048624490342637,NA
9880557,71,m y ʒ ø z,5,-22.32662891088082,NA,-18.58658519622501,NA,-18.33479718703259,NA,1.187771311398157,NA,1.1877241782403851,NA,1.027167731420923,NA,1.0259561075629384,NA
9875984,39,n ɯ c y j,5,-20.443678587627296,NA,-Inf,NA,-28.54826058980769,NA,1.1194433120611658,NA,1.119511701447071,NA,1.0005205875821277,NA,1.0007091769497731,NA
9875984,41,n e m ø h,5,-17.63893282018263,NA,-23.558108707134007,NA,-23.245886540663424,NA,1.2573677552147065,NA,1.2572013402029647,NA,1.0157239137890697,NA,1.015111998046541,NA
9875984,25,b o ʒ a n,5,-18.87907738678704,NA,-15.653898437212243,NA,-15.751763646111796,NA,1.3952268910920227,NA,1.3947842803728532,NA,1.034064398232142,NA,1.0322259545780297,NA
9875984,42,ɟ ø t͡ʃ e ʒ,5,-25.895838414443286,NA,-Inf,NA,-26.01302387459999,NA,1.140043237235324,NA,1.1400750278451808,NA,1.0022924360788037,NA,1.0023829981607115,NA
9875984,50,b u h a ʒ,5,-19.63382263150912,NA,-16.589829009805186,NA,-16.73205715679298,NA,1.3523956399527486,NA,1.3520522834985491,NA,1.021610727156267,NA,1.0206577518516846,NA
9875984,17,b o ʒ u ɾ,5,-20.188385139391087,NA,-16.322503633728758,NA,-16.394241238881506,NA,1.250175714529859,NA,1.249996348711549,NA,1.0147786024753525,NA,1.0141465127170373,NA
9875984,1,b i ɟ i ʒ,5,-23.15230334260776,NA,-24.915909991588407,NA,-24.35353692250794,NA,1.266203336252664,NA,1.2660164134332708,NA,1.012035144436651,NA,1.0116199754960176,NA
9875984,17,j a b u ʒ,5,-19.31027464586884,NA,-18.66177474584945,NA,-18.602207543248568,NA,1.3727688430545328,NA,1.3724036038051812,NA,1.029576112826616,NA,1.02823132533125,NA
9875984,37,ɫ a c e c,5,-20.652231711132256,NA,-Inf,NA,-27.899065041129965,NA,1.386819495813845,NA,1.3864247108936807,NA,1.0035239470356945,NA,1.00355006691279,NA
9875984,68,ɫ a c y c,5,-22.026637500586897,NA,-Inf,NA,-27.84286977614221,NA,1.303338955612124,NA,1.3030961175258404,NA,1.0029370543066431,NA,1.0029999110352912,NA
9875984,67,g ɯ d͡ʒ u ɾ,5,-18.401954124401353,NA,-15.514694512570816,NA,-15.553988277275629,NA,1.2206968713441448,NA,1.2205683468578952,NA,1.0114276001889089,NA,1.0109684044339573,NA
9875984,43,v ø l i c,5,-23.521629066683385,NA,-Inf,NA,-33.25997944794797,NA,1.1642026037351003,NA,1.1641922265701674,NA,1.0003260515161396,NA,1.0005235520380404,NA
9875984,28,b u ʒ u z,5,-21.183579400179205,NA,-19.10099770791221,NA,-18.99855357037276,NA,1.1919528697614603,NA,1.191894841679337,NA,1.0090301397771717,NA,1.008755156382551,NA
9875984,70,k u ɾ i n,5,-14.89701971471122,NA,-12.94195303395921,NA,-12.96493491685879,NA,1.5007331881655468,NA,1.5001135144861943,NA,1.0493627462694506,NA,1.0468268577985411,NA
9875984,34,ɫ o m ø s,5,-18.19297547659577,NA,-23.7185910215694,NA,-23.576018053983702,NA,1.1580890131919466,NA,1.1580884043189272,NA,1.006369125718587,NA,1.0062507303895665,NA
9875984,39,n ɯ c i v,5,-19.93088069637855,NA,-Inf,NA,-29.55229981701376,NA,1.201667544130325,NA,1.201588410921533,NA,1.0018247936466855,NA,1.0019317455664367,NA
9875984,32,b e ʒ a v,5,-18.887323500746025,NA,-19.56906284531509,NA,-19.661279048791737,NA,1.441131755390738,NA,1.4406313873886738,NA,1.018474361069321,NA,1.01766664871558,NA
9875984,24,ʃ o ʒ a v,5,-20.47724743734481,NA,-22.61856961138616,NA,-22.667019868719475,NA,1.288367615858368,NA,1.2881315117422223,NA,1.0061232207228026,NA,1.005964640548633,NA
9875984,32,s ø ɾ u ɾ,5,-17.419868282345767,NA,-15.476373057880078,NA,-15.513651402105268,NA,1.3518503805959323,NA,1.3514935705505449,NA,1.0191373454814323,NA,1.0182579368786828,NA
9875984,47,t͡ʃ e ʒ ø z,5,-22.14933769066073,NA,-19.18578744927172,NA,-19.077176117348685,NA,1.222407977281713,NA,1.2223008694112456,NA,1.00686107453606,NA,1.0067163101005072,NA
9875984,37,b a ɟ ø ʒ,5,-24.86506702537125,NA,-Inf,NA,-23.420803652697536,NA,1.3358300822798563,NA,1.335532677648985,NA,1.0206378838430394,NA,1.0197712158697192,NA
9875984,62,g u h a n,5,-16.986187982608918,NA,-14.003209503389854,NA,-14.037361297492396,NA,1.393585672209114,NA,1.3931455531370758,NA,1.041008945259303,NA,1.0387823974648764,NA
9875984,40,d͡ʒ y b a ʒ,5,-20.242830063624115,NA,-19.67879062473088,NA,-19.79752495934659,NA,1.3058041354405645,NA,1.3055414123656015,NA,1.0127232269111113,NA,1.01223747830455,NA
9875984,28,h y ʒ o ʒ,5,-24.26036702153048,NA,-23.09409359618359,NA,-22.955847081614372,NA,1.1385613608532974,NA,1.1386035176599465,NA,1.0022002270881678,NA,1.0023005246401142,NA
9875984,10,g ɯ ʒ u ʒ,5,-24.04112686624343,NA,-Inf,NA,-24.742720107269367,NA,1.1331254198362304,NA,1.1331750499516993,NA,1.0024913344887347,NA,1.002578336813267,NA
9875984,30,n u v ø h,5,-19.914181691206203,NA,-Inf,NA,-27.03470635875693,NA,1.1319802610032077,NA,1.1320309822151344,NA,1.0023941627725557,NA,1.0024857126666045,NA
9875984,32,s ø ɾ ɯ ɾ,5,-17.20500131187094,NA,-15.07133366695696,NA,-15.108072623586152,NA,1.3616515088653494,NA,1.3612768593282027,NA,1.0224207245664567,NA,1.021344720223736,NA
9875984,60,m y ɟ y z,5,-22.469309252839896,NA,-20.420586661988004,NA,-19.572854959613927,NA,1.207846762933068,NA,1.2077630593896518,NA,1.027561468749568,NA,1.0263250935198331,NA
9875984,37,v ɯ c ø c,5,-25.87442309272073,NA,-Inf,NA,-32.19927328021738,NA,1.0761529069919815,NA,1.076304970573472,NA,1.0002707972270364,NA,1.000474478028374,NA
9875984,38,h ø ʃ a ʒ,5,-21.446707936005243,NA,-21.13827944442946,NA,-21.18485938345635,NA,1.2838250896845864,NA,1.2836003756660834,NA,1.0078943784157934,NA,1.007671292277256,NA
9875984,43,n y n i v,5,-16.875155560146357,NA,-21.870278494630696,NA,-21.860137136995288,NA,1.2901878365226052,NA,1.2899547596023124,NA,1.015590305177985,NA,1.014953753172737,NA
9875984,66,ʃ u ɟ y ɾ,5,-21.957256044240108,NA,-22.499173241968023,NA,-21.920606300134068,NA,1.1847548415426716,NA,1.1846904267614222,NA,1.0053463860468044,NA,1.0052425528526925,NA
9875984,36,m y ʒ ø z,5,-22.32662891088082,NA,-18.58658519622501,NA,-18.33479718703259,NA,1.187771311398157,NA,1.1877241782403851,NA,1.027167731420923,NA,1.0259561075629384,NA
9875984,43,b o ʒ i l,5,-21.431083494530565,NA,-17.705568653800018,NA,-17.83640175391364,NA,1.2532448349058904,NA,1.2530775477498026,NA,1.0092351210095205,NA,1.0089534298645335,NA
9875984,30,s ø ɾ ø ɾ,5,-18.916248108852137,NA,-17.736643428071496,NA,-17.750937164122824,NA,1.311449218136533,NA,1.3111659441356651,NA,1.006315849424642,NA,1.0061905369137407,NA
9875984,31,g ɯ d͡ʒ i n,5,-17.765150906217194,NA,-14.572887378272108,NA,-14.613885458742647,NA,1.288193771309351,NA,1.2879431620866866,NA,1.019118781821044,NA,1.0181985618821732,NA
9875984,100,m y d͡ʒ u z,5,-18.768087972695568,NA,-15.447888818271592,NA,-15.47911401039972,NA,1.2404912354404627,NA,1.2403491166587477,NA,1.0319024111948645,NA,1.0304219098064595,NA
9875984,37,k ɯ k o n,5,-15.853117021089924,NA,-12.795133988211877,NA,-12.823178946592495,NA,1.321191395011316,NA,1.3208914663733455,NA,1.0259375020257335,NA,1.0247328374892803,NA
9875984,37,ɟ e ɟ i c,5,-27.129968484650533,NA,-Inf,NA,-33.995918426500694,NA,1.286798785012282,NA,1.286576434113205,NA,1.0004350671053688,NA,1.0006268044902862,NA
9875984,100,m y ɾ e ɾ,5,-14.984624734814105,NA,-12.552940803573671,NA,-12.57913149636152,NA,1.489033852575989,NA,1.4884339967257736,NA,1.064327496486173,NA,1.060981828884185,NA
9875984,82,l y l i c,5,-22.910768313384416,NA,-Inf,NA,-32.397687831098054,NA,1.203960562382335,NA,1.203881391318237,NA,1.0008711294622858,NA,1.0010398142992691,NA
9875984,31,ɟ e j o ʒ,5,-23.913791342449223,NA,-Inf,NA,-24.87491275380586,NA,1.2374689664526486,NA,1.2373395107029062,NA,1.0110946677328192,NA,1.010721436984636,NA
9875984,22,t͡ʃ i d͡ʒ ɯ t͡ʃ,5,-18.934215266206888,NA,-18.007434786889252,NA,-18.031020698229675,NA,1.1892406476791797,NA,1.1891896194854592,NA,1.007346548615294,NA,1.007170341171165,NA
9875984,10,n u g u v,5,-18.88780549394557,NA,-23.829955675252805,NA,-23.77692043460571,NA,1.1475726601589815,NA,1.147593398617559,NA,1.002664785337298,NA,1.0027359066125898,NA
9875984,60,n ø t a j,5,-16.60787778582062,NA,-20.729930991692015,NA,-20.69776307610008,NA,1.3204062609894092,NA,1.3201110967426837,NA,1.0202544768288162,NA,1.019299714440256,NA
9875984,62,l i g a v,5,-18.317025751495315,NA,-24.901990127973495,NA,-24.64460050717379,NA,1.3020095605246391,NA,1.3017497711993005,NA,1.0094632673533137,NA,1.0091216418905589,NA
9875984,39,l i ʒ a v,5,-20.23050859359168,NA,-26.93864092108832,NA,-26.6862720433174,NA,1.2954686251708838,NA,1.2952202250027611,NA,1.005853468543388,NA,1.005709010195803,NA
9875984,39,h a ʒ u z,5,-19.829474654606734,NA,-17.11965647191572,NA,-17.218070915836304,NA,1.3720422673264103,NA,1.3716726499377587,NA,1.0259268416966203,NA,1.0247640708076309,NA
9875984,36,z ø ʒ i l,5,-22.936420602528372,NA,-Inf,NA,-24.4772263559713,NA,1.157513007334928,NA,1.157511308073952,NA,1.001760072495694,NA,1.0018712112846873,NA
9875984,39,h y ʒ a ʒ,5,-22.512279354827413,NA,-22.102878518280345,NA,-22.166868313437227,NA,1.3079157400202015,NA,1.3076496470041246,NA,1.0032923482443703,NA,1.0033251342986491,NA
9875984,19,ɟ i ʒ o ʒ,5,-26.818661125757455,NA,-29.39941525084724,NA,-28.902870287169502,NA,1.1099298726971636,NA,1.110021532393878,NA,1.0005226776773717,NA,1.000711052533111,NA
9875984,25,l e ʒ i z,5,-20.353317059019144,NA,-23.404909965851168,NA,-23.138865417442208,NA,1.3100161638106471,NA,1.3097474876247677,NA,1.005750594004306,NA,1.005617778175364,NA
9875984,41,b o z y z,5,-19.26283358646827,NA,-16.006298136958325,NA,-16.038972563588715,NA,1.2096753412240209,NA,1.2095880258287266,NA,1.011931948070003,NA,1.0115128583515274,NA
9875984,36,n u c i v,5,-20.145747666853374,NA,-Inf,NA,-28.879295751792085,NA,1.2126077521025955,NA,1.2125096911983495,NA,1.0022042581137438,NA,1.0022912535659585,NA
9875984,29,ʃ e z u ʒ,5,-20.413361161166105,NA,-21.30607077641668,NA,-21.23961045572301,NA,1.274892670609532,NA,1.2746965965867414,NA,1.0140542779889286,NA,1.0135267325647053,NA
9875984,41,n ɯ v ø c,5,-22.316148913561925,NA,-Inf,NA,-30.445293983702243,NA,1.1084544645079504,NA,1.1085503214476562,NA,1.001905682716268,NA,1.0020229522148367,NA
9875984,23,n ɯ ʒ ɯ ʒ,5,-22.414816280194614,NA,-Inf,NA,-30.786845680157285,NA,1.1290677347665397,NA,1.129123492209685,NA,1.0003249566724437,NA,1.0005257916572736,NA
9875984,10,b o p o ʒ,5,-21.602409734503315,NA,-17.33475181640033,NA,-17.45672173398626,NA,1.180862690747296,NA,1.1808313744606571,NA,1.012965315438448,NA,1.01249501576141,NA
9875984,64,v ø ɟ y m,5,-24.02986774956105,NA,-Inf,NA,-25.69225069164061,NA,1.09995900556369,NA,1.10005431962118,NA,1.002654692924395,NA,1.0027073865105098,NA
9875984,31,z a ʒ ɯ ʒ,5,-21.998094155474003,NA,-Inf,NA,-26.305727027014363,NA,1.3354719613518329,NA,1.3351706136026844,NA,1.0043869150779896,NA,1.0043743138247614,NA
9875984,26,n u d͡ʒ o h,5,-18.585597379729464,NA,-24.726458930397825,NA,-24.61717125138857,NA,1.1330251122802943,NA,1.1330725118708005,NA,1.001474956791939,NA,1.001614712938203,NA
9875984,40,l e ʒ ɯ h,5,-21.03897463564812,NA,-30.18402807989924,NA,-29.205404715536854,NA,1.244495155727509,NA,1.2443470199359166,NA,1.0007952166504448,NA,1.0009691836637256,NA
9875984,12,ɟ i ʒ u ʒ,5,-26.631966384151276,NA,-29.991575100561576,NA,-29.47052707287037,NA,1.1312986116566484,NA,1.1313513771126087,NA,1.0003270467676877,NA,1.0005276672406118,NA
9875984,36,b y ʒ u ʒ,5,-23.866384100399888,NA,-23.067365963329937,NA,-22.908307977729834,NA,1.1812596797175028,NA,1.1812260558503582,NA,1.0029253067504076,NA,1.0029894710389118,NA
9875984,40,n y m ɯ j,5,-16.9785438270158,NA,-22.43669703100411,NA,-22.421232711240805,NA,1.2136164438653825,NA,1.21351869881907,NA,1.006133848620259,NA,1.0060194361555963,NA
9875984,46,j o c ø f,5,-23.34087968343175,NA,-Inf,NA,-24.211050554951704,NA,1.1207079699595697,NA,1.1207782546784186,NA,1.0033803356801,NA,1.003419297076754,NA
9875984,66,g a ɟ i l,5,-21.711665732611312,NA,-21.848897140452937,NA,-21.63415311259603,NA,1.4234248610169082,NA,1.4229631257047886,NA,1.0082939096649637,NA,1.0080627500036243,NA
9875984,55,l i l e h,5,-18.919528331099233,NA,-28.0860697294688,NA,-27.46035835823068,NA,1.2245450186213964,NA,1.2244264214977632,NA,1.0031029632868411,NA,1.0031441439625928,NA
9875984,67,b ɯ d a ʒ,5,-19.12602055601626,NA,-20.08567575275351,NA,-20.179115494716157,NA,1.3411283852127902,NA,1.3408045259119057,NA,1.0103448182681387,NA,1.0099894506104767,NA
9875984,37,z a ʒ o ʒ,5,-22.39965586755501,NA,-21.87536781165056,NA,-21.900778541508014,NA,1.3043020941229309,NA,1.3040574801062963,NA,1.0045825459876734,NA,1.004557699117261,NA
9875984,39,g ɯ ɟ e ʒ,5,-24.30578124525424,NA,-Inf,NA,-24.815598505272497,NA,1.196280249113463,NA,1.1962148980539262,NA,1.002806683496261,NA,1.0028744767627225,NA
9875984,39,t͡ʃ e ʒ u ʒ,5,-23.048080491923255,NA,-22.073070829734753,NA,-22.06130764515632,NA,1.2460500918115391,NA,1.2459043466753474,NA,1.0066654436263762,NA,1.0065329248080075,NA
9875984,40,n u ʒ ɯ h,5,-20.24619677932734,NA,-27.810791659163197,NA,-27.023579690957725,NA,1.1518762179262898,NA,1.1518883333637062,NA,1.0010090676384151,NA,1.0011719374015406,NA
9875984,21,v e ɟ y ʒ,5,-24.678551245174873,NA,-25.322342225670877,NA,-24.826847868345496,NA,1.2138685991633609,NA,1.2137803225511092,NA,1.0052790884770466,NA,1.0052181146545902,NA
9875984,70,t i k u ɾ,5,-14.757321292630818,NA,-13.776182245400546,NA,-13.797827878122703,NA,1.3425309336547508,NA,1.3421911014635628,NA,1.0178435286691223,NA,1.01704029300458,NA
9875984,55,v ø l ø h,5,-23.290063091036213,NA,-Inf,NA,-32.28412824653789,NA,1.0659556661882257,NA,1.066120812453014,NA,1,1,1.0002179098838746,1
9875984,77,b o p ɯ z,5,-18.80572539465341,NA,-15.575160863623148,NA,-15.6123249065678,NA,1.2287916059057706,NA,1.228668657107823,NA,1.014936867151038,NA,1.014349109888668,NA
9875984,90,ɫ a t a j,5,-13.539207723328191,NA,-16.70963205807083,NA,-16.722833062461532,NA,1.5581158667217818,NA,1.5574094336214954,NA,1.0364821239096451,NA,1.0346702629498348,NA
9875984,29,b ø t͡ʃ u ʒ,5,-23.04040938456597,NA,-22.79008801093924,NA,-22.657649428790645,NA,1.141361768943645,NA,1.1413970478706803,NA,1.0020862604454976,NA,1.0021930802819217,NA
9875984,11,b e v e ʒ,5,-19.361992708840056,NA,-16.706821942985723,NA,-16.834862117610335,NA,1.3761639224927549,NA,1.3757870363920413,NA,1.0278984680883785,NA,1.0266329792683782,NA
9875984,31,ɫ o h u v,5,-18.593599295416848,NA,-24.062385001701756,NA,-23.99927255278523,NA,1.1612070751754773,NA,1.1612039662326097,NA,1.0043702249837334,NA,1.004350345813558,NA
9875984,37,t͡ʃ ø j o ʒ,5,-23.110844320056284,NA,-18.612897025047648,NA,-18.738353722963613,NA,1.1138647273701043,NA,1.1139491411652993,NA,1.0038353772712676,NA,1.0038463961880495,NA
9875984,69,ɟ i ɟ i c,5,-27.327803810976384,NA,-34.544864796093734,NA,-33.39335316750246,NA,1.200631107369301,NA,1.2005578354972886,NA,1.0004350671053688,NA,1.0006268044902862,NA
9875984,83,k u t ø ɾ,5,-17.142589509814194,NA,-15.653402142063069,NA,-15.691176305475931,NA,1.32230203950961,NA,1.3220007996898406,NA,1.018129501377924,NA,1.0173831055756966,NA
9875984,36,n u l e ɾ,5,-16.7353899896315,NA,-21.8754485295826,NA,-21.502576488019884,NA,1.2814781732006866,NA,1.2812387575669788,NA,1.0164999980354623,NA,1.0157043429334207,NA
9875984,9,v ɯ ʒ a ʒ,5,-22.349954898140567,NA,-Inf,NA,-25.81550837135159,NA,1.2641123593074002,NA,1.2639220306428625,NA,1.0015585492929229,NA,1.0016824729794085,NA
9875984,100,h a c i z,5,-19.17393398541818,NA,-Inf,NA,-21.131318076779458,NA,1.44361829462378,NA,1.4431184887150887,NA,1.029014126217107,NA,1.027660226668782,NA
9875984,100,h a t͡ʃ ø z,5,-19.291182011224596,NA,-16.038256272556517,NA,-16.08294553334273,NA,1.3428697105576248,NA,1.3425540778269385,NA,1.02767606738203,NA,1.026436686056419,NA
9875984,82,t e ɾ a n,5,-13.154797069130572,NA,-11.724338917087254,NA,-11.742921937601642,NA,1.6505512704719087,NA,1.6496653866651498,NA,1.1099233378103026,NA,1.104018173778758,NA
9875984,25,d͡ʒ o c i c,5,-23.871817361041813,NA,-Inf,NA,-30.898696726610687,NA,1.1985751556303774,NA,1.1985054370150776,NA,1.000922153764827,NA,1.0010883145531615,NA
9875984,28,b i m y ʒ,5,-19.745708670599832,NA,-17.144470810093683,NA,-17.12870059621924,NA,1.224775815843954,NA,1.224668160873623,NA,1.017560989647938,NA,1.0168496999823045,NA
9875984,59,n y m ø s,5,-18.304860118330534,NA,-23.800973686763864,NA,-23.65109261672794,NA,1.1731956986207523,NA,1.1731689601736792,NA,1.0049036855497242,NA,1.0048624490342637,NA
9875984,58,t i s ø ɾ,5,-16.6433666420812,NA,-15.288823083741889,NA,-15.32336104232457,NA,1.2934630318516254,NA,1.2932118263382686,NA,1.009196713442622,NA,1.0089195099707884,NA
9875984,41,ɫ o h e s,5,-16.45817250086749,NA,-21.317120361286086,NA,-21.272071082039435,NA,1.2426762924026875,NA,1.24252019486607,NA,1.009570595243294,NA,1.0092260466145833,NA
9875984,81,b i t͡ʃ ø z,5,-19.756398366120063,NA,-16.19975610039546,NA,-16.23976513062291,NA,1.1837400183652915,NA,1.1836997124750908,NA,1.0128196585784826,NA,1.0123617470711583,NA
9875984,30,h a h a ʒ,5,-18.279717885936645,NA,-15.5480561905522,NA,-15.694802669418907,NA,1.5324850375176986,NA,1.5318300917569716,NA,1.049136449025569,NA,1.046733780370724,NA
9875953,19,l i l e h,5,-18.919528331099233,NA,-28.0860697294688,NA,-27.46035835823068,NA,1.2245450186213964,NA,1.2244264214977632,NA,1.0031029632868411,NA,1.0031441439625928,NA
9875953,7,v e ɟ y ʒ,5,-24.678551245174873,NA,-25.322342225670877,NA,-24.826847868345496,NA,1.2138685991633609,NA,1.2137803225511092,NA,1.0052790884770466,NA,1.0052181146545902,NA
9875953,11,h a t͡ʃ ø z,5,-19.291182011224596,NA,-16.038256272556517,NA,-16.08294553334273,NA,1.3428697105576248,NA,1.3425540778269385,NA,1.02767606738203,NA,1.026436686056419,NA
9875953,14,b e ʒ a v,5,-18.887323500746025,NA,-19.56906284531509,NA,-19.661279048791737,NA,1.441131755390738,NA,1.4406313873886738,NA,1.018474361069321,NA,1.01766664871558,NA
9875953,11,b ø t͡ʃ u ʒ,5,-23.04040938456597,NA,-22.79008801093924,NA,-22.657649428790645,NA,1.141361768943645,NA,1.1413970478706803,NA,1.0020862604454976,NA,1.0021930802819217,NA
9875953,13,d͡ʒ o c i c,5,-23.871817361041813,NA,-Inf,NA,-30.898696726610687,NA,1.1985751556303774,NA,1.1985054370150776,NA,1.000922153764827,NA,1.0010883145531615,NA
9875953,10,z a ʒ o ʒ,5,-22.39965586755501,NA,-21.87536781165056,NA,-21.900778541508014,NA,1.3043020941229309,NA,1.3040574801062963,NA,1.0045825459876734,NA,1.004557699117261,NA
9875953,12,g a ɟ i l,5,-21.711665732611312,NA,-21.848897140452937,NA,-21.63415311259603,NA,1.4234248610169082,NA,1.4229631257047886,NA,1.0082939096649637,NA,1.0080627500036243,NA
9875953,24,l e ʒ i z,5,-20.353317059019144,NA,-23.404909965851168,NA,-23.138865417442208,NA,1.3100161638106471,NA,1.3097474876247677,NA,1.005750594004306,NA,1.005617778175364,NA
9875953,16,n y m ø s,5,-18.304860118330534,NA,-23.800973686763864,NA,-23.65109261672794,NA,1.1731956986207523,NA,1.1731689601736792,NA,1.0049036855497242,NA,1.0048624490342637,NA
9875953,20,ɟ i ʒ u ʒ,5,-26.631966384151276,NA,-29.991575100561576,NA,-29.47052707287037,NA,1.1312986116566484,NA,1.1313513771126087,NA,1.0003270467676877,NA,1.0005276672406118,NA
9875953,19,b e v e ʒ,5,-19.361992708840056,NA,-16.706821942985723,NA,-16.834862117610335,NA,1.3761639224927549,NA,1.3757870363920413,NA,1.0278984680883785,NA,1.0266329792683782,NA
9875953,68,k u t ø ɾ,5,-17.142589509814194,NA,-15.653402142063069,NA,-15.691176305475931,NA,1.32230203950961,NA,1.3220007996898406,NA,1.018129501377924,NA,1.0173831055756966,NA
9875953,20,n u d͡ʒ o h,5,-18.585597379729464,NA,-24.726458930397825,NA,-24.61717125138857,NA,1.1330251122802943,NA,1.1330725118708005,NA,1.001474956791939,NA,1.001614712938203,NA
9875953,64,m y d͡ʒ u z,5,-18.768087972695568,NA,-15.447888818271592,NA,-15.47911401039972,NA,1.2404912354404627,NA,1.2403491166587477,NA,1.0319024111948645,NA,1.0304219098064595,NA
9875953,24,ɫ a c e c,5,-20.652231711132256,NA,-Inf,NA,-27.899065041129965,NA,1.386819495813845,NA,1.3864247108936807,NA,1.0035239470356945,NA,1.00355006691279,NA
9875953,26,n y m ɯ j,5,-16.9785438270158,NA,-22.43669703100411,NA,-22.421232711240805,NA,1.2136164438653825,NA,1.21351869881907,NA,1.006133848620259,NA,1.0060194361555963,NA
9875953,27,t i k u ɾ,5,-14.757321292630818,NA,-13.776182245400546,NA,-13.797827878122703,NA,1.3425309336547508,NA,1.3421911014635628,NA,1.0178435286691223,NA,1.01704029300458,NA
9875953,60,s ø ɾ u ɾ,5,-17.419868282345767,NA,-15.476373057880078,NA,-15.513651402105268,NA,1.3518503805959323,NA,1.3514935705505449,NA,1.0191373454814323,NA,1.0182579368786828,NA
9875953,33,b u ʒ u z,5,-21.183579400179205,NA,-19.10099770791221,NA,-18.99855357037276,NA,1.1919528697614603,NA,1.191894841679337,NA,1.0090301397771717,NA,1.008755156382551,NA
9875953,28,s ø ɾ ø ɾ,5,-18.916248108852137,NA,-17.736643428071496,NA,-17.750937164122824,NA,1.311449218136533,NA,1.3111659441356651,NA,1.006315849424642,NA,1.0061905369137407,NA
9875953,57,j o c ø f,5,-23.34087968343175,NA,-Inf,NA,-24.211050554951704,NA,1.1207079699595697,NA,1.1207782546784186,NA,1.0033803356801,NA,1.003419297076754,NA
9875953,54,n u v ø h,5,-19.914181691206203,NA,-Inf,NA,-27.03470635875693,NA,1.1319802610032077,NA,1.1320309822151344,NA,1.0023941627725557,NA,1.0024857126666045,NA
9875953,32,v ø l ø h,5,-23.290063091036213,NA,-Inf,NA,-32.28412824653789,NA,1.0659556661882257,NA,1.066120812453014,NA,1,1,1.0002179098838746,1
9875953,11,l e ʒ ɯ h,5,-21.03897463564812,NA,-30.18402807989924,NA,-29.205404715536854,NA,1.244495155727509,NA,1.2443470199359166,NA,1.0007952166504448,NA,1.0009691836637256,NA
9875953,8,b i m y ʒ,5,-19.745708670599832,NA,-17.144470810093683,NA,-17.12870059621924,NA,1.224775815843954,NA,1.224668160873623,NA,1.017560989647938,NA,1.0168496999823045,NA
9875953,58,n e m ø h,5,-17.63893282018263,NA,-23.558108707134007,NA,-23.245886540663424,NA,1.2573677552147065,NA,1.2572013402029647,NA,1.0157239137890697,NA,1.015111998046541,NA
9875953,31,n ɯ v ø c,5,-22.316148913561925,NA,-Inf,NA,-30.445293983702243,NA,1.1084544645079504,NA,1.1085503214476562,NA,1.001905682716268,NA,1.0020229522148367,NA
9875953,28,d͡ʒ y b a ʒ,5,-20.242830063624115,NA,-19.67879062473088,NA,-19.79752495934659,NA,1.3058041354405645,NA,1.3055414123656015,NA,1.0127232269111113,NA,1.01223747830455,NA
9875953,7,t͡ʃ e ʒ u ʒ,5,-23.048080491923255,NA,-22.073070829734753,NA,-22.06130764515632,NA,1.2460500918115391,NA,1.2459043466753474,NA,1.0066654436263762,NA,1.0065329248080075,NA
9875953,1,l i g a v,5,-18.317025751495315,NA,-24.901990127973495,NA,-24.64460050717379,NA,1.3020095605246391,NA,1.3017497711993005,NA,1.0094632673533137,NA,1.0091216418905589,NA
9875953,60,h a c i z,5,-19.17393398541818,NA,-Inf,NA,-21.131318076779458,NA,1.44361829462378,NA,1.4431184887150887,NA,1.029014126217107,NA,1.027660226668782,NA
9875953,58,t i s ø ɾ,5,-16.6433666420812,NA,-15.288823083741889,NA,-15.32336104232457,NA,1.2934630318516254,NA,1.2932118263382686,NA,1.009196713442622,NA,1.0089195099707884,NA
9875953,17,ɫ o h e s,5,-16.45817250086749,NA,-21.317120361286086,NA,-21.272071082039435,NA,1.2426762924026875,NA,1.24252019486607,NA,1.009570595243294,NA,1.0092260466145833,NA
9875953,72,n y n i v,5,-16.875155560146357,NA,-21.870278494630696,NA,-21.860137136995288,NA,1.2901878365226052,NA,1.2899547596023124,NA,1.015590305177985,NA,1.014953753172737,NA
9875953,71,b u h a ʒ,5,-19.63382263150912,NA,-16.589829009805186,NA,-16.73205715679298,NA,1.3523956399527486,NA,1.3520522834985491,NA,1.021610727156267,NA,1.0206577518516846,NA
9875953,0,t͡ʃ i d͡ʒ ɯ t͡ʃ,5,-18.934215266206888,NA,-18.007434786889252,NA,-18.031020698229675,NA,1.1892406476791797,NA,1.1891896194854592,NA,1.007346548615294,NA,1.007170341171165,NA
9875953,2,ɟ i ʒ o ʒ,5,-26.818661125757455,NA,-29.39941525084724,NA,-28.902870287169502,NA,1.1099298726971636,NA,1.110021532393878,NA,1.0005226776773717,NA,1.000711052533111,NA
9875953,1,g ɯ ɟ e ʒ,5,-24.30578124525424,NA,-Inf,NA,-24.815598505272497,NA,1.196280249113463,NA,1.1962148980539262,NA,1.002806683496261,NA,1.0028744767627225,NA
9875953,19,ɫ o h u v,5,-18.593599295416848,NA,-24.062385001701756,NA,-23.99927255278523,NA,1.1612070751754773,NA,1.1612039662326097,NA,1.0043702249837334,NA,1.004350345813558,NA
9875953,35,h ø ʃ a ʒ,5,-21.446707936005243,NA,-21.13827944442946,NA,-21.18485938345635,NA,1.2838250896845864,NA,1.2836003756660834,NA,1.0078943784157934,NA,1.007671292277256,NA
9875953,36,b o p o ʒ,5,-21.602409734503315,NA,-17.33475181640033,NA,-17.45672173398626,NA,1.180862690747296,NA,1.1808313744606571,NA,1.012965315438448,NA,1.01249501576141,NA
9875953,62,n ø t a j,5,-16.60787778582062,NA,-20.729930991692015,NA,-20.69776307610008,NA,1.3204062609894092,NA,1.3201110967426837,NA,1.0202544768288162,NA,1.019299714440256,NA
9875953,0,v ɯ ʒ a ʒ,5,-22.349954898140567,NA,-Inf,NA,-25.81550837135159,NA,1.2641123593074002,NA,1.2639220306428625,NA,1.0015585492929229,NA,1.0016824729794085,NA
9875953,21,ɫ o m ø s,5,-18.19297547659577,NA,-23.7185910215694,NA,-23.576018053983702,NA,1.1580890131919466,NA,1.1580884043189272,NA,1.006369125718587,NA,1.0062507303895665,NA
9875953,54,n u g u v,5,-18.88780549394557,NA,-23.829955675252805,NA,-23.77692043460571,NA,1.1475726601589815,NA,1.147593398617559,NA,1.002664785337298,NA,1.0027359066125898,NA
9875953,56,h a h a ʒ,5,-18.279717885936645,NA,-15.5480561905522,NA,-15.694802669418907,NA,1.5324850375176986,NA,1.5318300917569716,NA,1.049136449025569,NA,1.046733780370724,NA
9875953,74,v ø ɟ y m,5,-24.02986774956105,NA,-Inf,NA,-25.69225069164061,NA,1.09995900556369,NA,1.10005431962118,NA,1.002654692924395,NA,1.0027073865105098,NA
9875953,38,m y ʒ ø z,5,-22.32662891088082,NA,-18.58658519622501,NA,-18.33479718703259,NA,1.187771311398157,NA,1.1877241782403851,NA,1.027167731420923,NA,1.0259561075629384,NA
9875953,59,b o z y z,5,-19.26283358646827,NA,-16.006298136958325,NA,-16.038972563588715,NA,1.2096753412240209,NA,1.2095880258287266,NA,1.011931948070003,NA,1.0115128583515274,NA
9875953,95,k u ɾ i n,5,-14.89701971471122,NA,-12.94195303395921,NA,-12.96493491685879,NA,1.5007331881655468,NA,1.5001135144861943,NA,1.0493627462694506,NA,1.0468268577985411,NA
9875953,29,h a ʒ u z,5,-19.829474654606734,NA,-17.11965647191572,NA,-17.218070915836304,NA,1.3720422673264103,NA,1.3716726499377587,NA,1.0259268416966203,NA,1.0247640708076309,NA
9875953,14,ʃ e z u ʒ,5,-20.413361161166105,NA,-21.30607077641668,NA,-21.23961045572301,NA,1.274892670609532,NA,1.2746965965867414,NA,1.0140542779889286,NA,1.0135267325647053,NA
9875953,12,ʃ o ʒ a v,5,-20.47724743734481,NA,-22.61856961138616,NA,-22.667019868719475,NA,1.288367615858368,NA,1.2881315117422223,NA,1.0061232207228026,NA,1.005964640548633,NA
9875953,11,t͡ʃ ø j o ʒ,5,-23.110844320056284,NA,-18.612897025047648,NA,-18.738353722963613,NA,1.1138647273701043,NA,1.1139491411652993,NA,1.0038353772712676,NA,1.0038463961880495,NA
9875953,91,g u h a n,5,-16.986187982608918,NA,-14.003209503389854,NA,-14.037361297492396,NA,1.393585672209114,NA,1.3931455531370758,NA,1.041008945259303,NA,1.0387823974648764,NA
9875953,11,h y ʒ a ʒ,5,-22.512279354827413,NA,-22.102878518280345,NA,-22.166868313437227,NA,1.3079157400202015,NA,1.3076496470041246,NA,1.0032923482443703,NA,1.0033251342986491,NA
9875953,95,t e ɾ a n,5,-13.154797069130572,NA,-11.724338917087254,NA,-11.742921937601642,NA,1.6505512704719087,NA,1.6496653866651498,NA,1.1099233378103026,NA,1.104018173778758,NA
9875953,82,b o p ɯ z,5,-18.80572539465341,NA,-15.575160863623148,NA,-15.6123249065678,NA,1.2287916059057706,NA,1.228668657107823,NA,1.014936867151038,NA,1.014349109888668,NA
9875953,14,h y ʒ o ʒ,5,-24.26036702153048,NA,-23.09409359618359,NA,-22.955847081614372,NA,1.1385613608532974,NA,1.1386035176599465,NA,1.0022002270881678,NA,1.0023005246401142,NA
9875953,35,n ɯ c i v,5,-19.93088069637855,NA,-Inf,NA,-29.55229981701376,NA,1.201667544130325,NA,1.201588410921533,NA,1.0018247936466855,NA,1.0019317455664367,NA
9875953,4,n ɯ ʒ ɯ ʒ,5,-22.414816280194614,NA,-Inf,NA,-30.786845680157285,NA,1.1290677347665397,NA,1.129123492209685,NA,1.0003249566724437,NA,1.0005257916572736,NA
9875953,43,v ø l i c,5,-23.521629066683385,NA,-Inf,NA,-33.25997944794797,NA,1.1642026037351003,NA,1.1641922265701674,NA,1.0003260515161396,NA,1.0005235520380404,NA
9875953,0,b y ʒ u ʒ,5,-23.866384100399888,NA,-23.067365963329937,NA,-22.908307977729834,NA,1.1812596797175028,NA,1.1812260558503582,NA,1.0029253067504076,NA,1.0029894710389118,NA
9875953,73,ɟ e ɟ i c,5,-27.129968484650533,NA,-Inf,NA,-33.995918426500694,NA,1.286798785012282,NA,1.286576434113205,NA,1.0004350671053688,NA,1.0006268044902862,NA
9875953,3,z ø ʒ i l,5,-22.936420602528372,NA,-Inf,NA,-24.4772263559713,NA,1.157513007334928,NA,1.157511308073952,NA,1.001760072495694,NA,1.0018712112846873,NA
9875953,9,b ɯ d a ʒ,5,-19.12602055601626,NA,-20.08567575275351,NA,-20.179115494716157,NA,1.3411283852127902,NA,1.3408045259119057,NA,1.0103448182681387,NA,1.0099894506104767,NA
9875953,68,b i t͡ʃ ø z,5,-19.756398366120063,NA,-16.19975610039546,NA,-16.23976513062291,NA,1.1837400183652915,NA,1.1836997124750908,NA,1.0128196585784826,NA,1.0123617470711583,NA
9875953,33,n u c i v,5,-20.145747666853374,NA,-Inf,NA,-28.879295751792085,NA,1.2126077521025955,NA,1.2125096911983495,NA,1.0022042581137438,NA,1.0022912535659585,NA
9875953,34,n ɯ c y j,5,-20.443678587627296,NA,-Inf,NA,-28.54826058980769,NA,1.1194433120611658,NA,1.119511701447071,NA,1.0005205875821277,NA,1.0007091769497731,NA
9875953,5,g ɯ ʒ u ʒ,5,-24.04112686624343,NA,-Inf,NA,-24.742720107269367,NA,1.1331254198362304,NA,1.1331750499516993,NA,1.0024913344887347,NA,1.002578336813267,NA
9875953,1,z a ʒ ɯ ʒ,5,-21.998094155474003,NA,-Inf,NA,-26.305727027014363,NA,1.3354719613518329,NA,1.3351706136026844,NA,1.0043869150779896,NA,1.0043743138247614,NA
9875953,11,t͡ʃ e ʒ ø z,5,-22.14933769066073,NA,-19.18578744927172,NA,-19.077176117348685,NA,1.222407977281713,NA,1.2223008694112456,NA,1.00686107453606,NA,1.0067163101005072,NA
9875953,7,b a ɟ ø ʒ,5,-24.86506702537125,NA,-Inf,NA,-23.420803652697536,NA,1.3358300822798563,NA,1.335532677648985,NA,1.0206378838430394,NA,1.0197712158697192,NA
9875953,4,ɟ e j o ʒ,5,-23.913791342449223,NA,-Inf,NA,-24.87491275380586,NA,1.2374689664526486,NA,1.2373395107029062,NA,1.0110946677328192,NA,1.010721436984636,NA
9875953,3,b o ʒ a n,5,-18.87907738678704,NA,-15.653898437212243,NA,-15.751763646111796,NA,1.3952268910920227,NA,1.3947842803728532,NA,1.034064398232142,NA,1.0322259545780297,NA
9875953,40,k ɯ k o n,5,-15.853117021089924,NA,-12.795133988211877,NA,-12.823178946592495,NA,1.321191395011316,NA,1.3208914663733455,NA,1.0259375020257335,NA,1.0247328374892803,NA
9875953,64,ɟ i ɟ i c,5,-27.327803810976384,NA,-34.544864796093734,NA,-33.39335316750246,NA,1.200631107369301,NA,1.2005578354972886,NA,1.0004350671053688,NA,1.0006268044902862,NA
9875953,5,l i ʒ a v,5,-20.23050859359168,NA,-26.93864092108832,NA,-26.6862720433174,NA,1.2954686251708838,NA,1.2952202250027611,NA,1.005853468543388,NA,1.005709010195803,NA
9875953,59,g ɯ d͡ʒ u ɾ,5,-18.401954124401353,NA,-15.514694512570816,NA,-15.553988277275629,NA,1.2206968713441448,NA,1.2205683468578952,NA,1.0114276001889089,NA,1.0109684044339573,NA
9875953,11,n u ʒ ɯ h,5,-20.24619677932734,NA,-27.810791659163197,NA,-27.023579690957725,NA,1.1518762179262898,NA,1.1518883333637062,NA,1.0010090676384151,NA,1.0011719374015406,NA
9875953,11,b o ʒ i l,5,-21.431083494530565,NA,-17.705568653800018,NA,-17.83640175391364,NA,1.2532448349058904,NA,1.2530775477498026,NA,1.0092351210095205,NA,1.0089534298645335,NA
9875953,81,m y ɾ e ɾ,5,-14.984624734814105,NA,-12.552940803573671,NA,-12.57913149636152,NA,1.489033852575989,NA,1.4884339967257736,NA,1.064327496486173,NA,1.060981828884185,NA
9875953,71,l y l i c,5,-22.910768313384416,NA,-Inf,NA,-32.397687831098054,NA,1.203960562382335,NA,1.203881391318237,NA,1.0008711294622858,NA,1.0010398142992691,NA
9875953,11,s ø ɾ ɯ ɾ,5,-17.20500131187094,NA,-15.07133366695696,NA,-15.108072623586152,NA,1.3616515088653494,NA,1.3612768593282027,NA,1.0224207245664567,NA,1.021344720223736,NA
9875953,10,b i ɟ i ʒ,5,-23.15230334260776,NA,-24.915909991588407,NA,-24.35353692250794,NA,1.266203336252664,NA,1.2660164134332708,NA,1.012035144436651,NA,1.0116199754960176,NA
9875953,65,ɫ a t a j,5,-13.539207723328191,NA,-16.70963205807083,NA,-16.722833062461532,NA,1.5581158667217818,NA,1.5574094336214954,NA,1.0364821239096451,NA,1.0346702629498348,NA
9875953,22,g ɯ d͡ʒ i n,5,-17.765150906217194,NA,-14.572887378272108,NA,-14.613885458742647,NA,1.288193771309351,NA,1.2879431620866866,NA,1.019118781821044,NA,1.0181985618821732,NA
9875953,66,m y ɟ y z,5,-22.469309252839896,NA,-20.420586661988004,NA,-19.572854959613927,NA,1.207846762933068,NA,1.2077630593896518,NA,1.027561468749568,NA,1.0263250935198331,NA
9875953,14,b o ʒ u ɾ,5,-20.188385139391087,NA,-16.322503633728758,NA,-16.394241238881506,NA,1.250175714529859,NA,1.249996348711549,NA,1.0147786024753525,NA,1.0141465127170373,NA
9875953,13,ɟ ø t͡ʃ e ʒ,5,-25.895838414443286,NA,-Inf,NA,-26.01302387459999,NA,1.140043237235324,NA,1.1400750278451808,NA,1.0022924360788037,NA,1.0023829981607115,NA
9875953,6,ʃ u ɟ y ɾ,5,-21.957256044240108,NA,-22.499173241968023,NA,-21.920606300134068,NA,1.1847548415426716,NA,1.1846904267614222,NA,1.0053463860468044,NA,1.0052425528526925,NA
9875953,13,j a b u ʒ,5,-19.31027464586884,NA,-18.66177474584945,NA,-18.602207543248568,NA,1.3727688430545328,NA,1.3724036038051812,NA,1.029576112826616,NA,1.02823132533125,NA
9875953,54,n u l e ɾ,5,-16.7353899896315,NA,-21.8754485295826,NA,-21.502576488019884,NA,1.2814781732006866,NA,1.2812387575669788,NA,1.0164999980354623,NA,1.0157043429334207,NA
9875953,33,v ɯ c ø c,5,-25.87442309272073,NA,-Inf,NA,-32.19927328021738,NA,1.0761529069919815,NA,1.076304970573472,NA,1.0002707972270364,NA,1.000474478028374,NA
9875953,58,ɫ a c y c,5,-22.026637500586897,NA,-Inf,NA,-27.84286977614221,NA,1.303338955612124,NA,1.3030961175258404,NA,1.0029370543066431,NA,1.0029999110352912,NA
9871913,4,b u ɟ ø ʒ,5,-26.42645995046814,NA,-Inf,NA,-24.718693605330763,NA,1.1344111048101857,NA,1.134462175918881,NA,1.0071497434921757,NA,1.006991934093099,NA
9871913,16,ɟ y f e ʒ,5,-24.68382830227571,NA,-25.22823350958293,NA,-24.924911824073703,NA,1.197274626696634,NA,1.197207333245688,NA,1.005629742506169,NA,1.0055403867692694,NA
9871913,89,k o k u ɾ,5,-15.81589881907191,NA,-14.164787591245988,NA,-14.189177293546392,NA,1.3561640083612907,NA,1.3558006156133138,NA,1.0309577781402457,NA,1.029465068337247,NA
9871913,14,b i ʒ i ʃ,5,-19.526656073717337,NA,-17.97370132018528,NA,-18.017836365125127,NA,1.2861479817833397,NA,1.285919656722362,NA,1.0177954456980225,NA,1.017025230789646,NA
9871913,11,g o ɟ y ʒ,5,-26.081748746789877,NA,-24.756749204677632,NA,-24.261882275036,NA,1.1234691196569762,NA,1.1235372562431791,NA,1.0013257973115228,NA,1.001472532342125,NA
9871913,6,g u ɟ e ʒ,5,-24.520648215729064,NA,-Inf,NA,-25.12589588220793,NA,1.2072204570857334,NA,1.2071361783307428,NA,1.0015072051556937,NA,1.0016432622663496,NA
9871913,87,l y g u j,5,-20.39121656784095,NA,-Inf,NA,-28.45058894678722,NA,1.147281360733707,NA,1.147299720778366,NA,1.0011865525645776,NA,1.0013362474692384,NA
9871913,89,l y l e c,5,-22.712932987058565,NA,-Inf,NA,-32.3160745795191,NA,1.197065582611408,NA,1.1969989614223264,NA,1.0011971809784252,NA,1.0013454564534352,NA
9871913,12,f y c ø v,5,-24.105639586157395,NA,-Inf,NA,-24.665973193548194,NA,1.1129298669413028,NA,1.1130142426187757,NA,1.0013678237866614,NA,1.0015130661860885,NA
9871913,7,b e ɟ i ʒ,5,-22.954468016281908,NA,-24.634615074769357,NA,-24.189436304001077,NA,1.352371013895645,NA,1.3520350120491875,NA,1.0125225794453168,NA,1.012081798156116,NA
9871913,15,t i k ɯ ɾ,5,-14.54245432215599,NA,-13.212451852990958,NA,-13.233651743758994,NA,1.352332061924168,NA,1.3519743902412205,NA,1.0240330562526363,NA,1.0228729978485829,NA
9871913,8,g ɯ k o p,5,-18.396509345599615,NA,-15.155469592030345,NA,-15.199246251117556,NA,1.1896978651358043,NA,1.189645248846842,NA,1.0101186670128863,NA,1.0097904273217253,NA
9871913,100,k ɯ ɾ e t,5,-14.34461899583014,NA,-12.379643812608151,NA,-12.401069233681326,NA,1.4574007718602364,NA,1.4568656707805725,NA,1.0575407260274738,NA,1.054575679739315,NA
9871913,11,n u c y c,5,-23.59892773657295,NA,-Inf,NA,-30.1793505288519,NA,1.1106900084586075,NA,1.1107804796089662,NA,1.00076963144273,NA,1.0009464280876286,NA
9871913,12,t ø ɾ a n,5,-15.737900612639798,NA,-14.053612751333944,NA,-14.0900146594381,NA,1.4983632288774549,NA,1.4977406461807206,NA,1.0585320936609162,NA,1.055335124686371,NA
9871913,14,l y g ɯ h,5,-20.4998975830064,NA,-Inf,NA,-29.036115755256105,NA,1.149974565951282,NA,1.149989887931764,NA,1.00059203852765,NA,1.0007759709906086,NA
9871913,9,c i t͡ʃ e f,5,-20.35455499473321,NA,-Inf,NA,-23.19101449988911,NA,1.2206632956388237,NA,1.2205511500064978,NA,1.0041193198207332,NA,1.0040987094266125,NA
9871913,14,t i k o n,5,-15.196101206729836,NA,-13.240996547523356,NA,-13.26604749315664,NA,1.31822773105001,NA,1.3179329037806882,NA,1.0146171328879905,NA,1.0140073512575454,NA
9871913,11,h i ʒ u ʒ,5,-22.897101816795516,NA,-22.812369904220137,NA,-22.719046165604528,NA,1.174823947299784,NA,1.1748014419634516,NA,1.005038918518121,NA,1.0049919529548976,NA
9871913,18,b i h a ʒ,5,-18.744934240832112,NA,-16.24298849238163,NA,-16.385096205880032,NA,1.3733553453253655,NA,1.372975726405124,NA,1.0233784812990958,NA,1.0223335961608893,NA
9871913,13,m y ɾ o n,5,-16.510128365915982,NA,-13.311535765675442,NA,-13.341581660625684,NA,1.4011942661317132,NA,1.400755060745874,NA,1.0445744785123534,NA,1.0423874508376312,NA
9871913,11,h e ʒ o ʃ,5,-20.611692059199083,NA,-21.352021945146213,NA,-21.261716898107,NA,1.2591859769516531,NA,1.2590125489549313,NA,1.0061370897175157,NA,1.006025124082477,NA
9871913,43,t͡ʃ o ɫ a ʒ,5,-19.424282256875884,NA,-18.005456232553836,NA,-18.13605719361724,NA,1.37194225034822,NA,1.3715644260384483,NA,1.027293545810697,NA,1.0260195746102412,NA
9871913,38,k u ɾ ɯ ɾ,5,-15.318955962420556,NA,-13.370493909747877,NA,-13.394216805421626,NA,1.4430374164697577,NA,1.4425219880350606,NA,1.0417068954004978,NA,1.0396145126083167,NA
9871913,8,ɫ o c y c,5,-23.77472516728996,NA,-Inf,NA,-29.95538503380819,NA,1.101649180915417,NA,1.1017552870760137,NA,1.0021777770233191,NA,1.0022805824390244,NA
9871913,18,ɟ ø j o ʒ,5,-26.49689488595845,NA,-Inf,NA,-23.932703542616142,NA,1.0852809248581945,NA,1.085414770218477,NA,1.0023189127998635,NA,1.002409614578854,NA
9871913,19,d͡ʒ o c e c,5,-23.67398203471596,NA,-Inf,NA,-30.529401402579964,NA,1.1916801758594504,NA,1.1916230071191674,NA,1.0012482052809664,NA,1.0013939567073278,NA
9871913,36,h a ʒ o ʒ,5,-22.411292023981808,NA,-19.98257424570709,NA,-20.012146466153983,NA,1.3339144804373528,NA,1.3336186560682508,NA,1.0242965841159228,NA,1.023235860036801,NA
9871913,20,n i v y j,5,-17.493047560834334,NA,-22.47616192556484,NA,-22.44275508862507,NA,1.18050489552488,NA,1.1804673180900334,NA,1.0055738254825757,NA,1.0054960636982748,NA
9871913,100,b i j o p,5,-17.819792145237756,NA,-14.411741791563118,NA,-14.44982851725279,NA,1.2320675183451335,NA,1.231941850926206,NA,1.019116645133666,NA,1.018318051070536,NA
9871913,17,n ɯ t i v,5,-16.232908095139347,NA,-21.96802980566556,NA,-21.957749241597252,NA,1.268821147095549,NA,1.2686250852060037,NA,1.0211694574491372,NA,1.0202141924744377,NA
9871913,0,g o ɟ ø ʒ,5,-27.290446500844467,NA,-Inf,NA,-25.568532573095965,NA,1.1030121135597626,NA,1.1031174848991148,NA,1.001138393401175,NA,1.0012964338824402,NA
9871913,13,ɫ o h o h,5,-18.44006945078326,NA,-24.54133724676997,NA,-24.433813499665337,NA,1.140881701067639,NA,1.140915313678908,NA,1.0026601201755148,NA,1.0027379316413156,NA
9871913,17,b a b u z,5,-17.031411824215805,NA,-14.580740364522184,NA,-14.616442917521326,NA,1.4171372456831095,NA,1.4166893612568667,NA,1.0339474952511396,NA,1.0323546619528714,NA
9871913,10,n u n u ɫ,5,-16.1837999949144,NA,-19.621241364005783,NA,-19.623919938160853,NA,1.262793973357144,NA,1.262597334354253,NA,1.0096134601254851,NA,1.0092804006803462,NA
9871913,36,n ɯ d͡ʒ ɯ ʒ,5,-20.35265516851573,NA,-Inf,NA,-23.177728006252813,NA,1.141386496349446,NA,1.1414208042131675,NA,1.0016727518916322,NA,1.0018002670345545,NA
9871913,67,t͡ʃ ø z e z,5,-19.754215062891827,NA,-16.895697183378992,NA,-16.939241023440918,NA,1.2120949070379754,NA,1.2119958615786497,NA,1.009437938030965,NA,1.0091286519340401,NA
9871913,86,m e ɾ u ɾ,5,-14.696942662362323,NA,-13.023558297137315,NA,-13.045322398545368,NA,1.5265589938664366,NA,1.5258999366294403,NA,1.061050686684545,NA,1.0579611009135987,NA
9871913,19,l i l y j,5,-19.970386134913596,NA,-Inf,NA,-29.06974718873675,NA,1.1481724014715176,NA,1.148190949754183,NA,1.0019943881319666,NA,1.002104960638429,NA
9871913,20,m e ɾ ɯ ɾ,5,-14.482075691887497,NA,-12.618518906214195,NA,-12.639743620026252,NA,1.5363601221358536,NA,1.535683225407098,NA,1.0643340657695692,NA,1.061047884258652,NA
9871913,19,h a ʒ y z,5,-20.11715672705851,NA,-17.4716328950729,NA,-17.489616749544957,NA,1.3520981109642247,NA,1.3517647948669438,NA,1.0246878459352902,NA,1.0236026306218002,NA
9871913,5,b u p o n,5,-18.090788535226785,NA,-14.871571711459897,NA,-14.898543975468526,NA,1.2534517142540844,NA,1.2532693351189497,NA,1.0146087672669268,NA,1.014002641902062,NA
9871913,13,f u c i c,5,-23.709298903113027,NA,-Inf,NA,-29.70602713063263,NA,1.206154311454209,NA,1.2060714855791586,NA,1.0011929509918631,NA,1.0013448826976608,NA
9871913,16,l y g a s,5,-18.444893137077603,NA,-Inf,NA,-26.067538150583637,NA,1.3050485464253128,NA,1.3047771819509606,NA,1.0127422017772911,NA,1.0121847222339244,NA
9871913,20,v e ɟ ø ʒ,5,-25.88724899922946,NA,-Inf,NA,-26.13349816640546,NA,1.1934115930661473,NA,1.1933605512070449,NA,1.0050916845666988,NA,1.0050420161949054,NA
9871913,2,l e l y c,5,-22.712932987058565,NA,-Inf,NA,-31.625008565162982,NA,1.2146465675396698,NA,1.214557046255178,NA,1.0031176468016472,NA,1.0031701069775885,NA
9871913,11,b u ʒ a ʒ,5,-22.017309102851215,NA,-20.97270040380033,NA,-21.003650352513297,NA,1.323179462039307,NA,1.3228869771540068,NA,1.0084920033526763,NA,1.0082515552702562,NA
9871913,7,n ø n y j,5,-18.59665120544969,NA,-23.859590348601593,NA,-23.813870098081395,NA,1.1568370879889744,NA,1.1568399878441131,NA,1.0032243478372642,NA,1.0032682870588847,NA
9871913,13,d ø z i ʒ,5,-21.70542391051496,NA,-19.545489240999224,NA,-19.60431392431074,NA,1.2249679545138032,NA,1.2248519373951183,NA,1.009262247629164,NA,1.008979216459775,NA
9871913,19,d͡ʒ o ʒ o h,5,-22.097218579005993,NA,-25.099219589381008,NA,-24.904916978881896,NA,1.11821597789651,NA,1.118289134009679,NA,1.0007051178379167,NA,1.0008859248512416,NA
9871913,11,z a ɟ e c,5,-22.710963226448087,NA,-Inf,NA,-26.8402764213242,NA,1.3881083490241413,NA,1.3877113533137964,NA,1.0055295882618005,NA,1.005450234168199,NA
9871913,0,z a c y c,5,-22.967338641377513,NA,-Inf,NA,-27.738112216193443,NA,1.30615402707163,NA,1.305906320725149,NA,1.004670156559676,NA,1.004641947160086,NA
9871913,17,ɟ e d͡ʒ ɯ ʃ,5,-21.882833802794956,NA,-Inf,NA,-23.003164237882388,NA,1.2591492701203255,NA,1.2589729296039585,NA,1.0107052213650367,NA,1.0102980225080054,NA
9871913,1,b o ʒ i n,5,-19.551581921206928,NA,-15.34865531235195,NA,-15.46250667001904,NA,1.3176726144950657,NA,1.3173711639403407,NA,1.0201904519518092,NA,1.019223006244508,NA
9871913,60,t͡ʃ y f i c,5,-21.728960784187848,NA,-22.716786973512093,NA,-22.5853234924357,NA,1.2320360956439638,NA,1.2319083144749632,NA,1.006182387818063,NA,1.006063337860201,NA
9871913,0,ɟ e ʒ o ʒ,5,-26.6208257994316,NA,-Inf,NA,-28.771466371087545,NA,1.1960975503401443,NA,1.196040131009795,NA,1.0007952166504448,NA,1.0009691836637256,NA
9871913,0,ɟ i ɟ e c,5,-27.129968484650533,NA,-Inf,NA,-33.71720502403168,NA,1.193736127598374,NA,1.1936754056013783,NA,1.0007611186215082,NA,1.0009324466444522,NA
9871913,46,n ɯ c e h,5,-19.392820783812937,NA,-Inf,NA,-28.037484047969727,NA,1.1958159292110446,NA,1.1957471731906515,NA,1.001629162737002,NA,1.0017483602739372,NA
9871913,29,l e k a ɾ,5,-15.017293036612118,NA,-19.407834498130676,NA,-19.044786274829686,NA,1.5080939526744883,NA,1.5074543029063974,NA,1.045194852222235,NA,1.0427811490211962,NA
9871913,67,v ø l e j,5,-20.38341156188671,NA,-Inf,NA,-29.973439994045172,NA,1.1770011355390022,NA,1.1769622987891786,NA,1.0039778284969023,NA,1.0039467441646983,NA
9871913,0,g ɯ ɟ y ʒ,5,-25.680187034708876,NA,-24.79307060996098,NA,-24.185039595714763,NA,1.112799708911742,NA,1.112886304686086,NA,1.002733246193697,NA,1.0028060614990746,NA
9871913,3,g ɯ ɟ y z,5,-23.285064406939977,NA,-21.353497172991236,NA,-20.799421774706857,NA,1.129558756841315,NA,1.1296104538368636,NA,1.0031897183162923,NA,1.003233960514907,NA
9871913,74,k a ɾ e t,5,-12.998093041208076,NA,-11.97346206217353,NA,-11.990829041411471,NA,1.6697599573021775,NA,1.6688574527874926,NA,1.110223784834866,NA,1.1044830661891687,NA
9871913,0,z a ɟ ø c,5,-25.29406676995731,NA,-Inf,NA,-27.908409897602446,NA,1.2841708027252068,NA,1.2839629886018915,NA,1.0048774852295213,NA,1.004838949859867,NA
9871913,84,b a d͡ʒ ɯ z,5,-17.34515839292861,NA,-14.26280182945655,NA,-14.306332778850988,NA,1.4154917370834543,NA,1.4150459441905807,NA,1.0246087747061503,NA,1.023516791495323,NA
9871913,0,d͡ʒ o h ɯ ʒ,5,-21.695656866924992,NA,-Inf,NA,-27.095777081000016,NA,1.1667337478513735,NA,1.1667240129734051,NA,1.001314605615787,NA,1.0014626748261763,NA
9871913,0,h a ʒ a ʒ,5,-20.66320435727874,NA,-18.991359167803843,NA,-19.22316769797684,NA,1.503268859604257,NA,1.502664785412429,NA,1.0253887052721251,NA,1.024260469695336,NA
9871913,18,n ø m ɯ j,5,-18.18724158107039,NA,-23.99488997807466,NA,-23.947971790620024,NA,1.1624899274009108,NA,1.1624806365353328,NA,1.0028689545306988,NA,1.002926864143793,NA
9871913,26,n ɯ t u j,5,-16.458023913936312,NA,-21.523380072352197,NA,-21.520724492736264,NA,1.2065410713885756,NA,1.2064562308023568,NA,1.0047893568512176,NA,1.0047454608812807,NA
9871913,15,v ø d͡ʒ o h,5,-21.363641778803853,NA,-Inf,NA,-28.344098104475098,NA,1.0848245663042964,NA,1.0849553554942497,NA,1.0002254577062906,NA,1.0004310609040532,NA
9871913,67,b u m e l,5,-17.814766387475487,NA,-15.347656861812922,NA,-15.39559611789573,NA,1.295187097363635,NA,1.2949473270829202,NA,1.01977328294233,NA,1.0189224624213549,NA
9871913,75,k u k o n,5,-16.067983991564752,NA,-13.63563902211114,NA,-13.66252219216208,NA,1.3321316029835863,NA,1.331812746650162,NA,1.022135193672589,NA,1.0211308803551549,NA
9871913,70,v ɯ m o ʒ,5,-20.866255525720582,NA,-21.52786979559882,NA,-21.609613266696552,NA,1.1433244251421313,NA,1.1433577818079883,NA,1.0025302512137306,NA,1.002610125753439,NA
9871913,65,ɟ e ɟ y c,5,-28.30653894777932,NA,-Inf,NA,-33.570427837482214,NA,1.196423265039634,NA,1.1963654108494548,NA,1.000231209196349,NA,1.000436132364972,NA
9871913,81,ɟ y ʒ o ʒ,5,-27.99523158888624,NA,-28.69284841696419,NA,-28.14090746152981,NA,1.095036025210162,NA,1.095153452809103,NA,1.000304646498913,NA,1.0005045476286198,NA
9871913,76,h ø ʒ ɯ ʃ,5,-22.793233890627302,NA,-Inf,NA,-24.383373092781312,NA,1.1381678025861008,NA,1.13820094196689,NA,1.006410521744585,NA,1.0062326049478594,NA
9871913,16,n u c y j,5,-20.658545558102126,NA,-Inf,NA,-27.875256524586018,NA,1.1303835200334362,NA,1.1304329817238876,NA,1.0009000520491858,NA,1.001068684949295,NA
9871913,15,k a k o n,5,-14.50659106646786,NA,-12.17321902001452,NA,-12.197940719744937,NA,1.533550580453257,NA,1.532883248380266,NA,1.0716980709170678,NA,1.0680836932215294,NA
9871913,34,ɫ o m ɯ t,5,-16.10906876251265,NA,-20.463295386477544,NA,-20.459024896790748,NA,1.226354557914894,NA,1.2262249588685283,NA,1.0089687051569078,NA,1.008691414558396,NA
9871913,19,ɟ ø ɟ ø t͡ʃ,5,-29.830320053966172,NA,-Inf,NA,-28.770426831168702,NA,1.0317338743417712,NA,1.0319599892793068,NA,1.0000545077946146,NA,1.0002695361099974,NA
9871913,54,g ɯ ɾ a ʒ,5,-18.902722310983343,NA,-16.198481439042656,NA,-16.34403605221776,NA,1.419942412927112,NA,1.419480952598695,NA,1.0501716213082088,NA,1.0476633593333955,NA
9871913,0,d ø ʒ u ʒ,5,-24.98943492896086,NA,-Inf,NA,-24.22776906482711,NA,1.1165991658515588,NA,1.116677401262255,NA,1.0026538128249567,NA,1.0027322776999663,NA
9871913,20,g u g ɯ ʒ,5,-22.12764402414707,NA,-Inf,NA,-23.62799403133488,NA,1.1604076914316734,NA,1.1604091652027129,NA,1.002296865096124,NA,1.0023929390707258,NA
9871913,26,ʃ o ʃ e ʒ,5,-20.72090935766442,NA,-22.109244486171928,NA,-22.17599288318765,NA,1.2201293152835069,NA,1.2200223876473202,NA,1.0053494657208828,NA,1.005275324117079,NA
9871913,28,v ø l y c,5,-24.69819952981217,NA,-Inf,NA,-34.22078322004938,NA,1.0738270837624526,NA,1.0739812033064169,NA,1.000065210303228,NA,1.0002790383147078,NA
9871913,17,k ɯ ɾ ɯ ɾ,5,-15.10408899194573,NA,-12.806763517338286,NA,-12.830040671057915,NA,1.4320972084974872,NA,1.431600707758244,NA,1.049706303938969,NA,1.0471916891539033,NA
9871913,15,ɟ e ɟ e c,5,-26.93213315832468,NA,-Inf,NA,-34.31977028302991,NA,1.279903805241355,NA,1.279694004217295,NA,1.0007611186215082,NA,1.0009324466444522,NA
9871913,13,f i b ɯ ʒ,5,-20.436961838794783,NA,-Inf,NA,-22.999633738347892,NA,1.1898218295863592,NA,1.1897722159469446,NA,1.0083986623139738,NA,1.0081722495289367,NA
9871913,13,k ɯ ɾ ø ɾ,5,-16.815335788926927,NA,-15.47207327845282,NA,-15.47290521159459,NA,1.3818949177686708,NA,1.3814897925657066,NA,1.0336014287971542,NA,1.032037505843908,NA
9871913,80,l e l e h,5,-18.72169300477338,NA,-28.452981385838587,NA,-27.71152573039103,NA,1.3107126962643774,NA,1.31044502011368,NA,1.0043566425629775,NA,1.0043315471634189,NA
9871913,74,ɟ y s y f,5,-22.96626912908152,NA,-23.65293144228456,NA,-23.26150177793404,NA,1.162474537561398,NA,1.1624701118447611,NA,1.007526105518591,NA,1.0073429378505647,NA
9871913,18,m a f ɯ ʒ,5,-19.123444916118363,NA,-Inf,NA,-20.272463690019514,NA,1.433901152468908,NA,1.4334293801112787,NA,1.028327685373242,NA,1.0270542242358425,NA
9871913,22,b y t͡ʃ ɯ ʒ,5,-21.616844660036552,NA,-Inf,NA,-22.629276208594433,NA,1.2022894136775335,NA,1.2022183989320754,NA,1.0049370975420808,NA,1.00489232261725,NA
9871913,21,ɫ a c i v,5,-18.573457430867325,NA,-Inf,NA,-26.542814999082395,NA,1.405256699256112,NA,1.4048253291152235,NA,1.004371680977657,NA,1.004344736513621,NA
9871913,29,n y n y j,5,-17.387953451395102,NA,-22.84121056217028,NA,-22.81293712937672,NA,1.207963604453446,NA,1.2078780501278503,NA,1.0079609523814197,NA,1.0077547671760057,NA
9871913,20,l i v ø c,5,-23.521629066683385,NA,-Inf,NA,-33.078770632151944,NA,1.1258459326384591,NA,1.1259116896807664,NA,1.0021258039899703,NA,1.0022313327026664,NA
9871950,17,g u ɟ e ʒ,5,-24.520648215729064,NA,-Inf,NA,-25.12589588220793,NA,1.2072204570857334,NA,1.2071361783307428,NA,1.0015072051556937,NA,1.0016432622663496,NA
9871950,35,k ɯ ɾ e t,5,-14.34461899583014,NA,-12.379643812608151,NA,-12.401069233681326,NA,1.4574007718602364,NA,1.4568656707805725,NA,1.0575407260274738,NA,1.054575679739315,NA
9871950,33,k ɯ ɾ ø ɾ,5,-16.815335788926927,NA,-15.47207327845282,NA,-15.47290521159459,NA,1.3818949177686708,NA,1.3814897925657066,NA,1.0336014287971542,NA,1.032037505843908,NA
9871950,34,n ø m ɯ j,5,-18.18724158107039,NA,-23.99488997807466,NA,-23.947971790620024,NA,1.1624899274009108,NA,1.1624806365353328,NA,1.0028689545306988,NA,1.002926864143793,NA
9871950,30,g o ɟ ø ʒ,5,-27.290446500844467,NA,-Inf,NA,-25.568532573095965,NA,1.1030121135597626,NA,1.1031174848991148,NA,1.001138393401175,NA,1.0012964338824402,NA
9871950,30,g u g ɯ ʒ,5,-22.12764402414707,NA,-Inf,NA,-23.62799403133488,NA,1.1604076914316734,NA,1.1604091652027129,NA,1.002296865096124,NA,1.0023929390707258,NA
9871950,35,h a ʒ y z,5,-20.11715672705851,NA,-17.4716328950729,NA,-17.489616749544957,NA,1.3520981109642247,NA,1.3517647948669438,NA,1.0246878459352902,NA,1.0236026306218002,NA
9871950,70,v ø l y c,5,-24.69819952981217,NA,-Inf,NA,-34.22078322004938,NA,1.0738270837624526,NA,1.0739812033064169,NA,1.000065210303228,NA,1.0002790383147078,NA
9871950,38,l i v ø c,5,-23.521629066683385,NA,-Inf,NA,-33.078770632151944,NA,1.1258459326384591,NA,1.1259116896807664,NA,1.0021258039899703,NA,1.0022313327026664,NA
9871950,64,k u ɾ ɯ ɾ,5,-15.318955962420556,NA,-13.370493909747877,NA,-13.394216805421626,NA,1.4430374164697577,NA,1.4425219880350606,NA,1.0417068954004978,NA,1.0396145126083167,NA
9871950,71,k a k o n,5,-14.50659106646786,NA,-12.17321902001452,NA,-12.197940719744937,NA,1.533550580453257,NA,1.532883248380266,NA,1.0716980709170678,NA,1.0680836932215294,NA
9871950,83,n u n u ɫ,5,-16.1837999949144,NA,-19.621241364005783,NA,-19.623919938160853,NA,1.262793973357144,NA,1.262597334354253,NA,1.0096134601254851,NA,1.0092804006803462,NA
9871950,25,g ɯ ɟ y z,5,-23.285064406939977,NA,-21.353497172991236,NA,-20.799421774706857,NA,1.129558756841315,NA,1.1296104538368636,NA,1.0031897183162923,NA,1.003233960514907,NA
9871950,53,g ɯ k o p,5,-18.396509345599615,NA,-15.155469592030345,NA,-15.199246251117556,NA,1.1896978651358043,NA,1.189645248846842,NA,1.0101186670128863,NA,1.0097904273217253,NA
9871950,66,l y g a s,5,-18.444893137077603,NA,-Inf,NA,-26.067538150583637,NA,1.3050485464253128,NA,1.3047771819509606,NA,1.0127422017772911,NA,1.0121847222339244,NA
9871950,24,b u ɟ ø ʒ,5,-26.42645995046814,NA,-Inf,NA,-24.718693605330763,NA,1.1344111048101857,NA,1.134462175918881,NA,1.0071497434921757,NA,1.006991934093099,NA
9871950,26,h e ʒ o ʃ,5,-20.611692059199083,NA,-21.352021945146213,NA,-21.261716898107,NA,1.2591859769516531,NA,1.2590125489549313,NA,1.0061370897175157,NA,1.006025124082477,NA
9871950,64,n i v y j,5,-17.493047560834334,NA,-22.47616192556484,NA,-22.44275508862507,NA,1.18050489552488,NA,1.1804673180900334,NA,1.0055738254825757,NA,1.0054960636982748,NA
9871950,16,n ɯ c e h,5,-19.392820783812937,NA,-Inf,NA,-28.037484047969727,NA,1.1958159292110446,NA,1.1957471731906515,NA,1.001629162737002,NA,1.0017483602739372,NA
9871950,4,v ɯ m o ʒ,5,-20.866255525720582,NA,-21.52786979559882,NA,-21.609613266696552,NA,1.1433244251421313,NA,1.1433577818079883,NA,1.0025302512137306,NA,1.002610125753439,NA
9871950,35,m a f ɯ ʒ,5,-19.123444916118363,NA,-Inf,NA,-20.272463690019514,NA,1.433901152468908,NA,1.4334293801112787,NA,1.028327685373242,NA,1.0270542242358425,NA
9871950,42,k a ɾ e t,5,-12.998093041208076,NA,-11.97346206217353,NA,-11.990829041411471,NA,1.6697599573021775,NA,1.6688574527874926,NA,1.110223784834866,NA,1.1044830661891687,NA
9871950,13,ɟ e ʒ o ʒ,5,-26.6208257994316,NA,-Inf,NA,-28.771466371087545,NA,1.1960975503401443,NA,1.196040131009795,NA,1.0007952166504448,NA,1.0009691836637256,NA
9871950,66,ɟ e ɟ y c,5,-28.30653894777932,NA,-Inf,NA,-33.570427837482214,NA,1.196423265039634,NA,1.1963654108494548,NA,1.000231209196349,NA,1.000436132364972,NA
9871950,22,ɟ y ʒ o ʒ,5,-27.99523158888624,NA,-28.69284841696419,NA,-28.14090746152981,NA,1.095036025210162,NA,1.095153452809103,NA,1.000304646498913,NA,1.0005045476286198,NA
9871950,23,v e ɟ ø ʒ,5,-25.88724899922946,NA,-Inf,NA,-26.13349816640546,NA,1.1934115930661473,NA,1.1933605512070449,NA,1.0050916845666988,NA,1.0050420161949054,NA
9871950,45,b e ɟ i ʒ,5,-22.954468016281908,NA,-24.634615074769357,NA,-24.189436304001077,NA,1.352371013895645,NA,1.3520350120491875,NA,1.0125225794453168,NA,1.012081798156116,NA
9871950,64,l i l y j,5,-19.970386134913596,NA,-Inf,NA,-29.06974718873675,NA,1.1481724014715176,NA,1.148190949754183,NA,1.0019943881319666,NA,1.002104960638429,NA
9871950,27,t i k o n,5,-15.196101206729836,NA,-13.240996547523356,NA,-13.26604749315664,NA,1.31822773105001,NA,1.3179329037806882,NA,1.0146171328879905,NA,1.0140073512575454,NA
9871950,78,k o k u ɾ,5,-15.81589881907191,NA,-14.164787591245988,NA,-14.189177293546392,NA,1.3561640083612907,NA,1.3558006156133138,NA,1.0309577781402457,NA,1.029465068337247,NA
9871950,42,t ø ɾ a n,5,-15.737900612639798,NA,-14.053612751333944,NA,-14.0900146594381,NA,1.4983632288774549,NA,1.4977406461807206,NA,1.0585320936609162,NA,1.055335124686371,NA
9871950,44,l y g u j,5,-20.39121656784095,NA,-Inf,NA,-28.45058894678722,NA,1.147281360733707,NA,1.147299720778366,NA,1.0011865525645776,NA,1.0013362474692384,NA
9871950,64,ɟ i ɟ e c,5,-27.129968484650533,NA,-Inf,NA,-33.71720502403168,NA,1.193736127598374,NA,1.1936754056013783,NA,1.0007611186215082,NA,1.0009324466444522,NA
9871950,22,d͡ʒ o ʒ o h,5,-22.097218579005993,NA,-25.099219589381008,NA,-24.904916978881896,NA,1.11821597789651,NA,1.118289134009679,NA,1.0007051178379167,NA,1.0008859248512416,NA
9871950,64,c i t͡ʃ e f,5,-20.35455499473321,NA,-Inf,NA,-23.19101449988911,NA,1.2206632956388237,NA,1.2205511500064978,NA,1.0041193198207332,NA,1.0040987094266125,NA
9871950,34,z a ɟ ø c,5,-25.29406676995731,NA,-Inf,NA,-27.908409897602446,NA,1.2841708027252068,NA,1.2839629886018915,NA,1.0048774852295213,NA,1.004838949859867,NA
9871950,36,l y g ɯ h,5,-20.4998975830064,NA,-Inf,NA,-29.036115755256105,NA,1.149974565951282,NA,1.149989887931764,NA,1.00059203852765,NA,1.0007759709906086,NA
9871950,17,b u ʒ a ʒ,5,-22.017309102851215,NA,-20.97270040380033,NA,-21.003650352513297,NA,1.323179462039307,NA,1.3228869771540068,NA,1.0084920033526763,NA,1.0082515552702562,NA
9871950,38,m e ɾ ɯ ɾ,5,-14.482075691887497,NA,-12.618518906214195,NA,-12.639743620026252,NA,1.5363601221358536,NA,1.535683225407098,NA,1.0643340657695692,NA,1.061047884258652,NA
9871950,74,ɟ e ɟ e c,5,-26.93213315832468,NA,-Inf,NA,-34.31977028302991,NA,1.279903805241355,NA,1.279694004217295,NA,1.0007611186215082,NA,1.0009324466444522,NA
9871950,42,d ø z i ʒ,5,-21.70542391051496,NA,-19.545489240999224,NA,-19.60431392431074,NA,1.2249679545138032,NA,1.2248519373951183,NA,1.009262247629164,NA,1.008979216459775,NA
9871950,45,ɫ a c i v,5,-18.573457430867325,NA,-Inf,NA,-26.542814999082395,NA,1.405256699256112,NA,1.4048253291152235,NA,1.004371680977657,NA,1.004344736513621,NA
9871950,38,ɫ o m ɯ t,5,-16.10906876251265,NA,-20.463295386477544,NA,-20.459024896790748,NA,1.226354557914894,NA,1.2262249588685283,NA,1.0089687051569078,NA,1.008691414558396,NA
9871950,85,l e l e h,5,-18.72169300477338,NA,-28.452981385838587,NA,-27.71152573039103,NA,1.3107126962643774,NA,1.31044502011368,NA,1.0043566425629775,NA,1.0043315471634189,NA
9871950,70,l y l e c,5,-22.712932987058565,NA,-Inf,NA,-32.3160745795191,NA,1.197065582611408,NA,1.1969989614223264,NA,1.0011971809784252,NA,1.0013454564534352,NA
9871950,61,ɫ o h o h,5,-18.44006945078326,NA,-24.54133724676997,NA,-24.433813499665337,NA,1.140881701067639,NA,1.140915313678908,NA,1.0026601201755148,NA,1.0027379316413156,NA
9871950,87,k ɯ ɾ ɯ ɾ,5,-15.10408899194573,NA,-12.806763517338286,NA,-12.830040671057915,NA,1.4320972084974872,NA,1.431600707758244,NA,1.049706303938969,NA,1.0471916891539033,NA
9871950,71,n y n y j,5,-17.387953451395102,NA,-22.84121056217028,NA,-22.81293712937672,NA,1.207963604453446,NA,1.2078780501278503,NA,1.0079609523814197,NA,1.0077547671760057,NA
9871950,22,ɟ e d͡ʒ ɯ ʃ,5,-21.882833802794956,NA,-Inf,NA,-23.003164237882388,NA,1.2591492701203255,NA,1.2589729296039585,NA,1.0107052213650367,NA,1.0102980225080054,NA
9871950,31,ɟ ø j o ʒ,5,-26.49689488595845,NA,-Inf,NA,-23.932703542616142,NA,1.0852809248581945,NA,1.085414770218477,NA,1.0023189127998635,NA,1.002409614578854,NA
9871950,34,m e ɾ u ɾ,5,-14.696942662362323,NA,-13.023558297137315,NA,-13.045322398545368,NA,1.5265589938664366,NA,1.5258999366294403,NA,1.061050686684545,NA,1.0579611009135987,NA
9871950,38,z a ɟ e c,5,-22.710963226448087,NA,-Inf,NA,-26.8402764213242,NA,1.3881083490241413,NA,1.3877113533137964,NA,1.0055295882618005,NA,1.005450234168199,NA
9871950,66,k u k o n,5,-16.067983991564752,NA,-13.63563902211114,NA,-13.66252219216208,NA,1.3321316029835863,NA,1.331812746650162,NA,1.022135193672589,NA,1.0211308803551549,NA
9871950,31,z a c y c,5,-22.967338641377513,NA,-Inf,NA,-27.738112216193443,NA,1.30615402707163,NA,1.305906320725149,NA,1.004670156559676,NA,1.004641947160086,NA
9871950,35,b i h a ʒ,5,-18.744934240832112,NA,-16.24298849238163,NA,-16.385096205880032,NA,1.3733553453253655,NA,1.372975726405124,NA,1.0233784812990958,NA,1.0223335961608893,NA
9871950,68,l e l y c,5,-22.712932987058565,NA,-Inf,NA,-31.625008565162982,NA,1.2146465675396698,NA,1.214557046255178,NA,1.0031176468016472,NA,1.0031701069775885,NA
9871950,29,n ɯ t u j,5,-16.458023913936312,NA,-21.523380072352197,NA,-21.520724492736264,NA,1.2065410713885756,NA,1.2064562308023568,NA,1.0047893568512176,NA,1.0047454608812807,NA
9871950,61,v ø l e j,5,-20.38341156188671,NA,-Inf,NA,-29.973439994045172,NA,1.1770011355390022,NA,1.1769622987891786,NA,1.0039778284969023,NA,1.0039467441646983,NA
9871950,35,l e k a ɾ,5,-15.017293036612118,NA,-19.407834498130676,NA,-19.044786274829686,NA,1.5080939526744883,NA,1.5074543029063974,NA,1.045194852222235,NA,1.0427811490211962,NA
9871950,18,f y c ø v,5,-24.105639586157395,NA,-Inf,NA,-24.665973193548194,NA,1.1129298669413028,NA,1.1130142426187757,NA,1.0013678237866614,NA,1.0015130661860885,NA
9871950,28,g ɯ ɾ a ʒ,5,-18.902722310983343,NA,-16.198481439042656,NA,-16.34403605221776,NA,1.419942412927112,NA,1.419480952598695,NA,1.0501716213082088,NA,1.0476633593333955,NA
9871950,38,n ɯ d͡ʒ ɯ ʒ,5,-20.35265516851573,NA,-Inf,NA,-23.177728006252813,NA,1.141386496349446,NA,1.1414208042131675,NA,1.0016727518916322,NA,1.0018002670345545,NA
9871950,42,ɫ o c y c,5,-23.77472516728996,NA,-Inf,NA,-29.95538503380819,NA,1.101649180915417,NA,1.1017552870760137,NA,1.0021777770233191,NA,1.0022805824390244,NA
9871950,65,b a b u z,5,-17.031411824215805,NA,-14.580740364522184,NA,-14.616442917521326,NA,1.4171372456831095,NA,1.4166893612568667,NA,1.0339474952511396,NA,1.0323546619528714,NA
9871950,42,h a ʒ o ʒ,5,-22.411292023981808,NA,-19.98257424570709,NA,-20.012146466153983,NA,1.3339144804373528,NA,1.3336186560682508,NA,1.0242965841159228,NA,1.023235860036801,NA
9871950,40,n ɯ t i v,5,-16.232908095139347,NA,-21.96802980566556,NA,-21.957749241597252,NA,1.268821147095549,NA,1.2686250852060037,NA,1.0211694574491372,NA,1.0202141924744377,NA
9871950,40,f u c i c,5,-23.709298903113027,NA,-Inf,NA,-29.70602713063263,NA,1.206154311454209,NA,1.2060714855791586,NA,1.0011929509918631,NA,1.0013448826976608,NA
9871950,70,h a ʒ a ʒ,5,-20.66320435727874,NA,-18.991359167803843,NA,-19.22316769797684,NA,1.503268859604257,NA,1.502664785412429,NA,1.0253887052721251,NA,1.024260469695336,NA
9871950,40,m y ɾ o n,5,-16.510128365915982,NA,-13.311535765675442,NA,-13.341581660625684,NA,1.4011942661317132,NA,1.400755060745874,NA,1.0445744785123534,NA,1.0423874508376312,NA
9871950,41,b y t͡ʃ ɯ ʒ,5,-21.616844660036552,NA,-Inf,NA,-22.629276208594433,NA,1.2022894136775335,NA,1.2022183989320754,NA,1.0049370975420808,NA,1.00489232261725,NA
9871950,64,ɟ y f e ʒ,5,-24.68382830227571,NA,-25.22823350958293,NA,-24.924911824073703,NA,1.197274626696634,NA,1.197207333245688,NA,1.005629742506169,NA,1.0055403867692694,NA
9871950,77,n ø n y j,5,-18.59665120544969,NA,-23.859590348601593,NA,-23.813870098081395,NA,1.1568370879889744,NA,1.1568399878441131,NA,1.0032243478372642,NA,1.0032682870588847,NA
9871950,11,d͡ʒ o h ɯ ʒ,5,-21.695656866924992,NA,-Inf,NA,-27.095777081000016,NA,1.1667337478513735,NA,1.1667240129734051,NA,1.001314605615787,NA,1.0014626748261763,NA
9871950,62,t͡ʃ ø z e z,5,-19.754215062891827,NA,-16.895697183378992,NA,-16.939241023440918,NA,1.2120949070379754,NA,1.2119958615786497,NA,1.009437938030965,NA,1.0091286519340401,NA
9871950,29,h i ʒ u ʒ,5,-22.897101816795516,NA,-22.812369904220137,NA,-22.719046165604528,NA,1.174823947299784,NA,1.1748014419634516,NA,1.005038918518121,NA,1.0049919529548976,NA
9871950,64,b i ʒ i ʃ,5,-19.526656073717337,NA,-17.97370132018528,NA,-18.017836365125127,NA,1.2861479817833397,NA,1.285919656722362,NA,1.0177954456980225,NA,1.017025230789646,NA
9871950,24,d͡ʒ o c e c,5,-23.67398203471596,NA,-Inf,NA,-30.529401402579964,NA,1.1916801758594504,NA,1.1916230071191674,NA,1.0012482052809664,NA,1.0013939567073278,NA
9871950,33,h ø ʒ ɯ ʃ,5,-22.793233890627302,NA,-Inf,NA,-24.383373092781312,NA,1.1381678025861008,NA,1.13820094196689,NA,1.006410521744585,NA,1.0062326049478594,NA
9871950,39,g o ɟ y ʒ,5,-26.081748746789877,NA,-24.756749204677632,NA,-24.261882275036,NA,1.1234691196569762,NA,1.1235372562431791,NA,1.0013257973115228,NA,1.001472532342125,NA
9871950,38,g ɯ ɟ y ʒ,5,-25.680187034708876,NA,-24.79307060996098,NA,-24.185039595714763,NA,1.112799708911742,NA,1.112886304686086,NA,1.002733246193697,NA,1.0028060614990746,NA
9871950,60,b i j o p,5,-17.819792145237756,NA,-14.411741791563118,NA,-14.44982851725279,NA,1.2320675183451335,NA,1.231941850926206,NA,1.019116645133666,NA,1.018318051070536,NA
9871950,30,b o ʒ i n,5,-19.551581921206928,NA,-15.34865531235195,NA,-15.46250667001904,NA,1.3176726144950657,NA,1.3173711639403407,NA,1.0201904519518092,NA,1.019223006244508,NA
9871950,41,n u c y j,5,-20.658545558102126,NA,-Inf,NA,-27.875256524586018,NA,1.1303835200334362,NA,1.1304329817238876,NA,1.0009000520491858,NA,1.001068684949295,NA
9871950,38,b u m e l,5,-17.814766387475487,NA,-15.347656861812922,NA,-15.39559611789573,NA,1.295187097363635,NA,1.2949473270829202,NA,1.01977328294233,NA,1.0189224624213549,NA
9871950,64,b u p o n,5,-18.090788535226785,NA,-14.871571711459897,NA,-14.898543975468526,NA,1.2534517142540844,NA,1.2532693351189497,NA,1.0146087672669268,NA,1.014002641902062,NA
9871950,36,d ø ʒ u ʒ,5,-24.98943492896086,NA,-Inf,NA,-24.22776906482711,NA,1.1165991658515588,NA,1.116677401262255,NA,1.0026538128249567,NA,1.0027322776999663,NA
9871950,37,t i k ɯ ɾ,5,-14.54245432215599,NA,-13.212451852990958,NA,-13.233651743758994,NA,1.352332061924168,NA,1.3519743902412205,NA,1.0240330562526363,NA,1.0228729978485829,NA
9871950,61,t͡ʃ o ɫ a ʒ,5,-19.424282256875884,NA,-18.005456232553836,NA,-18.13605719361724,NA,1.37194225034822,NA,1.3715644260384483,NA,1.027293545810697,NA,1.0260195746102412,NA
9871950,43,ʃ o ʃ e ʒ,5,-20.72090935766442,NA,-22.109244486171928,NA,-22.17599288318765,NA,1.2201293152835069,NA,1.2200223876473202,NA,1.0053494657208828,NA,1.005275324117079,NA
9871950,24,f i b ɯ ʒ,5,-20.436961838794783,NA,-Inf,NA,-22.999633738347892,NA,1.1898218295863592,NA,1.1897722159469446,NA,1.0083986623139738,NA,1.0081722495289367,NA
9871950,75,b a d͡ʒ ɯ z,5,-17.34515839292861,NA,-14.26280182945655,NA,-14.306332778850988,NA,1.4154917370834543,NA,1.4150459441905807,NA,1.0246087747061503,NA,1.023516791495323,NA
9871950,73,ɟ y s y f,5,-22.96626912908152,NA,-23.65293144228456,NA,-23.26150177793404,NA,1.162474537561398,NA,1.1624701118447611,NA,1.007526105518591,NA,1.0073429378505647,NA
9871950,27,v ø d͡ʒ o h,5,-21.363641778803853,NA,-Inf,NA,-28.344098104475098,NA,1.0848245663042964,NA,1.0849553554942497,NA,1.0002254577062906,NA,1.0004310609040532,NA
9871950,34,n u c y c,5,-23.59892773657295,NA,-Inf,NA,-30.1793505288519,NA,1.1106900084586075,NA,1.1107804796089662,NA,1.00076963144273,NA,1.0009464280876286,NA
9871950,73,ɟ ø ɟ ø t͡ʃ,5,-29.830320053966172,NA,-Inf,NA,-28.770426831168702,NA,1.0317338743417712,NA,1.0319599892793068,NA,1.0000545077946146,NA,1.0002695361099974,NA
9871950,64,t͡ʃ y f i c,5,-21.728960784187848,NA,-22.716786973512093,NA,-22.5853234924357,NA,1.2320360956439638,NA,1.2319083144749632,NA,1.006182387818063,NA,1.006063337860201,NA
9871989,29,b o ʒ i n,5,-19.551581921206928,NA,-15.34865531235195,NA,-15.46250667001904,NA,1.3176726144950657,NA,1.3173711639403407,NA,1.0201904519518092,NA,1.019223006244508,NA
9871989,81,d͡ʒ o h ɯ ʒ,5,-21.695656866924992,NA,-Inf,NA,-27.095777081000016,NA,1.1667337478513735,NA,1.1667240129734051,NA,1.001314605615787,NA,1.0014626748261763,NA
9871989,27,b i h a ʒ,5,-18.744934240832112,NA,-16.24298849238163,NA,-16.385096205880032,NA,1.3733553453253655,NA,1.372975726405124,NA,1.0233784812990958,NA,1.0223335961608893,NA
9871989,55,f i b ɯ ʒ,5,-20.436961838794783,NA,-Inf,NA,-22.999633738347892,NA,1.1898218295863592,NA,1.1897722159469446,NA,1.0083986623139738,NA,1.0081722495289367,NA
9871989,74,d͡ʒ o c e c,5,-23.67398203471596,NA,-Inf,NA,-30.529401402579964,NA,1.1916801758594504,NA,1.1916230071191674,NA,1.0012482052809664,NA,1.0013939567073278,NA
9871989,84,d͡ʒ o ʒ o h,5,-22.097218579005993,NA,-25.099219589381008,NA,-24.904916978881896,NA,1.11821597789651,NA,1.118289134009679,NA,1.0007051178379167,NA,1.0008859248512416,NA
9871989,75,g ɯ ɟ y ʒ,5,-25.680187034708876,NA,-24.79307060996098,NA,-24.185039595714763,NA,1.112799708911742,NA,1.112886304686086,NA,1.002733246193697,NA,1.0028060614990746,NA
9871989,95,k a ɾ e t,5,-12.998093041208076,NA,-11.97346206217353,NA,-11.990829041411471,NA,1.6697599573021775,NA,1.6688574527874926,NA,1.110223784834866,NA,1.1044830661891687,NA
9871989,80,h a ʒ y z,5,-20.11715672705851,NA,-17.4716328950729,NA,-17.489616749544957,NA,1.3520981109642247,NA,1.3517647948669438,NA,1.0246878459352902,NA,1.0236026306218002,NA
9871989,85,n i v y j,5,-17.493047560834334,NA,-22.47616192556484,NA,-22.44275508862507,NA,1.18050489552488,NA,1.1804673180900334,NA,1.0055738254825757,NA,1.0054960636982748,NA
9871989,14,h a ʒ a ʒ,5,-20.66320435727874,NA,-18.991359167803843,NA,-19.22316769797684,NA,1.503268859604257,NA,1.502664785412429,NA,1.0253887052721251,NA,1.024260469695336,NA
9871989,84,b u m e l,5,-17.814766387475487,NA,-15.347656861812922,NA,-15.39559611789573,NA,1.295187097363635,NA,1.2949473270829202,NA,1.01977328294233,NA,1.0189224624213549,NA
9871989,18,l e l e h,5,-18.72169300477338,NA,-28.452981385838587,NA,-27.71152573039103,NA,1.3107126962643774,NA,1.31044502011368,NA,1.0043566425629775,NA,1.0043315471634189,NA
9871989,13,k ɯ ɾ e t,5,-14.34461899583014,NA,-12.379643812608151,NA,-12.401069233681326,NA,1.4574007718602364,NA,1.4568656707805725,NA,1.0575407260274738,NA,1.054575679739315,NA
9871989,82,h i ʒ u ʒ,5,-22.897101816795516,NA,-22.812369904220137,NA,-22.719046165604528,NA,1.174823947299784,NA,1.1748014419634516,NA,1.005038918518121,NA,1.0049919529548976,NA
9871989,85,l y g ɯ h,5,-20.4998975830064,NA,-Inf,NA,-29.036115755256105,NA,1.149974565951282,NA,1.149989887931764,NA,1.00059203852765,NA,1.0007759709906086,NA
9871989,73,ɫ a c i v,5,-18.573457430867325,NA,-Inf,NA,-26.542814999082395,NA,1.405256699256112,NA,1.4048253291152235,NA,1.004371680977657,NA,1.004344736513621,NA
9871989,92,n ɯ t i v,5,-16.232908095139347,NA,-21.96802980566556,NA,-21.957749241597252,NA,1.268821147095549,NA,1.2686250852060037,NA,1.0211694574491372,NA,1.0202141924744377,NA
9871989,79,b u p o n,5,-18.090788535226785,NA,-14.871571711459897,NA,-14.898543975468526,NA,1.2534517142540844,NA,1.2532693351189497,NA,1.0146087672669268,NA,1.014002641902062,NA
9871989,91,l i v ø c,5,-23.521629066683385,NA,-Inf,NA,-33.078770632151944,NA,1.1258459326384591,NA,1.1259116896807664,NA,1.0021258039899703,NA,1.0022313327026664,NA
9871989,83,g ɯ ɟ y z,5,-23.285064406939977,NA,-21.353497172991236,NA,-20.799421774706857,NA,1.129558756841315,NA,1.1296104538368636,NA,1.0031897183162923,NA,1.003233960514907,NA
9871989,17,h a ʒ o ʒ,5,-22.411292023981808,NA,-19.98257424570709,NA,-20.012146466153983,NA,1.3339144804373528,NA,1.3336186560682508,NA,1.0242965841159228,NA,1.023235860036801,NA
9871989,80,n y n y j,5,-17.387953451395102,NA,-22.84121056217028,NA,-22.81293712937672,NA,1.207963604453446,NA,1.2078780501278503,NA,1.0079609523814197,NA,1.0077547671760057,NA
9871989,23,g u g ɯ ʒ,5,-22.12764402414707,NA,-Inf,NA,-23.62799403133488,NA,1.1604076914316734,NA,1.1604091652027129,NA,1.002296865096124,NA,1.0023929390707258,NA
9871989,86,v ɯ m o ʒ,5,-20.866255525720582,NA,-21.52786979559882,NA,-21.609613266696552,NA,1.1433244251421313,NA,1.1433577818079883,NA,1.0025302512137306,NA,1.002610125753439,NA
9871989,80,ɫ o h o h,5,-18.44006945078326,NA,-24.54133724676997,NA,-24.433813499665337,NA,1.140881701067639,NA,1.140915313678908,NA,1.0026601201755148,NA,1.0027379316413156,NA
9871989,82,b a b u z,5,-17.031411824215805,NA,-14.580740364522184,NA,-14.616442917521326,NA,1.4171372456831095,NA,1.4166893612568667,NA,1.0339474952511396,NA,1.0323546619528714,NA
9871989,75,ʃ o ʃ e ʒ,5,-20.72090935766442,NA,-22.109244486171928,NA,-22.17599288318765,NA,1.2201293152835069,NA,1.2200223876473202,NA,1.0053494657208828,NA,1.005275324117079,NA
9871989,87,m e ɾ u ɾ,5,-14.696942662362323,NA,-13.023558297137315,NA,-13.045322398545368,NA,1.5265589938664366,NA,1.5258999366294403,NA,1.061050686684545,NA,1.0579611009135987,NA
9871989,76,h e ʒ o ʃ,5,-20.611692059199083,NA,-21.352021945146213,NA,-21.261716898107,NA,1.2591859769516531,NA,1.2590125489549313,NA,1.0061370897175157,NA,1.006025124082477,NA
9871989,28,l y l e c,5,-22.712932987058565,NA,-Inf,NA,-32.3160745795191,NA,1.197065582611408,NA,1.1969989614223264,NA,1.0011971809784252,NA,1.0013454564534352,NA
9871989,81,t͡ʃ o ɫ a ʒ,5,-19.424282256875884,NA,-18.005456232553836,NA,-18.13605719361724,NA,1.37194225034822,NA,1.3715644260384483,NA,1.027293545810697,NA,1.0260195746102412,NA
9871989,81,t ø ɾ a n,5,-15.737900612639798,NA,-14.053612751333944,NA,-14.0900146594381,NA,1.4983632288774549,NA,1.4977406461807206,NA,1.0585320936609162,NA,1.055335124686371,NA
9871989,23,k u k o n,5,-16.067983991564752,NA,-13.63563902211114,NA,-13.66252219216208,NA,1.3321316029835863,NA,1.331812746650162,NA,1.022135193672589,NA,1.0211308803551549,NA
9871989,89,k ɯ ɾ ɯ ɾ,5,-15.10408899194573,NA,-12.806763517338286,NA,-12.830040671057915,NA,1.4320972084974872,NA,1.431600707758244,NA,1.049706303938969,NA,1.0471916891539033,NA
9871989,27,k ɯ ɾ ø ɾ,5,-16.815335788926927,NA,-15.47207327845282,NA,-15.47290521159459,NA,1.3818949177686708,NA,1.3814897925657066,NA,1.0336014287971542,NA,1.032037505843908,NA
9871989,86,ɫ o c y c,5,-23.77472516728996,NA,-Inf,NA,-29.95538503380819,NA,1.101649180915417,NA,1.1017552870760137,NA,1.0021777770233191,NA,1.0022805824390244,NA
9871989,85,l e k a ɾ,5,-15.017293036612118,NA,-19.407834498130676,NA,-19.044786274829686,NA,1.5080939526744883,NA,1.5074543029063974,NA,1.045194852222235,NA,1.0427811490211962,NA
9871989,82,g o ɟ ø ʒ,5,-27.290446500844467,NA,-Inf,NA,-25.568532573095965,NA,1.1030121135597626,NA,1.1031174848991148,NA,1.001138393401175,NA,1.0012964338824402,NA
9871989,17,t͡ʃ ø z e z,5,-19.754215062891827,NA,-16.895697183378992,NA,-16.939241023440918,NA,1.2120949070379754,NA,1.2119958615786497,NA,1.009437938030965,NA,1.0091286519340401,NA
9871989,83,ɟ ø j o ʒ,5,-26.49689488595845,NA,-Inf,NA,-23.932703542616142,NA,1.0852809248581945,NA,1.085414770218477,NA,1.0023189127998635,NA,1.002409614578854,NA
9871989,84,m a f ɯ ʒ,5,-19.123444916118363,NA,-Inf,NA,-20.272463690019514,NA,1.433901152468908,NA,1.4334293801112787,NA,1.028327685373242,NA,1.0270542242358425,NA
9871989,85,b y t͡ʃ ɯ ʒ,5,-21.616844660036552,NA,-Inf,NA,-22.629276208594433,NA,1.2022894136775335,NA,1.2022183989320754,NA,1.0049370975420808,NA,1.00489232261725,NA
9871989,11,k a k o n,5,-14.50659106646786,NA,-12.17321902001452,NA,-12.197940719744937,NA,1.533550580453257,NA,1.532883248380266,NA,1.0716980709170678,NA,1.0680836932215294,NA
9871989,86,l y g a s,5,-18.444893137077603,NA,-Inf,NA,-26.067538150583637,NA,1.3050485464253128,NA,1.3047771819509606,NA,1.0127422017772911,NA,1.0121847222339244,NA
9871989,90,ɟ e ɟ y c,5,-28.30653894777932,NA,-Inf,NA,-33.570427837482214,NA,1.196423265039634,NA,1.1963654108494548,NA,1.000231209196349,NA,1.000436132364972,NA
9871989,25,l i l y j,5,-19.970386134913596,NA,-Inf,NA,-29.06974718873675,NA,1.1481724014715176,NA,1.148190949754183,NA,1.0019943881319666,NA,1.002104960638429,NA
9871989,84,d ø ʒ u ʒ,5,-24.98943492896086,NA,-Inf,NA,-24.22776906482711,NA,1.1165991658515588,NA,1.116677401262255,NA,1.0026538128249567,NA,1.0027322776999663,NA
9871989,86,c i t͡ʃ e f,5,-20.35455499473321,NA,-Inf,NA,-23.19101449988911,NA,1.2206632956388237,NA,1.2205511500064978,NA,1.0041193198207332,NA,1.0040987094266125,NA
9871989,84,ɫ o m ɯ t,5,-16.10906876251265,NA,-20.463295386477544,NA,-20.459024896790748,NA,1.226354557914894,NA,1.2262249588685283,NA,1.0089687051569078,NA,1.008691414558396,NA
9871989,80,l y g u j,5,-20.39121656784095,NA,-Inf,NA,-28.45058894678722,NA,1.147281360733707,NA,1.147299720778366,NA,1.0011865525645776,NA,1.0013362474692384,NA
9871989,84,n ɯ t u j,5,-16.458023913936312,NA,-21.523380072352197,NA,-21.520724492736264,NA,1.2065410713885756,NA,1.2064562308023568,NA,1.0047893568512176,NA,1.0047454608812807,NA
9871989,85,h ø ʒ ɯ ʃ,5,-22.793233890627302,NA,-Inf,NA,-24.383373092781312,NA,1.1381678025861008,NA,1.13820094196689,NA,1.006410521744585,NA,1.0062326049478594,NA
9871989,66,k o k u ɾ,5,-15.81589881907191,NA,-14.164787591245988,NA,-14.189177293546392,NA,1.3561640083612907,NA,1.3558006156133138,NA,1.0309577781402457,NA,1.029465068337247,NA
9871989,39,g o ɟ y ʒ,5,-26.081748746789877,NA,-24.756749204677632,NA,-24.261882275036,NA,1.1234691196569762,NA,1.1235372562431791,NA,1.0013257973115228,NA,1.001472532342125,NA
9871989,26,n ø m ɯ j,5,-18.18724158107039,NA,-23.99488997807466,NA,-23.947971790620024,NA,1.1624899274009108,NA,1.1624806365353328,NA,1.0028689545306988,NA,1.002926864143793,NA
9871989,19,ɟ ø ɟ ø t͡ʃ,5,-29.830320053966172,NA,-Inf,NA,-28.770426831168702,NA,1.0317338743417712,NA,1.0319599892793068,NA,1.0000545077946146,NA,1.0002695361099974,NA
9871989,27,b i j o p,5,-17.819792145237756,NA,-14.411741791563118,NA,-14.44982851725279,NA,1.2320675183451335,NA,1.231941850926206,NA,1.019116645133666,NA,1.018318051070536,NA
9871989,20,ɟ e ʒ o ʒ,5,-26.6208257994316,NA,-Inf,NA,-28.771466371087545,NA,1.1960975503401443,NA,1.196040131009795,NA,1.0007952166504448,NA,1.0009691836637256,NA
9871989,17,ɟ e ɟ e c,5,-26.93213315832468,NA,-Inf,NA,-34.31977028302991,NA,1.279903805241355,NA,1.279694004217295,NA,1.0007611186215082,NA,1.0009324466444522,NA
9871989,82,ɟ i ɟ e c,5,-27.129968484650533,NA,-Inf,NA,-33.71720502403168,NA,1.193736127598374,NA,1.1936754056013783,NA,1.0007611186215082,NA,1.0009324466444522,NA
9871989,85,f y c ø v,5,-24.105639586157395,NA,-Inf,NA,-24.665973193548194,NA,1.1129298669413028,NA,1.1130142426187757,NA,1.0013678237866614,NA,1.0015130661860885,NA
9871989,26,n ø n y j,5,-18.59665120544969,NA,-23.859590348601593,NA,-23.813870098081395,NA,1.1568370879889744,NA,1.1568399878441131,NA,1.0032243478372642,NA,1.0032682870588847,NA
9871989,83,f u c i c,5,-23.709298903113027,NA,-Inf,NA,-29.70602713063263,NA,1.206154311454209,NA,1.2060714855791586,NA,1.0011929509918631,NA,1.0013448826976608,NA
9871989,82,m e ɾ ɯ ɾ,5,-14.482075691887497,NA,-12.618518906214195,NA,-12.639743620026252,NA,1.5363601221358536,NA,1.535683225407098,NA,1.0643340657695692,NA,1.061047884258652,NA
9871989,86,g ɯ k o p,5,-18.396509345599615,NA,-15.155469592030345,NA,-15.199246251117556,NA,1.1896978651358043,NA,1.189645248846842,NA,1.0101186670128863,NA,1.0097904273217253,NA
9871989,84,g u ɟ e ʒ,5,-24.520648215729064,NA,-Inf,NA,-25.12589588220793,NA,1.2072204570857334,NA,1.2071361783307428,NA,1.0015072051556937,NA,1.0016432622663496,NA
9871989,84,b e ɟ i ʒ,5,-22.954468016281908,NA,-24.634615074769357,NA,-24.189436304001077,NA,1.352371013895645,NA,1.3520350120491875,NA,1.0125225794453168,NA,1.012081798156116,NA
9871989,86,n u n u ɫ,5,-16.1837999949144,NA,-19.621241364005783,NA,-19.623919938160853,NA,1.262793973357144,NA,1.262597334354253,NA,1.0096134601254851,NA,1.0092804006803462,NA
9871989,84,ɟ y ʒ o ʒ,5,-27.99523158888624,NA,-28.69284841696419,NA,-28.14090746152981,NA,1.095036025210162,NA,1.095153452809103,NA,1.000304646498913,NA,1.0005045476286198,NA
9871989,84,n ɯ c e h,5,-19.392820783812937,NA,-Inf,NA,-28.037484047969727,NA,1.1958159292110446,NA,1.1957471731906515,NA,1.001629162737002,NA,1.0017483602739372,NA
9871989,17,b a d͡ʒ ɯ z,5,-17.34515839292861,NA,-14.26280182945655,NA,-14.306332778850988,NA,1.4154917370834543,NA,1.4150459441905807,NA,1.0246087747061503,NA,1.023516791495323,NA
9871989,82,v ø l e j,5,-20.38341156188671,NA,-Inf,NA,-29.973439994045172,NA,1.1770011355390022,NA,1.1769622987891786,NA,1.0039778284969023,NA,1.0039467441646983,NA
9871989,80,ɟ y s y f,5,-22.96626912908152,NA,-23.65293144228456,NA,-23.26150177793404,NA,1.162474537561398,NA,1.1624701118447611,NA,1.007526105518591,NA,1.0073429378505647,NA
9871989,87,k u ɾ ɯ ɾ,5,-15.318955962420556,NA,-13.370493909747877,NA,-13.394216805421626,NA,1.4430374164697577,NA,1.4425219880350606,NA,1.0417068954004978,NA,1.0396145126083167,NA
9871989,20,v ø l y c,5,-24.69819952981217,NA,-Inf,NA,-34.22078322004938,NA,1.0738270837624526,NA,1.0739812033064169,NA,1.000065210303228,NA,1.0002790383147078,NA
9871989,78,m y ɾ o n,5,-16.510128365915982,NA,-13.311535765675442,NA,-13.341581660625684,NA,1.4011942661317132,NA,1.400755060745874,NA,1.0445744785123534,NA,1.0423874508376312,NA
9871989,84,b i ʒ i ʃ,5,-19.526656073717337,NA,-17.97370132018528,NA,-18.017836365125127,NA,1.2861479817833397,NA,1.285919656722362,NA,1.0177954456980225,NA,1.017025230789646,NA
9871989,85,d ø z i ʒ,5,-21.70542391051496,NA,-19.545489240999224,NA,-19.60431392431074,NA,1.2249679545138032,NA,1.2248519373951183,NA,1.009262247629164,NA,1.008979216459775,NA
9871989,87,z a c y c,5,-22.967338641377513,NA,-Inf,NA,-27.738112216193443,NA,1.30615402707163,NA,1.305906320725149,NA,1.004670156559676,NA,1.004641947160086,NA
9871989,86,t i k ɯ ɾ,5,-14.54245432215599,NA,-13.212451852990958,NA,-13.233651743758994,NA,1.352332061924168,NA,1.3519743902412205,NA,1.0240330562526363,NA,1.0228729978485829,NA
9871989,89,ɟ y f e ʒ,5,-24.68382830227571,NA,-25.22823350958293,NA,-24.924911824073703,NA,1.197274626696634,NA,1.197207333245688,NA,1.005629742506169,NA,1.0055403867692694,NA
9871989,9,b u ɟ ø ʒ,5,-26.42645995046814,NA,-Inf,NA,-24.718693605330763,NA,1.1344111048101857,NA,1.134462175918881,NA,1.0071497434921757,NA,1.006991934093099,NA
9871989,85,z a ɟ ø c,5,-25.29406676995731,NA,-Inf,NA,-27.908409897602446,NA,1.2841708027252068,NA,1.2839629886018915,NA,1.0048774852295213,NA,1.004838949859867,NA
9871989,20,t i k o n,5,-15.196101206729836,NA,-13.240996547523356,NA,-13.26604749315664,NA,1.31822773105001,NA,1.3179329037806882,NA,1.0146171328879905,NA,1.0140073512575454,NA
9871989,86,l e l y c,5,-22.712932987058565,NA,-Inf,NA,-31.625008565162982,NA,1.2146465675396698,NA,1.214557046255178,NA,1.0031176468016472,NA,1.0031701069775885,NA
9871989,84,g ɯ ɾ a ʒ,5,-18.902722310983343,NA,-16.198481439042656,NA,-16.34403605221776,NA,1.419942412927112,NA,1.419480952598695,NA,1.0501716213082088,NA,1.0476633593333955,NA
9871989,84,v e ɟ ø ʒ,5,-25.88724899922946,NA,-Inf,NA,-26.13349816640546,NA,1.1934115930661473,NA,1.1933605512070449,NA,1.0050916845666988,NA,1.0050420161949054,NA
9871989,20,n u c y c,5,-23.59892773657295,NA,-Inf,NA,-30.1793505288519,NA,1.1106900084586075,NA,1.1107804796089662,NA,1.00076963144273,NA,1.0009464280876286,NA
9871989,86,t͡ʃ y f i c,5,-21.728960784187848,NA,-22.716786973512093,NA,-22.5853234924357,NA,1.2320360956439638,NA,1.2319083144749632,NA,1.006182387818063,NA,1.006063337860201,NA
9871989,87,n u c y j,5,-20.658545558102126,NA,-Inf,NA,-27.875256524586018,NA,1.1303835200334362,NA,1.1304329817238876,NA,1.0009000520491858,NA,1.001068684949295,NA
9871989,81,ɟ e d͡ʒ ɯ ʃ,5,-21.882833802794956,NA,-Inf,NA,-23.003164237882388,NA,1.2591492701203255,NA,1.2589729296039585,NA,1.0107052213650367,NA,1.0102980225080054,NA
9871989,86,n ɯ d͡ʒ ɯ ʒ,5,-20.35265516851573,NA,-Inf,NA,-23.177728006252813,NA,1.141386496349446,NA,1.1414208042131675,NA,1.0016727518916322,NA,1.0018002670345545,NA
9871989,81,b u ʒ a ʒ,5,-22.017309102851215,NA,-20.97270040380033,NA,-21.003650352513297,NA,1.323179462039307,NA,1.3228869771540068,NA,1.0084920033526763,NA,1.0082515552702562,NA
9871989,82,v ø d͡ʒ o h,5,-21.363641778803853,NA,-Inf,NA,-28.344098104475098,NA,1.0848245663042964,NA,1.0849553554942497,NA,1.0002254577062906,NA,1.0004310609040532,NA
9871989,86,z a ɟ e c,5,-22.710963226448087,NA,-Inf,NA,-26.8402764213242,NA,1.3881083490241413,NA,1.3877113533137964,NA,1.0055295882618005,NA,1.005450234168199,NA
9872389,0,g o ɟ y ʒ,5,-26.081748746789877,NA,-24.756749204677632,NA,-24.261882275036,NA,1.1234691196569762,NA,1.1235372562431791,NA,1.0013257973115228,NA,1.001472532342125,NA
9872389,78,k ɯ ɾ ɯ ɾ,5,-15.10408899194573,NA,-12.806763517338286,NA,-12.830040671057915,NA,1.4320972084974872,NA,1.431600707758244,NA,1.049706303938969,NA,1.0471916891539033,NA
9872389,4,h a ʒ o ʒ,5,-22.411292023981808,NA,-19.98257424570709,NA,-20.012146466153983,NA,1.3339144804373528,NA,1.3336186560682508,NA,1.0242965841159228,NA,1.023235860036801,NA
9872389,73,ɟ y s y f,5,-22.96626912908152,NA,-23.65293144228456,NA,-23.26150177793404,NA,1.162474537561398,NA,1.1624701118447611,NA,1.007526105518591,NA,1.0073429378505647,NA
9872389,5,n ɯ t i v,5,-16.232908095139347,NA,-21.96802980566556,NA,-21.957749241597252,NA,1.268821147095549,NA,1.2686250852060037,NA,1.0211694574491372,NA,1.0202141924744377,NA
9872389,6,b i h a ʒ,5,-18.744934240832112,NA,-16.24298849238163,NA,-16.385096205880032,NA,1.3733553453253655,NA,1.372975726405124,NA,1.0233784812990958,NA,1.0223335961608893,NA
9872389,3,n i v y j,5,-17.493047560834334,NA,-22.47616192556484,NA,-22.44275508862507,NA,1.18050489552488,NA,1.1804673180900334,NA,1.0055738254825757,NA,1.0054960636982748,NA
9872389,91,k a k o n,5,-14.50659106646786,NA,-12.17321902001452,NA,-12.197940719744937,NA,1.533550580453257,NA,1.532883248380266,NA,1.0716980709170678,NA,1.0680836932215294,NA
9872389,4,l e l e h,5,-18.72169300477338,NA,-28.452981385838587,NA,-27.71152573039103,NA,1.3107126962643774,NA,1.31044502011368,NA,1.0043566425629775,NA,1.0043315471634189,NA
9872389,0,d͡ʒ o h ɯ ʒ,5,-21.695656866924992,NA,-Inf,NA,-27.095777081000016,NA,1.1667337478513735,NA,1.1667240129734051,NA,1.001314605615787,NA,1.0014626748261763,NA
9872389,1,d͡ʒ o ʒ o h,5,-22.097218579005993,NA,-25.099219589381008,NA,-24.904916978881896,NA,1.11821597789651,NA,1.118289134009679,NA,1.0007051178379167,NA,1.0008859248512416,NA
9872389,83,k u k o n,5,-16.067983991564752,NA,-13.63563902211114,NA,-13.66252219216208,NA,1.3321316029835863,NA,1.331812746650162,NA,1.022135193672589,NA,1.0211308803551549,NA
9872389,2,b u ɟ ø ʒ,5,-26.42645995046814,NA,-Inf,NA,-24.718693605330763,NA,1.1344111048101857,NA,1.134462175918881,NA,1.0071497434921757,NA,1.006991934093099,NA
9872389,2,b u ʒ a ʒ,5,-22.017309102851215,NA,-20.97270040380033,NA,-21.003650352513297,NA,1.323179462039307,NA,1.3228869771540068,NA,1.0084920033526763,NA,1.0082515552702562,NA
9872389,1,g u g ɯ ʒ,5,-22.12764402414707,NA,-Inf,NA,-23.62799403133488,NA,1.1604076914316734,NA,1.1604091652027129,NA,1.002296865096124,NA,1.0023929390707258,NA
9872389,8,ɫ a c i v,5,-18.573457430867325,NA,-Inf,NA,-26.542814999082395,NA,1.405256699256112,NA,1.4048253291152235,NA,1.004371680977657,NA,1.004344736513621,NA
9872389,1,v ø d͡ʒ o h,5,-21.363641778803853,NA,-Inf,NA,-28.344098104475098,NA,1.0848245663042964,NA,1.0849553554942497,NA,1.0002254577062906,NA,1.0004310609040532,NA
9872389,16,ɫ o m ɯ t,5,-16.10906876251265,NA,-20.463295386477544,NA,-20.459024896790748,NA,1.226354557914894,NA,1.2262249588685283,NA,1.0089687051569078,NA,1.008691414558396,NA
9872389,2,h e ʒ o ʃ,5,-20.611692059199083,NA,-21.352021945146213,NA,-21.261716898107,NA,1.2591859769516531,NA,1.2590125489549313,NA,1.0061370897175157,NA,1.006025124082477,NA
9872389,61,f u c i c,5,-23.709298903113027,NA,-Inf,NA,-29.70602713063263,NA,1.206154311454209,NA,1.2060714855791586,NA,1.0011929509918631,NA,1.0013448826976608,NA
9872389,59,l e l y c,5,-22.712932987058565,NA,-Inf,NA,-31.625008565162982,NA,1.2146465675396698,NA,1.214557046255178,NA,1.0031176468016472,NA,1.0031701069775885,NA
9872389,15,l i l y j,5,-19.970386134913596,NA,-Inf,NA,-29.06974718873675,NA,1.1481724014715176,NA,1.148190949754183,NA,1.0019943881319666,NA,1.002104960638429,NA
9872389,18,f y c ø v,5,-24.105639586157395,NA,-Inf,NA,-24.665973193548194,NA,1.1129298669413028,NA,1.1130142426187757,NA,1.0013678237866614,NA,1.0015130661860885,NA
9872389,1,b e ɟ i ʒ,5,-22.954468016281908,NA,-24.634615074769357,NA,-24.189436304001077,NA,1.352371013895645,NA,1.3520350120491875,NA,1.0125225794453168,NA,1.012081798156116,NA
9872389,1,v e ɟ ø ʒ,5,-25.88724899922946,NA,-Inf,NA,-26.13349816640546,NA,1.1934115930661473,NA,1.1933605512070449,NA,1.0050916845666988,NA,1.0050420161949054,NA
9872389,54,l y l e c,5,-22.712932987058565,NA,-Inf,NA,-32.3160745795191,NA,1.197065582611408,NA,1.1969989614223264,NA,1.0011971809784252,NA,1.0013454564534352,NA
9872389,29,ɟ ø ɟ ø t͡ʃ,5,-29.830320053966172,NA,-Inf,NA,-28.770426831168702,NA,1.0317338743417712,NA,1.0319599892793068,NA,1.0000545077946146,NA,1.0002695361099974,NA
9872389,80,t i k ɯ ɾ,5,-14.54245432215599,NA,-13.212451852990958,NA,-13.233651743758994,NA,1.352332061924168,NA,1.3519743902412205,NA,1.0240330562526363,NA,1.0228729978485829,NA
9872389,59,ɟ i ɟ e c,5,-27.129968484650533,NA,-Inf,NA,-33.71720502403168,NA,1.193736127598374,NA,1.1936754056013783,NA,1.0007611186215082,NA,1.0009324466444522,NA
9872389,0,f i b ɯ ʒ,5,-20.436961838794783,NA,-Inf,NA,-22.999633738347892,NA,1.1898218295863592,NA,1.1897722159469446,NA,1.0083986623139738,NA,1.0081722495289367,NA
9872389,3,g ɯ ɟ y z,5,-23.285064406939977,NA,-21.353497172991236,NA,-20.799421774706857,NA,1.129558756841315,NA,1.1296104538368636,NA,1.0031897183162923,NA,1.003233960514907,NA
9872389,26,n ø n y j,5,-18.59665120544969,NA,-23.859590348601593,NA,-23.813870098081395,NA,1.1568370879889744,NA,1.1568399878441131,NA,1.0032243478372642,NA,1.0032682870588847,NA
9872389,30,m e ɾ ɯ ɾ,5,-14.482075691887497,NA,-12.618518906214195,NA,-12.639743620026252,NA,1.5363601221358536,NA,1.535683225407098,NA,1.0643340657695692,NA,1.061047884258652,NA
9872389,81,l e k a ɾ,5,-15.017293036612118,NA,-19.407834498130676,NA,-19.044786274829686,NA,1.5080939526744883,NA,1.5074543029063974,NA,1.045194852222235,NA,1.0427811490211962,NA
9872389,13,ɟ y f e ʒ,5,-24.68382830227571,NA,-25.22823350958293,NA,-24.924911824073703,NA,1.197274626696634,NA,1.197207333245688,NA,1.005629742506169,NA,1.0055403867692694,NA
9872389,85,b a d͡ʒ ɯ z,5,-17.34515839292861,NA,-14.26280182945655,NA,-14.306332778850988,NA,1.4154917370834543,NA,1.4150459441905807,NA,1.0246087747061503,NA,1.023516791495323,NA
9872389,0,b y t͡ʃ ɯ ʒ,5,-21.616844660036552,NA,-Inf,NA,-22.629276208594433,NA,1.2022894136775335,NA,1.2022183989320754,NA,1.0049370975420808,NA,1.00489232261725,NA
9872389,7,ɫ o c y c,5,-23.77472516728996,NA,-Inf,NA,-29.95538503380819,NA,1.101649180915417,NA,1.1017552870760137,NA,1.0021777770233191,NA,1.0022805824390244,NA
9872389,1,g o ɟ ø ʒ,5,-27.290446500844467,NA,-Inf,NA,-25.568532573095965,NA,1.1030121135597626,NA,1.1031174848991148,NA,1.001138393401175,NA,1.0012964338824402,NA
9872389,91,l y g a s,5,-18.444893137077603,NA,-Inf,NA,-26.067538150583637,NA,1.3050485464253128,NA,1.3047771819509606,NA,1.0127422017772911,NA,1.0121847222339244,NA
9872389,1,h a ʒ y z,5,-20.11715672705851,NA,-17.4716328950729,NA,-17.489616749544957,NA,1.3520981109642247,NA,1.3517647948669438,NA,1.0246878459352902,NA,1.0236026306218002,NA
9872389,0,ɫ o h o h,5,-18.44006945078326,NA,-24.54133724676997,NA,-24.433813499665337,NA,1.140881701067639,NA,1.140915313678908,NA,1.0026601201755148,NA,1.0027379316413156,NA
9872389,99,b a b u z,5,-17.031411824215805,NA,-14.580740364522184,NA,-14.616442917521326,NA,1.4171372456831095,NA,1.4166893612568667,NA,1.0339474952511396,NA,1.0323546619528714,NA
9872389,1,ɟ e ʒ o ʒ,5,-26.6208257994316,NA,-Inf,NA,-28.771466371087545,NA,1.1960975503401443,NA,1.196040131009795,NA,1.0007952166504448,NA,1.0009691836637256,NA
9872389,71,z a ɟ e c,5,-22.710963226448087,NA,-Inf,NA,-26.8402764213242,NA,1.3881083490241413,NA,1.3877113533137964,NA,1.0055295882618005,NA,1.005450234168199,NA
9872389,13,l i v ø c,5,-23.521629066683385,NA,-Inf,NA,-33.078770632151944,NA,1.1258459326384591,NA,1.1259116896807664,NA,1.0021258039899703,NA,1.0022313327026664,NA
9872389,51,n u n u ɫ,5,-16.1837999949144,NA,-19.621241364005783,NA,-19.623919938160853,NA,1.262793973357144,NA,1.262597334354253,NA,1.0096134601254851,NA,1.0092804006803462,NA
9872389,76,ɟ e ɟ y c,5,-28.30653894777932,NA,-Inf,NA,-33.570427837482214,NA,1.196423265039634,NA,1.1963654108494548,NA,1.000231209196349,NA,1.000436132364972,NA
9872389,3,d ø z i ʒ,5,-21.70542391051496,NA,-19.545489240999224,NA,-19.60431392431074,NA,1.2249679545138032,NA,1.2248519373951183,NA,1.009262247629164,NA,1.008979216459775,NA
9872389,80,ɟ e ɟ e c,5,-26.93213315832468,NA,-Inf,NA,-34.31977028302991,NA,1.279903805241355,NA,1.279694004217295,NA,1.0007611186215082,NA,1.0009324466444522,NA
9872389,60,z a c y c,5,-22.967338641377513,NA,-Inf,NA,-27.738112216193443,NA,1.30615402707163,NA,1.305906320725149,NA,1.004670156559676,NA,1.004641947160086,NA
9872389,99,m y ɾ o n,5,-16.510128365915982,NA,-13.311535765675442,NA,-13.341581660625684,NA,1.4011942661317132,NA,1.400755060745874,NA,1.0445744785123534,NA,1.0423874508376312,NA
9872389,2,b i ʒ i ʃ,5,-19.526656073717337,NA,-17.97370132018528,NA,-18.017836365125127,NA,1.2861479817833397,NA,1.285919656722362,NA,1.0177954456980225,NA,1.017025230789646,NA
9872389,98,m e ɾ u ɾ,5,-14.696942662362323,NA,-13.023558297137315,NA,-13.045322398545368,NA,1.5265589938664366,NA,1.5258999366294403,NA,1.061050686684545,NA,1.0579611009135987,NA
9872389,0,g ɯ k o p,5,-18.396509345599615,NA,-15.155469592030345,NA,-15.199246251117556,NA,1.1896978651358043,NA,1.189645248846842,NA,1.0101186670128863,NA,1.0097904273217253,NA
9872389,81,b u m e l,5,-17.814766387475487,NA,-15.347656861812922,NA,-15.39559611789573,NA,1.295187097363635,NA,1.2949473270829202,NA,1.01977328294233,NA,1.0189224624213549,NA
9872389,61,b u p o n,5,-18.090788535226785,NA,-14.871571711459897,NA,-14.898543975468526,NA,1.2534517142540844,NA,1.2532693351189497,NA,1.0146087672669268,NA,1.014002641902062,NA
9872389,99,k ɯ ɾ e t,5,-14.34461899583014,NA,-12.379643812608151,NA,-12.401069233681326,NA,1.4574007718602364,NA,1.4568656707805725,NA,1.0575407260274738,NA,1.054575679739315,NA
9872389,58,t͡ʃ ø z e z,5,-19.754215062891827,NA,-16.895697183378992,NA,-16.939241023440918,NA,1.2120949070379754,NA,1.2119958615786497,NA,1.009437938030965,NA,1.0091286519340401,NA
9872389,3,z a ɟ ø c,5,-25.29406676995731,NA,-Inf,NA,-27.908409897602446,NA,1.2841708027252068,NA,1.2839629886018915,NA,1.0048774852295213,NA,1.004838949859867,NA
9872389,3,ʃ o ʃ e ʒ,5,-20.72090935766442,NA,-22.109244486171928,NA,-22.17599288318765,NA,1.2201293152835069,NA,1.2200223876473202,NA,1.0053494657208828,NA,1.005275324117079,NA
9872389,3,c i t͡ʃ e f,5,-20.35455499473321,NA,-Inf,NA,-23.19101449988911,NA,1.2206632956388237,NA,1.2205511500064978,NA,1.0041193198207332,NA,1.0040987094266125,NA
9872389,1,d ø ʒ u ʒ,5,-24.98943492896086,NA,-Inf,NA,-24.22776906482711,NA,1.1165991658515588,NA,1.116677401262255,NA,1.0026538128249567,NA,1.0027322776999663,NA
9872389,60,v ø l e j,5,-20.38341156188671,NA,-Inf,NA,-29.973439994045172,NA,1.1770011355390022,NA,1.1769622987891786,NA,1.0039778284969023,NA,1.0039467441646983,NA
9872389,99,b i j o p,5,-17.819792145237756,NA,-14.411741791563118,NA,-14.44982851725279,NA,1.2320675183451335,NA,1.231941850926206,NA,1.019116645133666,NA,1.018318051070536,NA
9872389,1,g u ɟ e ʒ,5,-24.520648215729064,NA,-Inf,NA,-25.12589588220793,NA,1.2072204570857334,NA,1.2071361783307428,NA,1.0015072051556937,NA,1.0016432622663496,NA
9872389,56,l y g u j,5,-20.39121656784095,NA,-Inf,NA,-28.45058894678722,NA,1.147281360733707,NA,1.147299720778366,NA,1.0011865525645776,NA,1.0013362474692384,NA
9872389,2,n ɯ d͡ʒ ɯ ʒ,5,-20.35265516851573,NA,-Inf,NA,-23.177728006252813,NA,1.141386496349446,NA,1.1414208042131675,NA,1.0016727518916322,NA,1.0018002670345545,NA
9872389,1,m a f ɯ ʒ,5,-19.123444916118363,NA,-Inf,NA,-20.272463690019514,NA,1.433901152468908,NA,1.4334293801112787,NA,1.028327685373242,NA,1.0270542242358425,NA
9872389,87,k o k u ɾ,5,-15.81589881907191,NA,-14.164787591245988,NA,-14.189177293546392,NA,1.3561640083612907,NA,1.3558006156133138,NA,1.0309577781402457,NA,1.029465068337247,NA
9872389,16,g ɯ ɾ a ʒ,5,-18.902722310983343,NA,-16.198481439042656,NA,-16.34403605221776,NA,1.419942412927112,NA,1.419480952598695,NA,1.0501716213082088,NA,1.0476633593333955,NA
9872389,1,ɟ ø j o ʒ,5,-26.49689488595845,NA,-Inf,NA,-23.932703542616142,NA,1.0852809248581945,NA,1.085414770218477,NA,1.0023189127998635,NA,1.002409614578854,NA
9872389,79,t ø ɾ a n,5,-15.737900612639798,NA,-14.053612751333944,NA,-14.0900146594381,NA,1.4983632288774549,NA,1.4977406461807206,NA,1.0585320936609162,NA,1.055335124686371,NA
9872389,1,b o ʒ i n,5,-19.551581921206928,NA,-15.34865531235195,NA,-15.46250667001904,NA,1.3176726144950657,NA,1.3173711639403407,NA,1.0201904519518092,NA,1.019223006244508,NA
9872389,2,t͡ʃ o ɫ a ʒ,5,-19.424282256875884,NA,-18.005456232553836,NA,-18.13605719361724,NA,1.37194225034822,NA,1.3715644260384483,NA,1.027293545810697,NA,1.0260195746102412,NA
9872389,17,d͡ʒ o c e c,5,-23.67398203471596,NA,-Inf,NA,-30.529401402579964,NA,1.1916801758594504,NA,1.1916230071191674,NA,1.0012482052809664,NA,1.0013939567073278,NA
9872389,71,t͡ʃ y f i c,5,-21.728960784187848,NA,-22.716786973512093,NA,-22.5853234924357,NA,1.2320360956439638,NA,1.2319083144749632,NA,1.006182387818063,NA,1.006063337860201,NA
9872389,3,ɟ y ʒ o ʒ,5,-27.99523158888624,NA,-28.69284841696419,NA,-28.14090746152981,NA,1.095036025210162,NA,1.095153452809103,NA,1.000304646498913,NA,1.0005045476286198,NA
9872389,20,ɟ e d͡ʒ ɯ ʃ,5,-21.882833802794956,NA,-Inf,NA,-23.003164237882388,NA,1.2591492701203255,NA,1.2589729296039585,NA,1.0107052213650367,NA,1.0102980225080054,NA
9872389,13,n ɯ t u j,5,-16.458023913936312,NA,-21.523380072352197,NA,-21.520724492736264,NA,1.2065410713885756,NA,1.2064562308023568,NA,1.0047893568512176,NA,1.0047454608812807,NA
9872389,17,n ɯ c e h,5,-19.392820783812937,NA,-Inf,NA,-28.037484047969727,NA,1.1958159292110446,NA,1.1957471731906515,NA,1.001629162737002,NA,1.0017483602739372,NA
9872389,1,h ø ʒ ɯ ʃ,5,-22.793233890627302,NA,-Inf,NA,-24.383373092781312,NA,1.1381678025861008,NA,1.13820094196689,NA,1.006410521744585,NA,1.0062326049478594,NA
9872389,1,v ɯ m o ʒ,5,-20.866255525720582,NA,-21.52786979559882,NA,-21.609613266696552,NA,1.1433244251421313,NA,1.1433577818079883,NA,1.0025302512137306,NA,1.002610125753439,NA
9872389,97,k a ɾ e t,5,-12.998093041208076,NA,-11.97346206217353,NA,-11.990829041411471,NA,1.6697599573021775,NA,1.6688574527874926,NA,1.110223784834866,NA,1.1044830661891687,NA
9872389,74,k ɯ ɾ ø ɾ,5,-16.815335788926927,NA,-15.47207327845282,NA,-15.47290521159459,NA,1.3818949177686708,NA,1.3814897925657066,NA,1.0336014287971542,NA,1.032037505843908,NA
9872389,74,v ø l y c,5,-24.69819952981217,NA,-Inf,NA,-34.22078322004938,NA,1.0738270837624526,NA,1.0739812033064169,NA,1.000065210303228,NA,1.0002790383147078,NA
9872389,18,n y n y j,5,-17.387953451395102,NA,-22.84121056217028,NA,-22.81293712937672,NA,1.207963604453446,NA,1.2078780501278503,NA,1.0079609523814197,NA,1.0077547671760057,NA
9872389,18,l y g ɯ h,5,-20.4998975830064,NA,-Inf,NA,-29.036115755256105,NA,1.149974565951282,NA,1.149989887931764,NA,1.00059203852765,NA,1.0007759709906086,NA
9872389,96,t i k o n,5,-15.196101206729836,NA,-13.240996547523356,NA,-13.26604749315664,NA,1.31822773105001,NA,1.3179329037806882,NA,1.0146171328879905,NA,1.0140073512575454,NA
9872389,1,h i ʒ u ʒ,5,-22.897101816795516,NA,-22.812369904220137,NA,-22.719046165604528,NA,1.174823947299784,NA,1.1748014419634516,NA,1.005038918518121,NA,1.0049919529548976,NA
9872389,81,k u ɾ ɯ ɾ,5,-15.318955962420556,NA,-13.370493909747877,NA,-13.394216805421626,NA,1.4430374164697577,NA,1.4425219880350606,NA,1.0417068954004978,NA,1.0396145126083167,NA
9872389,14,h a ʒ a ʒ,5,-20.66320435727874,NA,-18.991359167803843,NA,-19.22316769797684,NA,1.503268859604257,NA,1.502664785412429,NA,1.0253887052721251,NA,1.024260469695336,NA
9872389,2,g ɯ ɟ y ʒ,5,-25.680187034708876,NA,-24.79307060996098,NA,-24.185039595714763,NA,1.112799708911742,NA,1.112886304686086,NA,1.002733246193697,NA,1.0028060614990746,NA
9872389,14,n u c y j,5,-20.658545558102126,NA,-Inf,NA,-27.875256524586018,NA,1.1303835200334362,NA,1.1304329817238876,NA,1.0009000520491858,NA,1.001068684949295,NA
9872389,14,n ø m ɯ j,5,-18.18724158107039,NA,-23.99488997807466,NA,-23.947971790620024,NA,1.1624899274009108,NA,1.1624806365353328,NA,1.0028689545306988,NA,1.002926864143793,NA
9872389,14,n u c y c,5,-23.59892773657295,NA,-Inf,NA,-30.1793505288519,NA,1.1106900084586075,NA,1.1107804796089662,NA,1.00076963144273,NA,1.0009464280876286,NA
9872565,66,t i k o n,5,-15.196101206729836,NA,-13.240996547523356,NA,-13.26604749315664,NA,1.31822773105001,NA,1.3179329037806882,NA,1.0146171328879905,NA,1.0140073512575454,NA
9872565,0,l y g a s,5,-18.444893137077603,NA,-Inf,NA,-26.067538150583637,NA,1.3050485464253128,NA,1.3047771819509606,NA,1.0127422017772911,NA,1.0121847222339244,NA
9872565,0,ɟ ø j o ʒ,5,-26.49689488595845,NA,-Inf,NA,-23.932703542616142,NA,1.0852809248581945,NA,1.085414770218477,NA,1.0023189127998635,NA,1.002409614578854,NA
9872565,0,h a ʒ y z,5,-20.11715672705851,NA,-17.4716328950729,NA,-17.489616749544957,NA,1.3520981109642247,NA,1.3517647948669438,NA,1.0246878459352902,NA,1.0236026306218002,NA
9872565,0,n i v y j,5,-17.493047560834334,NA,-22.47616192556484,NA,-22.44275508862507,NA,1.18050489552488,NA,1.1804673180900334,NA,1.0055738254825757,NA,1.0054960636982748,NA
9872565,0,k u k o n,5,-16.067983991564752,NA,-13.63563902211114,NA,-13.66252219216208,NA,1.3321316029835863,NA,1.331812746650162,NA,1.022135193672589,NA,1.0211308803551549,NA
9872565,31,b o ʒ i n,5,-19.551581921206928,NA,-15.34865531235195,NA,-15.46250667001904,NA,1.3176726144950657,NA,1.3173711639403407,NA,1.0201904519518092,NA,1.019223006244508,NA
9872565,0,b i h a ʒ,5,-18.744934240832112,NA,-16.24298849238163,NA,-16.385096205880032,NA,1.3733553453253655,NA,1.372975726405124,NA,1.0233784812990958,NA,1.0223335961608893,NA
9872565,13,z a c y c,5,-22.967338641377513,NA,-Inf,NA,-27.738112216193443,NA,1.30615402707163,NA,1.305906320725149,NA,1.004670156559676,NA,1.004641947160086,NA
9872565,0,ɟ e ʒ o ʒ,5,-26.6208257994316,NA,-Inf,NA,-28.771466371087545,NA,1.1960975503401443,NA,1.196040131009795,NA,1.0007952166504448,NA,1.0009691836637256,NA
9872565,78,k a ɾ e t,5,-12.998093041208076,NA,-11.97346206217353,NA,-11.990829041411471,NA,1.6697599573021775,NA,1.6688574527874926,NA,1.110223784834866,NA,1.1044830661891687,NA
9872565,9,d ø ʒ u ʒ,5,-24.98943492896086,NA,-Inf,NA,-24.22776906482711,NA,1.1165991658515588,NA,1.116677401262255,NA,1.0026538128249567,NA,1.0027322776999663,NA
9872565,64,b i j o p,5,-17.819792145237756,NA,-14.411741791563118,NA,-14.44982851725279,NA,1.2320675183451335,NA,1.231941850926206,NA,1.019116645133666,NA,1.018318051070536,NA
9872565,61,t͡ʃ ø z e z,5,-19.754215062891827,NA,-16.895697183378992,NA,-16.939241023440918,NA,1.2120949070379754,NA,1.2119958615786497,NA,1.009437938030965,NA,1.0091286519340401,NA
9872565,26,k a k o n,5,-14.50659106646786,NA,-12.17321902001452,NA,-12.197940719744937,NA,1.533550580453257,NA,1.532883248380266,NA,1.0716980709170678,NA,1.0680836932215294,NA
9872565,0,d͡ʒ o c e c,5,-23.67398203471596,NA,-Inf,NA,-30.529401402579964,NA,1.1916801758594504,NA,1.1916230071191674,NA,1.0012482052809664,NA,1.0013939567073278,NA
9872565,0,h a ʒ o ʒ,5,-22.411292023981808,NA,-19.98257424570709,NA,-20.012146466153983,NA,1.3339144804373528,NA,1.3336186560682508,NA,1.0242965841159228,NA,1.023235860036801,NA
9872565,67,ɟ ø ɟ ø t͡ʃ,5,-29.830320053966172,NA,-Inf,NA,-28.770426831168702,NA,1.0317338743417712,NA,1.0319599892793068,NA,1.0000545077946146,NA,1.0002695361099974,NA
9872565,0,ɫ o m ɯ t,5,-16.10906876251265,NA,-20.463295386477544,NA,-20.459024896790748,NA,1.226354557914894,NA,1.2262249588685283,NA,1.0089687051569078,NA,1.008691414558396,NA
9872565,0,m a f ɯ ʒ,5,-19.123444916118363,NA,-Inf,NA,-20.272463690019514,NA,1.433901152468908,NA,1.4334293801112787,NA,1.028327685373242,NA,1.0270542242358425,NA
9872565,61,l e l e h,5,-18.72169300477338,NA,-28.452981385838587,NA,-27.71152573039103,NA,1.3107126962643774,NA,1.31044502011368,NA,1.0043566425629775,NA,1.0043315471634189,NA
9872565,0,ɟ i ɟ e c,5,-27.129968484650533,NA,-Inf,NA,-33.71720502403168,NA,1.193736127598374,NA,1.1936754056013783,NA,1.0007611186215082,NA,1.0009324466444522,NA
9872565,0,v ɯ m o ʒ,5,-20.866255525720582,NA,-21.52786979559882,NA,-21.609613266696552,NA,1.1433244251421313,NA,1.1433577818079883,NA,1.0025302512137306,NA,1.002610125753439,NA
9872565,24,b u ɟ ø ʒ,5,-26.42645995046814,NA,-Inf,NA,-24.718693605330763,NA,1.1344111048101857,NA,1.134462175918881,NA,1.0071497434921757,NA,1.006991934093099,NA
9872565,100,k ɯ ɾ ɯ ɾ,5,-15.10408899194573,NA,-12.806763517338286,NA,-12.830040671057915,NA,1.4320972084974872,NA,1.431600707758244,NA,1.049706303938969,NA,1.0471916891539033,NA
9872565,0,h a ʒ a ʒ,5,-20.66320435727874,NA,-18.991359167803843,NA,-19.22316769797684,NA,1.503268859604257,NA,1.502664785412429,NA,1.0253887052721251,NA,1.024260469695336,NA
9872565,0,g u g ɯ ʒ,5,-22.12764402414707,NA,-Inf,NA,-23.62799403133488,NA,1.1604076914316734,NA,1.1604091652027129,NA,1.002296865096124,NA,1.0023929390707258,NA
9872565,71,t͡ʃ y f i c,5,-21.728960784187848,NA,-22.716786973512093,NA,-22.5853234924357,NA,1.2320360956439638,NA,1.2319083144749632,NA,1.006182387818063,NA,1.006063337860201,NA
9872565,0,k ɯ ɾ ø ɾ,5,-16.815335788926927,NA,-15.47207327845282,NA,-15.47290521159459,NA,1.3818949177686708,NA,1.3814897925657066,NA,1.0336014287971542,NA,1.032037505843908,NA
9872565,0,n ø m ɯ j,5,-18.18724158107039,NA,-23.99488997807466,NA,-23.947971790620024,NA,1.1624899274009108,NA,1.1624806365353328,NA,1.0028689545306988,NA,1.002926864143793,NA
9872565,38,g ɯ ɾ a ʒ,5,-18.902722310983343,NA,-16.198481439042656,NA,-16.34403605221776,NA,1.419942412927112,NA,1.419480952598695,NA,1.0501716213082088,NA,1.0476633593333955,NA
9872565,67,n u n u ɫ,5,-16.1837999949144,NA,-19.621241364005783,NA,-19.623919938160853,NA,1.262793973357144,NA,1.262597334354253,NA,1.0096134601254851,NA,1.0092804006803462,NA
9872565,0,f y c ø v,5,-24.105639586157395,NA,-Inf,NA,-24.665973193548194,NA,1.1129298669413028,NA,1.1130142426187757,NA,1.0013678237866614,NA,1.0015130661860885,NA
9872565,0,g o ɟ y ʒ,5,-26.081748746789877,NA,-24.756749204677632,NA,-24.261882275036,NA,1.1234691196569762,NA,1.1235372562431791,NA,1.0013257973115228,NA,1.001472532342125,NA
9872565,0,b e ɟ i ʒ,5,-22.954468016281908,NA,-24.634615074769357,NA,-24.189436304001077,NA,1.352371013895645,NA,1.3520350120491875,NA,1.0125225794453168,NA,1.012081798156116,NA
9872565,0,n ɯ t i v,5,-16.232908095139347,NA,-21.96802980566556,NA,-21.957749241597252,NA,1.268821147095549,NA,1.2686250852060037,NA,1.0211694574491372,NA,1.0202141924744377,NA
9872565,25,b u m e l,5,-17.814766387475487,NA,-15.347656861812922,NA,-15.39559611789573,NA,1.295187097363635,NA,1.2949473270829202,NA,1.01977328294233,NA,1.0189224624213549,NA
9872565,100,v ø l e j,5,-20.38341156188671,NA,-Inf,NA,-29.973439994045172,NA,1.1770011355390022,NA,1.1769622987891786,NA,1.0039778284969023,NA,1.0039467441646983,NA
9872565,27,l y g ɯ h,5,-20.4998975830064,NA,-Inf,NA,-29.036115755256105,NA,1.149974565951282,NA,1.149989887931764,NA,1.00059203852765,NA,1.0007759709906086,NA
9872565,73,k o k u ɾ,5,-15.81589881907191,NA,-14.164787591245988,NA,-14.189177293546392,NA,1.3561640083612907,NA,1.3558006156133138,NA,1.0309577781402457,NA,1.029465068337247,NA
9872565,0,b y t͡ʃ ɯ ʒ,5,-21.616844660036552,NA,-Inf,NA,-22.629276208594433,NA,1.2022894136775335,NA,1.2022183989320754,NA,1.0049370975420808,NA,1.00489232261725,NA
9872565,0,g ɯ ɟ y z,5,-23.285064406939977,NA,-21.353497172991236,NA,-20.799421774706857,NA,1.129558756841315,NA,1.1296104538368636,NA,1.0031897183162923,NA,1.003233960514907,NA
9872565,63,m e ɾ u ɾ,5,-14.696942662362323,NA,-13.023558297137315,NA,-13.045322398545368,NA,1.5265589938664366,NA,1.5258999366294403,NA,1.061050686684545,NA,1.0579611009135987,NA
9872565,0,h e ʒ o ʃ,5,-20.611692059199083,NA,-21.352021945146213,NA,-21.261716898107,NA,1.2591859769516531,NA,1.2590125489549313,NA,1.0061370897175157,NA,1.006025124082477,NA
9872565,0,b a d͡ʒ ɯ z,5,-17.34515839292861,NA,-14.26280182945655,NA,-14.306332778850988,NA,1.4154917370834543,NA,1.4150459441905807,NA,1.0246087747061503,NA,1.023516791495323,NA
9872565,0,d͡ʒ o h ɯ ʒ,5,-21.695656866924992,NA,-Inf,NA,-27.095777081000016,NA,1.1667337478513735,NA,1.1667240129734051,NA,1.001314605615787,NA,1.0014626748261763,NA
9872565,0,z a ɟ e c,5,-22.710963226448087,NA,-Inf,NA,-26.8402764213242,NA,1.3881083490241413,NA,1.3877113533137964,NA,1.0055295882618005,NA,1.005450234168199,NA
9872565,18,k u ɾ ɯ ɾ,5,-15.318955962420556,NA,-13.370493909747877,NA,-13.394216805421626,NA,1.4430374164697577,NA,1.4425219880350606,NA,1.0417068954004978,NA,1.0396145126083167,NA
9872565,0,g ɯ ɟ y ʒ,5,-25.680187034708876,NA,-24.79307060996098,NA,-24.185039595714763,NA,1.112799708911742,NA,1.112886304686086,NA,1.002733246193697,NA,1.0028060614990746,NA
9872565,77,n y n y j,5,-17.387953451395102,NA,-22.84121056217028,NA,-22.81293712937672,NA,1.207963604453446,NA,1.2078780501278503,NA,1.0079609523814197,NA,1.0077547671760057,NA
9872565,33,l e k a ɾ,5,-15.017293036612118,NA,-19.407834498130676,NA,-19.044786274829686,NA,1.5080939526744883,NA,1.5074543029063974,NA,1.045194852222235,NA,1.0427811490211962,NA
9872565,2,n u c y c,5,-23.59892773657295,NA,-Inf,NA,-30.1793505288519,NA,1.1106900084586075,NA,1.1107804796089662,NA,1.00076963144273,NA,1.0009464280876286,NA
9872565,0,ɟ y ʒ o ʒ,5,-27.99523158888624,NA,-28.69284841696419,NA,-28.14090746152981,NA,1.095036025210162,NA,1.095153452809103,NA,1.000304646498913,NA,1.0005045476286198,NA
9872565,0,f i b ɯ ʒ,5,-20.436961838794783,NA,-Inf,NA,-22.999633738347892,NA,1.1898218295863592,NA,1.1897722159469446,NA,1.0083986623139738,NA,1.0081722495289367,NA
9872565,0,ʃ o ʃ e ʒ,5,-20.72090935766442,NA,-22.109244486171928,NA,-22.17599288318765,NA,1.2201293152835069,NA,1.2200223876473202,NA,1.0053494657208828,NA,1.005275324117079,NA
9872565,0,g u ɟ e ʒ,5,-24.520648215729064,NA,-Inf,NA,-25.12589588220793,NA,1.2072204570857334,NA,1.2071361783307428,NA,1.0015072051556937,NA,1.0016432622663496,NA
9872565,0,v ø d͡ʒ o h,5,-21.363641778803853,NA,-Inf,NA,-28.344098104475098,NA,1.0848245663042964,NA,1.0849553554942497,NA,1.0002254577062906,NA,1.0004310609040532,NA
9872565,0,ɫ o h o h,5,-18.44006945078326,NA,-24.54133724676997,NA,-24.433813499665337,NA,1.140881701067639,NA,1.140915313678908,NA,1.0026601201755148,NA,1.0027379316413156,NA
9872565,70,b u p o n,5,-18.090788535226785,NA,-14.871571711459897,NA,-14.898543975468526,NA,1.2534517142540844,NA,1.2532693351189497,NA,1.0146087672669268,NA,1.014002641902062,NA
9872565,28,g ɯ k o p,5,-18.396509345599615,NA,-15.155469592030345,NA,-15.199246251117556,NA,1.1896978651358043,NA,1.189645248846842,NA,1.0101186670128863,NA,1.0097904273217253,NA
9872565,30,l i v ø c,5,-23.521629066683385,NA,-Inf,NA,-33.078770632151944,NA,1.1258459326384591,NA,1.1259116896807664,NA,1.0021258039899703,NA,1.0022313327026664,NA
9872565,0,g o ɟ ø ʒ,5,-27.290446500844467,NA,-Inf,NA,-25.568532573095965,NA,1.1030121135597626,NA,1.1031174848991148,NA,1.001138393401175,NA,1.0012964338824402,NA
9872565,30,l i l y j,5,-19.970386134913596,NA,-Inf,NA,-29.06974718873675,NA,1.1481724014715176,NA,1.148190949754183,NA,1.0019943881319666,NA,1.002104960638429,NA
9872565,0,h ø ʒ ɯ ʃ,5,-22.793233890627302,NA,-Inf,NA,-24.383373092781312,NA,1.1381678025861008,NA,1.13820094196689,NA,1.006410521744585,NA,1.0062326049478594,NA
9872565,70,ɟ e ɟ e c,5,-26.93213315832468,NA,-Inf,NA,-34.31977028302991,NA,1.279903805241355,NA,1.279694004217295,NA,1.0007611186215082,NA,1.0009324466444522,NA
9872565,6,f u c i c,5,-23.709298903113027,NA,-Inf,NA,-29.70602713063263,NA,1.206154311454209,NA,1.2060714855791586,NA,1.0011929509918631,NA,1.0013448826976608,NA
9872565,0,n ɯ d͡ʒ ɯ ʒ,5,-20.35265516851573,NA,-Inf,NA,-23.177728006252813,NA,1.141386496349446,NA,1.1414208042131675,NA,1.0016727518916322,NA,1.0018002670345545,NA
9872565,66,l e l y c,5,-22.712932987058565,NA,-Inf,NA,-31.625008565162982,NA,1.2146465675396698,NA,1.214557046255178,NA,1.0031176468016472,NA,1.0031701069775885,NA
9872565,0,ɟ y f e ʒ,5,-24.68382830227571,NA,-25.22823350958293,NA,-24.924911824073703,NA,1.197274626696634,NA,1.197207333245688,NA,1.005629742506169,NA,1.0055403867692694,NA
9872565,68,n ø n y j,5,-18.59665120544969,NA,-23.859590348601593,NA,-23.813870098081395,NA,1.1568370879889744,NA,1.1568399878441131,NA,1.0032243478372642,NA,1.0032682870588847,NA
9872565,0,d ø z i ʒ,5,-21.70542391051496,NA,-19.545489240999224,NA,-19.60431392431074,NA,1.2249679545138032,NA,1.2248519373951183,NA,1.009262247629164,NA,1.008979216459775,NA
9872565,0,d͡ʒ o ʒ o h,5,-22.097218579005993,NA,-25.099219589381008,NA,-24.904916978881896,NA,1.11821597789651,NA,1.118289134009679,NA,1.0007051178379167,NA,1.0008859248512416,NA
9872565,63,ɟ e d͡ʒ ɯ ʃ,5,-21.882833802794956,NA,-Inf,NA,-23.003164237882388,NA,1.2591492701203255,NA,1.2589729296039585,NA,1.0107052213650367,NA,1.0102980225080054,NA
9872565,0,v ø l y c,5,-24.69819952981217,NA,-Inf,NA,-34.22078322004938,NA,1.0738270837624526,NA,1.0739812033064169,NA,1.000065210303228,NA,1.0002790383147078,NA
9872565,26,ɫ a c i v,5,-18.573457430867325,NA,-Inf,NA,-26.542814999082395,NA,1.405256699256112,NA,1.4048253291152235,NA,1.004371680977657,NA,1.004344736513621,NA
9872565,3,n ɯ t u j,5,-16.458023913936312,NA,-21.523380072352197,NA,-21.520724492736264,NA,1.2065410713885756,NA,1.2064562308023568,NA,1.0047893568512176,NA,1.0047454608812807,NA
9872565,75,t ø ɾ a n,5,-15.737900612639798,NA,-14.053612751333944,NA,-14.0900146594381,NA,1.4983632288774549,NA,1.4977406461807206,NA,1.0585320936609162,NA,1.055335124686371,NA
9872565,0,b u ʒ a ʒ,5,-22.017309102851215,NA,-20.97270040380033,NA,-21.003650352513297,NA,1.323179462039307,NA,1.3228869771540068,NA,1.0084920033526763,NA,1.0082515552702562,NA
9872565,31,n ɯ c e h,5,-19.392820783812937,NA,-Inf,NA,-28.037484047969727,NA,1.1958159292110446,NA,1.1957471731906515,NA,1.001629162737002,NA,1.0017483602739372,NA
9872565,0,h i ʒ u ʒ,5,-22.897101816795516,NA,-22.812369904220137,NA,-22.719046165604528,NA,1.174823947299784,NA,1.1748014419634516,NA,1.005038918518121,NA,1.0049919529548976,NA
9872565,0,b i ʒ i ʃ,5,-19.526656073717337,NA,-17.97370132018528,NA,-18.017836365125127,NA,1.2861479817833397,NA,1.285919656722362,NA,1.0177954456980225,NA,1.017025230789646,NA
9872565,42,c i t͡ʃ e f,5,-20.35455499473321,NA,-Inf,NA,-23.19101449988911,NA,1.2206632956388237,NA,1.2205511500064978,NA,1.0041193198207332,NA,1.0040987094266125,NA
9872565,75,k ɯ ɾ e t,5,-14.34461899583014,NA,-12.379643812608151,NA,-12.401069233681326,NA,1.4574007718602364,NA,1.4568656707805725,NA,1.0575407260274738,NA,1.054575679739315,NA
9872565,0,m e ɾ ɯ ɾ,5,-14.482075691887497,NA,-12.618518906214195,NA,-12.639743620026252,NA,1.5363601221358536,NA,1.535683225407098,NA,1.0643340657695692,NA,1.061047884258652,NA
9872565,0,ɫ o c y c,5,-23.77472516728996,NA,-Inf,NA,-29.95538503380819,NA,1.101649180915417,NA,1.1017552870760137,NA,1.0021777770233191,NA,1.0022805824390244,NA
9872565,0,t i k ɯ ɾ,5,-14.54245432215599,NA,-13.212451852990958,NA,-13.233651743758994,NA,1.352332061924168,NA,1.3519743902412205,NA,1.0240330562526363,NA,1.0228729978485829,NA
9872565,68,ɟ y s y f,5,-22.96626912908152,NA,-23.65293144228456,NA,-23.26150177793404,NA,1.162474537561398,NA,1.1624701118447611,NA,1.007526105518591,NA,1.0073429378505647,NA
9872565,71,t͡ʃ o ɫ a ʒ,5,-19.424282256875884,NA,-18.005456232553836,NA,-18.13605719361724,NA,1.37194225034822,NA,1.3715644260384483,NA,1.027293545810697,NA,1.0260195746102412,NA
9872565,68,m y ɾ o n,5,-16.510128365915982,NA,-13.311535765675442,NA,-13.341581660625684,NA,1.4011942661317132,NA,1.400755060745874,NA,1.0445744785123534,NA,1.0423874508376312,NA
9872565,0,l y g u j,5,-20.39121656784095,NA,-Inf,NA,-28.45058894678722,NA,1.147281360733707,NA,1.147299720778366,NA,1.0011865525645776,NA,1.0013362474692384,NA
9872565,66,b a b u z,5,-17.031411824215805,NA,-14.580740364522184,NA,-14.616442917521326,NA,1.4171372456831095,NA,1.4166893612568667,NA,1.0339474952511396,NA,1.0323546619528714,NA
9872565,74,l y l e c,5,-22.712932987058565,NA,-Inf,NA,-32.3160745795191,NA,1.197065582611408,NA,1.1969989614223264,NA,1.0011971809784252,NA,1.0013454564534352,NA
9872565,24,v e ɟ ø ʒ,5,-25.88724899922946,NA,-Inf,NA,-26.13349816640546,NA,1.1934115930661473,NA,1.1933605512070449,NA,1.0050916845666988,NA,1.0050420161949054,NA
9872565,68,ɟ e ɟ y c,5,-28.30653894777932,NA,-Inf,NA,-33.570427837482214,NA,1.196423265039634,NA,1.1963654108494548,NA,1.000231209196349,NA,1.000436132364972,NA
9872565,26,n u c y j,5,-20.658545558102126,NA,-Inf,NA,-27.875256524586018,NA,1.1303835200334362,NA,1.1304329817238876,NA,1.0009000520491858,NA,1.001068684949295,NA
9872565,0,z a ɟ ø c,5,-25.29406676995731,NA,-Inf,NA,-27.908409897602446,NA,1.2841708027252068,NA,1.2839629886018915,NA,1.0048774852295213,NA,1.004838949859867,NA
9872777,29,l y l e c,5,-22.712932987058565,NA,-Inf,NA,-32.3160745795191,NA,1.197065582611408,NA,1.1969989614223264,NA,1.0011971809784252,NA,1.0013454564534352,NA
9872777,32,g ɯ ɟ y z,5,-23.285064406939977,NA,-21.353497172991236,NA,-20.799421774706857,NA,1.129558756841315,NA,1.1296104538368636,NA,1.0031897183162923,NA,1.003233960514907,NA
9872777,27,f y c ø v,5,-24.105639586157395,NA,-Inf,NA,-24.665973193548194,NA,1.1129298669413028,NA,1.1130142426187757,NA,1.0013678237866614,NA,1.0015130661860885,NA
9872777,23,ɟ ø j o ʒ,5,-26.49689488595845,NA,-Inf,NA,-23.932703542616142,NA,1.0852809248581945,NA,1.085414770218477,NA,1.0023189127998635,NA,1.002409614578854,NA
9872777,74,n ø n y j,5,-18.59665120544969,NA,-23.859590348601593,NA,-23.813870098081395,NA,1.1568370879889744,NA,1.1568399878441131,NA,1.0032243478372642,NA,1.0032682870588847,NA
9872777,28,g o ɟ ø ʒ,5,-27.290446500844467,NA,-Inf,NA,-25.568532573095965,NA,1.1030121135597626,NA,1.1031174848991148,NA,1.001138393401175,NA,1.0012964338824402,NA
9872777,80,b y t͡ʃ ɯ ʒ,5,-21.616844660036552,NA,-Inf,NA,-22.629276208594433,NA,1.2022894136775335,NA,1.2022183989320754,NA,1.0049370975420808,NA,1.00489232261725,NA
9872777,25,n ɯ c e h,5,-19.392820783812937,NA,-Inf,NA,-28.037484047969727,NA,1.1958159292110446,NA,1.1957471731906515,NA,1.001629162737002,NA,1.0017483602739372,NA
9872777,90,ɟ y f e ʒ,5,-24.68382830227571,NA,-25.22823350958293,NA,-24.924911824073703,NA,1.197274626696634,NA,1.197207333245688,NA,1.005629742506169,NA,1.0055403867692694,NA
9872777,29,b u ɟ ø ʒ,5,-26.42645995046814,NA,-Inf,NA,-24.718693605330763,NA,1.1344111048101857,NA,1.134462175918881,NA,1.0071497434921757,NA,1.006991934093099,NA
9872777,27,t͡ʃ ø z e z,5,-19.754215062891827,NA,-16.895697183378992,NA,-16.939241023440918,NA,1.2120949070379754,NA,1.2119958615786497,NA,1.009437938030965,NA,1.0091286519340401,NA
9872777,80,g u ɟ e ʒ,5,-24.520648215729064,NA,-Inf,NA,-25.12589588220793,NA,1.2072204570857334,NA,1.2071361783307428,NA,1.0015072051556937,NA,1.0016432622663496,NA
9872777,28,b o ʒ i n,5,-19.551581921206928,NA,-15.34865531235195,NA,-15.46250667001904,NA,1.3176726144950657,NA,1.3173711639403407,NA,1.0201904519518092,NA,1.019223006244508,NA
9872777,19,f i b ɯ ʒ,5,-20.436961838794783,NA,-Inf,NA,-22.999633738347892,NA,1.1898218295863592,NA,1.1897722159469446,NA,1.0083986623139738,NA,1.0081722495289367,NA
9872777,29,v e ɟ ø ʒ,5,-25.88724899922946,NA,-Inf,NA,-26.13349816640546,NA,1.1934115930661473,NA,1.1933605512070449,NA,1.0050916845666988,NA,1.0050420161949054,NA
9872777,31,h ø ʒ ɯ ʃ,5,-22.793233890627302,NA,-Inf,NA,-24.383373092781312,NA,1.1381678025861008,NA,1.13820094196689,NA,1.006410521744585,NA,1.0062326049478594,NA
9872777,6,l i l y j,5,-19.970386134913596,NA,-Inf,NA,-29.06974718873675,NA,1.1481724014715176,NA,1.148190949754183,NA,1.0019943881319666,NA,1.002104960638429,NA
9872777,98,n ɯ t i v,5,-16.232908095139347,NA,-21.96802980566556,NA,-21.957749241597252,NA,1.268821147095549,NA,1.2686250852060037,NA,1.0211694574491372,NA,1.0202141924744377,NA
9872777,80,b i j o p,5,-17.819792145237756,NA,-14.411741791563118,NA,-14.44982851725279,NA,1.2320675183451335,NA,1.231941850926206,NA,1.019116645133666,NA,1.018318051070536,NA
9872777,86,t i k ɯ ɾ,5,-14.54245432215599,NA,-13.212451852990958,NA,-13.233651743758994,NA,1.352332061924168,NA,1.3519743902412205,NA,1.0240330562526363,NA,1.0228729978485829,NA
9872777,91,l y g a s,5,-18.444893137077603,NA,-Inf,NA,-26.067538150583637,NA,1.3050485464253128,NA,1.3047771819509606,NA,1.0127422017772911,NA,1.0121847222339244,NA
9872777,81,ɟ i ɟ e c,5,-27.129968484650533,NA,-Inf,NA,-33.71720502403168,NA,1.193736127598374,NA,1.1936754056013783,NA,1.0007611186215082,NA,1.0009324466444522,NA
9872777,88,l e k a ɾ,5,-15.017293036612118,NA,-19.407834498130676,NA,-19.044786274829686,NA,1.5080939526744883,NA,1.5074543029063974,NA,1.045194852222235,NA,1.0427811490211962,NA
9872777,28,ɫ a c i v,5,-18.573457430867325,NA,-Inf,NA,-26.542814999082395,NA,1.405256699256112,NA,1.4048253291152235,NA,1.004371680977657,NA,1.004344736513621,NA
9872777,19,n u c y c,5,-23.59892773657295,NA,-Inf,NA,-30.1793505288519,NA,1.1106900084586075,NA,1.1107804796089662,NA,1.00076963144273,NA,1.0009464280876286,NA
9872777,83,m e ɾ ɯ ɾ,5,-14.482075691887497,NA,-12.618518906214195,NA,-12.639743620026252,NA,1.5363601221358536,NA,1.535683225407098,NA,1.0643340657695692,NA,1.061047884258652,NA
9872777,81,b u m e l,5,-17.814766387475487,NA,-15.347656861812922,NA,-15.39559611789573,NA,1.295187097363635,NA,1.2949473270829202,NA,1.01977328294233,NA,1.0189224624213549,NA
9872777,81,v ø l e j,5,-20.38341156188671,NA,-Inf,NA,-29.973439994045172,NA,1.1770011355390022,NA,1.1769622987891786,NA,1.0039778284969023,NA,1.0039467441646983,NA
9872777,84,ɟ e ɟ y c,5,-28.30653894777932,NA,-Inf,NA,-33.570427837482214,NA,1.196423265039634,NA,1.1963654108494548,NA,1.000231209196349,NA,1.000436132364972,NA
9872777,87,v ø d͡ʒ o h,5,-21.363641778803853,NA,-Inf,NA,-28.344098104475098,NA,1.0848245663042964,NA,1.0849553554942497,NA,1.0002254577062906,NA,1.0004310609040532,NA
9872777,82,z a c y c,5,-22.967338641377513,NA,-Inf,NA,-27.738112216193443,NA,1.30615402707163,NA,1.305906320725149,NA,1.004670156559676,NA,1.004641947160086,NA
9872777,84,z a ɟ ø c,5,-25.29406676995731,NA,-Inf,NA,-27.908409897602446,NA,1.2841708027252068,NA,1.2839629886018915,NA,1.0048774852295213,NA,1.004838949859867,NA
9872777,88,n i v y j,5,-17.493047560834334,NA,-22.47616192556484,NA,-22.44275508862507,NA,1.18050489552488,NA,1.1804673180900334,NA,1.0055738254825757,NA,1.0054960636982748,NA
9872777,89,b a b u z,5,-17.031411824215805,NA,-14.580740364522184,NA,-14.616442917521326,NA,1.4171372456831095,NA,1.4166893612568667,NA,1.0339474952511396,NA,1.0323546619528714,NA
9872777,31,ɟ e ɟ e c,5,-26.93213315832468,NA,-Inf,NA,-34.31977028302991,NA,1.279903805241355,NA,1.279694004217295,NA,1.0007611186215082,NA,1.0009324466444522,NA
9872777,27,ɟ e d͡ʒ ɯ ʃ,5,-21.882833802794956,NA,-Inf,NA,-23.003164237882388,NA,1.2591492701203255,NA,1.2589729296039585,NA,1.0107052213650367,NA,1.0102980225080054,NA
9872777,24,g ɯ ɟ y ʒ,5,-25.680187034708876,NA,-24.79307060996098,NA,-24.185039595714763,NA,1.112799708911742,NA,1.112886304686086,NA,1.002733246193697,NA,1.0028060614990746,NA
9872777,19,l e l e h,5,-18.72169300477338,NA,-28.452981385838587,NA,-27.71152573039103,NA,1.3107126962643774,NA,1.31044502011368,NA,1.0043566425629775,NA,1.0043315471634189,NA
9872777,20,d ø z i ʒ,5,-21.70542391051496,NA,-19.545489240999224,NA,-19.60431392431074,NA,1.2249679545138032,NA,1.2248519373951183,NA,1.009262247629164,NA,1.008979216459775,NA
9872777,17,g u g ɯ ʒ,5,-22.12764402414707,NA,-Inf,NA,-23.62799403133488,NA,1.1604076914316734,NA,1.1604091652027129,NA,1.002296865096124,NA,1.0023929390707258,NA
9872777,18,k ɯ ɾ e t,5,-14.34461899583014,NA,-12.379643812608151,NA,-12.401069233681326,NA,1.4574007718602364,NA,1.4568656707805725,NA,1.0575407260274738,NA,1.054575679739315,NA
9872777,4,l y g ɯ h,5,-20.4998975830064,NA,-Inf,NA,-29.036115755256105,NA,1.149974565951282,NA,1.149989887931764,NA,1.00059203852765,NA,1.0007759709906086,NA
9872777,8,ɟ ø ɟ ø t͡ʃ,5,-29.830320053966172,NA,-Inf,NA,-28.770426831168702,NA,1.0317338743417712,NA,1.0319599892793068,NA,1.0000545077946146,NA,1.0002695361099974,NA
9872777,11,m e ɾ u ɾ,5,-14.696942662362323,NA,-13.023558297137315,NA,-13.045322398545368,NA,1.5265589938664366,NA,1.5258999366294403,NA,1.061050686684545,NA,1.0579611009135987,NA
9872777,94,g o ɟ y ʒ,5,-26.081748746789877,NA,-24.756749204677632,NA,-24.261882275036,NA,1.1234691196569762,NA,1.1235372562431791,NA,1.0013257973115228,NA,1.001472532342125,NA
9872777,94,n u n u ɫ,5,-16.1837999949144,NA,-19.621241364005783,NA,-19.623919938160853,NA,1.262793973357144,NA,1.262597334354253,NA,1.0096134601254851,NA,1.0092804006803462,NA
9872777,93,ɟ e ʒ o ʒ,5,-26.6208257994316,NA,-Inf,NA,-28.771466371087545,NA,1.1960975503401443,NA,1.196040131009795,NA,1.0007952166504448,NA,1.0009691836637256,NA
9872777,16,h e ʒ o ʃ,5,-20.611692059199083,NA,-21.352021945146213,NA,-21.261716898107,NA,1.2591859769516531,NA,1.2590125489549313,NA,1.0061370897175157,NA,1.006025124082477,NA
9872777,75,d͡ʒ o c e c,5,-23.67398203471596,NA,-Inf,NA,-30.529401402579964,NA,1.1916801758594504,NA,1.1916230071191674,NA,1.0012482052809664,NA,1.0013939567073278,NA
9872777,95,m y ɾ o n,5,-16.510128365915982,NA,-13.311535765675442,NA,-13.341581660625684,NA,1.4011942661317132,NA,1.400755060745874,NA,1.0445744785123534,NA,1.0423874508376312,NA
9872777,63,d͡ʒ o ʒ o h,5,-22.097218579005993,NA,-25.099219589381008,NA,-24.904916978881896,NA,1.11821597789651,NA,1.118289134009679,NA,1.0007051178379167,NA,1.0008859248512416,NA
9872777,64,h i ʒ u ʒ,5,-22.897101816795516,NA,-22.812369904220137,NA,-22.719046165604528,NA,1.174823947299784,NA,1.1748014419634516,NA,1.005038918518121,NA,1.0049919529548976,NA
9872777,7,k o k u ɾ,5,-15.81589881907191,NA,-14.164787591245988,NA,-14.189177293546392,NA,1.3561640083612907,NA,1.3558006156133138,NA,1.0309577781402457,NA,1.029465068337247,NA
9872777,93,z a ɟ e c,5,-22.710963226448087,NA,-Inf,NA,-26.8402764213242,NA,1.3881083490241413,NA,1.3877113533137964,NA,1.0055295882618005,NA,1.005450234168199,NA
9872777,24,l y g u j,5,-20.39121656784095,NA,-Inf,NA,-28.45058894678722,NA,1.147281360733707,NA,1.147299720778366,NA,1.0011865525645776,NA,1.0013362474692384,NA
9872777,78,ɫ o c y c,5,-23.77472516728996,NA,-Inf,NA,-29.95538503380819,NA,1.101649180915417,NA,1.1017552870760137,NA,1.0021777770233191,NA,1.0022805824390244,NA
9872777,32,n ɯ t u j,5,-16.458023913936312,NA,-21.523380072352197,NA,-21.520724492736264,NA,1.2065410713885756,NA,1.2064562308023568,NA,1.0047893568512176,NA,1.0047454608812807,NA
9872777,26,v ø l y c,5,-24.69819952981217,NA,-Inf,NA,-34.22078322004938,NA,1.0738270837624526,NA,1.0739812033064169,NA,1.000065210303228,NA,1.0002790383147078,NA
9872777,25,v ɯ m o ʒ,5,-20.866255525720582,NA,-21.52786979559882,NA,-21.609613266696552,NA,1.1433244251421313,NA,1.1433577818079883,NA,1.0025302512137306,NA,1.002610125753439,NA
9872777,26,h a ʒ o ʒ,5,-22.411292023981808,NA,-19.98257424570709,NA,-20.012146466153983,NA,1.3339144804373528,NA,1.3336186560682508,NA,1.0242965841159228,NA,1.023235860036801,NA
9872777,22,t ø ɾ a n,5,-15.737900612639798,NA,-14.053612751333944,NA,-14.0900146594381,NA,1.4983632288774549,NA,1.4977406461807206,NA,1.0585320936609162,NA,1.055335124686371,NA
9872777,22,ɫ o h o h,5,-18.44006945078326,NA,-24.54133724676997,NA,-24.433813499665337,NA,1.140881701067639,NA,1.140915313678908,NA,1.0026601201755148,NA,1.0027379316413156,NA
9872777,77,h a ʒ y z,5,-20.11715672705851,NA,-17.4716328950729,NA,-17.489616749544957,NA,1.3520981109642247,NA,1.3517647948669438,NA,1.0246878459352902,NA,1.0236026306218002,NA
9872777,76,b u ʒ a ʒ,5,-22.017309102851215,NA,-20.97270040380033,NA,-21.003650352513297,NA,1.323179462039307,NA,1.3228869771540068,NA,1.0084920033526763,NA,1.0082515552702562,NA
9872777,79,k a k o n,5,-14.50659106646786,NA,-12.17321902001452,NA,-12.197940719744937,NA,1.533550580453257,NA,1.532883248380266,NA,1.0716980709170678,NA,1.0680836932215294,NA
9872777,28,c i t͡ʃ e f,5,-20.35455499473321,NA,-Inf,NA,-23.19101449988911,NA,1.2206632956388237,NA,1.2205511500064978,NA,1.0041193198207332,NA,1.0040987094266125,NA
9872777,28,t͡ʃ o ɫ a ʒ,5,-19.424282256875884,NA,-18.005456232553836,NA,-18.13605719361724,NA,1.37194225034822,NA,1.3715644260384483,NA,1.027293545810697,NA,1.0260195746102412,NA
9872777,26,m a f ɯ ʒ,5,-19.123444916118363,NA,-Inf,NA,-20.272463690019514,NA,1.433901152468908,NA,1.4334293801112787,NA,1.028327685373242,NA,1.0270542242358425,NA
9872777,85,l i v ø c,5,-23.521629066683385,NA,-Inf,NA,-33.078770632151944,NA,1.1258459326384591,NA,1.1259116896807664,NA,1.0021258039899703,NA,1.0022313327026664,NA
9872777,25,k u k o n,5,-16.067983991564752,NA,-13.63563902211114,NA,-13.66252219216208,NA,1.3321316029835863,NA,1.331812746650162,NA,1.022135193672589,NA,1.0211308803551549,NA
9872777,20,k u ɾ ɯ ɾ,5,-15.318955962420556,NA,-13.370493909747877,NA,-13.394216805421626,NA,1.4430374164697577,NA,1.4425219880350606,NA,1.0417068954004978,NA,1.0396145126083167,NA
9872777,20,g ɯ k o p,5,-18.396509345599615,NA,-15.155469592030345,NA,-15.199246251117556,NA,1.1896978651358043,NA,1.189645248846842,NA,1.0101186670128863,NA,1.0097904273217253,NA
9872777,19,b u p o n,5,-18.090788535226785,NA,-14.871571711459897,NA,-14.898543975468526,NA,1.2534517142540844,NA,1.2532693351189497,NA,1.0146087672669268,NA,1.014002641902062,NA
9872777,86,b i h a ʒ,5,-18.744934240832112,NA,-16.24298849238163,NA,-16.385096205880032,NA,1.3733553453253655,NA,1.372975726405124,NA,1.0233784812990958,NA,1.0223335961608893,NA
9872777,23,h a ʒ a ʒ,5,-20.66320435727874,NA,-18.991359167803843,NA,-19.22316769797684,NA,1.503268859604257,NA,1.502664785412429,NA,1.0253887052721251,NA,1.024260469695336,NA
9872777,21,ʃ o ʃ e ʒ,5,-20.72090935766442,NA,-22.109244486171928,NA,-22.17599288318765,NA,1.2201293152835069,NA,1.2200223876473202,NA,1.0053494657208828,NA,1.005275324117079,NA
9872777,21,t͡ʃ y f i c,5,-21.728960784187848,NA,-22.716786973512093,NA,-22.5853234924357,NA,1.2320360956439638,NA,1.2319083144749632,NA,1.006182387818063,NA,1.006063337860201,NA
9872777,85,b i ʒ i ʃ,5,-19.526656073717337,NA,-17.97370132018528,NA,-18.017836365125127,NA,1.2861479817833397,NA,1.285919656722362,NA,1.0177954456980225,NA,1.017025230789646,NA
9872777,85,k ɯ ɾ ɯ ɾ,5,-15.10408899194573,NA,-12.806763517338286,NA,-12.830040671057915,NA,1.4320972084974872,NA,1.431600707758244,NA,1.049706303938969,NA,1.0471916891539033,NA
9872777,86,l e l y c,5,-22.712932987058565,NA,-Inf,NA,-31.625008565162982,NA,1.2146465675396698,NA,1.214557046255178,NA,1.0031176468016472,NA,1.0031701069775885,NA
9872777,19,ɫ o m ɯ t,5,-16.10906876251265,NA,-20.463295386477544,NA,-20.459024896790748,NA,1.226354557914894,NA,1.2262249588685283,NA,1.0089687051569078,NA,1.008691414558396,NA
9872777,24,n y n y j,5,-17.387953451395102,NA,-22.84121056217028,NA,-22.81293712937672,NA,1.207963604453446,NA,1.2078780501278503,NA,1.0079609523814197,NA,1.0077547671760057,NA
9872777,24,n ɯ d͡ʒ ɯ ʒ,5,-20.35265516851573,NA,-Inf,NA,-23.177728006252813,NA,1.141386496349446,NA,1.1414208042131675,NA,1.0016727518916322,NA,1.0018002670345545,NA
9872777,26,d ø ʒ u ʒ,5,-24.98943492896086,NA,-Inf,NA,-24.22776906482711,NA,1.1165991658515588,NA,1.116677401262255,NA,1.0026538128249567,NA,1.0027322776999663,NA
9872777,81,ɟ y s y f,5,-22.96626912908152,NA,-23.65293144228456,NA,-23.26150177793404,NA,1.162474537561398,NA,1.1624701118447611,NA,1.007526105518591,NA,1.0073429378505647,NA
9872777,87,b a d͡ʒ ɯ z,5,-17.34515839292861,NA,-14.26280182945655,NA,-14.306332778850988,NA,1.4154917370834543,NA,1.4150459441905807,NA,1.0246087747061503,NA,1.023516791495323,NA
9872777,82,d͡ʒ o h ɯ ʒ,5,-21.695656866924992,NA,-Inf,NA,-27.095777081000016,NA,1.1667337478513735,NA,1.1667240129734051,NA,1.001314605615787,NA,1.0014626748261763,NA
9872777,30,k a ɾ e t,5,-12.998093041208076,NA,-11.97346206217353,NA,-11.990829041411471,NA,1.6697599573021775,NA,1.6688574527874926,NA,1.110223784834866,NA,1.1044830661891687,NA
9872777,31,g ɯ ɾ a ʒ,5,-18.902722310983343,NA,-16.198481439042656,NA,-16.34403605221776,NA,1.419942412927112,NA,1.419480952598695,NA,1.0501716213082088,NA,1.0476633593333955,NA
9872777,22,t i k o n,5,-15.196101206729836,NA,-13.240996547523356,NA,-13.26604749315664,NA,1.31822773105001,NA,1.3179329037806882,NA,1.0146171328879905,NA,1.0140073512575454,NA
9872777,27,n ø m ɯ j,5,-18.18724158107039,NA,-23.99488997807466,NA,-23.947971790620024,NA,1.1624899274009108,NA,1.1624806365353328,NA,1.0028689545306988,NA,1.002926864143793,NA
9872777,81,ɟ y ʒ o ʒ,5,-27.99523158888624,NA,-28.69284841696419,NA,-28.14090746152981,NA,1.095036025210162,NA,1.095153452809103,NA,1.000304646498913,NA,1.0005045476286198,NA
9872777,80,b e ɟ i ʒ,5,-22.954468016281908,NA,-24.634615074769357,NA,-24.189436304001077,NA,1.352371013895645,NA,1.3520350120491875,NA,1.0125225794453168,NA,1.012081798156116,NA
9872777,81,n u c y j,5,-20.658545558102126,NA,-Inf,NA,-27.875256524586018,NA,1.1303835200334362,NA,1.1304329817238876,NA,1.0009000520491858,NA,1.001068684949295,NA
9872777,87,f u c i c,5,-23.709298903113027,NA,-Inf,NA,-29.70602713063263,NA,1.206154311454209,NA,1.2060714855791586,NA,1.0011929509918631,NA,1.0013448826976608,NA
9872777,84,k ɯ ɾ ø ɾ,5,-16.815335788926927,NA,-15.47207327845282,NA,-15.47290521159459,NA,1.3818949177686708,NA,1.3814897925657066,NA,1.0336014287971542,NA,1.032037505843908,NA
9873146,52,d ø z i ʒ,5,-21.70542391051496,NA,-19.545489240999224,NA,-19.60431392431074,NA,1.2249679545138032,NA,1.2248519373951183,NA,1.009262247629164,NA,1.008979216459775,NA
9873146,12,z a ɟ e c,5,-22.710963226448087,NA,-Inf,NA,-26.8402764213242,NA,1.3881083490241413,NA,1.3877113533137964,NA,1.0055295882618005,NA,1.005450234168199,NA
9873146,100,ɟ e ɟ e c,5,-26.93213315832468,NA,-Inf,NA,-34.31977028302991,NA,1.279903805241355,NA,1.279694004217295,NA,1.0007611186215082,NA,1.0009324466444522,NA
9873146,26,v ø d͡ʒ o h,5,-21.363641778803853,NA,-Inf,NA,-28.344098104475098,NA,1.0848245663042964,NA,1.0849553554942497,NA,1.0002254577062906,NA,1.0004310609040532,NA
9873146,34,g ɯ ɟ y ʒ,5,-25.680187034708876,NA,-24.79307060996098,NA,-24.185039595714763,NA,1.112799708911742,NA,1.112886304686086,NA,1.002733246193697,NA,1.0028060614990746,NA
9873146,23,g u ɟ e ʒ,5,-24.520648215729064,NA,-Inf,NA,-25.12589588220793,NA,1.2072204570857334,NA,1.2071361783307428,NA,1.0015072051556937,NA,1.0016432622663496,NA
9873146,98,h a ʒ a ʒ,5,-20.66320435727874,NA,-18.991359167803843,NA,-19.22316769797684,NA,1.503268859604257,NA,1.502664785412429,NA,1.0253887052721251,NA,1.024260469695336,NA
9873146,20,l y g ɯ h,5,-20.4998975830064,NA,-Inf,NA,-29.036115755256105,NA,1.149974565951282,NA,1.149989887931764,NA,1.00059203852765,NA,1.0007759709906086,NA
9873146,94,ɟ ø ɟ ø t͡ʃ,5,-29.830320053966172,NA,-Inf,NA,-28.770426831168702,NA,1.0317338743417712,NA,1.0319599892793068,NA,1.0000545077946146,NA,1.0002695361099974,NA
9873146,61,ʃ o ʃ e ʒ,5,-20.72090935766442,NA,-22.109244486171928,NA,-22.17599288318765,NA,1.2201293152835069,NA,1.2200223876473202,NA,1.0053494657208828,NA,1.005275324117079,NA
9873146,10,n i v y j,5,-17.493047560834334,NA,-22.47616192556484,NA,-22.44275508862507,NA,1.18050489552488,NA,1.1804673180900334,NA,1.0055738254825757,NA,1.0054960636982748,NA
9873146,100,m e ɾ ɯ ɾ,5,-14.482075691887497,NA,-12.618518906214195,NA,-12.639743620026252,NA,1.5363601221358536,NA,1.535683225407098,NA,1.0643340657695692,NA,1.061047884258652,NA
9873146,27,ɟ e ʒ o ʒ,5,-26.6208257994316,NA,-Inf,NA,-28.771466371087545,NA,1.1960975503401443,NA,1.196040131009795,NA,1.0007952166504448,NA,1.0009691836637256,NA
9873146,88,l y g a s,5,-18.444893137077603,NA,-Inf,NA,-26.067538150583637,NA,1.3050485464253128,NA,1.3047771819509606,NA,1.0127422017772911,NA,1.0121847222339244,NA
9873146,73,g o ɟ y ʒ,5,-26.081748746789877,NA,-24.756749204677632,NA,-24.261882275036,NA,1.1234691196569762,NA,1.1235372562431791,NA,1.0013257973115228,NA,1.001472532342125,NA
9873146,15,d͡ʒ o ʒ o h,5,-22.097218579005993,NA,-25.099219589381008,NA,-24.904916978881896,NA,1.11821597789651,NA,1.118289134009679,NA,1.0007051178379167,NA,1.0008859248512416,NA
9873146,31,d ø ʒ u ʒ,5,-24.98943492896086,NA,-Inf,NA,-24.22776906482711,NA,1.1165991658515588,NA,1.116677401262255,NA,1.0026538128249567,NA,1.0027322776999663,NA
9873146,100,t ø ɾ a n,5,-15.737900612639798,NA,-14.053612751333944,NA,-14.0900146594381,NA,1.4983632288774549,NA,1.4977406461807206,NA,1.0585320936609162,NA,1.055335124686371,NA
9873146,68,ɫ o c y c,5,-23.77472516728996,NA,-Inf,NA,-29.95538503380819,NA,1.101649180915417,NA,1.1017552870760137,NA,1.0021777770233191,NA,1.0022805824390244,NA
9873146,27,l e k a ɾ,5,-15.017293036612118,NA,-19.407834498130676,NA,-19.044786274829686,NA,1.5080939526744883,NA,1.5074543029063974,NA,1.045194852222235,NA,1.0427811490211962,NA
9873146,3,h ø ʒ ɯ ʃ,5,-22.793233890627302,NA,-Inf,NA,-24.383373092781312,NA,1.1381678025861008,NA,1.13820094196689,NA,1.006410521744585,NA,1.0062326049478594,NA
9873146,93,z a c y c,5,-22.967338641377513,NA,-Inf,NA,-27.738112216193443,NA,1.30615402707163,NA,1.305906320725149,NA,1.004670156559676,NA,1.004641947160086,NA
9873146,24,n u c y j,5,-20.658545558102126,NA,-Inf,NA,-27.875256524586018,NA,1.1303835200334362,NA,1.1304329817238876,NA,1.0009000520491858,NA,1.001068684949295,NA
9873146,100,k u ɾ ɯ ɾ,5,-15.318955962420556,NA,-13.370493909747877,NA,-13.394216805421626,NA,1.4430374164697577,NA,1.4425219880350606,NA,1.0417068954004978,NA,1.0396145126083167,NA
9873146,18,v ø l y c,5,-24.69819952981217,NA,-Inf,NA,-34.22078322004938,NA,1.0738270837624526,NA,1.0739812033064169,NA,1.000065210303228,NA,1.0002790383147078,NA
9873146,62,b u ɟ ø ʒ,5,-26.42645995046814,NA,-Inf,NA,-24.718693605330763,NA,1.1344111048101857,NA,1.134462175918881,NA,1.0071497434921757,NA,1.006991934093099,NA
9873146,100,t͡ʃ o ɫ a ʒ,5,-19.424282256875884,NA,-18.005456232553836,NA,-18.13605719361724,NA,1.37194225034822,NA,1.3715644260384483,NA,1.027293545810697,NA,1.0260195746102412,NA
9873146,94,k ɯ ɾ ɯ ɾ,5,-15.10408899194573,NA,-12.806763517338286,NA,-12.830040671057915,NA,1.4320972084974872,NA,1.431600707758244,NA,1.049706303938969,NA,1.0471916891539033,NA
9873146,21,g ɯ ɟ y z,5,-23.285064406939977,NA,-21.353497172991236,NA,-20.799421774706857,NA,1.129558756841315,NA,1.1296104538368636,NA,1.0031897183162923,NA,1.003233960514907,NA
9873146,86,l y l e c,5,-22.712932987058565,NA,-Inf,NA,-32.3160745795191,NA,1.197065582611408,NA,1.1969989614223264,NA,1.0011971809784252,NA,1.0013454564534352,NA
9873146,29,k o k u ɾ,5,-15.81589881907191,NA,-14.164787591245988,NA,-14.189177293546392,NA,1.3561640083612907,NA,1.3558006156133138,NA,1.0309577781402457,NA,1.029465068337247,NA
9873146,86,t͡ʃ ø z e z,5,-19.754215062891827,NA,-16.895697183378992,NA,-16.939241023440918,NA,1.2120949070379754,NA,1.2119958615786497,NA,1.009437938030965,NA,1.0091286519340401,NA
9873146,30,ɫ a c i v,5,-18.573457430867325,NA,-Inf,NA,-26.542814999082395,NA,1.405256699256112,NA,1.4048253291152235,NA,1.004371680977657,NA,1.004344736513621,NA
9873146,27,ɟ y s y f,5,-22.96626912908152,NA,-23.65293144228456,NA,-23.26150177793404,NA,1.162474537561398,NA,1.1624701118447611,NA,1.007526105518591,NA,1.0073429378505647,NA
9873146,93,v ø l e j,5,-20.38341156188671,NA,-Inf,NA,-29.973439994045172,NA,1.1770011355390022,NA,1.1769622987891786,NA,1.0039778284969023,NA,1.0039467441646983,NA
9873146,25,h e ʒ o ʃ,5,-20.611692059199083,NA,-21.352021945146213,NA,-21.261716898107,NA,1.2591859769516531,NA,1.2590125489549313,NA,1.0061370897175157,NA,1.006025124082477,NA
9873146,84,c i t͡ʃ e f,5,-20.35455499473321,NA,-Inf,NA,-23.19101449988911,NA,1.2206632956388237,NA,1.2205511500064978,NA,1.0041193198207332,NA,1.0040987094266125,NA
9873146,28,n ɯ d͡ʒ ɯ ʒ,5,-20.35265516851573,NA,-Inf,NA,-23.177728006252813,NA,1.141386496349446,NA,1.1414208042131675,NA,1.0016727518916322,NA,1.0018002670345545,NA
9873146,79,k u k o n,5,-16.067983991564752,NA,-13.63563902211114,NA,-13.66252219216208,NA,1.3321316029835863,NA,1.331812746650162,NA,1.022135193672589,NA,1.0211308803551549,NA
9873146,89,l e l y c,5,-22.712932987058565,NA,-Inf,NA,-31.625008565162982,NA,1.2146465675396698,NA,1.214557046255178,NA,1.0031176468016472,NA,1.0031701069775885,NA
9873146,19,n u n u ɫ,5,-16.1837999949144,NA,-19.621241364005783,NA,-19.623919938160853,NA,1.262793973357144,NA,1.262597334354253,NA,1.0096134601254851,NA,1.0092804006803462,NA
9873146,84,ɟ i ɟ e c,5,-27.129968484650533,NA,-Inf,NA,-33.71720502403168,NA,1.193736127598374,NA,1.1936754056013783,NA,1.0007611186215082,NA,1.0009324466444522,NA
9873146,22,ɟ e ɟ y c,5,-28.30653894777932,NA,-Inf,NA,-33.570427837482214,NA,1.196423265039634,NA,1.1963654108494548,NA,1.000231209196349,NA,1.000436132364972,NA
9873146,29,n ɯ c e h,5,-19.392820783812937,NA,-Inf,NA,-28.037484047969727,NA,1.1958159292110446,NA,1.1957471731906515,NA,1.001629162737002,NA,1.0017483602739372,NA
9873146,81,l e l e h,5,-18.72169300477338,NA,-28.452981385838587,NA,-27.71152573039103,NA,1.3107126962643774,NA,1.31044502011368,NA,1.0043566425629775,NA,1.0043315471634189,NA
9873146,28,f y c ø v,5,-24.105639586157395,NA,-Inf,NA,-24.665973193548194,NA,1.1129298669413028,NA,1.1130142426187757,NA,1.0013678237866614,NA,1.0015130661860885,NA
9873146,90,b y t͡ʃ ɯ ʒ,5,-21.616844660036552,NA,-Inf,NA,-22.629276208594433,NA,1.2022894136775335,NA,1.2022183989320754,NA,1.0049370975420808,NA,1.00489232261725,NA
9873146,79,k a k o n,5,-14.50659106646786,NA,-12.17321902001452,NA,-12.197940719744937,NA,1.533550580453257,NA,1.532883248380266,NA,1.0716980709170678,NA,1.0680836932215294,NA
9873146,80,t i k ɯ ɾ,5,-14.54245432215599,NA,-13.212451852990958,NA,-13.233651743758994,NA,1.352332061924168,NA,1.3519743902412205,NA,1.0240330562526363,NA,1.0228729978485829,NA
9873146,23,b u ʒ a ʒ,5,-22.017309102851215,NA,-20.97270040380033,NA,-21.003650352513297,NA,1.323179462039307,NA,1.3228869771540068,NA,1.0084920033526763,NA,1.0082515552702562,NA
9873146,94,b u p o n,5,-18.090788535226785,NA,-14.871571711459897,NA,-14.898543975468526,NA,1.2534517142540844,NA,1.2532693351189497,NA,1.0146087672669268,NA,1.014002641902062,NA
9873146,86,b a b u z,5,-17.031411824215805,NA,-14.580740364522184,NA,-14.616442917521326,NA,1.4171372456831095,NA,1.4166893612568667,NA,1.0339474952511396,NA,1.0323546619528714,NA
9873146,19,h a ʒ o ʒ,5,-22.411292023981808,NA,-19.98257424570709,NA,-20.012146466153983,NA,1.3339144804373528,NA,1.3336186560682508,NA,1.0242965841159228,NA,1.023235860036801,NA
9873146,83,m a f ɯ ʒ,5,-19.123444916118363,NA,-Inf,NA,-20.272463690019514,NA,1.433901152468908,NA,1.4334293801112787,NA,1.028327685373242,NA,1.0270542242358425,NA
9873146,82,n y n y j,5,-17.387953451395102,NA,-22.84121056217028,NA,-22.81293712937672,NA,1.207963604453446,NA,1.2078780501278503,NA,1.0079609523814197,NA,1.0077547671760057,NA
9873146,16,ɟ y f e ʒ,5,-24.68382830227571,NA,-25.22823350958293,NA,-24.924911824073703,NA,1.197274626696634,NA,1.197207333245688,NA,1.005629742506169,NA,1.0055403867692694,NA
9873146,88,k ɯ ɾ e t,5,-14.34461899583014,NA,-12.379643812608151,NA,-12.401069233681326,NA,1.4574007718602364,NA,1.4568656707805725,NA,1.0575407260274738,NA,1.054575679739315,NA
9873146,60,g ɯ k o p,5,-18.396509345599615,NA,-15.155469592030345,NA,-15.199246251117556,NA,1.1896978651358043,NA,1.189645248846842,NA,1.0101186670128863,NA,1.0097904273217253,NA
9873146,76,m e ɾ u ɾ,5,-14.696942662362323,NA,-13.023558297137315,NA,-13.045322398545368,NA,1.5265589938664366,NA,1.5258999366294403,NA,1.061050686684545,NA,1.0579611009135987,NA
9873146,87,b a d͡ʒ ɯ z,5,-17.34515839292861,NA,-14.26280182945655,NA,-14.306332778850988,NA,1.4154917370834543,NA,1.4150459441905807,NA,1.0246087747061503,NA,1.023516791495323,NA
9873146,93,k ɯ ɾ ø ɾ,5,-16.815335788926927,NA,-15.47207327845282,NA,-15.47290521159459,NA,1.3818949177686708,NA,1.3814897925657066,NA,1.0336014287971542,NA,1.032037505843908,NA
9873146,18,b i ʒ i ʃ,5,-19.526656073717337,NA,-17.97370132018528,NA,-18.017836365125127,NA,1.2861479817833397,NA,1.285919656722362,NA,1.0177954456980225,NA,1.017025230789646,NA
9873146,85,t͡ʃ y f i c,5,-21.728960784187848,NA,-22.716786973512093,NA,-22.5853234924357,NA,1.2320360956439638,NA,1.2319083144749632,NA,1.006182387818063,NA,1.006063337860201,NA
9873146,95,b i j o p,5,-17.819792145237756,NA,-14.411741791563118,NA,-14.44982851725279,NA,1.2320675183451335,NA,1.231941850926206,NA,1.019116645133666,NA,1.018318051070536,NA
9873146,20,d͡ʒ o h ɯ ʒ,5,-21.695656866924992,NA,-Inf,NA,-27.095777081000016,NA,1.1667337478513735,NA,1.1667240129734051,NA,1.001314605615787,NA,1.0014626748261763,NA
9873146,77,t i k o n,5,-15.196101206729836,NA,-13.240996547523356,NA,-13.26604749315664,NA,1.31822773105001,NA,1.3179329037806882,NA,1.0146171328879905,NA,1.0140073512575454,NA
9873146,3,b o ʒ i n,5,-19.551581921206928,NA,-15.34865531235195,NA,-15.46250667001904,NA,1.3176726144950657,NA,1.3173711639403407,NA,1.0201904519518092,NA,1.019223006244508,NA
9873146,19,m y ɾ o n,5,-16.510128365915982,NA,-13.311535765675442,NA,-13.341581660625684,NA,1.4011942661317132,NA,1.400755060745874,NA,1.0445744785123534,NA,1.0423874508376312,NA
9873146,74,ɫ o m ɯ t,5,-16.10906876251265,NA,-20.463295386477544,NA,-20.459024896790748,NA,1.226354557914894,NA,1.2262249588685283,NA,1.0089687051569078,NA,1.008691414558396,NA
9873146,20,l i l y j,5,-19.970386134913596,NA,-Inf,NA,-29.06974718873675,NA,1.1481724014715176,NA,1.148190949754183,NA,1.0019943881319666,NA,1.002104960638429,NA
9873146,87,b u m e l,5,-17.814766387475487,NA,-15.347656861812922,NA,-15.39559611789573,NA,1.295187097363635,NA,1.2949473270829202,NA,1.01977328294233,NA,1.0189224624213549,NA
9873146,17,ɟ y ʒ o ʒ,5,-27.99523158888624,NA,-28.69284841696419,NA,-28.14090746152981,NA,1.095036025210162,NA,1.095153452809103,NA,1.000304646498913,NA,1.0005045476286198,NA
9873146,90,k a ɾ e t,5,-12.998093041208076,NA,-11.97346206217353,NA,-11.990829041411471,NA,1.6697599573021775,NA,1.6688574527874926,NA,1.110223784834866,NA,1.1044830661891687,NA
9873146,80,g ɯ ɾ a ʒ,5,-18.902722310983343,NA,-16.198481439042656,NA,-16.34403605221776,NA,1.419942412927112,NA,1.419480952598695,NA,1.0501716213082088,NA,1.0476633593333955,NA
9873146,12,b i h a ʒ,5,-18.744934240832112,NA,-16.24298849238163,NA,-16.385096205880032,NA,1.3733553453253655,NA,1.372975726405124,NA,1.0233784812990958,NA,1.0223335961608893,NA
9873146,29,g u g ɯ ʒ,5,-22.12764402414707,NA,-Inf,NA,-23.62799403133488,NA,1.1604076914316734,NA,1.1604091652027129,NA,1.002296865096124,NA,1.0023929390707258,NA
9873146,97,b e ɟ i ʒ,5,-22.954468016281908,NA,-24.634615074769357,NA,-24.189436304001077,NA,1.352371013895645,NA,1.3520350120491875,NA,1.0125225794453168,NA,1.012081798156116,NA
9873146,17,h i ʒ u ʒ,5,-22.897101816795516,NA,-22.812369904220137,NA,-22.719046165604528,NA,1.174823947299784,NA,1.1748014419634516,NA,1.005038918518121,NA,1.0049919529548976,NA
9873146,19,n ɯ t u j,5,-16.458023913936312,NA,-21.523380072352197,NA,-21.520724492736264,NA,1.2065410713885756,NA,1.2064562308023568,NA,1.0047893568512176,NA,1.0047454608812807,NA
9873146,90,ɟ e d͡ʒ ɯ ʃ,5,-21.882833802794956,NA,-Inf,NA,-23.003164237882388,NA,1.2591492701203255,NA,1.2589729296039585,NA,1.0107052213650367,NA,1.0102980225080054,NA
9873146,75,n ø n y j,5,-18.59665120544969,NA,-23.859590348601593,NA,-23.813870098081395,NA,1.1568370879889744,NA,1.1568399878441131,NA,1.0032243478372642,NA,1.0032682870588847,NA
9873146,16,l y g u j,5,-20.39121656784095,NA,-Inf,NA,-28.45058894678722,NA,1.147281360733707,NA,1.147299720778366,NA,1.0011865525645776,NA,1.0013362474692384,NA
9873146,62,ɫ o h o h,5,-18.44006945078326,NA,-24.54133724676997,NA,-24.433813499665337,NA,1.140881701067639,NA,1.140915313678908,NA,1.0026601201755148,NA,1.0027379316413156,NA
9873146,9,v ɯ m o ʒ,5,-20.866255525720582,NA,-21.52786979559882,NA,-21.609613266696552,NA,1.1433244251421313,NA,1.1433577818079883,NA,1.0025302512137306,NA,1.002610125753439,NA
9873146,69,n ɯ t i v,5,-16.232908095139347,NA,-21.96802980566556,NA,-21.957749241597252,NA,1.268821147095549,NA,1.2686250852060037,NA,1.0211694574491372,NA,1.0202141924744377,NA
9873146,14,ɟ ø j o ʒ,5,-26.49689488595845,NA,-Inf,NA,-23.932703542616142,NA,1.0852809248581945,NA,1.085414770218477,NA,1.0023189127998635,NA,1.002409614578854,NA
9873146,63,h a ʒ y z,5,-20.11715672705851,NA,-17.4716328950729,NA,-17.489616749544957,NA,1.3520981109642247,NA,1.3517647948669438,NA,1.0246878459352902,NA,1.0236026306218002,NA
9873146,22,f i b ɯ ʒ,5,-20.436961838794783,NA,-Inf,NA,-22.999633738347892,NA,1.1898218295863592,NA,1.1897722159469446,NA,1.0083986623139738,NA,1.0081722495289367,NA
9873146,84,l i v ø c,5,-23.521629066683385,NA,-Inf,NA,-33.078770632151944,NA,1.1258459326384591,NA,1.1259116896807664,NA,1.0021258039899703,NA,1.0022313327026664,NA
9873146,62,n u c y c,5,-23.59892773657295,NA,-Inf,NA,-30.1793505288519,NA,1.1106900084586075,NA,1.1107804796089662,NA,1.00076963144273,NA,1.0009464280876286,NA
9873146,29,n ø m ɯ j,5,-18.18724158107039,NA,-23.99488997807466,NA,-23.947971790620024,NA,1.1624899274009108,NA,1.1624806365353328,NA,1.0028689545306988,NA,1.002926864143793,NA
9873146,27,g o ɟ ø ʒ,5,-27.290446500844467,NA,-Inf,NA,-25.568532573095965,NA,1.1030121135597626,NA,1.1031174848991148,NA,1.001138393401175,NA,1.0012964338824402,NA
9873146,27,d͡ʒ o c e c,5,-23.67398203471596,NA,-Inf,NA,-30.529401402579964,NA,1.1916801758594504,NA,1.1916230071191674,NA,1.0012482052809664,NA,1.0013939567073278,NA
9873146,21,v e ɟ ø ʒ,5,-25.88724899922946,NA,-Inf,NA,-26.13349816640546,NA,1.1934115930661473,NA,1.1933605512070449,NA,1.0050916845666988,NA,1.0050420161949054,NA
9873146,25,f u c i c,5,-23.709298903113027,NA,-Inf,NA,-29.70602713063263,NA,1.206154311454209,NA,1.2060714855791586,NA,1.0011929509918631,NA,1.0013448826976608,NA
9873146,22,z a ɟ ø c,5,-25.29406676995731,NA,-Inf,NA,-27.908409897602446,NA,1.2841708027252068,NA,1.2839629886018915,NA,1.0048774852295213,NA,1.004838949859867,NA
9873372,82,b a b u z,5,-17.031411824215805,NA,-14.580740364522184,NA,-14.616442917521326,NA,1.4171372456831095,NA,1.4166893612568667,NA,1.0339474952511396,NA,1.0323546619528714,NA
9873372,28,n ɯ t u j,5,-16.458023913936312,NA,-21.523380072352197,NA,-21.520724492736264,NA,1.2065410713885756,NA,1.2064562308023568,NA,1.0047893568512176,NA,1.0047454608812807,NA
9873372,37,ɫ o h o h,5,-18.44006945078326,NA,-24.54133724676997,NA,-24.433813499665337,NA,1.140881701067639,NA,1.140915313678908,NA,1.0026601201755148,NA,1.0027379316413156,NA
9873372,37,ɟ y f e ʒ,5,-24.68382830227571,NA,-25.22823350958293,NA,-24.924911824073703,NA,1.197274626696634,NA,1.197207333245688,NA,1.005629742506169,NA,1.0055403867692694,NA
9873372,75,ɫ o m ɯ t,5,-16.10906876251265,NA,-20.463295386477544,NA,-20.459024896790748,NA,1.226354557914894,NA,1.2262249588685283,NA,1.0089687051569078,NA,1.008691414558396,NA
9873372,26,l y g ɯ h,5,-20.4998975830064,NA,-Inf,NA,-29.036115755256105,NA,1.149974565951282,NA,1.149989887931764,NA,1.00059203852765,NA,1.0007759709906086,NA
9873372,26,g o ɟ ø ʒ,5,-27.290446500844467,NA,-Inf,NA,-25.568532573095965,NA,1.1030121135597626,NA,1.1031174848991148,NA,1.001138393401175,NA,1.0012964338824402,NA
9873372,27,g o ɟ y ʒ,5,-26.081748746789877,NA,-24.756749204677632,NA,-24.261882275036,NA,1.1234691196569762,NA,1.1235372562431791,NA,1.0013257973115228,NA,1.001472532342125,NA
9873372,88,k a k o n,5,-14.50659106646786,NA,-12.17321902001452,NA,-12.197940719744937,NA,1.533550580453257,NA,1.532883248380266,NA,1.0716980709170678,NA,1.0680836932215294,NA
9873372,35,n ø m ɯ j,5,-18.18724158107039,NA,-23.99488997807466,NA,-23.947971790620024,NA,1.1624899274009108,NA,1.1624806365353328,NA,1.0028689545306988,NA,1.002926864143793,NA
9873372,42,v ø l e j,5,-20.38341156188671,NA,-Inf,NA,-29.973439994045172,NA,1.1770011355390022,NA,1.1769622987891786,NA,1.0039778284969023,NA,1.0039467441646983,NA
9873372,32,h a ʒ a ʒ,5,-20.66320435727874,NA,-18.991359167803843,NA,-19.22316769797684,NA,1.503268859604257,NA,1.502664785412429,NA,1.0253887052721251,NA,1.024260469695336,NA
9873372,29,l y g u j,5,-20.39121656784095,NA,-Inf,NA,-28.45058894678722,NA,1.147281360733707,NA,1.147299720778366,NA,1.0011865525645776,NA,1.0013362474692384,NA
9873372,29,b o ʒ i n,5,-19.551581921206928,NA,-15.34865531235195,NA,-15.46250667001904,NA,1.3176726144950657,NA,1.3173711639403407,NA,1.0201904519518092,NA,1.019223006244508,NA
9873372,80,f u c i c,5,-23.709298903113027,NA,-Inf,NA,-29.70602713063263,NA,1.206154311454209,NA,1.2060714855791586,NA,1.0011929509918631,NA,1.0013448826976608,NA
9873372,73,v ø l y c,5,-24.69819952981217,NA,-Inf,NA,-34.22078322004938,NA,1.0738270837624526,NA,1.0739812033064169,NA,1.000065210303228,NA,1.0002790383147078,NA
9873372,32,b u ɟ ø ʒ,5,-26.42645995046814,NA,-Inf,NA,-24.718693605330763,NA,1.1344111048101857,NA,1.134462175918881,NA,1.0071497434921757,NA,1.006991934093099,NA
9873372,88,k ɯ ɾ e t,5,-14.34461899583014,NA,-12.379643812608151,NA,-12.401069233681326,NA,1.4574007718602364,NA,1.4568656707805725,NA,1.0575407260274738,NA,1.054575679739315,NA
9873372,73,l e k a ɾ,5,-15.017293036612118,NA,-19.407834498130676,NA,-19.044786274829686,NA,1.5080939526744883,NA,1.5074543029063974,NA,1.045194852222235,NA,1.0427811490211962,NA
9873372,30,v ɯ m o ʒ,5,-20.866255525720582,NA,-21.52786979559882,NA,-21.609613266696552,NA,1.1433244251421313,NA,1.1433577818079883,NA,1.0025302512137306,NA,1.002610125753439,NA
9873372,65,n y n y j,5,-17.387953451395102,NA,-22.84121056217028,NA,-22.81293712937672,NA,1.207963604453446,NA,1.2078780501278503,NA,1.0079609523814197,NA,1.0077547671760057,NA
9873372,38,g ɯ ɟ y ʒ,5,-25.680187034708876,NA,-24.79307060996098,NA,-24.185039595714763,NA,1.112799708911742,NA,1.112886304686086,NA,1.002733246193697,NA,1.0028060614990746,NA
9873372,80,ɟ e ɟ y c,5,-28.30653894777932,NA,-Inf,NA,-33.570427837482214,NA,1.196423265039634,NA,1.1963654108494548,NA,1.000231209196349,NA,1.000436132364972,NA
9873372,53,b a d͡ʒ ɯ z,5,-17.34515839292861,NA,-14.26280182945655,NA,-14.306332778850988,NA,1.4154917370834543,NA,1.4150459441905807,NA,1.0246087747061503,NA,1.023516791495323,NA
9873372,28,b e ɟ i ʒ,5,-22.954468016281908,NA,-24.634615074769357,NA,-24.189436304001077,NA,1.352371013895645,NA,1.3520350120491875,NA,1.0125225794453168,NA,1.012081798156116,NA
9873372,85,d͡ʒ o c e c,5,-23.67398203471596,NA,-Inf,NA,-30.529401402579964,NA,1.1916801758594504,NA,1.1916230071191674,NA,1.0012482052809664,NA,1.0013939567073278,NA
9873372,33,d͡ʒ o h ɯ ʒ,5,-21.695656866924992,NA,-Inf,NA,-27.095777081000016,NA,1.1667337478513735,NA,1.1667240129734051,NA,1.001314605615787,NA,1.0014626748261763,NA
9873372,80,k o k u ɾ,5,-15.81589881907191,NA,-14.164787591245988,NA,-14.189177293546392,NA,1.3561640083612907,NA,1.3558006156133138,NA,1.0309577781402457,NA,1.029465068337247,NA
9873372,84,n u n u ɫ,5,-16.1837999949144,NA,-19.621241364005783,NA,-19.623919938160853,NA,1.262793973357144,NA,1.262597334354253,NA,1.0096134601254851,NA,1.0092804006803462,NA
9873372,27,ɟ y ʒ o ʒ,5,-27.99523158888624,NA,-28.69284841696419,NA,-28.14090746152981,NA,1.095036025210162,NA,1.095153452809103,NA,1.000304646498913,NA,1.0005045476286198,NA
9873372,85,k u ɾ ɯ ɾ,5,-15.318955962420556,NA,-13.370493909747877,NA,-13.394216805421626,NA,1.4430374164697577,NA,1.4425219880350606,NA,1.0417068954004978,NA,1.0396145126083167,NA
9873372,33,m a f ɯ ʒ,5,-19.123444916118363,NA,-Inf,NA,-20.272463690019514,NA,1.433901152468908,NA,1.4334293801112787,NA,1.028327685373242,NA,1.0270542242358425,NA
9873372,51,ɟ ø ɟ ø t͡ʃ,5,-29.830320053966172,NA,-Inf,NA,-28.770426831168702,NA,1.0317338743417712,NA,1.0319599892793068,NA,1.0000545077946146,NA,1.0002695361099974,NA
9873372,27,d ø ʒ u ʒ,5,-24.98943492896086,NA,-Inf,NA,-24.22776906482711,NA,1.1165991658515588,NA,1.116677401262255,NA,1.0026538128249567,NA,1.0027322776999663,NA
9873372,88,f y c ø v,5,-24.105639586157395,NA,-Inf,NA,-24.665973193548194,NA,1.1129298669413028,NA,1.1130142426187757,NA,1.0013678237866614,NA,1.0015130661860885,NA
9873372,86,b u m e l,5,-17.814766387475487,NA,-15.347656861812922,NA,-15.39559611789573,NA,1.295187097363635,NA,1.2949473270829202,NA,1.01977328294233,NA,1.0189224624213549,NA
9873372,82,c i t͡ʃ e f,5,-20.35455499473321,NA,-Inf,NA,-23.19101449988911,NA,1.2206632956388237,NA,1.2205511500064978,NA,1.0041193198207332,NA,1.0040987094266125,NA
9873372,83,t i k ɯ ɾ,5,-14.54245432215599,NA,-13.212451852990958,NA,-13.233651743758994,NA,1.352332061924168,NA,1.3519743902412205,NA,1.0240330562526363,NA,1.0228729978485829,NA
9873372,52,ɟ e d͡ʒ ɯ ʃ,5,-21.882833802794956,NA,-Inf,NA,-23.003164237882388,NA,1.2591492701203255,NA,1.2589729296039585,NA,1.0107052213650367,NA,1.0102980225080054,NA
9873372,52,ʃ o ʃ e ʒ,5,-20.72090935766442,NA,-22.109244486171928,NA,-22.17599288318765,NA,1.2201293152835069,NA,1.2200223876473202,NA,1.0053494657208828,NA,1.005275324117079,NA
9873372,38,l i l y j,5,-19.970386134913596,NA,-Inf,NA,-29.06974718873675,NA,1.1481724014715176,NA,1.148190949754183,NA,1.0019943881319666,NA,1.002104960638429,NA
9873372,87,ɫ o c y c,5,-23.77472516728996,NA,-Inf,NA,-29.95538503380819,NA,1.101649180915417,NA,1.1017552870760137,NA,1.0021777770233191,NA,1.0022805824390244,NA
9873372,64,k ɯ ɾ ɯ ɾ,5,-15.10408899194573,NA,-12.806763517338286,NA,-12.830040671057915,NA,1.4320972084974872,NA,1.431600707758244,NA,1.049706303938969,NA,1.0471916891539033,NA
9873372,34,d͡ʒ o ʒ o h,5,-22.097218579005993,NA,-25.099219589381008,NA,-24.904916978881896,NA,1.11821597789651,NA,1.118289134009679,NA,1.0007051178379167,NA,1.0008859248512416,NA
9873372,74,n ɯ c e h,5,-19.392820783812937,NA,-Inf,NA,-28.037484047969727,NA,1.1958159292110446,NA,1.1957471731906515,NA,1.001629162737002,NA,1.0017483602739372,NA
9873372,59,g ɯ ɟ y z,5,-23.285064406939977,NA,-21.353497172991236,NA,-20.799421774706857,NA,1.129558756841315,NA,1.1296104538368636,NA,1.0031897183162923,NA,1.003233960514907,NA
9873372,39,h i ʒ u ʒ,5,-22.897101816795516,NA,-22.812369904220137,NA,-22.719046165604528,NA,1.174823947299784,NA,1.1748014419634516,NA,1.005038918518121,NA,1.0049919529548976,NA
9873372,77,t i k o n,5,-15.196101206729836,NA,-13.240996547523356,NA,-13.26604749315664,NA,1.31822773105001,NA,1.3179329037806882,NA,1.0146171328879905,NA,1.0140073512575454,NA
9873372,52,b y t͡ʃ ɯ ʒ,5,-21.616844660036552,NA,-Inf,NA,-22.629276208594433,NA,1.2022894136775335,NA,1.2022183989320754,NA,1.0049370975420808,NA,1.00489232261725,NA
9873372,80,m e ɾ ɯ ɾ,5,-14.482075691887497,NA,-12.618518906214195,NA,-12.639743620026252,NA,1.5363601221358536,NA,1.535683225407098,NA,1.0643340657695692,NA,1.061047884258652,NA
9873372,41,d ø z i ʒ,5,-21.70542391051496,NA,-19.545489240999224,NA,-19.60431392431074,NA,1.2249679545138032,NA,1.2248519373951183,NA,1.009262247629164,NA,1.008979216459775,NA
9873372,51,t͡ʃ o ɫ a ʒ,5,-19.424282256875884,NA,-18.005456232553836,NA,-18.13605719361724,NA,1.37194225034822,NA,1.3715644260384483,NA,1.027293545810697,NA,1.0260195746102412,NA
9873372,31,ɟ e ʒ o ʒ,5,-26.6208257994316,NA,-Inf,NA,-28.771466371087545,NA,1.1960975503401443,NA,1.196040131009795,NA,1.0007952166504448,NA,1.0009691836637256,NA
9873372,88,z a c y c,5,-22.967338641377513,NA,-Inf,NA,-27.738112216193443,NA,1.30615402707163,NA,1.305906320725149,NA,1.004670156559676,NA,1.004641947160086,NA
9873372,79,l i v ø c,5,-23.521629066683385,NA,-Inf,NA,-33.078770632151944,NA,1.1258459326384591,NA,1.1259116896807664,NA,1.0021258039899703,NA,1.0022313327026664,NA
9873372,30,v e ɟ ø ʒ,5,-25.88724899922946,NA,-Inf,NA,-26.13349816640546,NA,1.1934115930661473,NA,1.1933605512070449,NA,1.0050916845666988,NA,1.0050420161949054,NA
9873372,78,ɟ e ɟ e c,5,-26.93213315832468,NA,-Inf,NA,-34.31977028302991,NA,1.279903805241355,NA,1.279694004217295,NA,1.0007611186215082,NA,1.0009324466444522,NA
9873372,39,h e ʒ o ʃ,5,-20.611692059199083,NA,-21.352021945146213,NA,-21.261716898107,NA,1.2591859769516531,NA,1.2590125489549313,NA,1.0061370897175157,NA,1.006025124082477,NA
9873372,82,ɟ i ɟ e c,5,-27.129968484650533,NA,-Inf,NA,-33.71720502403168,NA,1.193736127598374,NA,1.1936754056013783,NA,1.0007611186215082,NA,1.0009324466444522,NA
9873372,76,k a ɾ e t,5,-12.998093041208076,NA,-11.97346206217353,NA,-11.990829041411471,NA,1.6697599573021775,NA,1.6688574527874926,NA,1.110223784834866,NA,1.1044830661891687,NA
9873372,54,t ø ɾ a n,5,-15.737900612639798,NA,-14.053612751333944,NA,-14.0900146594381,NA,1.4983632288774549,NA,1.4977406461807206,NA,1.0585320936609162,NA,1.055335124686371,NA
9873372,77,n u c y c,5,-23.59892773657295,NA,-Inf,NA,-30.1793505288519,NA,1.1106900084586075,NA,1.1107804796089662,NA,1.00076963144273,NA,1.0009464280876286,NA
9873372,35,g ɯ ɾ a ʒ,5,-18.902722310983343,NA,-16.198481439042656,NA,-16.34403605221776,NA,1.419942412927112,NA,1.419480952598695,NA,1.0501716213082088,NA,1.0476633593333955,NA
9873372,55,h a ʒ y z,5,-20.11715672705851,NA,-17.4716328950729,NA,-17.489616749544957,NA,1.3520981109642247,NA,1.3517647948669438,NA,1.0246878459352902,NA,1.0236026306218002,NA
9873372,85,b u p o n,5,-18.090788535226785,NA,-14.871571711459897,NA,-14.898543975468526,NA,1.2534517142540844,NA,1.2532693351189497,NA,1.0146087672669268,NA,1.014002641902062,NA
9873372,55,n i v y j,5,-17.493047560834334,NA,-22.47616192556484,NA,-22.44275508862507,NA,1.18050489552488,NA,1.1804673180900334,NA,1.0055738254825757,NA,1.0054960636982748,NA
9873372,31,n ɯ d͡ʒ ɯ ʒ,5,-20.35265516851573,NA,-Inf,NA,-23.177728006252813,NA,1.141386496349446,NA,1.1414208042131675,NA,1.0016727518916322,NA,1.0018002670345545,NA
9873372,77,l e l e h,5,-18.72169300477338,NA,-28.452981385838587,NA,-27.71152573039103,NA,1.3107126962643774,NA,1.31044502011368,NA,1.0043566425629775,NA,1.0043315471634189,NA
9873372,82,m e ɾ u ɾ,5,-14.696942662362323,NA,-13.023558297137315,NA,-13.045322398545368,NA,1.5265589938664366,NA,1.5258999366294403,NA,1.061050686684545,NA,1.0579611009135987,NA
9873372,81,l y l e c,5,-22.712932987058565,NA,-Inf,NA,-32.3160745795191,NA,1.197065582611408,NA,1.1969989614223264,NA,1.0011971809784252,NA,1.0013454564534352,NA
9873372,34,b i h a ʒ,5,-18.744934240832112,NA,-16.24298849238163,NA,-16.385096205880032,NA,1.3733553453253655,NA,1.372975726405124,NA,1.0233784812990958,NA,1.0223335961608893,NA
9873372,33,g u g ɯ ʒ,5,-22.12764402414707,NA,-Inf,NA,-23.62799403133488,NA,1.1604076914316734,NA,1.1604091652027129,NA,1.002296865096124,NA,1.0023929390707258,NA
9873372,84,k u k o n,5,-16.067983991564752,NA,-13.63563902211114,NA,-13.66252219216208,NA,1.3321316029835863,NA,1.331812746650162,NA,1.022135193672589,NA,1.0211308803551549,NA
9873372,33,h a ʒ o ʒ,5,-22.411292023981808,NA,-19.98257424570709,NA,-20.012146466153983,NA,1.3339144804373528,NA,1.3336186560682508,NA,1.0242965841159228,NA,1.023235860036801,NA
9873372,74,n ɯ t i v,5,-16.232908095139347,NA,-21.96802980566556,NA,-21.957749241597252,NA,1.268821147095549,NA,1.2686250852060037,NA,1.0211694574491372,NA,1.0202141924744377,NA
9873372,60,z a ɟ ø c,5,-25.29406676995731,NA,-Inf,NA,-27.908409897602446,NA,1.2841708027252068,NA,1.2839629886018915,NA,1.0048774852295213,NA,1.004838949859867,NA
9873372,70,b i j o p,5,-17.819792145237756,NA,-14.411741791563118,NA,-14.44982851725279,NA,1.2320675183451335,NA,1.231941850926206,NA,1.019116645133666,NA,1.018318051070536,NA
9873372,36,g u ɟ e ʒ,5,-24.520648215729064,NA,-Inf,NA,-25.12589588220793,NA,1.2072204570857334,NA,1.2071361783307428,NA,1.0015072051556937,NA,1.0016432622663496,NA
9873372,31,b u ʒ a ʒ,5,-22.017309102851215,NA,-20.97270040380033,NA,-21.003650352513297,NA,1.323179462039307,NA,1.3228869771540068,NA,1.0084920033526763,NA,1.0082515552702562,NA
9873372,64,l y g a s,5,-18.444893137077603,NA,-Inf,NA,-26.067538150583637,NA,1.3050485464253128,NA,1.3047771819509606,NA,1.0127422017772911,NA,1.0121847222339244,NA
9873372,30,b i ʒ i ʃ,5,-19.526656073717337,NA,-17.97370132018528,NA,-18.017836365125127,NA,1.2861479817833397,NA,1.285919656722362,NA,1.0177954456980225,NA,1.017025230789646,NA
9873372,53,t͡ʃ y f i c,5,-21.728960784187848,NA,-22.716786973512093,NA,-22.5853234924357,NA,1.2320360956439638,NA,1.2319083144749632,NA,1.006182387818063,NA,1.006063337860201,NA
9873372,36,v ø d͡ʒ o h,5,-21.363641778803853,NA,-Inf,NA,-28.344098104475098,NA,1.0848245663042964,NA,1.0849553554942497,NA,1.0002254577062906,NA,1.0004310609040532,NA
9873372,80,g ɯ k o p,5,-18.396509345599615,NA,-15.155469592030345,NA,-15.199246251117556,NA,1.1896978651358043,NA,1.189645248846842,NA,1.0101186670128863,NA,1.0097904273217253,NA
9873372,53,t͡ʃ ø z e z,5,-19.754215062891827,NA,-16.895697183378992,NA,-16.939241023440918,NA,1.2120949070379754,NA,1.2119958615786497,NA,1.009437938030965,NA,1.0091286519340401,NA
9873372,76,z a ɟ e c,5,-22.710963226448087,NA,-Inf,NA,-26.8402764213242,NA,1.3881083490241413,NA,1.3877113533137964,NA,1.0055295882618005,NA,1.005450234168199,NA
9873372,35,ɟ ø j o ʒ,5,-26.49689488595845,NA,-Inf,NA,-23.932703542616142,NA,1.0852809248581945,NA,1.085414770218477,NA,1.0023189127998635,NA,1.002409614578854,NA
9873372,66,n u c y j,5,-20.658545558102126,NA,-Inf,NA,-27.875256524586018,NA,1.1303835200334362,NA,1.1304329817238876,NA,1.0009000520491858,NA,1.001068684949295,NA
9873372,70,l e l y c,5,-22.712932987058565,NA,-Inf,NA,-31.625008565162982,NA,1.2146465675396698,NA,1.214557046255178,NA,1.0031176468016472,NA,1.0031701069775885,NA
9873372,64,k ɯ ɾ ø ɾ,5,-16.815335788926927,NA,-15.47207327845282,NA,-15.47290521159459,NA,1.3818949177686708,NA,1.3814897925657066,NA,1.0336014287971542,NA,1.032037505843908,NA
9873372,80,ɟ y s y f,5,-22.96626912908152,NA,-23.65293144228456,NA,-23.26150177793404,NA,1.162474537561398,NA,1.1624701118447611,NA,1.007526105518591,NA,1.0073429378505647,NA
9873372,29,f i b ɯ ʒ,5,-20.436961838794783,NA,-Inf,NA,-22.999633738347892,NA,1.1898218295863592,NA,1.1897722159469446,NA,1.0083986623139738,NA,1.0081722495289367,NA
9873372,84,ɫ a c i v,5,-18.573457430867325,NA,-Inf,NA,-26.542814999082395,NA,1.405256699256112,NA,1.4048253291152235,NA,1.004371680977657,NA,1.004344736513621,NA
9873372,26,h ø ʒ ɯ ʃ,5,-22.793233890627302,NA,-Inf,NA,-24.383373092781312,NA,1.1381678025861008,NA,1.13820094196689,NA,1.006410521744585,NA,1.0062326049478594,NA
9873372,65,n ø n y j,5,-18.59665120544969,NA,-23.859590348601593,NA,-23.813870098081395,NA,1.1568370879889744,NA,1.1568399878441131,NA,1.0032243478372642,NA,1.0032682870588847,NA
9873372,67,m y ɾ o n,5,-16.510128365915982,NA,-13.311535765675442,NA,-13.341581660625684,NA,1.4011942661317132,NA,1.400755060745874,NA,1.0445744785123534,NA,1.0423874508376312,NA
9877015,10,n ɯ d͡ʒ ɯ ʒ,5,-20.35265516851573,NA,-Inf,NA,-23.177728006252813,NA,1.141386496349446,NA,1.1414208042131675,NA,1.0016727518916322,NA,1.0018002670345545,NA
9877015,37,t͡ʃ o ɫ a ʒ,5,-19.424282256875884,NA,-18.005456232553836,NA,-18.13605719361724,NA,1.37194225034822,NA,1.3715644260384483,NA,1.027293545810697,NA,1.0260195746102412,NA
9877015,64,l e k a ɾ,5,-15.017293036612118,NA,-19.407834498130676,NA,-19.044786274829686,NA,1.5080939526744883,NA,1.5074543029063974,NA,1.045194852222235,NA,1.0427811490211962,NA
9877015,28,k ɯ ɾ ø ɾ,5,-16.815335788926927,NA,-15.47207327845282,NA,-15.47290521159459,NA,1.3818949177686708,NA,1.3814897925657066,NA,1.0336014287971542,NA,1.032037505843908,NA
9877015,1,ɟ ø j o ʒ,5,-26.49689488595845,NA,-Inf,NA,-23.932703542616142,NA,1.0852809248581945,NA,1.085414770218477,NA,1.0023189127998635,NA,1.002409614578854,NA
9877015,0,n i v y j,5,-17.493047560834334,NA,-22.47616192556484,NA,-22.44275508862507,NA,1.18050489552488,NA,1.1804673180900334,NA,1.0055738254825757,NA,1.0054960636982748,NA
9877015,20,m y ɾ o n,5,-16.510128365915982,NA,-13.311535765675442,NA,-13.341581660625684,NA,1.4011942661317132,NA,1.400755060745874,NA,1.0445744785123534,NA,1.0423874508376312,NA
9877015,33,d͡ʒ o c e c,5,-23.67398203471596,NA,-Inf,NA,-30.529401402579964,NA,1.1916801758594504,NA,1.1916230071191674,NA,1.0012482052809664,NA,1.0013939567073278,NA
9877015,35,ɫ o h o h,5,-18.44006945078326,NA,-24.54133724676997,NA,-24.433813499665337,NA,1.140881701067639,NA,1.140915313678908,NA,1.0026601201755148,NA,1.0027379316413156,NA
9877015,31,ɟ y ʒ o ʒ,5,-27.99523158888624,NA,-28.69284841696419,NA,-28.14090746152981,NA,1.095036025210162,NA,1.095153452809103,NA,1.000304646498913,NA,1.0005045476286198,NA
9877015,6,b o ʒ i n,5,-19.551581921206928,NA,-15.34865531235195,NA,-15.46250667001904,NA,1.3176726144950657,NA,1.3173711639403407,NA,1.0201904519518092,NA,1.019223006244508,NA
9877015,66,b u ɟ ø ʒ,5,-26.42645995046814,NA,-Inf,NA,-24.718693605330763,NA,1.1344111048101857,NA,1.134462175918881,NA,1.0071497434921757,NA,1.006991934093099,NA
9877015,21,f u c i c,5,-23.709298903113027,NA,-Inf,NA,-29.70602713063263,NA,1.206154311454209,NA,1.2060714855791586,NA,1.0011929509918631,NA,1.0013448826976608,NA
9877015,30,v ø l y c,5,-24.69819952981217,NA,-Inf,NA,-34.22078322004938,NA,1.0738270837624526,NA,1.0739812033064169,NA,1.000065210303228,NA,1.0002790383147078,NA
9877015,78,k a k o n,5,-14.50659106646786,NA,-12.17321902001452,NA,-12.197940719744937,NA,1.533550580453257,NA,1.532883248380266,NA,1.0716980709170678,NA,1.0680836932215294,NA
9877015,64,g ɯ ɾ a ʒ,5,-18.902722310983343,NA,-16.198481439042656,NA,-16.34403605221776,NA,1.419942412927112,NA,1.419480952598695,NA,1.0501716213082088,NA,1.0476633593333955,NA
9877015,68,b u m e l,5,-17.814766387475487,NA,-15.347656861812922,NA,-15.39559611789573,NA,1.295187097363635,NA,1.2949473270829202,NA,1.01977328294233,NA,1.0189224624213549,NA
9877015,42,n ɯ t i v,5,-16.232908095139347,NA,-21.96802980566556,NA,-21.957749241597252,NA,1.268821147095549,NA,1.2686250852060037,NA,1.0211694574491372,NA,1.0202141924744377,NA
9877015,40,n ɯ c e h,5,-19.392820783812937,NA,-Inf,NA,-28.037484047969727,NA,1.1958159292110446,NA,1.1957471731906515,NA,1.001629162737002,NA,1.0017483602739372,NA
9877015,40,g ɯ ɟ y z,5,-23.285064406939977,NA,-21.353497172991236,NA,-20.799421774706857,NA,1.129558756841315,NA,1.1296104538368636,NA,1.0031897183162923,NA,1.003233960514907,NA
9877015,30,g u g ɯ ʒ,5,-22.12764402414707,NA,-Inf,NA,-23.62799403133488,NA,1.1604076914316734,NA,1.1604091652027129,NA,1.002296865096124,NA,1.0023929390707258,NA
9877015,65,t͡ʃ ø z e z,5,-19.754215062891827,NA,-16.895697183378992,NA,-16.939241023440918,NA,1.2120949070379754,NA,1.2119958615786497,NA,1.009437938030965,NA,1.0091286519340401,NA
9877015,34,b y t͡ʃ ɯ ʒ,5,-21.616844660036552,NA,-Inf,NA,-22.629276208594433,NA,1.2022894136775335,NA,1.2022183989320754,NA,1.0049370975420808,NA,1.00489232261725,NA
9877015,20,v ɯ m o ʒ,5,-20.866255525720582,NA,-21.52786979559882,NA,-21.609613266696552,NA,1.1433244251421313,NA,1.1433577818079883,NA,1.0025302512137306,NA,1.002610125753439,NA
9877015,32,g o ɟ ø ʒ,5,-27.290446500844467,NA,-Inf,NA,-25.568532573095965,NA,1.1030121135597626,NA,1.1031174848991148,NA,1.001138393401175,NA,1.0012964338824402,NA
9877015,31,h a ʒ y z,5,-20.11715672705851,NA,-17.4716328950729,NA,-17.489616749544957,NA,1.3520981109642247,NA,1.3517647948669438,NA,1.0246878459352902,NA,1.0236026306218002,NA
9877015,91,l y l e c,5,-22.712932987058565,NA,-Inf,NA,-32.3160745795191,NA,1.197065582611408,NA,1.1969989614223264,NA,1.0011971809784252,NA,1.0013454564534352,NA
9877015,29,h a ʒ a ʒ,5,-20.66320435727874,NA,-18.991359167803843,NA,-19.22316769797684,NA,1.503268859604257,NA,1.502664785412429,NA,1.0253887052721251,NA,1.024260469695336,NA
9877015,31,g u ɟ e ʒ,5,-24.520648215729064,NA,-Inf,NA,-25.12589588220793,NA,1.2072204570857334,NA,1.2071361783307428,NA,1.0015072051556937,NA,1.0016432622663496,NA
9877015,22,h a ʒ o ʒ,5,-22.411292023981808,NA,-19.98257424570709,NA,-20.012146466153983,NA,1.3339144804373528,NA,1.3336186560682508,NA,1.0242965841159228,NA,1.023235860036801,NA
9877015,16,n ø m ɯ j,5,-18.18724158107039,NA,-23.99488997807466,NA,-23.947971790620024,NA,1.1624899274009108,NA,1.1624806365353328,NA,1.0028689545306988,NA,1.002926864143793,NA
9877015,12,ɫ o m ɯ t,5,-16.10906876251265,NA,-20.463295386477544,NA,-20.459024896790748,NA,1.226354557914894,NA,1.2262249588685283,NA,1.0089687051569078,NA,1.008691414558396,NA
9877015,62,ɟ e ɟ y c,5,-28.30653894777932,NA,-Inf,NA,-33.570427837482214,NA,1.196423265039634,NA,1.1963654108494548,NA,1.000231209196349,NA,1.000436132364972,NA
9877015,63,k ɯ ɾ e t,5,-14.34461899583014,NA,-12.379643812608151,NA,-12.401069233681326,NA,1.4574007718602364,NA,1.4568656707805725,NA,1.0575407260274738,NA,1.054575679739315,NA
9877015,34,ɟ i ɟ e c,5,-27.129968484650533,NA,-Inf,NA,-33.71720502403168,NA,1.193736127598374,NA,1.1936754056013783,NA,1.0007611186215082,NA,1.0009324466444522,NA
9877015,35,v ø d͡ʒ o h,5,-21.363641778803853,NA,-Inf,NA,-28.344098104475098,NA,1.0848245663042964,NA,1.0849553554942497,NA,1.0002254577062906,NA,1.0004310609040532,NA
9877015,25,b i h a ʒ,5,-18.744934240832112,NA,-16.24298849238163,NA,-16.385096205880032,NA,1.3733553453253655,NA,1.372975726405124,NA,1.0233784812990958,NA,1.0223335961608893,NA
9877015,72,b a d͡ʒ ɯ z,5,-17.34515839292861,NA,-14.26280182945655,NA,-14.306332778850988,NA,1.4154917370834543,NA,1.4150459441905807,NA,1.0246087747061503,NA,1.023516791495323,NA
9877015,94,k ɯ ɾ ɯ ɾ,5,-15.10408899194573,NA,-12.806763517338286,NA,-12.830040671057915,NA,1.4320972084974872,NA,1.431600707758244,NA,1.049706303938969,NA,1.0471916891539033,NA
9877015,89,ɟ y s y f,5,-22.96626912908152,NA,-23.65293144228456,NA,-23.26150177793404,NA,1.162474537561398,NA,1.1624701118447611,NA,1.007526105518591,NA,1.0073429378505647,NA
9877015,33,k o k u ɾ,5,-15.81589881907191,NA,-14.164787591245988,NA,-14.189177293546392,NA,1.3561640083612907,NA,1.3558006156133138,NA,1.0309577781402457,NA,1.029465068337247,NA
9877015,38,k u k o n,5,-16.067983991564752,NA,-13.63563902211114,NA,-13.66252219216208,NA,1.3321316029835863,NA,1.331812746650162,NA,1.022135193672589,NA,1.0211308803551549,NA
9877015,38,m e ɾ u ɾ,5,-14.696942662362323,NA,-13.023558297137315,NA,-13.045322398545368,NA,1.5265589938664366,NA,1.5258999366294403,NA,1.061050686684545,NA,1.0579611009135987,NA
9877015,38,ʃ o ʃ e ʒ,5,-20.72090935766442,NA,-22.109244486171928,NA,-22.17599288318765,NA,1.2201293152835069,NA,1.2200223876473202,NA,1.0053494657208828,NA,1.005275324117079,NA
9877015,33,l y g ɯ h,5,-20.4998975830064,NA,-Inf,NA,-29.036115755256105,NA,1.149974565951282,NA,1.149989887931764,NA,1.00059203852765,NA,1.0007759709906086,NA
9877015,77,ɟ e d͡ʒ ɯ ʃ,5,-21.882833802794956,NA,-Inf,NA,-23.003164237882388,NA,1.2591492701203255,NA,1.2589729296039585,NA,1.0107052213650367,NA,1.0102980225080054,NA
9877015,71,c i t͡ʃ e f,5,-20.35455499473321,NA,-Inf,NA,-23.19101449988911,NA,1.2206632956388237,NA,1.2205511500064978,NA,1.0041193198207332,NA,1.0040987094266125,NA
9877015,38,d͡ʒ o h ɯ ʒ,5,-21.695656866924992,NA,-Inf,NA,-27.095777081000016,NA,1.1667337478513735,NA,1.1667240129734051,NA,1.001314605615787,NA,1.0014626748261763,NA
9877015,34,k u ɾ ɯ ɾ,5,-15.318955962420556,NA,-13.370493909747877,NA,-13.394216805421626,NA,1.4430374164697577,NA,1.4425219880350606,NA,1.0417068954004978,NA,1.0396145126083167,NA
9877015,40,g ɯ k o p,5,-18.396509345599615,NA,-15.155469592030345,NA,-15.199246251117556,NA,1.1896978651358043,NA,1.189645248846842,NA,1.0101186670128863,NA,1.0097904273217253,NA
9877015,33,h ø ʒ ɯ ʃ,5,-22.793233890627302,NA,-Inf,NA,-24.383373092781312,NA,1.1381678025861008,NA,1.13820094196689,NA,1.006410521744585,NA,1.0062326049478594,NA
9877015,38,t i k o n,5,-15.196101206729836,NA,-13.240996547523356,NA,-13.26604749315664,NA,1.31822773105001,NA,1.3179329037806882,NA,1.0146171328879905,NA,1.0140073512575454,NA
9877015,19,b e ɟ i ʒ,5,-22.954468016281908,NA,-24.634615074769357,NA,-24.189436304001077,NA,1.352371013895645,NA,1.3520350120491875,NA,1.0125225794453168,NA,1.012081798156116,NA
9877015,32,ɟ ø ɟ ø t͡ʃ,5,-29.830320053966172,NA,-Inf,NA,-28.770426831168702,NA,1.0317338743417712,NA,1.0319599892793068,NA,1.0000545077946146,NA,1.0002695361099974,NA
9877015,30,b u ʒ a ʒ,5,-22.017309102851215,NA,-20.97270040380033,NA,-21.003650352513297,NA,1.323179462039307,NA,1.3228869771540068,NA,1.0084920033526763,NA,1.0082515552702562,NA
9877015,31,d͡ʒ o ʒ o h,5,-22.097218579005993,NA,-25.099219589381008,NA,-24.904916978881896,NA,1.11821597789651,NA,1.118289134009679,NA,1.0007051178379167,NA,1.0008859248512416,NA
9877015,17,m a f ɯ ʒ,5,-19.123444916118363,NA,-Inf,NA,-20.272463690019514,NA,1.433901152468908,NA,1.4334293801112787,NA,1.028327685373242,NA,1.0270542242358425,NA
9877015,36,h e ʒ o ʃ,5,-20.611692059199083,NA,-21.352021945146213,NA,-21.261716898107,NA,1.2591859769516531,NA,1.2590125489549313,NA,1.0061370897175157,NA,1.006025124082477,NA
9877015,17,g ɯ ɟ y ʒ,5,-25.680187034708876,NA,-24.79307060996098,NA,-24.185039595714763,NA,1.112799708911742,NA,1.112886304686086,NA,1.002733246193697,NA,1.0028060614990746,NA
9877015,24,d ø z i ʒ,5,-21.70542391051496,NA,-19.545489240999224,NA,-19.60431392431074,NA,1.2249679545138032,NA,1.2248519373951183,NA,1.009262247629164,NA,1.008979216459775,NA
9877015,42,l i v ø c,5,-23.521629066683385,NA,-Inf,NA,-33.078770632151944,NA,1.1258459326384591,NA,1.1259116896807664,NA,1.0021258039899703,NA,1.0022313327026664,NA
9877015,79,k a ɾ e t,5,-12.998093041208076,NA,-11.97346206217353,NA,-11.990829041411471,NA,1.6697599573021775,NA,1.6688574527874926,NA,1.110223784834866,NA,1.1044830661891687,NA
9877015,44,h i ʒ u ʒ,5,-22.897101816795516,NA,-22.812369904220137,NA,-22.719046165604528,NA,1.174823947299784,NA,1.1748014419634516,NA,1.005038918518121,NA,1.0049919529548976,NA
9877015,28,f y c ø v,5,-24.105639586157395,NA,-Inf,NA,-24.665973193548194,NA,1.1129298669413028,NA,1.1130142426187757,NA,1.0013678237866614,NA,1.0015130661860885,NA
9877015,83,t ø ɾ a n,5,-15.737900612639798,NA,-14.053612751333944,NA,-14.0900146594381,NA,1.4983632288774549,NA,1.4977406461807206,NA,1.0585320936609162,NA,1.055335124686371,NA
9877015,64,l e l y c,5,-22.712932987058565,NA,-Inf,NA,-31.625008565162982,NA,1.2146465675396698,NA,1.214557046255178,NA,1.0031176468016472,NA,1.0031701069775885,NA
9877015,30,n ɯ t u j,5,-16.458023913936312,NA,-21.523380072352197,NA,-21.520724492736264,NA,1.2065410713885756,NA,1.2064562308023568,NA,1.0047893568512176,NA,1.0047454608812807,NA
9877015,30,ɟ e ɟ e c,5,-26.93213315832468,NA,-Inf,NA,-34.31977028302991,NA,1.279903805241355,NA,1.279694004217295,NA,1.0007611186215082,NA,1.0009324466444522,NA
9877015,27,n ø n y j,5,-18.59665120544969,NA,-23.859590348601593,NA,-23.813870098081395,NA,1.1568370879889744,NA,1.1568399878441131,NA,1.0032243478372642,NA,1.0032682870588847,NA
9877015,18,z a ɟ e c,5,-22.710963226448087,NA,-Inf,NA,-26.8402764213242,NA,1.3881083490241413,NA,1.3877113533137964,NA,1.0055295882618005,NA,1.005450234168199,NA
9877015,22,b u p o n,5,-18.090788535226785,NA,-14.871571711459897,NA,-14.898543975468526,NA,1.2534517142540844,NA,1.2532693351189497,NA,1.0146087672669268,NA,1.014002641902062,NA
9877015,41,n u c y c,5,-23.59892773657295,NA,-Inf,NA,-30.1793505288519,NA,1.1106900084586075,NA,1.1107804796089662,NA,1.00076963144273,NA,1.0009464280876286,NA
9877015,29,z a c y c,5,-22.967338641377513,NA,-Inf,NA,-27.738112216193443,NA,1.30615402707163,NA,1.305906320725149,NA,1.004670156559676,NA,1.004641947160086,NA
9877015,38,v ø l e j,5,-20.38341156188671,NA,-Inf,NA,-29.973439994045172,NA,1.1770011355390022,NA,1.1769622987891786,NA,1.0039778284969023,NA,1.0039467441646983,NA
9877015,39,z a ɟ ø c,5,-25.29406676995731,NA,-Inf,NA,-27.908409897602446,NA,1.2841708027252068,NA,1.2839629886018915,NA,1.0048774852295213,NA,1.004838949859867,NA
9877015,37,m e ɾ ɯ ɾ,5,-14.482075691887497,NA,-12.618518906214195,NA,-12.639743620026252,NA,1.5363601221358536,NA,1.535683225407098,NA,1.0643340657695692,NA,1.061047884258652,NA
9877015,30,v e ɟ ø ʒ,5,-25.88724899922946,NA,-Inf,NA,-26.13349816640546,NA,1.1934115930661473,NA,1.1933605512070449,NA,1.0050916845666988,NA,1.0050420161949054,NA
9877015,24,d ø ʒ u ʒ,5,-24.98943492896086,NA,-Inf,NA,-24.22776906482711,NA,1.1165991658515588,NA,1.116677401262255,NA,1.0026538128249567,NA,1.0027322776999663,NA
9877015,19,t i k ɯ ɾ,5,-14.54245432215599,NA,-13.212451852990958,NA,-13.233651743758994,NA,1.352332061924168,NA,1.3519743902412205,NA,1.0240330562526363,NA,1.0228729978485829,NA
9877015,18,ɫ a c i v,5,-18.573457430867325,NA,-Inf,NA,-26.542814999082395,NA,1.405256699256112,NA,1.4048253291152235,NA,1.004371680977657,NA,1.004344736513621,NA
9877015,32,n u n u ɫ,5,-16.1837999949144,NA,-19.621241364005783,NA,-19.623919938160853,NA,1.262793973357144,NA,1.262597334354253,NA,1.0096134601254851,NA,1.0092804006803462,NA
9877015,34,ɟ e ʒ o ʒ,5,-26.6208257994316,NA,-Inf,NA,-28.771466371087545,NA,1.1960975503401443,NA,1.196040131009795,NA,1.0007952166504448,NA,1.0009691836637256,NA
9877015,41,l i l y j,5,-19.970386134913596,NA,-Inf,NA,-29.06974718873675,NA,1.1481724014715176,NA,1.148190949754183,NA,1.0019943881319666,NA,1.002104960638429,NA
9877015,28,t͡ʃ y f i c,5,-21.728960784187848,NA,-22.716786973512093,NA,-22.5853234924357,NA,1.2320360956439638,NA,1.2319083144749632,NA,1.006182387818063,NA,1.006063337860201,NA
9877015,39,l y g u j,5,-20.39121656784095,NA,-Inf,NA,-28.45058894678722,NA,1.147281360733707,NA,1.147299720778366,NA,1.0011865525645776,NA,1.0013362474692384,NA
9877015,62,b a b u z,5,-17.031411824215805,NA,-14.580740364522184,NA,-14.616442917521326,NA,1.4171372456831095,NA,1.4166893612568667,NA,1.0339474952511396,NA,1.0323546619528714,NA
9877015,36,n u c y j,5,-20.658545558102126,NA,-Inf,NA,-27.875256524586018,NA,1.1303835200334362,NA,1.1304329817238876,NA,1.0009000520491858,NA,1.001068684949295,NA
9877015,31,l e l e h,5,-18.72169300477338,NA,-28.452981385838587,NA,-27.71152573039103,NA,1.3107126962643774,NA,1.31044502011368,NA,1.0043566425629775,NA,1.0043315471634189,NA
9877015,25,ɟ y f e ʒ,5,-24.68382830227571,NA,-25.22823350958293,NA,-24.924911824073703,NA,1.197274626696634,NA,1.197207333245688,NA,1.005629742506169,NA,1.0055403867692694,NA
9877015,87,b i j o p,5,-17.819792145237756,NA,-14.411741791563118,NA,-14.44982851725279,NA,1.2320675183451335,NA,1.231941850926206,NA,1.019116645133666,NA,1.018318051070536,NA
9877015,39,f i b ɯ ʒ,5,-20.436961838794783,NA,-Inf,NA,-22.999633738347892,NA,1.1898218295863592,NA,1.1897722159469446,NA,1.0083986623139738,NA,1.0081722495289367,NA
9877015,39,l y g a s,5,-18.444893137077603,NA,-Inf,NA,-26.067538150583637,NA,1.3050485464253128,NA,1.3047771819509606,NA,1.0127422017772911,NA,1.0121847222339244,NA
9877015,31,b i ʒ i ʃ,5,-19.526656073717337,NA,-17.97370132018528,NA,-18.017836365125127,NA,1.2861479817833397,NA,1.285919656722362,NA,1.0177954456980225,NA,1.017025230789646,NA
9877015,19,ɫ o c y c,5,-23.77472516728996,NA,-Inf,NA,-29.95538503380819,NA,1.101649180915417,NA,1.1017552870760137,NA,1.0021777770233191,NA,1.0022805824390244,NA
9877015,32,n y n y j,5,-17.387953451395102,NA,-22.84121056217028,NA,-22.81293712937672,NA,1.207963604453446,NA,1.2078780501278503,NA,1.0079609523814197,NA,1.0077547671760057,NA
9877015,38,g o ɟ y ʒ,5,-26.081748746789877,NA,-24.756749204677632,NA,-24.261882275036,NA,1.1234691196569762,NA,1.1235372562431791,NA,1.0013257973115228,NA,1.001472532342125,NA
9874559,5,g o ɟ y ʒ,5,-26.081748746789877,NA,-24.756749204677632,NA,-24.261882275036,NA,1.1234691196569762,NA,1.1235372562431791,NA,1.0013257973115228,NA,1.001472532342125,NA
9874559,82,m e ɾ u ɾ,5,-14.696942662362323,NA,-13.023558297137315,NA,-13.045322398545368,NA,1.5265589938664366,NA,1.5258999366294403,NA,1.061050686684545,NA,1.0579611009135987,NA
9874559,74,k ɯ ɾ ø ɾ,5,-16.815335788926927,NA,-15.47207327845282,NA,-15.47290521159459,NA,1.3818949177686708,NA,1.3814897925657066,NA,1.0336014287971542,NA,1.032037505843908,NA
9874559,77,b u p o n,5,-18.090788535226785,NA,-14.871571711459897,NA,-14.898543975468526,NA,1.2534517142540844,NA,1.2532693351189497,NA,1.0146087672669268,NA,1.014002641902062,NA
9874559,2,b y t͡ʃ ɯ ʒ,5,-21.616844660036552,NA,-Inf,NA,-22.629276208594433,NA,1.2022894136775335,NA,1.2022183989320754,NA,1.0049370975420808,NA,1.00489232261725,NA
9874559,78,l i l y j,5,-19.970386134913596,NA,-Inf,NA,-29.06974718873675,NA,1.1481724014715176,NA,1.148190949754183,NA,1.0019943881319666,NA,1.002104960638429,NA
9874559,76,g ɯ ɟ y z,5,-23.285064406939977,NA,-21.353497172991236,NA,-20.799421774706857,NA,1.129558756841315,NA,1.1296104538368636,NA,1.0031897183162923,NA,1.003233960514907,NA
9874559,4,v ɯ m o ʒ,5,-20.866255525720582,NA,-21.52786979559882,NA,-21.609613266696552,NA,1.1433244251421313,NA,1.1433577818079883,NA,1.0025302512137306,NA,1.002610125753439,NA
9874559,63,f u c i c,5,-23.709298903113027,NA,-Inf,NA,-29.70602713063263,NA,1.206154311454209,NA,1.2060714855791586,NA,1.0011929509918631,NA,1.0013448826976608,NA
9874559,6,b o ʒ i n,5,-19.551581921206928,NA,-15.34865531235195,NA,-15.46250667001904,NA,1.3176726144950657,NA,1.3173711639403407,NA,1.0201904519518092,NA,1.019223006244508,NA
9874559,4,ʃ o ʃ e ʒ,5,-20.72090935766442,NA,-22.109244486171928,NA,-22.17599288318765,NA,1.2201293152835069,NA,1.2200223876473202,NA,1.0053494657208828,NA,1.005275324117079,NA
9874559,8,b i ʒ i ʃ,5,-19.526656073717337,NA,-17.97370132018528,NA,-18.017836365125127,NA,1.2861479817833397,NA,1.285919656722362,NA,1.0177954456980225,NA,1.017025230789646,NA
9874559,7,b i h a ʒ,5,-18.744934240832112,NA,-16.24298849238163,NA,-16.385096205880032,NA,1.3733553453253655,NA,1.372975726405124,NA,1.0233784812990958,NA,1.0223335961608893,NA
9874559,34,ɟ i ɟ e c,5,-27.129968484650533,NA,-Inf,NA,-33.71720502403168,NA,1.193736127598374,NA,1.1936754056013783,NA,1.0007611186215082,NA,1.0009324466444522,NA
9874559,4,f i b ɯ ʒ,5,-20.436961838794783,NA,-Inf,NA,-22.999633738347892,NA,1.1898218295863592,NA,1.1897722159469446,NA,1.0083986623139738,NA,1.0081722495289367,NA
9874559,37,v ø d͡ʒ o h,5,-21.363641778803853,NA,-Inf,NA,-28.344098104475098,NA,1.0848245663042964,NA,1.0849553554942497,NA,1.0002254577062906,NA,1.0004310609040532,NA
9874559,3,b u ɟ ø ʒ,5,-26.42645995046814,NA,-Inf,NA,-24.718693605330763,NA,1.1344111048101857,NA,1.134462175918881,NA,1.0071497434921757,NA,1.006991934093099,NA
9874559,76,k a ɾ e t,5,-12.998093041208076,NA,-11.97346206217353,NA,-11.990829041411471,NA,1.6697599573021775,NA,1.6688574527874926,NA,1.110223784834866,NA,1.1044830661891687,NA
9874559,5,d ø ʒ u ʒ,5,-24.98943492896086,NA,-Inf,NA,-24.22776906482711,NA,1.1165991658515588,NA,1.116677401262255,NA,1.0026538128249567,NA,1.0027322776999663,NA
9874559,5,t͡ʃ o ɫ a ʒ,5,-19.424282256875884,NA,-18.005456232553836,NA,-18.13605719361724,NA,1.37194225034822,NA,1.3715644260384483,NA,1.027293545810697,NA,1.0260195746102412,NA
9874559,4,h e ʒ o ʃ,5,-20.611692059199083,NA,-21.352021945146213,NA,-21.261716898107,NA,1.2591859769516531,NA,1.2590125489549313,NA,1.0061370897175157,NA,1.006025124082477,NA
9874559,4,b u ʒ a ʒ,5,-22.017309102851215,NA,-20.97270040380033,NA,-21.003650352513297,NA,1.323179462039307,NA,1.3228869771540068,NA,1.0084920033526763,NA,1.0082515552702562,NA
9874559,39,z a c y c,5,-22.967338641377513,NA,-Inf,NA,-27.738112216193443,NA,1.30615402707163,NA,1.305906320725149,NA,1.004670156559676,NA,1.004641947160086,NA
9874559,5,ɟ ø j o ʒ,5,-26.49689488595845,NA,-Inf,NA,-23.932703542616142,NA,1.0852809248581945,NA,1.085414770218477,NA,1.0023189127998635,NA,1.002409614578854,NA
9874559,66,g ɯ k o p,5,-18.396509345599615,NA,-15.155469592030345,NA,-15.199246251117556,NA,1.1896978651358043,NA,1.189645248846842,NA,1.0101186670128863,NA,1.0097904273217253,NA
9874559,68,ɫ o h o h,5,-18.44006945078326,NA,-24.54133724676997,NA,-24.433813499665337,NA,1.140881701067639,NA,1.140915313678908,NA,1.0026601201755148,NA,1.0027379316413156,NA
9874559,41,z a ɟ e c,5,-22.710963226448087,NA,-Inf,NA,-26.8402764213242,NA,1.3881083490241413,NA,1.3877113533137964,NA,1.0055295882618005,NA,1.005450234168199,NA
9874559,5,ɟ e ʒ o ʒ,5,-26.6208257994316,NA,-Inf,NA,-28.771466371087545,NA,1.1960975503401443,NA,1.196040131009795,NA,1.0007952166504448,NA,1.0009691836637256,NA
9874559,4,g o ɟ ø ʒ,5,-27.290446500844467,NA,-Inf,NA,-25.568532573095965,NA,1.1030121135597626,NA,1.1031174848991148,NA,1.001138393401175,NA,1.0012964338824402,NA
9874559,8,h a ʒ y z,5,-20.11715672705851,NA,-17.4716328950729,NA,-17.489616749544957,NA,1.3520981109642247,NA,1.3517647948669438,NA,1.0246878459352902,NA,1.0236026306218002,NA
9874559,5,b e ɟ i ʒ,5,-22.954468016281908,NA,-24.634615074769357,NA,-24.189436304001077,NA,1.352371013895645,NA,1.3520350120491875,NA,1.0125225794453168,NA,1.012081798156116,NA
9874559,72,k u k o n,5,-16.067983991564752,NA,-13.63563902211114,NA,-13.66252219216208,NA,1.3321316029835863,NA,1.331812746650162,NA,1.022135193672589,NA,1.0211308803551549,NA
9874559,74,n u n u ɫ,5,-16.1837999949144,NA,-19.621241364005783,NA,-19.623919938160853,NA,1.262793973357144,NA,1.262597334354253,NA,1.0096134601254851,NA,1.0092804006803462,NA
9874559,80,n y n y j,5,-17.387953451395102,NA,-22.84121056217028,NA,-22.81293712937672,NA,1.207963604453446,NA,1.2078780501278503,NA,1.0079609523814197,NA,1.0077547671760057,NA
9874559,81,k ɯ ɾ ɯ ɾ,5,-15.10408899194573,NA,-12.806763517338286,NA,-12.830040671057915,NA,1.4320972084974872,NA,1.431600707758244,NA,1.049706303938969,NA,1.0471916891539033,NA
9874559,67,d͡ʒ o c e c,5,-23.67398203471596,NA,-Inf,NA,-30.529401402579964,NA,1.1916801758594504,NA,1.1916230071191674,NA,1.0012482052809664,NA,1.0013939567073278,NA
9874559,7,v e ɟ ø ʒ,5,-25.88724899922946,NA,-Inf,NA,-26.13349816640546,NA,1.1934115930661473,NA,1.1933605512070449,NA,1.0050916845666988,NA,1.0050420161949054,NA
9874559,65,n ɯ c e h,5,-19.392820783812937,NA,-Inf,NA,-28.037484047969727,NA,1.1958159292110446,NA,1.1957471731906515,NA,1.001629162737002,NA,1.0017483602739372,NA
9874559,77,ɫ a c i v,5,-18.573457430867325,NA,-Inf,NA,-26.542814999082395,NA,1.405256699256112,NA,1.4048253291152235,NA,1.004371680977657,NA,1.004344736513621,NA
9874559,83,t i k ɯ ɾ,5,-14.54245432215599,NA,-13.212451852990958,NA,-13.233651743758994,NA,1.352332061924168,NA,1.3519743902412205,NA,1.0240330562526363,NA,1.0228729978485829,NA
9874559,63,n ɯ t u j,5,-16.458023913936312,NA,-21.523380072352197,NA,-21.520724492736264,NA,1.2065410713885756,NA,1.2064562308023568,NA,1.0047893568512176,NA,1.0047454608812807,NA
9874559,5,h ø ʒ ɯ ʃ,5,-22.793233890627302,NA,-Inf,NA,-24.383373092781312,NA,1.1381678025861008,NA,1.13820094196689,NA,1.006410521744585,NA,1.0062326049478594,NA
9874559,62,m e ɾ ɯ ɾ,5,-14.482075691887497,NA,-12.618518906214195,NA,-12.639743620026252,NA,1.5363601221358536,NA,1.535683225407098,NA,1.0643340657695692,NA,1.061047884258652,NA
9874559,72,k u ɾ ɯ ɾ,5,-15.318955962420556,NA,-13.370493909747877,NA,-13.394216805421626,NA,1.4430374164697577,NA,1.4425219880350606,NA,1.0417068954004978,NA,1.0396145126083167,NA
9874559,38,z a ɟ ø c,5,-25.29406676995731,NA,-Inf,NA,-27.908409897602446,NA,1.2841708027252068,NA,1.2839629886018915,NA,1.0048774852295213,NA,1.004838949859867,NA
9874559,68,t͡ʃ y f i c,5,-21.728960784187848,NA,-22.716786973512093,NA,-22.5853234924357,NA,1.2320360956439638,NA,1.2319083144749632,NA,1.006182387818063,NA,1.006063337860201,NA
9874559,65,ɫ o m ɯ t,5,-16.10906876251265,NA,-20.463295386477544,NA,-20.459024896790748,NA,1.226354557914894,NA,1.2262249588685283,NA,1.0089687051569078,NA,1.008691414558396,NA
9874559,75,l y g ɯ h,5,-20.4998975830064,NA,-Inf,NA,-29.036115755256105,NA,1.149974565951282,NA,1.149989887931764,NA,1.00059203852765,NA,1.0007759709906086,NA
9874559,6,d͡ʒ o ʒ o h,5,-22.097218579005993,NA,-25.099219589381008,NA,-24.904916978881896,NA,1.11821597789651,NA,1.118289134009679,NA,1.0007051178379167,NA,1.0008859248512416,NA
9874559,73,t ø ɾ a n,5,-15.737900612639798,NA,-14.053612751333944,NA,-14.0900146594381,NA,1.4983632288774549,NA,1.4977406461807206,NA,1.0585320936609162,NA,1.055335124686371,NA
9874559,60,f y c ø v,5,-24.105639586157395,NA,-Inf,NA,-24.665973193548194,NA,1.1129298669413028,NA,1.1130142426187757,NA,1.0013678237866614,NA,1.0015130661860885,NA
9874559,71,l e l y c,5,-22.712932987058565,NA,-Inf,NA,-31.625008565162982,NA,1.2146465675396698,NA,1.214557046255178,NA,1.0031176468016472,NA,1.0031701069775885,NA
9874559,80,k o k u ɾ,5,-15.81589881907191,NA,-14.164787591245988,NA,-14.189177293546392,NA,1.3561640083612907,NA,1.3558006156133138,NA,1.0309577781402457,NA,1.029465068337247,NA
9874559,5,d͡ʒ o h ɯ ʒ,5,-21.695656866924992,NA,-Inf,NA,-27.095777081000016,NA,1.1667337478513735,NA,1.1667240129734051,NA,1.001314605615787,NA,1.0014626748261763,NA
9874559,72,l i v ø c,5,-23.521629066683385,NA,-Inf,NA,-33.078770632151944,NA,1.1258459326384591,NA,1.1259116896807664,NA,1.0021258039899703,NA,1.0022313327026664,NA
9874559,71,b i j o p,5,-17.819792145237756,NA,-14.411741791563118,NA,-14.44982851725279,NA,1.2320675183451335,NA,1.231941850926206,NA,1.019116645133666,NA,1.018318051070536,NA
9874559,60,ɫ o c y c,5,-23.77472516728996,NA,-Inf,NA,-29.95538503380819,NA,1.101649180915417,NA,1.1017552870760137,NA,1.0021777770233191,NA,1.0022805824390244,NA
9874559,6,g u g ɯ ʒ,5,-22.12764402414707,NA,-Inf,NA,-23.62799403133488,NA,1.1604076914316734,NA,1.1604091652027129,NA,1.002296865096124,NA,1.0023929390707258,NA
9874559,25,g ɯ ɾ a ʒ,5,-18.902722310983343,NA,-16.198481439042656,NA,-16.34403605221776,NA,1.419942412927112,NA,1.419480952598695,NA,1.0501716213082088,NA,1.0476633593333955,NA
9874559,5,g u ɟ e ʒ,5,-24.520648215729064,NA,-Inf,NA,-25.12589588220793,NA,1.2072204570857334,NA,1.2071361783307428,NA,1.0015072051556937,NA,1.0016432622663496,NA
9874559,76,b u m e l,5,-17.814766387475487,NA,-15.347656861812922,NA,-15.39559611789573,NA,1.295187097363635,NA,1.2949473270829202,NA,1.01977328294233,NA,1.0189224624213549,NA
9874559,63,l e l e h,5,-18.72169300477338,NA,-28.452981385838587,NA,-27.71152573039103,NA,1.3107126962643774,NA,1.31044502011368,NA,1.0043566425629775,NA,1.0043315471634189,NA
9874559,4,ɟ y f e ʒ,5,-24.68382830227571,NA,-25.22823350958293,NA,-24.924911824073703,NA,1.197274626696634,NA,1.197207333245688,NA,1.005629742506169,NA,1.0055403867692694,NA
9874559,77,v ø l y c,5,-24.69819952981217,NA,-Inf,NA,-34.22078322004938,NA,1.0738270837624526,NA,1.0739812033064169,NA,1.000065210303228,NA,1.0002790383147078,NA
9874559,36,l y g u j,5,-20.39121656784095,NA,-Inf,NA,-28.45058894678722,NA,1.147281360733707,NA,1.147299720778366,NA,1.0011865525645776,NA,1.0013362474692384,NA
9874559,3,ɟ y ʒ o ʒ,5,-27.99523158888624,NA,-28.69284841696419,NA,-28.14090746152981,NA,1.095036025210162,NA,1.095153452809103,NA,1.000304646498913,NA,1.0005045476286198,NA
9874559,1,h i ʒ u ʒ,5,-22.897101816795516,NA,-22.812369904220137,NA,-22.719046165604528,NA,1.174823947299784,NA,1.1748014419634516,NA,1.005038918518121,NA,1.0049919529548976,NA
9874559,66,v ø l e j,5,-20.38341156188671,NA,-Inf,NA,-29.973439994045172,NA,1.1770011355390022,NA,1.1769622987891786,NA,1.0039778284969023,NA,1.0039467441646983,NA
9874559,67,l y l e c,5,-22.712932987058565,NA,-Inf,NA,-32.3160745795191,NA,1.197065582611408,NA,1.1969989614223264,NA,1.0011971809784252,NA,1.0013454564534352,NA
9874559,69,ɟ e ɟ e c,5,-26.93213315832468,NA,-Inf,NA,-34.31977028302991,NA,1.279903805241355,NA,1.279694004217295,NA,1.0007611186215082,NA,1.0009324466444522,NA
9874559,64,ɟ y s y f,5,-22.96626912908152,NA,-23.65293144228456,NA,-23.26150177793404,NA,1.162474537561398,NA,1.1624701118447611,NA,1.007526105518591,NA,1.0073429378505647,NA
9874559,71,n u c y c,5,-23.59892773657295,NA,-Inf,NA,-30.1793505288519,NA,1.1106900084586075,NA,1.1107804796089662,NA,1.00076963144273,NA,1.0009464280876286,NA
9874559,72,k ɯ ɾ e t,5,-14.34461899583014,NA,-12.379643812608151,NA,-12.401069233681326,NA,1.4574007718602364,NA,1.4568656707805725,NA,1.0575407260274738,NA,1.054575679739315,NA
9874559,57,n i v y j,5,-17.493047560834334,NA,-22.47616192556484,NA,-22.44275508862507,NA,1.18050489552488,NA,1.1804673180900334,NA,1.0055738254825757,NA,1.0054960636982748,NA
9874559,56,n ø m ɯ j,5,-18.18724158107039,NA,-23.99488997807466,NA,-23.947971790620024,NA,1.1624899274009108,NA,1.1624806365353328,NA,1.0028689545306988,NA,1.002926864143793,NA
9874559,72,k a k o n,5,-14.50659106646786,NA,-12.17321902001452,NA,-12.197940719744937,NA,1.533550580453257,NA,1.532883248380266,NA,1.0716980709170678,NA,1.0680836932215294,NA
9874559,72,b a b u z,5,-17.031411824215805,NA,-14.580740364522184,NA,-14.616442917521326,NA,1.4171372456831095,NA,1.4166893612568667,NA,1.0339474952511396,NA,1.0323546619528714,NA
9874559,23,m a f ɯ ʒ,5,-19.123444916118363,NA,-Inf,NA,-20.272463690019514,NA,1.433901152468908,NA,1.4334293801112787,NA,1.028327685373242,NA,1.0270542242358425,NA
9874559,75,ɟ e d͡ʒ ɯ ʃ,5,-21.882833802794956,NA,-Inf,NA,-23.003164237882388,NA,1.2591492701203255,NA,1.2589729296039585,NA,1.0107052213650367,NA,1.0102980225080054,NA
9874559,72,l e k a ɾ,5,-15.017293036612118,NA,-19.407834498130676,NA,-19.044786274829686,NA,1.5080939526744883,NA,1.5074543029063974,NA,1.045194852222235,NA,1.0427811490211962,NA
9874559,29,h a ʒ a ʒ,5,-20.66320435727874,NA,-18.991359167803843,NA,-19.22316769797684,NA,1.503268859604257,NA,1.502664785412429,NA,1.0253887052721251,NA,1.024260469695336,NA
9874559,3,n ɯ d͡ʒ ɯ ʒ,5,-20.35265516851573,NA,-Inf,NA,-23.177728006252813,NA,1.141386496349446,NA,1.1414208042131675,NA,1.0016727518916322,NA,1.0018002670345545,NA
9874559,37,t i k o n,5,-15.196101206729836,NA,-13.240996547523356,NA,-13.26604749315664,NA,1.31822773105001,NA,1.3179329037806882,NA,1.0146171328879905,NA,1.0140073512575454,NA
9874559,68,m y ɾ o n,5,-16.510128365915982,NA,-13.311535765675442,NA,-13.341581660625684,NA,1.4011942661317132,NA,1.400755060745874,NA,1.0445744785123534,NA,1.0423874508376312,NA
9874559,61,ɟ ø ɟ ø t͡ʃ,5,-29.830320053966172,NA,-Inf,NA,-28.770426831168702,NA,1.0317338743417712,NA,1.0319599892793068,NA,1.0000545077946146,NA,1.0002695361099974,NA
9874559,6,g ɯ ɟ y ʒ,5,-25.680187034708876,NA,-24.79307060996098,NA,-24.185039595714763,NA,1.112799708911742,NA,1.112886304686086,NA,1.002733246193697,NA,1.0028060614990746,NA
9874559,67,t͡ʃ ø z e z,5,-19.754215062891827,NA,-16.895697183378992,NA,-16.939241023440918,NA,1.2120949070379754,NA,1.2119958615786497,NA,1.009437938030965,NA,1.0091286519340401,NA
9874559,33,ɟ e ɟ y c,5,-28.30653894777932,NA,-Inf,NA,-33.570427837482214,NA,1.196423265039634,NA,1.1963654108494548,NA,1.000231209196349,NA,1.000436132364972,NA
9874559,68,n ɯ t i v,5,-16.232908095139347,NA,-21.96802980566556,NA,-21.957749241597252,NA,1.268821147095549,NA,1.2686250852060037,NA,1.0211694574491372,NA,1.0202141924744377,NA
9874559,32,c i t͡ʃ e f,5,-20.35455499473321,NA,-Inf,NA,-23.19101449988911,NA,1.2206632956388237,NA,1.2205511500064978,NA,1.0041193198207332,NA,1.0040987094266125,NA
9874559,74,n ø n y j,5,-18.59665120544969,NA,-23.859590348601593,NA,-23.813870098081395,NA,1.1568370879889744,NA,1.1568399878441131,NA,1.0032243478372642,NA,1.0032682870588847,NA
9874559,78,l y g a s,5,-18.444893137077603,NA,-Inf,NA,-26.067538150583637,NA,1.3050485464253128,NA,1.3047771819509606,NA,1.0127422017772911,NA,1.0121847222339244,NA
9874559,63,n u c y j,5,-20.658545558102126,NA,-Inf,NA,-27.875256524586018,NA,1.1303835200334362,NA,1.1304329817238876,NA,1.0009000520491858,NA,1.001068684949295,NA
9874559,37,d ø z i ʒ,5,-21.70542391051496,NA,-19.545489240999224,NA,-19.60431392431074,NA,1.2249679545138032,NA,1.2248519373951183,NA,1.009262247629164,NA,1.008979216459775,NA
9874559,3,h a ʒ o ʒ,5,-22.411292023981808,NA,-19.98257424570709,NA,-20.012146466153983,NA,1.3339144804373528,NA,1.3336186560682508,NA,1.0242965841159228,NA,1.023235860036801,NA
9874559,90,b a d͡ʒ ɯ z,5,-17.34515839292861,NA,-14.26280182945655,NA,-14.306332778850988,NA,1.4154917370834543,NA,1.4150459441905807,NA,1.0246087747061503,NA,1.023516791495323,NA
9874162,0,h a ʒ o ʒ,5,-22.411292023981808,NA,-19.98257424570709,NA,-20.012146466153983,NA,1.3339144804373528,NA,1.3336186560682508,NA,1.0242965841159228,NA,1.023235860036801,NA
9874162,33,b u ʒ a ʒ,5,-22.017309102851215,NA,-20.97270040380033,NA,-21.003650352513297,NA,1.323179462039307,NA,1.3228869771540068,NA,1.0084920033526763,NA,1.0082515552702562,NA
9874162,28,n ø n y j,5,-18.59665120544969,NA,-23.859590348601593,NA,-23.813870098081395,NA,1.1568370879889744,NA,1.1568399878441131,NA,1.0032243478372642,NA,1.0032682870588847,NA
9874162,56,g o ɟ ø ʒ,5,-27.290446500844467,NA,-Inf,NA,-25.568532573095965,NA,1.1030121135597626,NA,1.1031174848991148,NA,1.001138393401175,NA,1.0012964338824402,NA
9874162,80,g ɯ ɾ a ʒ,5,-18.902722310983343,NA,-16.198481439042656,NA,-16.34403605221776,NA,1.419942412927112,NA,1.419480952598695,NA,1.0501716213082088,NA,1.0476633593333955,NA
9874162,15,ɫ o m ɯ t,5,-16.10906876251265,NA,-20.463295386477544,NA,-20.459024896790748,NA,1.226354557914894,NA,1.2262249588685283,NA,1.0089687051569078,NA,1.008691414558396,NA
9874162,56,ɟ e ɟ e c,5,-26.93213315832468,NA,-Inf,NA,-34.31977028302991,NA,1.279903805241355,NA,1.279694004217295,NA,1.0007611186215082,NA,1.0009324466444522,NA
9874162,23,b i h a ʒ,5,-18.744934240832112,NA,-16.24298849238163,NA,-16.385096205880032,NA,1.3733553453253655,NA,1.372975726405124,NA,1.0233784812990958,NA,1.0223335961608893,NA
9874162,53,t͡ʃ y f i c,5,-21.728960784187848,NA,-22.716786973512093,NA,-22.5853234924357,NA,1.2320360956439638,NA,1.2319083144749632,NA,1.006182387818063,NA,1.006063337860201,NA
9874162,59,g o ɟ y ʒ,5,-26.081748746789877,NA,-24.756749204677632,NA,-24.261882275036,NA,1.1234691196569762,NA,1.1235372562431791,NA,1.0013257973115228,NA,1.001472532342125,NA
9874162,18,f i b ɯ ʒ,5,-20.436961838794783,NA,-Inf,NA,-22.999633738347892,NA,1.1898218295863592,NA,1.1897722159469446,NA,1.0083986623139738,NA,1.0081722495289367,NA
9874162,97,ɟ e d͡ʒ ɯ ʃ,5,-21.882833802794956,NA,-Inf,NA,-23.003164237882388,NA,1.2591492701203255,NA,1.2589729296039585,NA,1.0107052213650367,NA,1.0102980225080054,NA
9874162,22,g ɯ k o p,5,-18.396509345599615,NA,-15.155469592030345,NA,-15.199246251117556,NA,1.1896978651358043,NA,1.189645248846842,NA,1.0101186670128863,NA,1.0097904273217253,NA
9874162,62,t͡ʃ o ɫ a ʒ,5,-19.424282256875884,NA,-18.005456232553836,NA,-18.13605719361724,NA,1.37194225034822,NA,1.3715644260384483,NA,1.027293545810697,NA,1.0260195746102412,NA
9874162,61,h i ʒ u ʒ,5,-22.897101816795516,NA,-22.812369904220137,NA,-22.719046165604528,NA,1.174823947299784,NA,1.1748014419634516,NA,1.005038918518121,NA,1.0049919529548976,NA
9874162,78,l e l y c,5,-22.712932987058565,NA,-Inf,NA,-31.625008565162982,NA,1.2146465675396698,NA,1.214557046255178,NA,1.0031176468016472,NA,1.0031701069775885,NA
9874162,40,k ɯ ɾ e t,5,-14.34461899583014,NA,-12.379643812608151,NA,-12.401069233681326,NA,1.4574007718602364,NA,1.4568656707805725,NA,1.0575407260274738,NA,1.054575679739315,NA
9874162,89,t͡ʃ ø z e z,5,-19.754215062891827,NA,-16.895697183378992,NA,-16.939241023440918,NA,1.2120949070379754,NA,1.2119958615786497,NA,1.009437938030965,NA,1.0091286519340401,NA
9874162,17,v ø d͡ʒ o h,5,-21.363641778803853,NA,-Inf,NA,-28.344098104475098,NA,1.0848245663042964,NA,1.0849553554942497,NA,1.0002254577062906,NA,1.0004310609040532,NA
9874162,65,ɫ a c i v,5,-18.573457430867325,NA,-Inf,NA,-26.542814999082395,NA,1.405256699256112,NA,1.4048253291152235,NA,1.004371680977657,NA,1.004344736513621,NA
9874162,91,h ø ʒ ɯ ʃ,5,-22.793233890627302,NA,-Inf,NA,-24.383373092781312,NA,1.1381678025861008,NA,1.13820094196689,NA,1.006410521744585,NA,1.0062326049478594,NA
9874162,60,l e l e h,5,-18.72169300477338,NA,-28.452981385838587,NA,-27.71152573039103,NA,1.3107126962643774,NA,1.31044502011368,NA,1.0043566425629775,NA,1.0043315471634189,NA
9874162,94,b u p o n,5,-18.090788535226785,NA,-14.871571711459897,NA,-14.898543975468526,NA,1.2534517142540844,NA,1.2532693351189497,NA,1.0146087672669268,NA,1.014002641902062,NA
9874162,14,f y c ø v,5,-24.105639586157395,NA,-Inf,NA,-24.665973193548194,NA,1.1129298669413028,NA,1.1130142426187757,NA,1.0013678237866614,NA,1.0015130661860885,NA
9874162,23,b i ʒ i ʃ,5,-19.526656073717337,NA,-17.97370132018528,NA,-18.017836365125127,NA,1.2861479817833397,NA,1.285919656722362,NA,1.0177954456980225,NA,1.017025230789646,NA
9874162,62,n u n u ɫ,5,-16.1837999949144,NA,-19.621241364005783,NA,-19.623919938160853,NA,1.262793973357144,NA,1.262597334354253,NA,1.0096134601254851,NA,1.0092804006803462,NA
9874162,91,k u ɾ ɯ ɾ,5,-15.318955962420556,NA,-13.370493909747877,NA,-13.394216805421626,NA,1.4430374164697577,NA,1.4425219880350606,NA,1.0417068954004978,NA,1.0396145126083167,NA
9874162,16,b e ɟ i ʒ,5,-22.954468016281908,NA,-24.634615074769357,NA,-24.189436304001077,NA,1.352371013895645,NA,1.3520350120491875,NA,1.0125225794453168,NA,1.012081798156116,NA
9874162,57,k ɯ ɾ ø ɾ,5,-16.815335788926927,NA,-15.47207327845282,NA,-15.47290521159459,NA,1.3818949177686708,NA,1.3814897925657066,NA,1.0336014287971542,NA,1.032037505843908,NA
9874162,13,ʃ o ʃ e ʒ,5,-20.72090935766442,NA,-22.109244486171928,NA,-22.17599288318765,NA,1.2201293152835069,NA,1.2200223876473202,NA,1.0053494657208828,NA,1.005275324117079,NA
9874162,91,v ø l e j,5,-20.38341156188671,NA,-Inf,NA,-29.973439994045172,NA,1.1770011355390022,NA,1.1769622987891786,NA,1.0039778284969023,NA,1.0039467441646983,NA
9874162,52,l i v ø c,5,-23.521629066683385,NA,-Inf,NA,-33.078770632151944,NA,1.1258459326384591,NA,1.1259116896807664,NA,1.0021258039899703,NA,1.0022313327026664,NA
9874162,55,ɟ i ɟ e c,5,-27.129968484650533,NA,-Inf,NA,-33.71720502403168,NA,1.193736127598374,NA,1.1936754056013783,NA,1.0007611186215082,NA,1.0009324466444522,NA
9874162,20,ɟ e ʒ o ʒ,5,-26.6208257994316,NA,-Inf,NA,-28.771466371087545,NA,1.1960975503401443,NA,1.196040131009795,NA,1.0007952166504448,NA,1.0009691836637256,NA
9874162,94,d͡ʒ o c e c,5,-23.67398203471596,NA,-Inf,NA,-30.529401402579964,NA,1.1916801758594504,NA,1.1916230071191674,NA,1.0012482052809664,NA,1.0013939567073278,NA
9874162,62,v ø l y c,5,-24.69819952981217,NA,-Inf,NA,-34.22078322004938,NA,1.0738270837624526,NA,1.0739812033064169,NA,1.000065210303228,NA,1.0002790383147078,NA
9874162,15,n ɯ t i v,5,-16.232908095139347,NA,-21.96802980566556,NA,-21.957749241597252,NA,1.268821147095549,NA,1.2686250852060037,NA,1.0211694574491372,NA,1.0202141924744377,NA
9874162,85,v e ɟ ø ʒ,5,-25.88724899922946,NA,-Inf,NA,-26.13349816640546,NA,1.1934115930661473,NA,1.1933605512070449,NA,1.0050916845666988,NA,1.0050420161949054,NA
9874162,50,z a ɟ e c,5,-22.710963226448087,NA,-Inf,NA,-26.8402764213242,NA,1.3881083490241413,NA,1.3877113533137964,NA,1.0055295882618005,NA,1.005450234168199,NA
9874162,15,l y g ɯ h,5,-20.4998975830064,NA,-Inf,NA,-29.036115755256105,NA,1.149974565951282,NA,1.149989887931764,NA,1.00059203852765,NA,1.0007759709906086,NA
9874162,61,ɟ e ɟ y c,5,-28.30653894777932,NA,-Inf,NA,-33.570427837482214,NA,1.196423265039634,NA,1.1963654108494548,NA,1.000231209196349,NA,1.000436132364972,NA
9874162,19,g ɯ ɟ y ʒ,5,-25.680187034708876,NA,-24.79307060996098,NA,-24.185039595714763,NA,1.112799708911742,NA,1.112886304686086,NA,1.002733246193697,NA,1.0028060614990746,NA
9874162,91,ɟ y ʒ o ʒ,5,-27.99523158888624,NA,-28.69284841696419,NA,-28.14090746152981,NA,1.095036025210162,NA,1.095153452809103,NA,1.000304646498913,NA,1.0005045476286198,NA
9874162,20,g u g ɯ ʒ,5,-22.12764402414707,NA,-Inf,NA,-23.62799403133488,NA,1.1604076914316734,NA,1.1604091652027129,NA,1.002296865096124,NA,1.0023929390707258,NA
9874162,99,d ø ʒ u ʒ,5,-24.98943492896086,NA,-Inf,NA,-24.22776906482711,NA,1.1165991658515588,NA,1.116677401262255,NA,1.0026538128249567,NA,1.0027322776999663,NA
9874162,100,d ø z i ʒ,5,-21.70542391051496,NA,-19.545489240999224,NA,-19.60431392431074,NA,1.2249679545138032,NA,1.2248519373951183,NA,1.009262247629164,NA,1.008979216459775,NA
9874162,50,f u c i c,5,-23.709298903113027,NA,-Inf,NA,-29.70602713063263,NA,1.206154311454209,NA,1.2060714855791586,NA,1.0011929509918631,NA,1.0013448826976608,NA
9874162,13,n ø m ɯ j,5,-18.18724158107039,NA,-23.99488997807466,NA,-23.947971790620024,NA,1.1624899274009108,NA,1.1624806365353328,NA,1.0028689545306988,NA,1.002926864143793,NA
9874162,100,ɟ ø ɟ ø t͡ʃ,5,-29.830320053966172,NA,-Inf,NA,-28.770426831168702,NA,1.0317338743417712,NA,1.0319599892793068,NA,1.0000545077946146,NA,1.0002695361099974,NA
9874162,19,h a ʒ y z,5,-20.11715672705851,NA,-17.4716328950729,NA,-17.489616749544957,NA,1.3520981109642247,NA,1.3517647948669438,NA,1.0246878459352902,NA,1.0236026306218002,NA
9874162,83,b i j o p,5,-17.819792145237756,NA,-14.411741791563118,NA,-14.44982851725279,NA,1.2320675183451335,NA,1.231941850926206,NA,1.019116645133666,NA,1.018318051070536,NA
9874162,15,l e k a ɾ,5,-15.017293036612118,NA,-19.407834498130676,NA,-19.044786274829686,NA,1.5080939526744883,NA,1.5074543029063974,NA,1.045194852222235,NA,1.0427811490211962,NA
9874162,16,n i v y j,5,-17.493047560834334,NA,-22.47616192556484,NA,-22.44275508862507,NA,1.18050489552488,NA,1.1804673180900334,NA,1.0055738254825757,NA,1.0054960636982748,NA
9874162,75,l y l e c,5,-22.712932987058565,NA,-Inf,NA,-32.3160745795191,NA,1.197065582611408,NA,1.1969989614223264,NA,1.0011971809784252,NA,1.0013454564534352,NA
9874162,82,k u k o n,5,-16.067983991564752,NA,-13.63563902211114,NA,-13.66252219216208,NA,1.3321316029835863,NA,1.331812746650162,NA,1.022135193672589,NA,1.0211308803551549,NA
9874162,63,k a ɾ e t,5,-12.998093041208076,NA,-11.97346206217353,NA,-11.990829041411471,NA,1.6697599573021775,NA,1.6688574527874926,NA,1.110223784834866,NA,1.1044830661891687,NA
9874162,74,k ɯ ɾ ɯ ɾ,5,-15.10408899194573,NA,-12.806763517338286,NA,-12.830040671057915,NA,1.4320972084974872,NA,1.431600707758244,NA,1.049706303938969,NA,1.0471916891539033,NA
9874162,10,h e ʒ o ʃ,5,-20.611692059199083,NA,-21.352021945146213,NA,-21.261716898107,NA,1.2591859769516531,NA,1.2590125489549313,NA,1.0061370897175157,NA,1.006025124082477,NA
9874162,18,ɫ o c y c,5,-23.77472516728996,NA,-Inf,NA,-29.95538503380819,NA,1.101649180915417,NA,1.1017552870760137,NA,1.0021777770233191,NA,1.0022805824390244,NA
9874162,16,c i t͡ʃ e f,5,-20.35455499473321,NA,-Inf,NA,-23.19101449988911,NA,1.2206632956388237,NA,1.2205511500064978,NA,1.0041193198207332,NA,1.0040987094266125,NA
9874162,14,m e ɾ u ɾ,5,-14.696942662362323,NA,-13.023558297137315,NA,-13.045322398545368,NA,1.5265589938664366,NA,1.5258999366294403,NA,1.061050686684545,NA,1.0579611009135987,NA
9874162,84,t ø ɾ a n,5,-15.737900612639798,NA,-14.053612751333944,NA,-14.0900146594381,NA,1.4983632288774549,NA,1.4977406461807206,NA,1.0585320936609162,NA,1.055335124686371,NA
9874162,12,b u ɟ ø ʒ,5,-26.42645995046814,NA,-Inf,NA,-24.718693605330763,NA,1.1344111048101857,NA,1.134462175918881,NA,1.0071497434921757,NA,1.006991934093099,NA
9874162,18,g ɯ ɟ y z,5,-23.285064406939977,NA,-21.353497172991236,NA,-20.799421774706857,NA,1.129558756841315,NA,1.1296104538368636,NA,1.0031897183162923,NA,1.003233960514907,NA
9874162,21,b a b u z,5,-17.031411824215805,NA,-14.580740364522184,NA,-14.616442917521326,NA,1.4171372456831095,NA,1.4166893612568667,NA,1.0339474952511396,NA,1.0323546619528714,NA
9874162,15,ɟ y f e ʒ,5,-24.68382830227571,NA,-25.22823350958293,NA,-24.924911824073703,NA,1.197274626696634,NA,1.197207333245688,NA,1.005629742506169,NA,1.0055403867692694,NA
9874162,50,n u c y c,5,-23.59892773657295,NA,-Inf,NA,-30.1793505288519,NA,1.1106900084586075,NA,1.1107804796089662,NA,1.00076963144273,NA,1.0009464280876286,NA
9874162,20,ɟ ø j o ʒ,5,-26.49689488595845,NA,-Inf,NA,-23.932703542616142,NA,1.0852809248581945,NA,1.085414770218477,NA,1.0023189127998635,NA,1.002409614578854,NA
9874162,55,h a ʒ a ʒ,5,-20.66320435727874,NA,-18.991359167803843,NA,-19.22316769797684,NA,1.503268859604257,NA,1.502664785412429,NA,1.0253887052721251,NA,1.024260469695336,NA
9874162,14,z a ɟ ø c,5,-25.29406676995731,NA,-Inf,NA,-27.908409897602446,NA,1.2841708027252068,NA,1.2839629886018915,NA,1.0048774852295213,NA,1.004838949859867,NA
9874162,13,v ɯ m o ʒ,5,-20.866255525720582,NA,-21.52786979559882,NA,-21.609613266696552,NA,1.1433244251421313,NA,1.1433577818079883,NA,1.0025302512137306,NA,1.002610125753439,NA
9874162,54,m a f ɯ ʒ,5,-19.123444916118363,NA,-Inf,NA,-20.272463690019514,NA,1.433901152468908,NA,1.4334293801112787,NA,1.028327685373242,NA,1.0270542242358425,NA
9874162,21,n y n y j,5,-17.387953451395102,NA,-22.84121056217028,NA,-22.81293712937672,NA,1.207963604453446,NA,1.2078780501278503,NA,1.0079609523814197,NA,1.0077547671760057,NA
9874162,97,n ɯ t u j,5,-16.458023913936312,NA,-21.523380072352197,NA,-21.520724492736264,NA,1.2065410713885756,NA,1.2064562308023568,NA,1.0047893568512176,NA,1.0047454608812807,NA
9874162,93,n ɯ c e h,5,-19.392820783812937,NA,-Inf,NA,-28.037484047969727,NA,1.1958159292110446,NA,1.1957471731906515,NA,1.001629162737002,NA,1.0017483602739372,NA
9874162,94,b o ʒ i n,5,-19.551581921206928,NA,-15.34865531235195,NA,-15.46250667001904,NA,1.3176726144950657,NA,1.3173711639403407,NA,1.0201904519518092,NA,1.019223006244508,NA
9874162,98,t i k ɯ ɾ,5,-14.54245432215599,NA,-13.212451852990958,NA,-13.233651743758994,NA,1.352332061924168,NA,1.3519743902412205,NA,1.0240330562526363,NA,1.0228729978485829,NA
9874162,100,ɟ y s y f,5,-22.96626912908152,NA,-23.65293144228456,NA,-23.26150177793404,NA,1.162474537561398,NA,1.1624701118447611,NA,1.007526105518591,NA,1.0073429378505647,NA
9874162,18,b y t͡ʃ ɯ ʒ,5,-21.616844660036552,NA,-Inf,NA,-22.629276208594433,NA,1.2022894136775335,NA,1.2022183989320754,NA,1.0049370975420808,NA,1.00489232261725,NA
9874162,95,d͡ʒ o h ɯ ʒ,5,-21.695656866924992,NA,-Inf,NA,-27.095777081000016,NA,1.1667337478513735,NA,1.1667240129734051,NA,1.001314605615787,NA,1.0014626748261763,NA
9874162,100,g u ɟ e ʒ,5,-24.520648215729064,NA,-Inf,NA,-25.12589588220793,NA,1.2072204570857334,NA,1.2071361783307428,NA,1.0015072051556937,NA,1.0016432622663496,NA
9874162,9,n u c y j,5,-20.658545558102126,NA,-Inf,NA,-27.875256524586018,NA,1.1303835200334362,NA,1.1304329817238876,NA,1.0009000520491858,NA,1.001068684949295,NA
9874162,11,l i l y j,5,-19.970386134913596,NA,-Inf,NA,-29.06974718873675,NA,1.1481724014715176,NA,1.148190949754183,NA,1.0019943881319666,NA,1.002104960638429,NA
9874162,61,b u m e l,5,-17.814766387475487,NA,-15.347656861812922,NA,-15.39559611789573,NA,1.295187097363635,NA,1.2949473270829202,NA,1.01977328294233,NA,1.0189224624213549,NA
9874162,57,ɫ o h o h,5,-18.44006945078326,NA,-24.54133724676997,NA,-24.433813499665337,NA,1.140881701067639,NA,1.140915313678908,NA,1.0026601201755148,NA,1.0027379316413156,NA
9874162,91,n ɯ d͡ʒ ɯ ʒ,5,-20.35265516851573,NA,-Inf,NA,-23.177728006252813,NA,1.141386496349446,NA,1.1414208042131675,NA,1.0016727518916322,NA,1.0018002670345545,NA
9874162,90,k o k u ɾ,5,-15.81589881907191,NA,-14.164787591245988,NA,-14.189177293546392,NA,1.3561640083612907,NA,1.3558006156133138,NA,1.0309577781402457,NA,1.029465068337247,NA
9874162,95,m e ɾ ɯ ɾ,5,-14.482075691887497,NA,-12.618518906214195,NA,-12.639743620026252,NA,1.5363601221358536,NA,1.535683225407098,NA,1.0643340657695692,NA,1.061047884258652,NA
9874162,100,t i k o n,5,-15.196101206729836,NA,-13.240996547523356,NA,-13.26604749315664,NA,1.31822773105001,NA,1.3179329037806882,NA,1.0146171328879905,NA,1.0140073512575454,NA
9874162,21,z a c y c,5,-22.967338641377513,NA,-Inf,NA,-27.738112216193443,NA,1.30615402707163,NA,1.305906320725149,NA,1.004670156559676,NA,1.004641947160086,NA
9874162,98,b a d͡ʒ ɯ z,5,-17.34515839292861,NA,-14.26280182945655,NA,-14.306332778850988,NA,1.4154917370834543,NA,1.4150459441905807,NA,1.0246087747061503,NA,1.023516791495323,NA
9874162,15,d͡ʒ o ʒ o h,5,-22.097218579005993,NA,-25.099219589381008,NA,-24.904916978881896,NA,1.11821597789651,NA,1.118289134009679,NA,1.0007051178379167,NA,1.0008859248512416,NA
9874162,53,k a k o n,5,-14.50659106646786,NA,-12.17321902001452,NA,-12.197940719744937,NA,1.533550580453257,NA,1.532883248380266,NA,1.0716980709170678,NA,1.0680836932215294,NA
9874162,100,m y ɾ o n,5,-16.510128365915982,NA,-13.311535765675442,NA,-13.341581660625684,NA,1.4011942661317132,NA,1.400755060745874,NA,1.0445744785123534,NA,1.0423874508376312,NA
9874162,100,l y g a s,5,-18.444893137077603,NA,-Inf,NA,-26.067538150583637,NA,1.3050485464253128,NA,1.3047771819509606,NA,1.0127422017772911,NA,1.0121847222339244,NA
9874162,16,l y g u j,5,-20.39121656784095,NA,-Inf,NA,-28.45058894678722,NA,1.147281360733707,NA,1.147299720778366,NA,1.0011865525645776,NA,1.0013362474692384,NA
9873989,19,n u c y c,5,-23.59892773657295,NA,-Inf,NA,-30.1793505288519,NA,1.1106900084586075,NA,1.1107804796089662,NA,1.00076963144273,NA,1.0009464280876286,NA
9873989,26,ɫ a c i v,5,-18.573457430867325,NA,-Inf,NA,-26.542814999082395,NA,1.405256699256112,NA,1.4048253291152235,NA,1.004371680977657,NA,1.004344736513621,NA
9873989,9,b i ʒ i ʃ,5,-19.526656073717337,NA,-17.97370132018528,NA,-18.017836365125127,NA,1.2861479817833397,NA,1.285919656722362,NA,1.0177954456980225,NA,1.017025230789646,NA
9873989,39,k ɯ ɾ ɯ ɾ,5,-15.10408899194573,NA,-12.806763517338286,NA,-12.830040671057915,NA,1.4320972084974872,NA,1.431600707758244,NA,1.049706303938969,NA,1.0471916891539033,NA
9873989,9,l y g ɯ h,5,-20.4998975830064,NA,-Inf,NA,-29.036115755256105,NA,1.149974565951282,NA,1.149989887931764,NA,1.00059203852765,NA,1.0007759709906086,NA
9873989,37,m y ɾ o n,5,-16.510128365915982,NA,-13.311535765675442,NA,-13.341581660625684,NA,1.4011942661317132,NA,1.400755060745874,NA,1.0445744785123534,NA,1.0423874508376312,NA
9873989,40,l i l y j,5,-19.970386134913596,NA,-Inf,NA,-29.06974718873675,NA,1.1481724014715176,NA,1.148190949754183,NA,1.0019943881319666,NA,1.002104960638429,NA
9873989,56,l e l e h,5,-18.72169300477338,NA,-28.452981385838587,NA,-27.71152573039103,NA,1.3107126962643774,NA,1.31044502011368,NA,1.0043566425629775,NA,1.0043315471634189,NA
9873989,23,z a ɟ e c,5,-22.710963226448087,NA,-Inf,NA,-26.8402764213242,NA,1.3881083490241413,NA,1.3877113533137964,NA,1.0055295882618005,NA,1.005450234168199,NA
9873989,34,g ɯ k o p,5,-18.396509345599615,NA,-15.155469592030345,NA,-15.199246251117556,NA,1.1896978651358043,NA,1.189645248846842,NA,1.0101186670128863,NA,1.0097904273217253,NA
9873989,63,b u p o n,5,-18.090788535226785,NA,-14.871571711459897,NA,-14.898543975468526,NA,1.2534517142540844,NA,1.2532693351189497,NA,1.0146087672669268,NA,1.014002641902062,NA
9873989,43,ɟ y f e ʒ,5,-24.68382830227571,NA,-25.22823350958293,NA,-24.924911824073703,NA,1.197274626696634,NA,1.197207333245688,NA,1.005629742506169,NA,1.0055403867692694,NA
9873989,18,b e ɟ i ʒ,5,-22.954468016281908,NA,-24.634615074769357,NA,-24.189436304001077,NA,1.352371013895645,NA,1.3520350120491875,NA,1.0125225794453168,NA,1.012081798156116,NA
9873989,63,h e ʒ o ʃ,5,-20.611692059199083,NA,-21.352021945146213,NA,-21.261716898107,NA,1.2591859769516531,NA,1.2590125489549313,NA,1.0061370897175157,NA,1.006025124082477,NA
9873989,63,k u k o n,5,-16.067983991564752,NA,-13.63563902211114,NA,-13.66252219216208,NA,1.3321316029835863,NA,1.331812746650162,NA,1.022135193672589,NA,1.0211308803551549,NA
9873989,34,h a ʒ y z,5,-20.11715672705851,NA,-17.4716328950729,NA,-17.489616749544957,NA,1.3520981109642247,NA,1.3517647948669438,NA,1.0246878459352902,NA,1.0236026306218002,NA
9873989,56,ɟ ø j o ʒ,5,-26.49689488595845,NA,-Inf,NA,-23.932703542616142,NA,1.0852809248581945,NA,1.085414770218477,NA,1.0023189127998635,NA,1.002409614578854,NA
9873989,27,l i v ø c,5,-23.521629066683385,NA,-Inf,NA,-33.078770632151944,NA,1.1258459326384591,NA,1.1259116896807664,NA,1.0021258039899703,NA,1.0022313327026664,NA
9873989,38,n ø m ɯ j,5,-18.18724158107039,NA,-23.99488997807466,NA,-23.947971790620024,NA,1.1624899274009108,NA,1.1624806365353328,NA,1.0028689545306988,NA,1.002926864143793,NA
9873989,34,ɟ y ʒ o ʒ,5,-27.99523158888624,NA,-28.69284841696419,NA,-28.14090746152981,NA,1.095036025210162,NA,1.095153452809103,NA,1.000304646498913,NA,1.0005045476286198,NA
9873989,11,b y t͡ʃ ɯ ʒ,5,-21.616844660036552,NA,-Inf,NA,-22.629276208594433,NA,1.2022894136775335,NA,1.2022183989320754,NA,1.0049370975420808,NA,1.00489232261725,NA
9873989,11,b u ɟ ø ʒ,5,-26.42645995046814,NA,-Inf,NA,-24.718693605330763,NA,1.1344111048101857,NA,1.134462175918881,NA,1.0071497434921757,NA,1.006991934093099,NA
9873989,42,d͡ʒ o c e c,5,-23.67398203471596,NA,-Inf,NA,-30.529401402579964,NA,1.1916801758594504,NA,1.1916230071191674,NA,1.0012482052809664,NA,1.0013939567073278,NA
9873989,23,h ø ʒ ɯ ʃ,5,-22.793233890627302,NA,-Inf,NA,-24.383373092781312,NA,1.1381678025861008,NA,1.13820094196689,NA,1.006410521744585,NA,1.0062326049478594,NA
9873989,9,n ɯ c e h,5,-19.392820783812937,NA,-Inf,NA,-28.037484047969727,NA,1.1958159292110446,NA,1.1957471731906515,NA,1.001629162737002,NA,1.0017483602739372,NA
9873989,60,h a ʒ a ʒ,5,-20.66320435727874,NA,-18.991359167803843,NA,-19.22316769797684,NA,1.503268859604257,NA,1.502664785412429,NA,1.0253887052721251,NA,1.024260469695336,NA
9873989,33,ʃ o ʃ e ʒ,5,-20.72090935766442,NA,-22.109244486171928,NA,-22.17599288318765,NA,1.2201293152835069,NA,1.2200223876473202,NA,1.0053494657208828,NA,1.005275324117079,NA
9873989,24,v ø l e j,5,-20.38341156188671,NA,-Inf,NA,-29.973439994045172,NA,1.1770011355390022,NA,1.1769622987891786,NA,1.0039778284969023,NA,1.0039467441646983,NA
9873989,57,t i k o n,5,-15.196101206729836,NA,-13.240996547523356,NA,-13.26604749315664,NA,1.31822773105001,NA,1.3179329037806882,NA,1.0146171328879905,NA,1.0140073512575454,NA
9873989,8,v ø d͡ʒ o h,5,-21.363641778803853,NA,-Inf,NA,-28.344098104475098,NA,1.0848245663042964,NA,1.0849553554942497,NA,1.0002254577062906,NA,1.0004310609040532,NA
9873989,5,ɟ e ʒ o ʒ,5,-26.6208257994316,NA,-Inf,NA,-28.771466371087545,NA,1.1960975503401443,NA,1.196040131009795,NA,1.0007952166504448,NA,1.0009691836637256,NA
9873989,14,b o ʒ i n,5,-19.551581921206928,NA,-15.34865531235195,NA,-15.46250667001904,NA,1.3176726144950657,NA,1.3173711639403407,NA,1.0201904519518092,NA,1.019223006244508,NA
9873989,41,k ɯ ɾ e t,5,-14.34461899583014,NA,-12.379643812608151,NA,-12.401069233681326,NA,1.4574007718602364,NA,1.4568656707805725,NA,1.0575407260274738,NA,1.054575679739315,NA
9873989,28,l y g u j,5,-20.39121656784095,NA,-Inf,NA,-28.45058894678722,NA,1.147281360733707,NA,1.147299720778366,NA,1.0011865525645776,NA,1.0013362474692384,NA
9873989,59,t ø ɾ a n,5,-15.737900612639798,NA,-14.053612751333944,NA,-14.0900146594381,NA,1.4983632288774549,NA,1.4977406461807206,NA,1.0585320936609162,NA,1.055335124686371,NA
9873989,71,l y l e c,5,-22.712932987058565,NA,-Inf,NA,-32.3160745795191,NA,1.197065582611408,NA,1.1969989614223264,NA,1.0011971809784252,NA,1.0013454564534352,NA
9873989,35,k u ɾ ɯ ɾ,5,-15.318955962420556,NA,-13.370493909747877,NA,-13.394216805421626,NA,1.4430374164697577,NA,1.4425219880350606,NA,1.0417068954004978,NA,1.0396145126083167,NA
9873989,19,z a ɟ ø c,5,-25.29406676995731,NA,-Inf,NA,-27.908409897602446,NA,1.2841708027252068,NA,1.2839629886018915,NA,1.0048774852295213,NA,1.004838949859867,NA
9873989,24,ɟ y s y f,5,-22.96626912908152,NA,-23.65293144228456,NA,-23.26150177793404,NA,1.162474537561398,NA,1.1624701118447611,NA,1.007526105518591,NA,1.0073429378505647,NA
9873989,29,g u g ɯ ʒ,5,-22.12764402414707,NA,-Inf,NA,-23.62799403133488,NA,1.1604076914316734,NA,1.1604091652027129,NA,1.002296865096124,NA,1.0023929390707258,NA
9873989,63,k o k u ɾ,5,-15.81589881907191,NA,-14.164787591245988,NA,-14.189177293546392,NA,1.3561640083612907,NA,1.3558006156133138,NA,1.0309577781402457,NA,1.029465068337247,NA
9873989,56,b a d͡ʒ ɯ z,5,-17.34515839292861,NA,-14.26280182945655,NA,-14.306332778850988,NA,1.4154917370834543,NA,1.4150459441905807,NA,1.0246087747061503,NA,1.023516791495323,NA
9873989,11,d͡ʒ o ʒ o h,5,-22.097218579005993,NA,-25.099219589381008,NA,-24.904916978881896,NA,1.11821597789651,NA,1.118289134009679,NA,1.0007051178379167,NA,1.0008859248512416,NA
9873989,17,f y c ø v,5,-24.105639586157395,NA,-Inf,NA,-24.665973193548194,NA,1.1129298669413028,NA,1.1130142426187757,NA,1.0013678237866614,NA,1.0015130661860885,NA
9873989,16,v ø l y c,5,-24.69819952981217,NA,-Inf,NA,-34.22078322004938,NA,1.0738270837624526,NA,1.0739812033064169,NA,1.000065210303228,NA,1.0002790383147078,NA
9873989,10,v ɯ m o ʒ,5,-20.866255525720582,NA,-21.52786979559882,NA,-21.609613266696552,NA,1.1433244251421313,NA,1.1433577818079883,NA,1.0025302512137306,NA,1.002610125753439,NA
9873989,17,z a c y c,5,-22.967338641377513,NA,-Inf,NA,-27.738112216193443,NA,1.30615402707163,NA,1.305906320725149,NA,1.004670156559676,NA,1.004641947160086,NA
9873989,28,f u c i c,5,-23.709298903113027,NA,-Inf,NA,-29.70602713063263,NA,1.206154311454209,NA,1.2060714855791586,NA,1.0011929509918631,NA,1.0013448826976608,NA
9873989,29,n ɯ t u j,5,-16.458023913936312,NA,-21.523380072352197,NA,-21.520724492736264,NA,1.2065410713885756,NA,1.2064562308023568,NA,1.0047893568512176,NA,1.0047454608812807,NA
9873989,36,l e k a ɾ,5,-15.017293036612118,NA,-19.407834498130676,NA,-19.044786274829686,NA,1.5080939526744883,NA,1.5074543029063974,NA,1.045194852222235,NA,1.0427811490211962,NA
9873989,63,k a ɾ e t,5,-12.998093041208076,NA,-11.97346206217353,NA,-11.990829041411471,NA,1.6697599573021775,NA,1.6688574527874926,NA,1.110223784834866,NA,1.1044830661891687,NA
9873989,28,g o ɟ ø ʒ,5,-27.290446500844467,NA,-Inf,NA,-25.568532573095965,NA,1.1030121135597626,NA,1.1031174848991148,NA,1.001138393401175,NA,1.0012964338824402,NA
9873989,43,k ɯ ɾ ø ɾ,5,-16.815335788926927,NA,-15.47207327845282,NA,-15.47290521159459,NA,1.3818949177686708,NA,1.3814897925657066,NA,1.0336014287971542,NA,1.032037505843908,NA
9873989,53,g ɯ ɾ a ʒ,5,-18.902722310983343,NA,-16.198481439042656,NA,-16.34403605221776,NA,1.419942412927112,NA,1.419480952598695,NA,1.0501716213082088,NA,1.0476633593333955,NA
9873989,37,ɫ o m ɯ t,5,-16.10906876251265,NA,-20.463295386477544,NA,-20.459024896790748,NA,1.226354557914894,NA,1.2262249588685283,NA,1.0089687051569078,NA,1.008691414558396,NA
9873989,28,l y g a s,5,-18.444893137077603,NA,-Inf,NA,-26.067538150583637,NA,1.3050485464253128,NA,1.3047771819509606,NA,1.0127422017772911,NA,1.0121847222339244,NA
9873989,37,m a f ɯ ʒ,5,-19.123444916118363,NA,-Inf,NA,-20.272463690019514,NA,1.433901152468908,NA,1.4334293801112787,NA,1.028327685373242,NA,1.0270542242358425,NA
9873989,26,g ɯ ɟ y z,5,-23.285064406939977,NA,-21.353497172991236,NA,-20.799421774706857,NA,1.129558756841315,NA,1.1296104538368636,NA,1.0031897183162923,NA,1.003233960514907,NA
9873989,4,d͡ʒ o h ɯ ʒ,5,-21.695656866924992,NA,-Inf,NA,-27.095777081000016,NA,1.1667337478513735,NA,1.1667240129734051,NA,1.001314605615787,NA,1.0014626748261763,NA
9873989,61,m e ɾ ɯ ɾ,5,-14.482075691887497,NA,-12.618518906214195,NA,-12.639743620026252,NA,1.5363601221358536,NA,1.535683225407098,NA,1.0643340657695692,NA,1.061047884258652,NA
9873989,8,d ø z i ʒ,5,-21.70542391051496,NA,-19.545489240999224,NA,-19.60431392431074,NA,1.2249679545138032,NA,1.2248519373951183,NA,1.009262247629164,NA,1.008979216459775,NA
9873989,63,n ø n y j,5,-18.59665120544969,NA,-23.859590348601593,NA,-23.813870098081395,NA,1.1568370879889744,NA,1.1568399878441131,NA,1.0032243478372642,NA,1.0032682870588847,NA
9873989,11,n u c y j,5,-20.658545558102126,NA,-Inf,NA,-27.875256524586018,NA,1.1303835200334362,NA,1.1304329817238876,NA,1.0009000520491858,NA,1.001068684949295,NA
9873989,24,ɟ ø ɟ ø t͡ʃ,5,-29.830320053966172,NA,-Inf,NA,-28.770426831168702,NA,1.0317338743417712,NA,1.0319599892793068,NA,1.0000545077946146,NA,1.0002695361099974,NA
9873989,29,b u m e l,5,-17.814766387475487,NA,-15.347656861812922,NA,-15.39559611789573,NA,1.295187097363635,NA,1.2949473270829202,NA,1.01977328294233,NA,1.0189224624213549,NA
9873989,9,d ø ʒ u ʒ,5,-24.98943492896086,NA,-Inf,NA,-24.22776906482711,NA,1.1165991658515588,NA,1.116677401262255,NA,1.0026538128249567,NA,1.0027322776999663,NA
9873989,12,h i ʒ u ʒ,5,-22.897101816795516,NA,-22.812369904220137,NA,-22.719046165604528,NA,1.174823947299784,NA,1.1748014419634516,NA,1.005038918518121,NA,1.0049919529548976,NA
9873989,14,n i v y j,5,-17.493047560834334,NA,-22.47616192556484,NA,-22.44275508862507,NA,1.18050489552488,NA,1.1804673180900334,NA,1.0055738254825757,NA,1.0054960636982748,NA
9873989,20,v e ɟ ø ʒ,5,-25.88724899922946,NA,-Inf,NA,-26.13349816640546,NA,1.1934115930661473,NA,1.1933605512070449,NA,1.0050916845666988,NA,1.0050420161949054,NA
9873989,4,t͡ʃ o ɫ a ʒ,5,-19.424282256875884,NA,-18.005456232553836,NA,-18.13605719361724,NA,1.37194225034822,NA,1.3715644260384483,NA,1.027293545810697,NA,1.0260195746102412,NA
9873989,72,k a k o n,5,-14.50659106646786,NA,-12.17321902001452,NA,-12.197940719744937,NA,1.533550580453257,NA,1.532883248380266,NA,1.0716980709170678,NA,1.0680836932215294,NA
9873989,81,b i j o p,5,-17.819792145237756,NA,-14.411741791563118,NA,-14.44982851725279,NA,1.2320675183451335,NA,1.231941850926206,NA,1.019116645133666,NA,1.018318051070536,NA
9873989,37,n ɯ t i v,5,-16.232908095139347,NA,-21.96802980566556,NA,-21.957749241597252,NA,1.268821147095549,NA,1.2686250852060037,NA,1.0211694574491372,NA,1.0202141924744377,NA
9873989,70,n u n u ɫ,5,-16.1837999949144,NA,-19.621241364005783,NA,-19.623919938160853,NA,1.262793973357144,NA,1.262597334354253,NA,1.0096134601254851,NA,1.0092804006803462,NA
9873989,11,g u ɟ e ʒ,5,-24.520648215729064,NA,-Inf,NA,-25.12589588220793,NA,1.2072204570857334,NA,1.2071361783307428,NA,1.0015072051556937,NA,1.0016432622663496,NA
9873989,40,t͡ʃ ø z e z,5,-19.754215062891827,NA,-16.895697183378992,NA,-16.939241023440918,NA,1.2120949070379754,NA,1.2119958615786497,NA,1.009437938030965,NA,1.0091286519340401,NA
9873989,60,l e l y c,5,-22.712932987058565,NA,-Inf,NA,-31.625008565162982,NA,1.2146465675396698,NA,1.214557046255178,NA,1.0031176468016472,NA,1.0031701069775885,NA
9873989,8,n ɯ d͡ʒ ɯ ʒ,5,-20.35265516851573,NA,-Inf,NA,-23.177728006252813,NA,1.141386496349446,NA,1.1414208042131675,NA,1.0016727518916322,NA,1.0018002670345545,NA
9873989,55,b a b u z,5,-17.031411824215805,NA,-14.580740364522184,NA,-14.616442917521326,NA,1.4171372456831095,NA,1.4166893612568667,NA,1.0339474952511396,NA,1.0323546619528714,NA
9873989,21,g ɯ ɟ y ʒ,5,-25.680187034708876,NA,-24.79307060996098,NA,-24.185039595714763,NA,1.112799708911742,NA,1.112886304686086,NA,1.002733246193697,NA,1.0028060614990746,NA
9873989,22,g o ɟ y ʒ,5,-26.081748746789877,NA,-24.756749204677632,NA,-24.261882275036,NA,1.1234691196569762,NA,1.1235372562431791,NA,1.0013257973115228,NA,1.001472532342125,NA
9873989,61,m e ɾ u ɾ,5,-14.696942662362323,NA,-13.023558297137315,NA,-13.045322398545368,NA,1.5265589938664366,NA,1.5258999366294403,NA,1.061050686684545,NA,1.0579611009135987,NA
9873989,23,ɟ e ɟ y c,5,-28.30653894777932,NA,-Inf,NA,-33.570427837482214,NA,1.196423265039634,NA,1.1963654108494548,NA,1.000231209196349,NA,1.000436132364972,NA
9873989,34,t i k ɯ ɾ,5,-14.54245432215599,NA,-13.212451852990958,NA,-13.233651743758994,NA,1.352332061924168,NA,1.3519743902412205,NA,1.0240330562526363,NA,1.0228729978485829,NA
9873989,14,ɫ o c y c,5,-23.77472516728996,NA,-Inf,NA,-29.95538503380819,NA,1.101649180915417,NA,1.1017552870760137,NA,1.0021777770233191,NA,1.0022805824390244,NA
9873989,63,ɟ e ɟ e c,5,-26.93213315832468,NA,-Inf,NA,-34.31977028302991,NA,1.279903805241355,NA,1.279694004217295,NA,1.0007611186215082,NA,1.0009324466444522,NA
9873989,35,ɟ i ɟ e c,5,-27.129968484650533,NA,-Inf,NA,-33.71720502403168,NA,1.193736127598374,NA,1.1936754056013783,NA,1.0007611186215082,NA,1.0009324466444522,NA
9873989,19,ɟ e d͡ʒ ɯ ʃ,5,-21.882833802794956,NA,-Inf,NA,-23.003164237882388,NA,1.2591492701203255,NA,1.2589729296039585,NA,1.0107052213650367,NA,1.0102980225080054,NA
9873989,9,c i t͡ʃ e f,5,-20.35455499473321,NA,-Inf,NA,-23.19101449988911,NA,1.2206632956388237,NA,1.2205511500064978,NA,1.0041193198207332,NA,1.0040987094266125,NA
9873989,65,n y n y j,5,-17.387953451395102,NA,-22.84121056217028,NA,-22.81293712937672,NA,1.207963604453446,NA,1.2078780501278503,NA,1.0079609523814197,NA,1.0077547671760057,NA
9873989,6,b i h a ʒ,5,-18.744934240832112,NA,-16.24298849238163,NA,-16.385096205880032,NA,1.3733553453253655,NA,1.372975726405124,NA,1.0233784812990958,NA,1.0223335961608893,NA
9873989,63,ɫ o h o h,5,-18.44006945078326,NA,-24.54133724676997,NA,-24.433813499665337,NA,1.140881701067639,NA,1.140915313678908,NA,1.0026601201755148,NA,1.0027379316413156,NA
9873989,26,t͡ʃ y f i c,5,-21.728960784187848,NA,-22.716786973512093,NA,-22.5853234924357,NA,1.2320360956439638,NA,1.2319083144749632,NA,1.006182387818063,NA,1.006063337860201,NA
9873989,14,b u ʒ a ʒ,5,-22.017309102851215,NA,-20.97270040380033,NA,-21.003650352513297,NA,1.323179462039307,NA,1.3228869771540068,NA,1.0084920033526763,NA,1.0082515552702562,NA
9873989,8,h a ʒ o ʒ,5,-22.411292023981808,NA,-19.98257424570709,NA,-20.012146466153983,NA,1.3339144804373528,NA,1.3336186560682508,NA,1.0242965841159228,NA,1.023235860036801,NA
9873989,0,f i b ɯ ʒ,5,-20.436961838794783,NA,-Inf,NA,-22.999633738347892,NA,1.1898218295863592,NA,1.1897722159469446,NA,1.0083986623139738,NA,1.0081722495289367,NA
9878106,22,ɟ e d͡ʒ ɯ ʃ,5,-21.882833802794956,NA,-Inf,NA,-23.003164237882388,NA,1.2591492701203255,NA,1.2589729296039585,NA,1.0107052213650367,NA,1.0102980225080054,NA
9878106,55,n ø n y j,5,-18.59665120544969,NA,-23.859590348601593,NA,-23.813870098081395,NA,1.1568370879889744,NA,1.1568399878441131,NA,1.0032243478372642,NA,1.0032682870588847,NA
9878106,59,ɫ a c i v,5,-18.573457430867325,NA,-Inf,NA,-26.542814999082395,NA,1.405256699256112,NA,1.4048253291152235,NA,1.004371680977657,NA,1.004344736513621,NA
9878106,58,k ɯ ɾ e t,5,-14.34461899583014,NA,-12.379643812608151,NA,-12.401069233681326,NA,1.4574007718602364,NA,1.4568656707805725,NA,1.0575407260274738,NA,1.054575679739315,NA
9878106,0,h a ʒ o ʒ,5,-22.411292023981808,NA,-19.98257424570709,NA,-20.012146466153983,NA,1.3339144804373528,NA,1.3336186560682508,NA,1.0242965841159228,NA,1.023235860036801,NA
9878106,1,g ɯ ɾ a ʒ,5,-18.902722310983343,NA,-16.198481439042656,NA,-16.34403605221776,NA,1.419942412927112,NA,1.419480952598695,NA,1.0501716213082088,NA,1.0476633593333955,NA
9878106,34,b u p o n,5,-18.090788535226785,NA,-14.871571711459897,NA,-14.898543975468526,NA,1.2534517142540844,NA,1.2532693351189497,NA,1.0146087672669268,NA,1.014002641902062,NA
9878106,61,ɟ i ɟ e c,5,-27.129968484650533,NA,-Inf,NA,-33.71720502403168,NA,1.193736127598374,NA,1.1936754056013783,NA,1.0007611186215082,NA,1.0009324466444522,NA
9878106,1,b i ʒ i ʃ,5,-19.526656073717337,NA,-17.97370132018528,NA,-18.017836365125127,NA,1.2861479817833397,NA,1.285919656722362,NA,1.0177954456980225,NA,1.017025230789646,NA
9878106,56,z a ɟ ø c,5,-25.29406676995731,NA,-Inf,NA,-27.908409897602446,NA,1.2841708027252068,NA,1.2839629886018915,NA,1.0048774852295213,NA,1.004838949859867,NA
9878106,70,ɟ e ɟ e c,5,-26.93213315832468,NA,-Inf,NA,-34.31977028302991,NA,1.279903805241355,NA,1.279694004217295,NA,1.0007611186215082,NA,1.0009324466444522,NA
9878106,21,n i v y j,5,-17.493047560834334,NA,-22.47616192556484,NA,-22.44275508862507,NA,1.18050489552488,NA,1.1804673180900334,NA,1.0055738254825757,NA,1.0054960636982748,NA
9878106,6,n ø m ɯ j,5,-18.18724158107039,NA,-23.99488997807466,NA,-23.947971790620024,NA,1.1624899274009108,NA,1.1624806365353328,NA,1.0028689545306988,NA,1.002926864143793,NA
9878106,7,n u c y c,5,-23.59892773657295,NA,-Inf,NA,-30.1793505288519,NA,1.1106900084586075,NA,1.1107804796089662,NA,1.00076963144273,NA,1.0009464280876286,NA
9878106,67,v ø l e j,5,-20.38341156188671,NA,-Inf,NA,-29.973439994045172,NA,1.1770011355390022,NA,1.1769622987891786,NA,1.0039778284969023,NA,1.0039467441646983,NA
9878106,2,t͡ʃ o ɫ a ʒ,5,-19.424282256875884,NA,-18.005456232553836,NA,-18.13605719361724,NA,1.37194225034822,NA,1.3715644260384483,NA,1.027293545810697,NA,1.0260195746102412,NA
9878106,1,h a ʒ a ʒ,5,-20.66320435727874,NA,-18.991359167803843,NA,-19.22316769797684,NA,1.503268859604257,NA,1.502664785412429,NA,1.0253887052721251,NA,1.024260469695336,NA
9878106,2,b u ɟ ø ʒ,5,-26.42645995046814,NA,-Inf,NA,-24.718693605330763,NA,1.1344111048101857,NA,1.134462175918881,NA,1.0071497434921757,NA,1.006991934093099,NA
9878106,0,g ɯ ɟ y ʒ,5,-25.680187034708876,NA,-24.79307060996098,NA,-24.185039595714763,NA,1.112799708911742,NA,1.112886304686086,NA,1.002733246193697,NA,1.0028060614990746,NA
9878106,73,n u n u ɫ,5,-16.1837999949144,NA,-19.621241364005783,NA,-19.623919938160853,NA,1.262793973357144,NA,1.262597334354253,NA,1.0096134601254851,NA,1.0092804006803462,NA
9878106,1,b i h a ʒ,5,-18.744934240832112,NA,-16.24298849238163,NA,-16.385096205880032,NA,1.3733553453253655,NA,1.372975726405124,NA,1.0233784812990958,NA,1.0223335961608893,NA
9878106,64,k u ɾ ɯ ɾ,5,-15.318955962420556,NA,-13.370493909747877,NA,-13.394216805421626,NA,1.4430374164697577,NA,1.4425219880350606,NA,1.0417068954004978,NA,1.0396145126083167,NA
9878106,44,k ɯ ɾ ø ɾ,5,-16.815335788926927,NA,-15.47207327845282,NA,-15.47290521159459,NA,1.3818949177686708,NA,1.3814897925657066,NA,1.0336014287971542,NA,1.032037505843908,NA
9878106,59,c i t͡ʃ e f,5,-20.35455499473321,NA,-Inf,NA,-23.19101449988911,NA,1.2206632956388237,NA,1.2205511500064978,NA,1.0041193198207332,NA,1.0040987094266125,NA
9878106,1,ʃ o ʃ e ʒ,5,-20.72090935766442,NA,-22.109244486171928,NA,-22.17599288318765,NA,1.2201293152835069,NA,1.2200223876473202,NA,1.0053494657208828,NA,1.005275324117079,NA
9878106,33,v ø l y c,5,-24.69819952981217,NA,-Inf,NA,-34.22078322004938,NA,1.0738270837624526,NA,1.0739812033064169,NA,1.000065210303228,NA,1.0002790383147078,NA
9878106,2,b u ʒ a ʒ,5,-22.017309102851215,NA,-20.97270040380033,NA,-21.003650352513297,NA,1.323179462039307,NA,1.3228869771540068,NA,1.0084920033526763,NA,1.0082515552702562,NA
9878106,67,g ɯ k o p,5,-18.396509345599615,NA,-15.155469592030345,NA,-15.199246251117556,NA,1.1896978651358043,NA,1.189645248846842,NA,1.0101186670128863,NA,1.0097904273217253,NA
9878106,35,d͡ʒ o c e c,5,-23.67398203471596,NA,-Inf,NA,-30.529401402579964,NA,1.1916801758594504,NA,1.1916230071191674,NA,1.0012482052809664,NA,1.0013939567073278,NA
9878106,53,l y g ɯ h,5,-20.4998975830064,NA,-Inf,NA,-29.036115755256105,NA,1.149974565951282,NA,1.149989887931764,NA,1.00059203852765,NA,1.0007759709906086,NA
9878106,89,k o k u ɾ,5,-15.81589881907191,NA,-14.164787591245988,NA,-14.189177293546392,NA,1.3561640083612907,NA,1.3558006156133138,NA,1.0309577781402457,NA,1.029465068337247,NA
9878106,55,b u m e l,5,-17.814766387475487,NA,-15.347656861812922,NA,-15.39559611789573,NA,1.295187097363635,NA,1.2949473270829202,NA,1.01977328294233,NA,1.0189224624213549,NA
9878106,66,t͡ʃ y f i c,5,-21.728960784187848,NA,-22.716786973512093,NA,-22.5853234924357,NA,1.2320360956439638,NA,1.2319083144749632,NA,1.006182387818063,NA,1.006063337860201,NA
9878106,1,d ø z i ʒ,5,-21.70542391051496,NA,-19.545489240999224,NA,-19.60431392431074,NA,1.2249679545138032,NA,1.2248519373951183,NA,1.009262247629164,NA,1.008979216459775,NA
9878106,2,ɟ y ʒ o ʒ,5,-27.99523158888624,NA,-28.69284841696419,NA,-28.14090746152981,NA,1.095036025210162,NA,1.095153452809103,NA,1.000304646498913,NA,1.0005045476286198,NA
9878106,17,n ɯ t u j,5,-16.458023913936312,NA,-21.523380072352197,NA,-21.520724492736264,NA,1.2065410713885756,NA,1.2064562308023568,NA,1.0047893568512176,NA,1.0047454608812807,NA
9878106,2,f y c ø v,5,-24.105639586157395,NA,-Inf,NA,-24.665973193548194,NA,1.1129298669413028,NA,1.1130142426187757,NA,1.0013678237866614,NA,1.0015130661860885,NA
9878106,1,g u g ɯ ʒ,5,-22.12764402414707,NA,-Inf,NA,-23.62799403133488,NA,1.1604076914316734,NA,1.1604091652027129,NA,1.002296865096124,NA,1.0023929390707258,NA
9878106,3,ɟ e ʒ o ʒ,5,-26.6208257994316,NA,-Inf,NA,-28.771466371087545,NA,1.1960975503401443,NA,1.196040131009795,NA,1.0007952166504448,NA,1.0009691836637256,NA
9878106,44,n ɯ t i v,5,-16.232908095139347,NA,-21.96802980566556,NA,-21.957749241597252,NA,1.268821147095549,NA,1.2686250852060037,NA,1.0211694574491372,NA,1.0202141924744377,NA
9878106,28,z a ɟ e c,5,-22.710963226448087,NA,-Inf,NA,-26.8402764213242,NA,1.3881083490241413,NA,1.3877113533137964,NA,1.0055295882618005,NA,1.005450234168199,NA
9878106,84,k a ɾ e t,5,-12.998093041208076,NA,-11.97346206217353,NA,-11.990829041411471,NA,1.6697599573021775,NA,1.6688574527874926,NA,1.110223784834866,NA,1.1044830661891687,NA
9878106,21,ɫ o h o h,5,-18.44006945078326,NA,-24.54133724676997,NA,-24.433813499665337,NA,1.140881701067639,NA,1.140915313678908,NA,1.0026601201755148,NA,1.0027379316413156,NA
9878106,63,g ɯ ɟ y z,5,-23.285064406939977,NA,-21.353497172991236,NA,-20.799421774706857,NA,1.129558756841315,NA,1.1296104538368636,NA,1.0031897183162923,NA,1.003233960514907,NA
9878106,5,ɫ o c y c,5,-23.77472516728996,NA,-Inf,NA,-29.95538503380819,NA,1.101649180915417,NA,1.1017552870760137,NA,1.0021777770233191,NA,1.0022805824390244,NA
9878106,7,f u c i c,5,-23.709298903113027,NA,-Inf,NA,-29.70602713063263,NA,1.206154311454209,NA,1.2060714855791586,NA,1.0011929509918631,NA,1.0013448826976608,NA
9878106,19,b e ɟ i ʒ,5,-22.954468016281908,NA,-24.634615074769357,NA,-24.189436304001077,NA,1.352371013895645,NA,1.3520350120491875,NA,1.0125225794453168,NA,1.012081798156116,NA
9878106,67,t ø ɾ a n,5,-15.737900612639798,NA,-14.053612751333944,NA,-14.0900146594381,NA,1.4983632288774549,NA,1.4977406461807206,NA,1.0585320936609162,NA,1.055335124686371,NA
9878106,64,ɟ ø ɟ ø t͡ʃ,5,-29.830320053966172,NA,-Inf,NA,-28.770426831168702,NA,1.0317338743417712,NA,1.0319599892793068,NA,1.0000545077946146,NA,1.0002695361099974,NA
9878106,8,h e ʒ o ʃ,5,-20.611692059199083,NA,-21.352021945146213,NA,-21.261716898107,NA,1.2591859769516531,NA,1.2590125489549313,NA,1.0061370897175157,NA,1.006025124082477,NA
9878106,7,v ɯ m o ʒ,5,-20.866255525720582,NA,-21.52786979559882,NA,-21.609613266696552,NA,1.1433244251421313,NA,1.1433577818079883,NA,1.0025302512137306,NA,1.002610125753439,NA
9878106,27,ɫ o m ɯ t,5,-16.10906876251265,NA,-20.463295386477544,NA,-20.459024896790748,NA,1.226354557914894,NA,1.2262249588685283,NA,1.0089687051569078,NA,1.008691414558396,NA
9878106,22,h ø ʒ ɯ ʃ,5,-22.793233890627302,NA,-Inf,NA,-24.383373092781312,NA,1.1381678025861008,NA,1.13820094196689,NA,1.006410521744585,NA,1.0062326049478594,NA
9878106,69,k a k o n,5,-14.50659106646786,NA,-12.17321902001452,NA,-12.197940719744937,NA,1.533550580453257,NA,1.532883248380266,NA,1.0716980709170678,NA,1.0680836932215294,NA
9878106,34,n y n y j,5,-17.387953451395102,NA,-22.84121056217028,NA,-22.81293712937672,NA,1.207963604453446,NA,1.2078780501278503,NA,1.0079609523814197,NA,1.0077547671760057,NA
9878106,26,t͡ʃ ø z e z,5,-19.754215062891827,NA,-16.895697183378992,NA,-16.939241023440918,NA,1.2120949070379754,NA,1.2119958615786497,NA,1.009437938030965,NA,1.0091286519340401,NA
9878106,60,k u k o n,5,-16.067983991564752,NA,-13.63563902211114,NA,-13.66252219216208,NA,1.3321316029835863,NA,1.331812746650162,NA,1.022135193672589,NA,1.0211308803551549,NA
9878106,72,l i l y j,5,-19.970386134913596,NA,-Inf,NA,-29.06974718873675,NA,1.1481724014715176,NA,1.148190949754183,NA,1.0019943881319666,NA,1.002104960638429,NA
9878106,3,d͡ʒ o h ɯ ʒ,5,-21.695656866924992,NA,-Inf,NA,-27.095777081000016,NA,1.1667337478513735,NA,1.1667240129734051,NA,1.001314605615787,NA,1.0014626748261763,NA
9878106,1,g o ɟ ø ʒ,5,-27.290446500844467,NA,-Inf,NA,-25.568532573095965,NA,1.1030121135597626,NA,1.1031174848991148,NA,1.001138393401175,NA,1.0012964338824402,NA
9878106,92,b a d͡ʒ ɯ z,5,-17.34515839292861,NA,-14.26280182945655,NA,-14.306332778850988,NA,1.4154917370834543,NA,1.4150459441905807,NA,1.0246087747061503,NA,1.023516791495323,NA
9878106,6,b y t͡ʃ ɯ ʒ,5,-21.616844660036552,NA,-Inf,NA,-22.629276208594433,NA,1.2022894136775335,NA,1.2022183989320754,NA,1.0049370975420808,NA,1.00489232261725,NA
9878106,1,h i ʒ u ʒ,5,-22.897101816795516,NA,-22.812369904220137,NA,-22.719046165604528,NA,1.174823947299784,NA,1.1748014419634516,NA,1.005038918518121,NA,1.0049919529548976,NA
9878106,60,ɟ y s y f,5,-22.96626912908152,NA,-23.65293144228456,NA,-23.26150177793404,NA,1.162474537561398,NA,1.1624701118447611,NA,1.007526105518591,NA,1.0073429378505647,NA
9878106,59,l y g a s,5,-18.444893137077603,NA,-Inf,NA,-26.067538150583637,NA,1.3050485464253128,NA,1.3047771819509606,NA,1.0127422017772911,NA,1.0121847222339244,NA
9878106,1,d͡ʒ o ʒ o h,5,-22.097218579005993,NA,-25.099219589381008,NA,-24.904916978881896,NA,1.11821597789651,NA,1.118289134009679,NA,1.0007051178379167,NA,1.0008859248512416,NA
9878106,56,t i k o n,5,-15.196101206729836,NA,-13.240996547523356,NA,-13.26604749315664,NA,1.31822773105001,NA,1.3179329037806882,NA,1.0146171328879905,NA,1.0140073512575454,NA
9878106,62,m y ɾ o n,5,-16.510128365915982,NA,-13.311535765675442,NA,-13.341581660625684,NA,1.4011942661317132,NA,1.400755060745874,NA,1.0445744785123534,NA,1.0423874508376312,NA
9878106,9,n ɯ c e h,5,-19.392820783812937,NA,-Inf,NA,-28.037484047969727,NA,1.1958159292110446,NA,1.1957471731906515,NA,1.001629162737002,NA,1.0017483602739372,NA
9878106,95,l y l e c,5,-22.712932987058565,NA,-Inf,NA,-32.3160745795191,NA,1.197065582611408,NA,1.1969989614223264,NA,1.0011971809784252,NA,1.0013454564534352,NA
9878106,31,z a c y c,5,-22.967338641377513,NA,-Inf,NA,-27.738112216193443,NA,1.30615402707163,NA,1.305906320725149,NA,1.004670156559676,NA,1.004641947160086,NA
9878106,21,h a ʒ y z,5,-20.11715672705851,NA,-17.4716328950729,NA,-17.489616749544957,NA,1.3520981109642247,NA,1.3517647948669438,NA,1.0246878459352902,NA,1.0236026306218002,NA
9878106,67,m e ɾ u ɾ,5,-14.696942662362323,NA,-13.023558297137315,NA,-13.045322398545368,NA,1.5265589938664366,NA,1.5258999366294403,NA,1.061050686684545,NA,1.0579611009135987,NA
9878106,35,v e ɟ ø ʒ,5,-25.88724899922946,NA,-Inf,NA,-26.13349816640546,NA,1.1934115930661473,NA,1.1933605512070449,NA,1.0050916845666988,NA,1.0050420161949054,NA
9878106,3,g o ɟ y ʒ,5,-26.081748746789877,NA,-24.756749204677632,NA,-24.261882275036,NA,1.1234691196569762,NA,1.1235372562431791,NA,1.0013257973115228,NA,1.001472532342125,NA
9878106,0,ɟ y f e ʒ,5,-24.68382830227571,NA,-25.22823350958293,NA,-24.924911824073703,NA,1.197274626696634,NA,1.197207333245688,NA,1.005629742506169,NA,1.0055403867692694,NA
9878106,57,t i k ɯ ɾ,5,-14.54245432215599,NA,-13.212451852990958,NA,-13.233651743758994,NA,1.352332061924168,NA,1.3519743902412205,NA,1.0240330562526363,NA,1.0228729978485829,NA
9878106,1,d ø ʒ u ʒ,5,-24.98943492896086,NA,-Inf,NA,-24.22776906482711,NA,1.1165991658515588,NA,1.116677401262255,NA,1.0026538128249567,NA,1.0027322776999663,NA
9878106,21,b a b u z,5,-17.031411824215805,NA,-14.580740364522184,NA,-14.616442917521326,NA,1.4171372456831095,NA,1.4166893612568667,NA,1.0339474952511396,NA,1.0323546619528714,NA
9878106,6,n ɯ d͡ʒ ɯ ʒ,5,-20.35265516851573,NA,-Inf,NA,-23.177728006252813,NA,1.141386496349446,NA,1.1414208042131675,NA,1.0016727518916322,NA,1.0018002670345545,NA
9878106,70,m e ɾ ɯ ɾ,5,-14.482075691887497,NA,-12.618518906214195,NA,-12.639743620026252,NA,1.5363601221358536,NA,1.535683225407098,NA,1.0643340657695692,NA,1.061047884258652,NA
9878106,13,v ø d͡ʒ o h,5,-21.363641778803853,NA,-Inf,NA,-28.344098104475098,NA,1.0848245663042964,NA,1.0849553554942497,NA,1.0002254577062906,NA,1.0004310609040532,NA
9878106,76,l e l y c,5,-22.712932987058565,NA,-Inf,NA,-31.625008565162982,NA,1.2146465675396698,NA,1.214557046255178,NA,1.0031176468016472,NA,1.0031701069775885,NA
9878106,62,l e l e h,5,-18.72169300477338,NA,-28.452981385838587,NA,-27.71152573039103,NA,1.3107126962643774,NA,1.31044502011368,NA,1.0043566425629775,NA,1.0043315471634189,NA
9878106,0,m a f ɯ ʒ,5,-19.123444916118363,NA,-Inf,NA,-20.272463690019514,NA,1.433901152468908,NA,1.4334293801112787,NA,1.028327685373242,NA,1.0270542242358425,NA
9878106,2,ɟ ø j o ʒ,5,-26.49689488595845,NA,-Inf,NA,-23.932703542616142,NA,1.0852809248581945,NA,1.085414770218477,NA,1.0023189127998635,NA,1.002409614578854,NA
9878106,56,ɟ e ɟ y c,5,-28.30653894777932,NA,-Inf,NA,-33.570427837482214,NA,1.196423265039634,NA,1.1963654108494548,NA,1.000231209196349,NA,1.000436132364972,NA
9878106,72,l e k a ɾ,5,-15.017293036612118,NA,-19.407834498130676,NA,-19.044786274829686,NA,1.5080939526744883,NA,1.5074543029063974,NA,1.045194852222235,NA,1.0427811490211962,NA
9878106,0,f i b ɯ ʒ,5,-20.436961838794783,NA,-Inf,NA,-22.999633738347892,NA,1.1898218295863592,NA,1.1897722159469446,NA,1.0083986623139738,NA,1.0081722495289367,NA
9878106,7,l i v ø c,5,-23.521629066683385,NA,-Inf,NA,-33.078770632151944,NA,1.1258459326384591,NA,1.1259116896807664,NA,1.0021258039899703,NA,1.0022313327026664,NA
9878106,34,l y g u j,5,-20.39121656784095,NA,-Inf,NA,-28.45058894678722,NA,1.147281360733707,NA,1.147299720778366,NA,1.0011865525645776,NA,1.0013362474692384,NA
9878106,41,n u c y j,5,-20.658545558102126,NA,-Inf,NA,-27.875256524586018,NA,1.1303835200334362,NA,1.1304329817238876,NA,1.0009000520491858,NA,1.001068684949295,NA
9878106,88,k ɯ ɾ ɯ ɾ,5,-15.10408899194573,NA,-12.806763517338286,NA,-12.830040671057915,NA,1.4320972084974872,NA,1.431600707758244,NA,1.049706303938969,NA,1.0471916891539033,NA
9878106,0,g u ɟ e ʒ,5,-24.520648215729064,NA,-Inf,NA,-25.12589588220793,NA,1.2072204570857334,NA,1.2071361783307428,NA,1.0015072051556937,NA,1.0016432622663496,NA
9878106,74,b i j o p,5,-17.819792145237756,NA,-14.411741791563118,NA,-14.44982851725279,NA,1.2320675183451335,NA,1.231941850926206,NA,1.019116645133666,NA,1.018318051070536,NA
9878106,6,b o ʒ i n,5,-19.551581921206928,NA,-15.34865531235195,NA,-15.46250667001904,NA,1.3176726144950657,NA,1.3173711639403407,NA,1.0201904519518092,NA,1.019223006244508,NA
9877009,73,n ø n y j,5,-18.59665120544969,NA,-23.859590348601593,NA,-23.813870098081395,NA,1.1568370879889744,NA,1.1568399878441131,NA,1.0032243478372642,NA,1.0032682870588847,NA
9877009,69,d͡ʒ o c e c,5,-23.67398203471596,NA,-Inf,NA,-30.529401402579964,NA,1.1916801758594504,NA,1.1916230071191674,NA,1.0012482052809664,NA,1.0013939567073278,NA
9877009,34,n i v y j,5,-17.493047560834334,NA,-22.47616192556484,NA,-22.44275508862507,NA,1.18050489552488,NA,1.1804673180900334,NA,1.0055738254825757,NA,1.0054960636982748,NA
9877009,47,z a c y c,5,-22.967338641377513,NA,-Inf,NA,-27.738112216193443,NA,1.30615402707163,NA,1.305906320725149,NA,1.004670156559676,NA,1.004641947160086,NA
9877009,29,h e ʒ o ʃ,5,-20.611692059199083,NA,-21.352021945146213,NA,-21.261716898107,NA,1.2591859769516531,NA,1.2590125489549313,NA,1.0061370897175157,NA,1.006025124082477,NA
9877009,36,g u ɟ e ʒ,5,-24.520648215729064,NA,-Inf,NA,-25.12589588220793,NA,1.2072204570857334,NA,1.2071361783307428,NA,1.0015072051556937,NA,1.0016432622663496,NA
9877009,73,l y l e c,5,-22.712932987058565,NA,-Inf,NA,-32.3160745795191,NA,1.197065582611408,NA,1.1969989614223264,NA,1.0011971809784252,NA,1.0013454564534352,NA
9877009,44,v ø l e j,5,-20.38341156188671,NA,-Inf,NA,-29.973439994045172,NA,1.1770011355390022,NA,1.1769622987891786,NA,1.0039778284969023,NA,1.0039467441646983,NA
9877009,82,d͡ʒ o ʒ o h,5,-22.097218579005993,NA,-25.099219589381008,NA,-24.904916978881896,NA,1.11821597789651,NA,1.118289134009679,NA,1.0007051178379167,NA,1.0008859248512416,NA
9877009,30,ɟ y f e ʒ,5,-24.68382830227571,NA,-25.22823350958293,NA,-24.924911824073703,NA,1.197274626696634,NA,1.197207333245688,NA,1.005629742506169,NA,1.0055403867692694,NA
9877009,41,ɟ y ʒ o ʒ,5,-27.99523158888624,NA,-28.69284841696419,NA,-28.14090746152981,NA,1.095036025210162,NA,1.095153452809103,NA,1.000304646498913,NA,1.0005045476286198,NA
9877009,76,v ø l y c,5,-24.69819952981217,NA,-Inf,NA,-34.22078322004938,NA,1.0738270837624526,NA,1.0739812033064169,NA,1.000065210303228,NA,1.0002790383147078,NA
9877009,95,m e ɾ u ɾ,5,-14.696942662362323,NA,-13.023558297137315,NA,-13.045322398545368,NA,1.5265589938664366,NA,1.5258999366294403,NA,1.061050686684545,NA,1.0579611009135987,NA
9877009,93,l i l y j,5,-19.970386134913596,NA,-Inf,NA,-29.06974718873675,NA,1.1481724014715176,NA,1.148190949754183,NA,1.0019943881319666,NA,1.002104960638429,NA
9877009,10,b i ʒ i ʃ,5,-19.526656073717337,NA,-17.97370132018528,NA,-18.017836365125127,NA,1.2861479817833397,NA,1.285919656722362,NA,1.0177954456980225,NA,1.017025230789646,NA
9877009,93,g u g ɯ ʒ,5,-22.12764402414707,NA,-Inf,NA,-23.62799403133488,NA,1.1604076914316734,NA,1.1604091652027129,NA,1.002296865096124,NA,1.0023929390707258,NA
9877009,91,ɟ ø ɟ ø t͡ʃ,5,-29.830320053966172,NA,-Inf,NA,-28.770426831168702,NA,1.0317338743417712,NA,1.0319599892793068,NA,1.0000545077946146,NA,1.0002695361099974,NA
9877009,44,b u ɟ ø ʒ,5,-26.42645995046814,NA,-Inf,NA,-24.718693605330763,NA,1.1344111048101857,NA,1.134462175918881,NA,1.0071497434921757,NA,1.006991934093099,NA
9877009,45,ɫ a c i v,5,-18.573457430867325,NA,-Inf,NA,-26.542814999082395,NA,1.405256699256112,NA,1.4048253291152235,NA,1.004371680977657,NA,1.004344736513621,NA
9877009,38,t i k o n,5,-15.196101206729836,NA,-13.240996547523356,NA,-13.26604749315664,NA,1.31822773105001,NA,1.3179329037806882,NA,1.0146171328879905,NA,1.0140073512575454,NA
9877009,23,z a ɟ e c,5,-22.710963226448087,NA,-Inf,NA,-26.8402764213242,NA,1.3881083490241413,NA,1.3877113533137964,NA,1.0055295882618005,NA,1.005450234168199,NA
9877009,93,l i v ø c,5,-23.521629066683385,NA,-Inf,NA,-33.078770632151944,NA,1.1258459326384591,NA,1.1259116896807664,NA,1.0021258039899703,NA,1.0022313327026664,NA
9877009,93,l e l e h,5,-18.72169300477338,NA,-28.452981385838587,NA,-27.71152573039103,NA,1.3107126962643774,NA,1.31044502011368,NA,1.0043566425629775,NA,1.0043315471634189,NA
9877009,47,v ø d͡ʒ o h,5,-21.363641778803853,NA,-Inf,NA,-28.344098104475098,NA,1.0848245663042964,NA,1.0849553554942497,NA,1.0002254577062906,NA,1.0004310609040532,NA
9877009,27,b y t͡ʃ ɯ ʒ,5,-21.616844660036552,NA,-Inf,NA,-22.629276208594433,NA,1.2022894136775335,NA,1.2022183989320754,NA,1.0049370975420808,NA,1.00489232261725,NA
9877009,36,t ø ɾ a n,5,-15.737900612639798,NA,-14.053612751333944,NA,-14.0900146594381,NA,1.4983632288774549,NA,1.4977406461807206,NA,1.0585320936609162,NA,1.055335124686371,NA
9877009,89,b a d͡ʒ ɯ z,5,-17.34515839292861,NA,-14.26280182945655,NA,-14.306332778850988,NA,1.4154917370834543,NA,1.4150459441905807,NA,1.0246087747061503,NA,1.023516791495323,NA
9877009,99,k o k u ɾ,5,-15.81589881907191,NA,-14.164787591245988,NA,-14.189177293546392,NA,1.3561640083612907,NA,1.3558006156133138,NA,1.0309577781402457,NA,1.029465068337247,NA
9877009,31,g ɯ ɟ y ʒ,5,-25.680187034708876,NA,-24.79307060996098,NA,-24.185039595714763,NA,1.112799708911742,NA,1.112886304686086,NA,1.002733246193697,NA,1.0028060614990746,NA
9877009,15,n u c y c,5,-23.59892773657295,NA,-Inf,NA,-30.1793505288519,NA,1.1106900084586075,NA,1.1107804796089662,NA,1.00076963144273,NA,1.0009464280876286,NA
9877009,31,d͡ʒ o h ɯ ʒ,5,-21.695656866924992,NA,-Inf,NA,-27.095777081000016,NA,1.1667337478513735,NA,1.1667240129734051,NA,1.001314605615787,NA,1.0014626748261763,NA
9877009,4,z a ɟ ø c,5,-25.29406676995731,NA,-Inf,NA,-27.908409897602446,NA,1.2841708027252068,NA,1.2839629886018915,NA,1.0048774852295213,NA,1.004838949859867,NA
9877009,86,n y n y j,5,-17.387953451395102,NA,-22.84121056217028,NA,-22.81293712937672,NA,1.207963604453446,NA,1.2078780501278503,NA,1.0079609523814197,NA,1.0077547671760057,NA
9877009,44,ɟ ø j o ʒ,5,-26.49689488595845,NA,-Inf,NA,-23.932703542616142,NA,1.0852809248581945,NA,1.085414770218477,NA,1.0023189127998635,NA,1.002409614578854,NA
9877009,22,n ɯ c e h,5,-19.392820783812937,NA,-Inf,NA,-28.037484047969727,NA,1.1958159292110446,NA,1.1957471731906515,NA,1.001629162737002,NA,1.0017483602739372,NA
9877009,90,n u n u ɫ,5,-16.1837999949144,NA,-19.621241364005783,NA,-19.623919938160853,NA,1.262793973357144,NA,1.262597334354253,NA,1.0096134601254851,NA,1.0092804006803462,NA
9877009,88,v e ɟ ø ʒ,5,-25.88724899922946,NA,-Inf,NA,-26.13349816640546,NA,1.1934115930661473,NA,1.1933605512070449,NA,1.0050916845666988,NA,1.0050420161949054,NA
9877009,97,g ɯ k o p,5,-18.396509345599615,NA,-15.155469592030345,NA,-15.199246251117556,NA,1.1896978651358043,NA,1.189645248846842,NA,1.0101186670128863,NA,1.0097904273217253,NA
9877009,45,ɟ e ʒ o ʒ,5,-26.6208257994316,NA,-Inf,NA,-28.771466371087545,NA,1.1960975503401443,NA,1.196040131009795,NA,1.0007952166504448,NA,1.0009691836637256,NA
9877009,44,ɟ e d͡ʒ ɯ ʃ,5,-21.882833802794956,NA,-Inf,NA,-23.003164237882388,NA,1.2591492701203255,NA,1.2589729296039585,NA,1.0107052213650367,NA,1.0102980225080054,NA
9877009,30,n ɯ t i v,5,-16.232908095139347,NA,-21.96802980566556,NA,-21.957749241597252,NA,1.268821147095549,NA,1.2686250852060037,NA,1.0211694574491372,NA,1.0202141924744377,NA
9877009,90,h a ʒ o ʒ,5,-22.411292023981808,NA,-19.98257424570709,NA,-20.012146466153983,NA,1.3339144804373528,NA,1.3336186560682508,NA,1.0242965841159228,NA,1.023235860036801,NA
9877009,89,h a ʒ a ʒ,5,-20.66320435727874,NA,-18.991359167803843,NA,-19.22316769797684,NA,1.503268859604257,NA,1.502664785412429,NA,1.0253887052721251,NA,1.024260469695336,NA
9877009,35,f i b ɯ ʒ,5,-20.436961838794783,NA,-Inf,NA,-22.999633738347892,NA,1.1898218295863592,NA,1.1897722159469446,NA,1.0083986623139738,NA,1.0081722495289367,NA
9877009,86,t͡ʃ y f i c,5,-21.728960784187848,NA,-22.716786973512093,NA,-22.5853234924357,NA,1.2320360956439638,NA,1.2319083144749632,NA,1.006182387818063,NA,1.006063337860201,NA
9877009,35,b u m e l,5,-17.814766387475487,NA,-15.347656861812922,NA,-15.39559611789573,NA,1.295187097363635,NA,1.2949473270829202,NA,1.01977328294233,NA,1.0189224624213549,NA
9877009,40,g ɯ ɾ a ʒ,5,-18.902722310983343,NA,-16.198481439042656,NA,-16.34403605221776,NA,1.419942412927112,NA,1.419480952598695,NA,1.0501716213082088,NA,1.0476633593333955,NA
9877009,36,g o ɟ y ʒ,5,-26.081748746789877,NA,-24.756749204677632,NA,-24.261882275036,NA,1.1234691196569762,NA,1.1235372562431791,NA,1.0013257973115228,NA,1.001472532342125,NA
9877009,85,d ø z i ʒ,5,-21.70542391051496,NA,-19.545489240999224,NA,-19.60431392431074,NA,1.2249679545138032,NA,1.2248519373951183,NA,1.009262247629164,NA,1.008979216459775,NA
9877009,35,h i ʒ u ʒ,5,-22.897101816795516,NA,-22.812369904220137,NA,-22.719046165604528,NA,1.174823947299784,NA,1.1748014419634516,NA,1.005038918518121,NA,1.0049919529548976,NA
9877009,82,b o ʒ i n,5,-19.551581921206928,NA,-15.34865531235195,NA,-15.46250667001904,NA,1.3176726144950657,NA,1.3173711639403407,NA,1.0201904519518092,NA,1.019223006244508,NA
9877009,43,d ø ʒ u ʒ,5,-24.98943492896086,NA,-Inf,NA,-24.22776906482711,NA,1.1165991658515588,NA,1.116677401262255,NA,1.0026538128249567,NA,1.0027322776999663,NA
9877009,91,l e l y c,5,-22.712932987058565,NA,-Inf,NA,-31.625008565162982,NA,1.2146465675396698,NA,1.214557046255178,NA,1.0031176468016472,NA,1.0031701069775885,NA
9877009,94,ɟ y s y f,5,-22.96626912908152,NA,-23.65293144228456,NA,-23.26150177793404,NA,1.162474537561398,NA,1.1624701118447611,NA,1.007526105518591,NA,1.0073429378505647,NA
9877009,38,v ɯ m o ʒ,5,-20.866255525720582,NA,-21.52786979559882,NA,-21.609613266696552,NA,1.1433244251421313,NA,1.1433577818079883,NA,1.0025302512137306,NA,1.002610125753439,NA
9877009,91,b u ʒ a ʒ,5,-22.017309102851215,NA,-20.97270040380033,NA,-21.003650352513297,NA,1.323179462039307,NA,1.3228869771540068,NA,1.0084920033526763,NA,1.0082515552702562,NA
9877009,90,t͡ʃ ø z e z,5,-19.754215062891827,NA,-16.895697183378992,NA,-16.939241023440918,NA,1.2120949070379754,NA,1.2119958615786497,NA,1.009437938030965,NA,1.0091286519340401,NA
9877009,99,m a f ɯ ʒ,5,-19.123444916118363,NA,-Inf,NA,-20.272463690019514,NA,1.433901152468908,NA,1.4334293801112787,NA,1.028327685373242,NA,1.0270542242358425,NA
9877009,14,b u p o n,5,-18.090788535226785,NA,-14.871571711459897,NA,-14.898543975468526,NA,1.2534517142540844,NA,1.2532693351189497,NA,1.0146087672669268,NA,1.014002641902062,NA
9877009,28,l y g u j,5,-20.39121656784095,NA,-Inf,NA,-28.45058894678722,NA,1.147281360733707,NA,1.147299720778366,NA,1.0011865525645776,NA,1.0013362474692384,NA
9877009,17,l y g ɯ h,5,-20.4998975830064,NA,-Inf,NA,-29.036115755256105,NA,1.149974565951282,NA,1.149989887931764,NA,1.00059203852765,NA,1.0007759709906086,NA
9877009,96,ɟ e ɟ e c,5,-26.93213315832468,NA,-Inf,NA,-34.31977028302991,NA,1.279903805241355,NA,1.279694004217295,NA,1.0007611186215082,NA,1.0009324466444522,NA
9877009,68,b e ɟ i ʒ,5,-22.954468016281908,NA,-24.634615074769357,NA,-24.189436304001077,NA,1.352371013895645,NA,1.3520350120491875,NA,1.0125225794453168,NA,1.012081798156116,NA
9877009,37,h ø ʒ ɯ ʃ,5,-22.793233890627302,NA,-Inf,NA,-24.383373092781312,NA,1.1381678025861008,NA,1.13820094196689,NA,1.006410521744585,NA,1.0062326049478594,NA
9877009,33,t i k ɯ ɾ,5,-14.54245432215599,NA,-13.212451852990958,NA,-13.233651743758994,NA,1.352332061924168,NA,1.3519743902412205,NA,1.0240330562526363,NA,1.0228729978485829,NA
9877009,33,f u c i c,5,-23.709298903113027,NA,-Inf,NA,-29.70602713063263,NA,1.206154311454209,NA,1.2060714855791586,NA,1.0011929509918631,NA,1.0013448826976608,NA
9877009,91,ɟ e ɟ y c,5,-28.30653894777932,NA,-Inf,NA,-33.570427837482214,NA,1.196423265039634,NA,1.1963654108494548,NA,1.000231209196349,NA,1.000436132364972,NA
9877009,35,m e ɾ ɯ ɾ,5,-14.482075691887497,NA,-12.618518906214195,NA,-12.639743620026252,NA,1.5363601221358536,NA,1.535683225407098,NA,1.0643340657695692,NA,1.061047884258652,NA
9877009,27,ʃ o ʃ e ʒ,5,-20.72090935766442,NA,-22.109244486171928,NA,-22.17599288318765,NA,1.2201293152835069,NA,1.2200223876473202,NA,1.0053494657208828,NA,1.005275324117079,NA
9877009,90,ɫ o m ɯ t,5,-16.10906876251265,NA,-20.463295386477544,NA,-20.459024896790748,NA,1.226354557914894,NA,1.2262249588685283,NA,1.0089687051569078,NA,1.008691414558396,NA
9877009,34,m y ɾ o n,5,-16.510128365915982,NA,-13.311535765675442,NA,-13.341581660625684,NA,1.4011942661317132,NA,1.400755060745874,NA,1.0445744785123534,NA,1.0423874508376312,NA
9877009,99,n ɯ d͡ʒ ɯ ʒ,5,-20.35265516851573,NA,-Inf,NA,-23.177728006252813,NA,1.141386496349446,NA,1.1414208042131675,NA,1.0016727518916322,NA,1.0018002670345545,NA
9877009,36,b i j o p,5,-17.819792145237756,NA,-14.411741791563118,NA,-14.44982851725279,NA,1.2320675183451335,NA,1.231941850926206,NA,1.019116645133666,NA,1.018318051070536,NA
9877009,100,ɟ i ɟ e c,5,-27.129968484650533,NA,-Inf,NA,-33.71720502403168,NA,1.193736127598374,NA,1.1936754056013783,NA,1.0007611186215082,NA,1.0009324466444522,NA
9877009,26,k a ɾ e t,5,-12.998093041208076,NA,-11.97346206217353,NA,-11.990829041411471,NA,1.6697599573021775,NA,1.6688574527874926,NA,1.110223784834866,NA,1.1044830661891687,NA
9877009,28,h a ʒ y z,5,-20.11715672705851,NA,-17.4716328950729,NA,-17.489616749544957,NA,1.3520981109642247,NA,1.3517647948669438,NA,1.0246878459352902,NA,1.0236026306218002,NA
9877009,15,k ɯ ɾ e t,5,-14.34461899583014,NA,-12.379643812608151,NA,-12.401069233681326,NA,1.4574007718602364,NA,1.4568656707805725,NA,1.0575407260274738,NA,1.054575679739315,NA
9877009,8,n ɯ t u j,5,-16.458023913936312,NA,-21.523380072352197,NA,-21.520724492736264,NA,1.2065410713885756,NA,1.2064562308023568,NA,1.0047893568512176,NA,1.0047454608812807,NA
9877009,1,l y g a s,5,-18.444893137077603,NA,-Inf,NA,-26.067538150583637,NA,1.3050485464253128,NA,1.3047771819509606,NA,1.0127422017772911,NA,1.0121847222339244,NA
9877009,100,c i t͡ʃ e f,5,-20.35455499473321,NA,-Inf,NA,-23.19101449988911,NA,1.2206632956388237,NA,1.2205511500064978,NA,1.0041193198207332,NA,1.0040987094266125,NA
9877009,100,ɫ o h o h,5,-18.44006945078326,NA,-24.54133724676997,NA,-24.433813499665337,NA,1.140881701067639,NA,1.140915313678908,NA,1.0026601201755148,NA,1.0027379316413156,NA
9877009,100,k ɯ ɾ ɯ ɾ,5,-15.10408899194573,NA,-12.806763517338286,NA,-12.830040671057915,NA,1.4320972084974872,NA,1.431600707758244,NA,1.049706303938969,NA,1.0471916891539033,NA
9877009,100,b a b u z,5,-17.031411824215805,NA,-14.580740364522184,NA,-14.616442917521326,NA,1.4171372456831095,NA,1.4166893612568667,NA,1.0339474952511396,NA,1.0323546619528714,NA
9877009,63,f y c ø v,5,-24.105639586157395,NA,-Inf,NA,-24.665973193548194,NA,1.1129298669413028,NA,1.1130142426187757,NA,1.0013678237866614,NA,1.0015130661860885,NA
9877009,87,k a k o n,5,-14.50659106646786,NA,-12.17321902001452,NA,-12.197940719744937,NA,1.533550580453257,NA,1.532883248380266,NA,1.0716980709170678,NA,1.0680836932215294,NA
9877009,31,n ø m ɯ j,5,-18.18724158107039,NA,-23.99488997807466,NA,-23.947971790620024,NA,1.1624899274009108,NA,1.1624806365353328,NA,1.0028689545306988,NA,1.002926864143793,NA
9877009,43,t͡ʃ o ɫ a ʒ,5,-19.424282256875884,NA,-18.005456232553836,NA,-18.13605719361724,NA,1.37194225034822,NA,1.3715644260384483,NA,1.027293545810697,NA,1.0260195746102412,NA
9877009,42,l e k a ɾ,5,-15.017293036612118,NA,-19.407834498130676,NA,-19.044786274829686,NA,1.5080939526744883,NA,1.5074543029063974,NA,1.045194852222235,NA,1.0427811490211962,NA
9877009,32,b i h a ʒ,5,-18.744934240832112,NA,-16.24298849238163,NA,-16.385096205880032,NA,1.3733553453253655,NA,1.372975726405124,NA,1.0233784812990958,NA,1.0223335961608893,NA
9877009,32,ɫ o c y c,5,-23.77472516728996,NA,-Inf,NA,-29.95538503380819,NA,1.101649180915417,NA,1.1017552870760137,NA,1.0021777770233191,NA,1.0022805824390244,NA
9877009,29,n u c y j,5,-20.658545558102126,NA,-Inf,NA,-27.875256524586018,NA,1.1303835200334362,NA,1.1304329817238876,NA,1.0009000520491858,NA,1.001068684949295,NA
9877009,31,k ɯ ɾ ø ɾ,5,-16.815335788926927,NA,-15.47207327845282,NA,-15.47290521159459,NA,1.3818949177686708,NA,1.3814897925657066,NA,1.0336014287971542,NA,1.032037505843908,NA
9877009,30,g ɯ ɟ y z,5,-23.285064406939977,NA,-21.353497172991236,NA,-20.799421774706857,NA,1.129558756841315,NA,1.1296104538368636,NA,1.0031897183162923,NA,1.003233960514907,NA
9877009,25,g o ɟ ø ʒ,5,-27.290446500844467,NA,-Inf,NA,-25.568532573095965,NA,1.1030121135597626,NA,1.1031174848991148,NA,1.001138393401175,NA,1.0012964338824402,NA
9877009,83,k u ɾ ɯ ɾ,5,-15.318955962420556,NA,-13.370493909747877,NA,-13.394216805421626,NA,1.4430374164697577,NA,1.4425219880350606,NA,1.0417068954004978,NA,1.0396145126083167,NA
9877009,91,k u k o n,5,-16.067983991564752,NA,-13.63563902211114,NA,-13.66252219216208,NA,1.3321316029835863,NA,1.331812746650162,NA,1.022135193672589,NA,1.0211308803551549,NA
9877087,59,ɟ e ɟ e c,5,-26.93213315832468,NA,-Inf,NA,-34.31977028302991,NA,1.279903805241355,NA,1.279694004217295,NA,1.0007611186215082,NA,1.0009324466444522,NA
9877087,39,g o ɟ y ʒ,5,-26.081748746789877,NA,-24.756749204677632,NA,-24.261882275036,NA,1.1234691196569762,NA,1.1235372562431791,NA,1.0013257973115228,NA,1.001472532342125,NA
9877087,15,n ø m ɯ j,5,-18.18724158107039,NA,-23.99488997807466,NA,-23.947971790620024,NA,1.1624899274009108,NA,1.1624806365353328,NA,1.0028689545306988,NA,1.002926864143793,NA
9877087,21,l i v ø c,5,-23.521629066683385,NA,-Inf,NA,-33.078770632151944,NA,1.1258459326384591,NA,1.1259116896807664,NA,1.0021258039899703,NA,1.0022313327026664,NA
9877087,14,g ɯ ɟ y z,5,-23.285064406939977,NA,-21.353497172991236,NA,-20.799421774706857,NA,1.129558756841315,NA,1.1296104538368636,NA,1.0031897183162923,NA,1.003233960514907,NA
9877087,73,n y n y j,5,-17.387953451395102,NA,-22.84121056217028,NA,-22.81293712937672,NA,1.207963604453446,NA,1.2078780501278503,NA,1.0079609523814197,NA,1.0077547671760057,NA
9877087,36,l e l y c,5,-22.712932987058565,NA,-Inf,NA,-31.625008565162982,NA,1.2146465675396698,NA,1.214557046255178,NA,1.0031176468016472,NA,1.0031701069775885,NA
9877087,69,b a b u z,5,-17.031411824215805,NA,-14.580740364522184,NA,-14.616442917521326,NA,1.4171372456831095,NA,1.4166893612568667,NA,1.0339474952511396,NA,1.0323546619528714,NA
9877087,0,v ø d͡ʒ o h,5,-21.363641778803853,NA,-Inf,NA,-28.344098104475098,NA,1.0848245663042964,NA,1.0849553554942497,NA,1.0002254577062906,NA,1.0004310609040532,NA
9877087,29,v e ɟ ø ʒ,5,-25.88724899922946,NA,-Inf,NA,-26.13349816640546,NA,1.1934115930661473,NA,1.1933605512070449,NA,1.0050916845666988,NA,1.0050420161949054,NA
9877087,27,l i l y j,5,-19.970386134913596,NA,-Inf,NA,-29.06974718873675,NA,1.1481724014715176,NA,1.148190949754183,NA,1.0019943881319666,NA,1.002104960638429,NA
9877087,21,t i k ɯ ɾ,5,-14.54245432215599,NA,-13.212451852990958,NA,-13.233651743758994,NA,1.352332061924168,NA,1.3519743902412205,NA,1.0240330562526363,NA,1.0228729978485829,NA
9877087,2,h e ʒ o ʃ,5,-20.611692059199083,NA,-21.352021945146213,NA,-21.261716898107,NA,1.2591859769516531,NA,1.2590125489549313,NA,1.0061370897175157,NA,1.006025124082477,NA
9877087,65,g ɯ k o p,5,-18.396509345599615,NA,-15.155469592030345,NA,-15.199246251117556,NA,1.1896978651358043,NA,1.189645248846842,NA,1.0101186670128863,NA,1.0097904273217253,NA
9877087,73,ɟ i ɟ e c,5,-27.129968484650533,NA,-Inf,NA,-33.71720502403168,NA,1.193736127598374,NA,1.1936754056013783,NA,1.0007611186215082,NA,1.0009324466444522,NA
9877087,0,d͡ʒ o h ɯ ʒ,5,-21.695656866924992,NA,-Inf,NA,-27.095777081000016,NA,1.1667337478513735,NA,1.1667240129734051,NA,1.001314605615787,NA,1.0014626748261763,NA
9877087,8,b u ʒ a ʒ,5,-22.017309102851215,NA,-20.97270040380033,NA,-21.003650352513297,NA,1.323179462039307,NA,1.3228869771540068,NA,1.0084920033526763,NA,1.0082515552702562,NA
9877087,34,n u c y c,5,-23.59892773657295,NA,-Inf,NA,-30.1793505288519,NA,1.1106900084586075,NA,1.1107804796089662,NA,1.00076963144273,NA,1.0009464280876286,NA
9877087,87,k o k u ɾ,5,-15.81589881907191,NA,-14.164787591245988,NA,-14.189177293546392,NA,1.3561640083612907,NA,1.3558006156133138,NA,1.0309577781402457,NA,1.029465068337247,NA
9877087,0,b y t͡ʃ ɯ ʒ,5,-21.616844660036552,NA,-Inf,NA,-22.629276208594433,NA,1.2022894136775335,NA,1.2022183989320754,NA,1.0049370975420808,NA,1.00489232261725,NA
9877087,21,l y g u j,5,-20.39121656784095,NA,-Inf,NA,-28.45058894678722,NA,1.147281360733707,NA,1.147299720778366,NA,1.0011865525645776,NA,1.0013362474692384,NA
9877087,0,d ø ʒ u ʒ,5,-24.98943492896086,NA,-Inf,NA,-24.22776906482711,NA,1.1165991658515588,NA,1.116677401262255,NA,1.0026538128249567,NA,1.0027322776999663,NA
9877087,0,f i b ɯ ʒ,5,-20.436961838794783,NA,-Inf,NA,-22.999633738347892,NA,1.1898218295863592,NA,1.1897722159469446,NA,1.0083986623139738,NA,1.0081722495289367,NA
9877087,11,k ɯ ɾ ø ɾ,5,-16.815335788926927,NA,-15.47207327845282,NA,-15.47290521159459,NA,1.3818949177686708,NA,1.3814897925657066,NA,1.0336014287971542,NA,1.032037505843908,NA
9877087,66,l y l e c,5,-22.712932987058565,NA,-Inf,NA,-32.3160745795191,NA,1.197065582611408,NA,1.1969989614223264,NA,1.0011971809784252,NA,1.0013454564534352,NA
9877087,0,n ɯ d͡ʒ ɯ ʒ,5,-20.35265516851573,NA,-Inf,NA,-23.177728006252813,NA,1.141386496349446,NA,1.1414208042131675,NA,1.0016727518916322,NA,1.0018002670345545,NA
9877087,54,c i t͡ʃ e f,5,-20.35455499473321,NA,-Inf,NA,-23.19101449988911,NA,1.2206632956388237,NA,1.2205511500064978,NA,1.0041193198207332,NA,1.0040987094266125,NA
9877087,66,ɟ y s y f,5,-22.96626912908152,NA,-23.65293144228456,NA,-23.26150177793404,NA,1.162474537561398,NA,1.1624701118447611,NA,1.007526105518591,NA,1.0073429378505647,NA
9877087,0,b i h a ʒ,5,-18.744934240832112,NA,-16.24298849238163,NA,-16.385096205880032,NA,1.3733553453253655,NA,1.372975726405124,NA,1.0233784812990958,NA,1.0223335961608893,NA
9877087,0,z a ɟ ø c,5,-25.29406676995731,NA,-Inf,NA,-27.908409897602446,NA,1.2841708027252068,NA,1.2839629886018915,NA,1.0048774852295213,NA,1.004838949859867,NA
9877087,43,n ø n y j,5,-18.59665120544969,NA,-23.859590348601593,NA,-23.813870098081395,NA,1.1568370879889744,NA,1.1568399878441131,NA,1.0032243478372642,NA,1.0032682870588847,NA
9877087,38,v ø l e j,5,-20.38341156188671,NA,-Inf,NA,-29.973439994045172,NA,1.1770011355390022,NA,1.1769622987891786,NA,1.0039778284969023,NA,1.0039467441646983,NA
9877087,29,v ø l y c,5,-24.69819952981217,NA,-Inf,NA,-34.22078322004938,NA,1.0738270837624526,NA,1.0739812033064169,NA,1.000065210303228,NA,1.0002790383147078,NA
9877087,0,ɟ y ʒ o ʒ,5,-27.99523158888624,NA,-28.69284841696419,NA,-28.14090746152981,NA,1.095036025210162,NA,1.095153452809103,NA,1.000304646498913,NA,1.0005045476286198,NA
9877087,65,l e k a ɾ,5,-15.017293036612118,NA,-19.407834498130676,NA,-19.044786274829686,NA,1.5080939526744883,NA,1.5074543029063974,NA,1.045194852222235,NA,1.0427811490211962,NA
9877087,18,ɟ ø ɟ ø t͡ʃ,5,-29.830320053966172,NA,-Inf,NA,-28.770426831168702,NA,1.0317338743417712,NA,1.0319599892793068,NA,1.0000545077946146,NA,1.0002695361099974,NA
9877087,0,d ø z i ʒ,5,-21.70542391051496,NA,-19.545489240999224,NA,-19.60431392431074,NA,1.2249679545138032,NA,1.2248519373951183,NA,1.009262247629164,NA,1.008979216459775,NA
9877087,66,t i k o n,5,-15.196101206729836,NA,-13.240996547523356,NA,-13.26604749315664,NA,1.31822773105001,NA,1.3179329037806882,NA,1.0146171328879905,NA,1.0140073512575454,NA
9877087,7,t͡ʃ o ɫ a ʒ,5,-19.424282256875884,NA,-18.005456232553836,NA,-18.13605719361724,NA,1.37194225034822,NA,1.3715644260384483,NA,1.027293545810697,NA,1.0260195746102412,NA
9877087,0,ɫ o h o h,5,-18.44006945078326,NA,-24.54133724676997,NA,-24.433813499665337,NA,1.140881701067639,NA,1.140915313678908,NA,1.0026601201755148,NA,1.0027379316413156,NA
9877087,80,b u p o n,5,-18.090788535226785,NA,-14.871571711459897,NA,-14.898543975468526,NA,1.2534517142540844,NA,1.2532693351189497,NA,1.0146087672669268,NA,1.014002641902062,NA
9877087,100,k ɯ ɾ e t,5,-14.34461899583014,NA,-12.379643812608151,NA,-12.401069233681326,NA,1.4574007718602364,NA,1.4568656707805725,NA,1.0575407260274738,NA,1.054575679739315,NA
9877087,7,f y c ø v,5,-24.105639586157395,NA,-Inf,NA,-24.665973193548194,NA,1.1129298669413028,NA,1.1130142426187757,NA,1.0013678237866614,NA,1.0015130661860885,NA
9877087,7,h a ʒ o ʒ,5,-22.411292023981808,NA,-19.98257424570709,NA,-20.012146466153983,NA,1.3339144804373528,NA,1.3336186560682508,NA,1.0242965841159228,NA,1.023235860036801,NA
9877087,7,v ɯ m o ʒ,5,-20.866255525720582,NA,-21.52786979559882,NA,-21.609613266696552,NA,1.1433244251421313,NA,1.1433577818079883,NA,1.0025302512137306,NA,1.002610125753439,NA
9877087,100,k ɯ ɾ ɯ ɾ,5,-15.10408899194573,NA,-12.806763517338286,NA,-12.830040671057915,NA,1.4320972084974872,NA,1.431600707758244,NA,1.049706303938969,NA,1.0471916891539033,NA
9877087,0,ɟ e ɟ y c,5,-28.30653894777932,NA,-Inf,NA,-33.570427837482214,NA,1.196423265039634,NA,1.1963654108494548,NA,1.000231209196349,NA,1.000436132364972,NA
9877087,0,h i ʒ u ʒ,5,-22.897101816795516,NA,-22.812369904220137,NA,-22.719046165604528,NA,1.174823947299784,NA,1.1748014419634516,NA,1.005038918518121,NA,1.0049919529548976,NA
9877087,96,b a d͡ʒ ɯ z,5,-17.34515839292861,NA,-14.26280182945655,NA,-14.306332778850988,NA,1.4154917370834543,NA,1.4150459441905807,NA,1.0246087747061503,NA,1.023516791495323,NA
9877087,0,h a ʒ a ʒ,5,-20.66320435727874,NA,-18.991359167803843,NA,-19.22316769797684,NA,1.503268859604257,NA,1.502664785412429,NA,1.0253887052721251,NA,1.024260469695336,NA
9877087,0,h a ʒ y z,5,-20.11715672705851,NA,-17.4716328950729,NA,-17.489616749544957,NA,1.3520981109642247,NA,1.3517647948669438,NA,1.0246878459352902,NA,1.0236026306218002,NA
9877087,28,k u ɾ ɯ ɾ,5,-15.318955962420556,NA,-13.370493909747877,NA,-13.394216805421626,NA,1.4430374164697577,NA,1.4425219880350606,NA,1.0417068954004978,NA,1.0396145126083167,NA
9877087,15,z a c y c,5,-22.967338641377513,NA,-Inf,NA,-27.738112216193443,NA,1.30615402707163,NA,1.305906320725149,NA,1.004670156559676,NA,1.004641947160086,NA
9877087,8,ɟ e d͡ʒ ɯ ʃ,5,-21.882833802794956,NA,-Inf,NA,-23.003164237882388,NA,1.2591492701203255,NA,1.2589729296039585,NA,1.0107052213650367,NA,1.0102980225080054,NA
9877087,10,z a ɟ e c,5,-22.710963226448087,NA,-Inf,NA,-26.8402764213242,NA,1.3881083490241413,NA,1.3877113533137964,NA,1.0055295882618005,NA,1.005450234168199,NA
9877087,4,b o ʒ i n,5,-19.551581921206928,NA,-15.34865531235195,NA,-15.46250667001904,NA,1.3176726144950657,NA,1.3173711639403407,NA,1.0201904519518092,NA,1.019223006244508,NA
9877087,0,d͡ʒ o ʒ o h,5,-22.097218579005993,NA,-25.099219589381008,NA,-24.904916978881896,NA,1.11821597789651,NA,1.118289134009679,NA,1.0007051178379167,NA,1.0008859248512416,NA
9877087,0,n ɯ t u j,5,-16.458023913936312,NA,-21.523380072352197,NA,-21.520724492736264,NA,1.2065410713885756,NA,1.2064562308023568,NA,1.0047893568512176,NA,1.0047454608812807,NA
9877087,75,b i j o p,5,-17.819792145237756,NA,-14.411741791563118,NA,-14.44982851725279,NA,1.2320675183451335,NA,1.231941850926206,NA,1.019116645133666,NA,1.018318051070536,NA
9877087,73,b u m e l,5,-17.814766387475487,NA,-15.347656861812922,NA,-15.39559611789573,NA,1.295187097363635,NA,1.2949473270829202,NA,1.01977328294233,NA,1.0189224624213549,NA
9877087,82,m y ɾ o n,5,-16.510128365915982,NA,-13.311535765675442,NA,-13.341581660625684,NA,1.4011942661317132,NA,1.400755060745874,NA,1.0445744785123534,NA,1.0423874508376312,NA
9877087,26,n i v y j,5,-17.493047560834334,NA,-22.47616192556484,NA,-22.44275508862507,NA,1.18050489552488,NA,1.1804673180900334,NA,1.0055738254825757,NA,1.0054960636982748,NA
9877087,0,h ø ʒ ɯ ʃ,5,-22.793233890627302,NA,-Inf,NA,-24.383373092781312,NA,1.1381678025861008,NA,1.13820094196689,NA,1.006410521744585,NA,1.0062326049478594,NA
9877087,23,n ɯ c e h,5,-19.392820783812937,NA,-Inf,NA,-28.037484047969727,NA,1.1958159292110446,NA,1.1957471731906515,NA,1.001629162737002,NA,1.0017483602739372,NA
9877087,65,ɟ y f e ʒ,5,-24.68382830227571,NA,-25.22823350958293,NA,-24.924911824073703,NA,1.197274626696634,NA,1.197207333245688,NA,1.005629742506169,NA,1.0055403867692694,NA
9877087,0,l y g ɯ h,5,-20.4998975830064,NA,-Inf,NA,-29.036115755256105,NA,1.149974565951282,NA,1.149989887931764,NA,1.00059203852765,NA,1.0007759709906086,NA
9877087,6,b i ʒ i ʃ,5,-19.526656073717337,NA,-17.97370132018528,NA,-18.017836365125127,NA,1.2861479817833397,NA,1.285919656722362,NA,1.0177954456980225,NA,1.017025230789646,NA
9877087,10,n u c y j,5,-20.658545558102126,NA,-Inf,NA,-27.875256524586018,NA,1.1303835200334362,NA,1.1304329817238876,NA,1.0009000520491858,NA,1.001068684949295,NA
9877087,77,g ɯ ɾ a ʒ,5,-18.902722310983343,NA,-16.198481439042656,NA,-16.34403605221776,NA,1.419942412927112,NA,1.419480952598695,NA,1.0501716213082088,NA,1.0476633593333955,NA
9877087,0,b e ɟ i ʒ,5,-22.954468016281908,NA,-24.634615074769357,NA,-24.189436304001077,NA,1.352371013895645,NA,1.3520350120491875,NA,1.0125225794453168,NA,1.012081798156116,NA
9877087,5,m e ɾ ɯ ɾ,5,-14.482075691887497,NA,-12.618518906214195,NA,-12.639743620026252,NA,1.5363601221358536,NA,1.535683225407098,NA,1.0643340657695692,NA,1.061047884258652,NA
9877087,100,m e ɾ u ɾ,5,-14.696942662362323,NA,-13.023558297137315,NA,-13.045322398545368,NA,1.5265589938664366,NA,1.5258999366294403,NA,1.061050686684545,NA,1.0579611009135987,NA
9877087,16,t ø ɾ a n,5,-15.737900612639798,NA,-14.053612751333944,NA,-14.0900146594381,NA,1.4983632288774549,NA,1.4977406461807206,NA,1.0585320936609162,NA,1.055335124686371,NA
9877087,0,g u ɟ e ʒ,5,-24.520648215729064,NA,-Inf,NA,-25.12589588220793,NA,1.2072204570857334,NA,1.2071361783307428,NA,1.0015072051556937,NA,1.0016432622663496,NA
9877087,7,g ɯ ɟ y ʒ,5,-25.680187034708876,NA,-24.79307060996098,NA,-24.185039595714763,NA,1.112799708911742,NA,1.112886304686086,NA,1.002733246193697,NA,1.0028060614990746,NA
9877087,67,k u k o n,5,-16.067983991564752,NA,-13.63563902211114,NA,-13.66252219216208,NA,1.3321316029835863,NA,1.331812746650162,NA,1.022135193672589,NA,1.0211308803551549,NA
9877087,17,g u g ɯ ʒ,5,-22.12764402414707,NA,-Inf,NA,-23.62799403133488,NA,1.1604076914316734,NA,1.1604091652027129,NA,1.002296865096124,NA,1.0023929390707258,NA
9877087,83,n u n u ɫ,5,-16.1837999949144,NA,-19.621241364005783,NA,-19.623919938160853,NA,1.262793973357144,NA,1.262597334354253,NA,1.0096134601254851,NA,1.0092804006803462,NA
9877087,0,ɫ o m ɯ t,5,-16.10906876251265,NA,-20.463295386477544,NA,-20.459024896790748,NA,1.226354557914894,NA,1.2262249588685283,NA,1.0089687051569078,NA,1.008691414558396,NA
9877087,77,ɫ a c i v,5,-18.573457430867325,NA,-Inf,NA,-26.542814999082395,NA,1.405256699256112,NA,1.4048253291152235,NA,1.004371680977657,NA,1.004344736513621,NA
9877087,0,g o ɟ ø ʒ,5,-27.290446500844467,NA,-Inf,NA,-25.568532573095965,NA,1.1030121135597626,NA,1.1031174848991148,NA,1.001138393401175,NA,1.0012964338824402,NA
9877087,2,b u ɟ ø ʒ,5,-26.42645995046814,NA,-Inf,NA,-24.718693605330763,NA,1.1344111048101857,NA,1.134462175918881,NA,1.0071497434921757,NA,1.006991934093099,NA
9877087,100,k a ɾ e t,5,-12.998093041208076,NA,-11.97346206217353,NA,-11.990829041411471,NA,1.6697599573021775,NA,1.6688574527874926,NA,1.110223784834866,NA,1.1044830661891687,NA
9877087,44,l y g a s,5,-18.444893137077603,NA,-Inf,NA,-26.067538150583637,NA,1.3050485464253128,NA,1.3047771819509606,NA,1.0127422017772911,NA,1.0121847222339244,NA
9877087,0,n ɯ t i v,5,-16.232908095139347,NA,-21.96802980566556,NA,-21.957749241597252,NA,1.268821147095549,NA,1.2686250852060037,NA,1.0211694574491372,NA,1.0202141924744377,NA
9877087,1,ɟ ø j o ʒ,5,-26.49689488595845,NA,-Inf,NA,-23.932703542616142,NA,1.0852809248581945,NA,1.085414770218477,NA,1.0023189127998635,NA,1.002409614578854,NA
9877087,74,k a k o n,5,-14.50659106646786,NA,-12.17321902001452,NA,-12.197940719744937,NA,1.533550580453257,NA,1.532883248380266,NA,1.0716980709170678,NA,1.0680836932215294,NA
9877087,1,m a f ɯ ʒ,5,-19.123444916118363,NA,-Inf,NA,-20.272463690019514,NA,1.433901152468908,NA,1.4334293801112787,NA,1.028327685373242,NA,1.0270542242358425,NA
9877087,38,ɫ o c y c,5,-23.77472516728996,NA,-Inf,NA,-29.95538503380819,NA,1.101649180915417,NA,1.1017552870760137,NA,1.0021777770233191,NA,1.0022805824390244,NA
9877087,18,l e l e h,5,-18.72169300477338,NA,-28.452981385838587,NA,-27.71152573039103,NA,1.3107126962643774,NA,1.31044502011368,NA,1.0043566425629775,NA,1.0043315471634189,NA
9877087,27,d͡ʒ o c e c,5,-23.67398203471596,NA,-Inf,NA,-30.529401402579964,NA,1.1916801758594504,NA,1.1916230071191674,NA,1.0012482052809664,NA,1.0013939567073278,NA
9877087,56,t͡ʃ ø z e z,5,-19.754215062891827,NA,-16.895697183378992,NA,-16.939241023440918,NA,1.2120949070379754,NA,1.2119958615786497,NA,1.009437938030965,NA,1.0091286519340401,NA
9877087,0,f u c i c,5,-23.709298903113027,NA,-Inf,NA,-29.70602713063263,NA,1.206154311454209,NA,1.2060714855791586,NA,1.0011929509918631,NA,1.0013448826976608,NA
9877087,0,ɟ e ʒ o ʒ,5,-26.6208257994316,NA,-Inf,NA,-28.771466371087545,NA,1.1960975503401443,NA,1.196040131009795,NA,1.0007952166504448,NA,1.0009691836637256,NA
9877087,7,t͡ʃ y f i c,5,-21.728960784187848,NA,-22.716786973512093,NA,-22.5853234924357,NA,1.2320360956439638,NA,1.2319083144749632,NA,1.006182387818063,NA,1.006063337860201,NA
9877087,10,ʃ o ʃ e ʒ,5,-20.72090935766442,NA,-22.109244486171928,NA,-22.17599288318765,NA,1.2201293152835069,NA,1.2200223876473202,NA,1.0053494657208828,NA,1.005275324117079,NA
9871884,34,k ɯ ɾ y ɾ,5,-15.606638034872336,NA,-13.90445119214018,NA,-13.927432452108098,NA,1.4023519238658844,NA,1.4019095639097712,NA,1.0403132444979513,NA,1.0383564043662596,NA
9871884,14,ɟ ø ʒ u ʒ,5,-29.01723460133465,NA,-Inf,NA,-30.01521454529064,NA,1.0652782477051752,NA,1.0654452352440962,NA,1,1,1.0002179098838746,1
9871884,50,n ɯ t a j,5,-14.896630988839425,NA,-19.401787788498176,NA,-19.40541509478784,NA,1.354526711595995,NA,1.3541725154278046,NA,1.021234920433465,NA,1.0202283613160217,NA
9871884,61,n u ʒ u v,5,-20.80128833604193,NA,-25.0331577171281,NA,-24.8916465105402,NA,1.1410317248052262,NA,1.1410638524210197,NA,1.0012699088513268,NA,1.001416451124873,NA
9871884,70,t͡ʃ ø z i z,5,-19.95205038921768,NA,-16.53019953976399,NA,-16.57507613525408,NA,1.2189898868089024,NA,1.21887829147456,NA,1.012754830804793,NA,1.0122417488420343,NA
9871884,52,n ɯ ʒ a j,5,-18.361255868590177,NA,-Inf,NA,-24.42370924182812,NA,1.2862284449438637,NA,1.2859931705589396,NA,1.0083293699708047,NA,1.0080300149841257,NA
9871884,75,b e v a z,5,-16.49220087297713,NA,-13.608243420111007,NA,-13.653196067821916,NA,1.477372226790212,NA,1.4768067318712417,NA,1.039668977985646,NA,1.0377122037388582,NA
9871884,86,z a g u ʒ,5,-20.29947828385247,NA,-22.63081735331332,NA,-22.558066597039417,NA,1.3322117684361712,NA,1.331916871021566,NA,1.0060543305370335,NA,1.005951900443092,NA
9871884,73,t͡ʃ ø z ɯ z,5,-20.62607180941986,NA,-16.976091075060026,NA,-17.019424912474907,NA,1.1583596514678574,NA,1.1583584120592822,NA,1.0080045227428704,NA,1.0077781589190764,NA
9871884,13,z ɯ f ø ʒ,5,-23.017882079075772,NA,-Inf,NA,-25.118736995317576,NA,1.0902439638685273,NA,1.090371213824056,NA,1.0024969451408785,NA,1.00258336556017,NA
9871884,24,v ɯ ʒ ɯ ʒ,5,-23.69648085276263,NA,-Inf,NA,-31.00943562503508,NA,1.125927847369398,NA,1.1259890347950725,NA,1.0002707972270364,NA,1.000474478028374,NA
9871884,51,n u t y j,5,-16.96057295686292,NA,-21.57828825775384,NA,-21.566459081067514,NA,1.1975371229986602,NA,1.1974696560083582,NA,1.0083526736746993,NA,1.008122409607921,NA
9871884,85,l e l e c,5,-21.338527197603927,NA,-31.45089604529384,NA,-30.582591541482635,NA,1.2981271077413907,NA,1.2978856396230185,NA,1.0037045395306985,NA,1.0037202628550872,NA
9871884,21,h a ɟ y ʒ,5,-23.863657450841075,NA,-22.624553381069926,NA,-22.344510460590467,NA,1.3349575084723493,NA,1.334659755521368,NA,1.0247789272681185,NA,1.023693209239092,NA
9871884,83,m y d͡ʒ ɯ z,5,-18.55322100222074,NA,-14.44026579065542,NA,-14.47667494038302,NA,1.2502923637098795,NA,1.2501324054364051,NA,1.0311610225528094,NA,1.029724802800534,NA
9871884,54,n o t u s,5,-16.47465512035086,NA,-19.735328187133018,NA,-19.743774110963223,NA,1.2269920276179962,NA,1.226868358906597,NA,1.0080817305580838,NA,1.0078462760915818,NA
9871884,72,l i ɾ a ɫ,5,-15.3609350799713,NA,-19.8361902836386,NA,-19.591438837393905,NA,1.4834033363849624,NA,1.482810949290984,NA,1.052665896370704,NA,1.049897439309165,NA
9871884,19,d͡ʒ o ʒ ɯ ʒ,5,-24.079143338267087,NA,-Inf,NA,-28.009801950877545,NA,1.137517569937932,NA,1.1375587066288628,NA,1.0007051178379167,NA,1.0008859248512416,NA
9871884,36,h a ʒ u ʒ,5,-22.22459728237563,NA,-20.574734095421434,NA,-20.57980325185485,NA,1.3552832193968376,NA,1.354948500786981,NA,1.024100953206239,NA,1.0230524747443015,NA
9871884,51,b e d͡ʒ ɯ z,5,-17.81982760102264,NA,-14.454949896520516,NA,-14.498099044664276,NA,1.3212001426293818,NA,1.3209174839829685,NA,1.018554063995171,NA,1.0177796681696785,NA
9871884,34,ʃ i ʒ a z,5,-19.04980356239507,NA,-19.97037085869323,NA,-19.99831106394273,NA,1.315532256051761,NA,1.315247063807122,NA,1.0098413554752772,NA,1.009482109892058,NA
9871884,26,g ɯ ɟ i ʒ,5,-24.50361657158009,NA,-25.49963744384403,NA,-24.94700242135446,NA,1.20317522888439,NA,1.2030973279498365,NA,1.0026110525865772,NA,1.002691091470223,NA
9871884,15,z i ʃ u ʒ,5,-20.611196487491956,NA,-21.50834429121576,NA,-21.43777842049785,NA,1.1722474271142185,NA,1.1722290569471934,NA,1.0065648677878622,NA,1.0064344360939144,NA
9871884,45,l e l i v,5,-19.259752917338997,NA,-29.576825325610375,NA,-28.93865942698328,NA,1.3165643111836578,NA,1.316286257844561,NA,1.004552273472661,NA,1.0045149324559184,NA
9871884,25,ɟ e ʒ a ʒ,5,-24.872738132728532,NA,-Inf,NA,-27.982487602910396,NA,1.3654519295070486,NA,1.3650862603539733,NA,1.0018873378066473,NA,1.0019937933222605,NA
9871884,53,v ø l ø c,5,-25.90689728386676,NA,-Inf,NA,-35.34511196131538,NA,1.053370077665239,NA,1.0535614319623523,NA,1,1,1.0002179098838746,1
9871884,66,ɫ a v ø c,5,-20.9587256480507,NA,-Inf,NA,-27.741190815322057,NA,1.3120436196337373,NA,1.311787239641347,NA,1.0128467704178925,NA,1.0123863819849432,NA
9871884,42,ɫ a ʒ ɯ v,5,-19.01413112958105,NA,-25.27309072876929,NA,-24.70218102731933,NA,1.3434818002281597,NA,1.3431627791155516,NA,1.0027190231281846,NA,1.0027934061307997,NA
9871884,32,m y ɟ ø z,5,-23.67800700689448,NA,-Inf,NA,-19.812441326740707,NA,1.1873897568358545,NA,1.1873432880455872,NA,1.0271132236263087,NA,1.0259044813368154,NA
9871884,34,f i f ø c,5,-22.934346180129452,NA,-Inf,NA,-24.81560530960652,NA,1.1324703057575094,NA,1.132524760714353,NA,1.00781397621939,NA,1.0076205413173758,NA
9871884,37,ɟ ø c y c,5,-29.771612116763333,NA,-Inf,NA,-33.918015159012405,NA,1.0457614416943897,NA,1.0459642311442183,NA,1.000065210303228,NA,1.0002790383147078,NA
9871884,62,l y g o v,5,-21.24168388132717,NA,-Inf,NA,-29.53360238566332,NA,1.1177613338707335,NA,1.117835562270347,NA,1.0014227127794817,NA,1.0015589006941277,NA
9871884,49,g ɯ ɟ ø z,5,-24.493762160994564,NA,-Inf,NA,-21.039008141833634,NA,1.1091017507441014,NA,1.109190682492799,NA,1.002741473193033,NA,1.0028133483318893,NA
9871884,18,ɟ i f o ʒ,5,-24.780676297755964,NA,-25.425443803693742,NA,-25.116310217920844,NA,1.1272633513846158,NA,1.1273248298147074,NA,1.0025592701523314,NA,1.0026389458748235,NA
9871884,63,t i ɾ i n,5,-14.025136929876307,NA,-13.29622096087098,NA,-13.31495014679013,NA,1.4868293162319706,NA,1.4862336716167204,NA,1.0380836476564423,NA,1.036141119098454,NA
9871884,33,f i m y z,5,-17.903375865695956,NA,-14.742633621324917,NA,-14.786764221872444,NA,1.201636639433986,NA,1.2015630839111278,NA,1.0120057633303254,NA,1.0115817861902552,NA
9871884,78,k o m y ɾ,5,-16.353424337993484,NA,-13.883195970862252,NA,-13.910528361180043,NA,1.3227564267292913,NA,1.3224527779546218,NA,1.0242905957012058,NA,1.0231863397295329,NA
9871884,58,l e m ø c,5,-22.135268586336817,NA,-Inf,NA,-30.8974573340183,NA,1.2302737214773412,NA,1.230158604762022,NA,1.0104704475845636,NA,1.010134576043257,NA
9871884,50,f a m o ʒ,5,-19.525006628199367,NA,-18.562521006783637,NA,-18.678545352468166,NA,1.3639122810041675,NA,1.3635640039359638,NA,1.0205395864056823,NA,1.0196690224611438,NA
9871884,29,v i ɟ ø ʒ,5,-26.08508432555531,NA,-Inf,NA,-26.573834589061327,NA,1.1072439154231664,NA,1.107341952591128,NA,1.002221233960113,NA,1.002322393863214,NA
9871884,91,t͡ʃ ø t͡ʃ ø z,5,-22.697768764281445,NA,-19.14014982771973,NA,-19.125549383488163,NA,1.0814485413778725,NA,1.0815851832308758,NA,1.0021481577380047,NA,1.0022510865945526,NA
9871884,63,b o ɟ ø z,5,-24.218032064305415,NA,-Inf,NA,-19.98603714014059,NA,1.1508993555127225,NA,1.1509159963499356,NA,1.0076706794235104,NA,1.0074835137562206,NA
9871884,23,t͡ʃ u ɫ a ʒ,5,-19.237587515269706,NA,-18.130207686087324,NA,-18.26240532798674,NA,1.3722130475752563,NA,1.3718347547581715,NA,1.0249011247841782,NA,1.0237533348136263,NA
9871884,40,v ɯ c e c,5,-23.291319549211504,NA,-Inf,NA,-31.131139803939128,NA,1.1800904532909162,NA,1.1800533352853768,NA,1.0009229002593154,NA,1.0010857623367058,NA
9871884,72,n ø t i v,5,-17.944154892120544,NA,-23.2961730088594,NA,-23.250097222909492,NA,1.2347006964889633,NA,1.2345636665208823,NA,1.0201890138444885,NA,1.019285545598672,NA
9871884,77,b u t͡ʃ ø z,5,-20.64528675679707,NA,-16.726730678422822,NA,-16.76182039023128,NA,1.1627803129926748,NA,1.1627762695685162,NA,1.0077814367587763,NA,1.0075883291945815,NA
9871884,17,l ø ʒ o h,5,-24.023639891238354,NA,-Inf,NA,-30.04919461281527,NA,1.0611372469041531,NA,1.0613091459550994,NA,1,1,1.0002179098838746,1
9871884,14,g o ʒ u ʒ,5,-24.442688578324432,NA,-22.033985445786712,NA,-22.016202405684076,NA,1.1437948305814645,NA,1.1438260015087924,NA,1.001138393401175,NA,1.0012964338824402,NA
9871884,55,ɟ e ɟ ø c,5,-29.515236701833903,NA,-Inf,NA,-35.387903759308166,NA,1.1759662589424205,NA,1.1759456395053902,NA,1.0001090155892292,NA,1.0003211623361203,NA
9871884,64,b o ʒ ø z,5,-22.86665396829175,NA,-18.017128955938706,NA,-17.902257196862156,NA,1.1512809100750248,NA,1.1512968865447335,NA,1.0076706794235104,NA,1.0074835137562206,NA
9871884,41,n u ʒ a v,5,-19.23989541094505,NA,-24.070092646118187,NA,-23.96757799454814,NA,1.2890173650126455,NA,1.2887801370464675,NA,1.0063398585044316,NA,1.0061698950642324,NA
9871884,54,n y n a j,5,-15.538878453846433,NA,-19.248648600763232,NA,-19.252973283175265,NA,1.375893401023051,NA,1.3755021898241135,NA,1.025399913127838,NA,1.024174835275507,NA
9871884,77,b e v i z,5,-17.164705407397012,NA,-14.3441056545888,NA,-14.386834265478743,NA,1.3998179501932546,NA,1.3993936154387292,NA,1.0313640525417127,NA,1.029874405398718,NA
9871884,19,ɫ o c i c,5,-22.598154704161175,NA,-Inf,NA,-30.38087562282667,NA,1.192024700888065,NA,1.1919663103397642,NA,1.0024386182362308,NA,1.002525096162357,NA
9871884,73,g a h a n,5,-15.424795057512029,NA,-12.671136251120728,NA,-12.713594601335702,NA,1.5950046496787846,NA,1.5942160548671798,NA,1.0568362269206326,NA,1.0537746821415517,NA
9871884,83,m u ɾ e ɾ,5,-14.696942662362323,NA,-12.765770122828249,NA,-12.78886990036498,NA,1.4829679946903738,NA,1.482378633403974,NA,1.0554645066457835,NA,1.052583586591879,NA
9871884,24,ɟ y ʒ a ʒ,5,-26.24714392218317,NA,-27.701633339060944,NA,-27.35192869335266,NA,1.264390404377066,NA,1.2641995821532814,NA,1.0013967676551154,NA,1.0015291572871547,NA
9871884,64,l y g u v,5,-21.054989139720988,NA,-Inf,NA,-29.442333739145383,NA,1.1391300728302185,NA,1.139165406989077,NA,1.0012517628678057,NA,1.0013973759000716,NA
9871884,40,ɫ a m ø s,5,-16.4448878098927,NA,-21.700506185311,NA,-21.560223247833047,NA,1.3597787878886536,NA,1.359429234768754,NA,1.0166672670594712,NA,1.0160046485573355,NA
9871884,18,l ø ʒ a v,5,-22.61577681077505,NA,-Inf,NA,-27.92410669629761,NA,1.2294482612194106,NA,1.2293140831342488,NA,1.0055264217757005,NA,1.0053992528390658,NA
9871884,51,s ø ɾ e ɾ,5,-16.33314456534291,NA,-14.679954878983413,NA,-14.714425131840436,NA,1.4153867644354674,NA,1.4149143088475702,NA,1.032928769087306,NA,1.0312349764733082,NA
9871884,17,v ø h u v,5,-21.19584626377422,NA,-Inf,NA,-27.14453973692883,NA,1.12204735674267,NA,1.1221120023890112,NA,1.0019306114959543,NA,1.0020390443325038,NA
9871884,33,g ɯ ʒ u ɫ,5,-20.705303097683913,NA,-Inf,NA,-21.48584727527315,NA,1.1930536885026797,NA,1.19297852493055,NA,1.0065343732888652,NA,1.006368299524924,NA
9871884,84,m y d͡ʒ i z,5,-17.879199582018565,NA,-14.393898283796569,NA,-14.429259306354858,NA,1.3109225990509248,NA,1.3106522848516828,NA,1.0375068631237063,NA,1.0356959574680136,NA
9871884,22,d͡ʒ o ʒ a ʒ,5,-22.732617383645024,NA,-22.660226857866917,NA,-22.815874697194054,NA,1.2757020818759344,NA,1.275491702476653,NA,1.001992869903803,NA,1.002093919802276,NA
9871884,45,v ø g a v,5,-20.10445696792307,NA,-Inf,NA,-26.10524817310064,NA,1.247357754390403,NA,1.247192526866456,NA,1.0083186036664065,NA,1.0080374911419787,NA
9871884,59,l y v ø c,5,-24.69819952981217,NA,-Inf,NA,-33.84418076589204,NA,1.1109520851514574,NA,1.1110436100959913,NA,1.0013626948653658,NA,1.0015085655369462,NA
9871884,21,l i ʒ ɯ h,5,-21.236809961973975,NA,-30.679339934133328,NA,-29.742273739726983,NA,1.158327478084528,NA,1.1583284213199998,NA,1.0005226776773717,NA,1.000711052533111,NA
9871884,76,m u ɾ u ɾ,5,-15.78366637936518,NA,-13.562188301724916,NA,-13.588096170629813,NA,1.419431610850839,NA,1.418957895106949,NA,1.0416730830399104,NA,1.0396065469972535,NA
9871884,52,l e g u j,5,-19.01681077838631,NA,-26.364507293773418,NA,-25.975664718831844,NA,1.2483428858636896,NA,1.248186398979058,NA,1.0016771227161092,NA,1.0018008835043444,NA
9871884,67,b o ʒ o j,5,-21.245057054178083,NA,-20.13244875835492,NA,-20.046431822915014,NA,1.1725304838846882,NA,1.1725072015915694,NA,1.0075402588170546,NA,1.0073612568945542,NA
9871884,85,k o ɾ e n,5,-14.885879129991546,NA,-12.897900518277458,NA,-12.921968836319405,NA,1.4935674111675834,NA,1.492960755870561,NA,1.051458107409831,NA,1.0487970966537057,NA
9871884,76,b u z i z,5,-17.899568381733303,NA,-15.168587722623604,NA,-15.20544673192982,NA,1.300321658423705,NA,1.3000693778122003,NA,1.018878679977096,NA,1.0180436274771694,NA
9871884,82,z a c i c,5,-21.79076817824873,NA,-Inf,NA,-28.16360280521193,NA,1.396529547044278,NA,1.3961173439888992,NA,1.0049309977725878,NA,1.0048864608834187,NA
9871884,15,n ɯ ʒ o h,5,-20.43289152093352,NA,-Inf,NA,-27.681960708161636,NA,1.1097661427251175,NA,1.1098539195905015,NA,1.0003249566724437,NA,1.0005257916572736,NA
9871884,38,h a v e ʒ,5,-19.09461168027044,NA,-16.910155513317502,NA,-17.0401322477831,NA,1.4491259370421068,NA,1.448622803127972,NA,1.0389424664117677,NA,1.0370968958000453,NA
9871884,49,t e m y ɾ,5,-15.097011485226544,NA,-13.149158478430715,NA,-13.17506319379305,NA,1.3952910296657324,NA,1.3948618624207878,NA,1.043610721726628,NA,1.0414893151040772,NA
9871884,65,n e m o h,5,-16.32924773528244,NA,-20.77206130453725,NA,-20.726772496747454,NA,1.276400178714621,NA,1.2761991218991138,NA,1.016692629955233,NA,1.016027305212858,NA
9871884,20,z a ʒ a ʒ,5,-20.65156820085194,NA,-20.88415273374731,NA,-21.111799773330873,NA,1.473656473289835,NA,1.4731036094504746,NA,1.005674667143876,NA,1.0055823087757958,NA
9871884,52,b e ʒ u z,5,-20.09685568317635,NA,-17.616675465865157,NA,-17.692227901481022,NA,1.2990802527770584,NA,1.298836883201828,NA,1.0147738277840022,NA,1.0141969018237178,NA
9871884,49,b y ɟ y ʒ,5,-25.505444268865332,NA,-25.45365748559964,NA,-24.547852043511448,NA,1.1609339687930145,NA,1.1609373105847451,NA,1.0030582028661408,NA,1.0031139432724736,NA
9871884,28,m y ʒ u z,5,-20.83024908437445,NA,-18.018790953182332,NA,-17.957196378821674,NA,1.2281724738575563,NA,1.228051804655265,NA,1.028797989001621,NA,1.027484318333768,NA
9871884,78,l i l e c,5,-21.536362523929785,NA,-31.083984388924055,NA,-30.331424169322283,NA,1.2119594300984098,NA,1.2118670410071015,NA,1.002450860254562,NA,1.002532859654261,NA
9871884,51,n u c i c,5,-22.422357273444163,NA,-Inf,NA,-30.604841117870382,NA,1.2010655284312557,NA,1.2009915028727167,NA,1.0010304726556416,NA,1.0011909418109612,NA
9871884,60,c y f e f,5,-21.527813099749014,NA,-Inf,NA,-22.664539480096867,NA,1.2118743211486604,NA,1.2117773135384928,NA,1.0071295794804112,NA,1.0069463406784327,NA
9871884,31,p ɯ h i c,5,-20.565900791151996,NA,-23.40671397169415,NA,-23.24817306184844,NA,1.2307563842740858,NA,1.2306306880145006,NA,1.0085929357767276,NA,1.008342931175454,NA
9871884,44,g u d͡ʒ ɯ z,5,-19.58384312679565,NA,-16.662080926911877,NA,-16.69599102385458,NA,1.1829445655903972,NA,1.1829010801604336,NA,1.004072591118986,NA,1.0040601734200405,NA
9871884,44,b i j u z,5,-17.587656552519828,NA,-14.901222365010376,NA,-14.934988048180376,NA,1.2542839912465815,NA,1.2541176642790226,NA,1.0211939364547036,NA,1.0202725415610168,NA
9871884,63,ɫ o c i v,5,-20.32154509757039,NA,-Inf,NA,-28.655330256748375,NA,1.203566924559405,NA,1.203484498665397,NA,1.003612403694333,NA,1.0036254079173543,NA
9871884,53,ɟ y ɟ i c,5,-28.504374274105167,NA,-34.0614415135249,NA,-32.63139034186276,NA,1.1857372598822993,NA,1.1856897559125137,NA,1.0003805593107542,NA,1.0005751782641632,NA
9871884,88,ɫ a c i c,5,-20.85006703745811,NA,-Inf,NA,-28.268360365160696,NA,1.393714475584772,NA,1.393307140789591,NA,1.0031978955195548,NA,1.003244424758624,NA
9871884,35,v i c i t͡ʃ,5,-20.547113263958217,NA,-Inf,NA,-23.1711421973128,NA,1.2268410034005357,NA,1.2267195786230238,NA,1.0039829073988151,NA,1.0039769766982811,NA
9871884,38,f u ʒ o ʒ,5,-24.318186592419305,NA,-24.076093804584303,NA,-23.89378841031736,NA,1.113926858532862,NA,1.1140116216965557,NA,1.0011715459746369,NA,1.0013258782882402,NA
9871884,82,ɫ o t a ɫ,5,-14.65850607845412,NA,-17.671672662841534,NA,-17.682535023707715,NA,1.3973781624522024,NA,1.3969353956490551,NA,1.0300127259382086,NA,1.0284804983759424,NA
9871884,17,k ɯ ɾ u ɾ,5,-15.318955962420556,NA,-13.211802908261404,NA,-13.235619449577031,NA,1.4222960802280702,NA,1.4218174189805863,NA,1.0464229248539447,NA,1.04410490580885,NA
9871884,49,m u ɟ ø z,5,-23.390324934442702,NA,-Inf,NA,-20.024930764116053,NA,1.1813238989502393,NA,1.1812879247237875,NA,1.0153068128767293,NA,1.0147184228338744,NA
9872421,29,t͡ʃ u ɫ a ʒ,5,-19.237587515269706,NA,-18.130207686087324,NA,-18.26240532798674,NA,1.3722130475752563,NA,1.3718347547581715,NA,1.0249011247841782,NA,1.0237533348136263,NA
9872421,33,ɫ o c i c,5,-22.598154704161175,NA,-Inf,NA,-30.38087562282667,NA,1.192024700888065,NA,1.1919663103397642,NA,1.0024386182362308,NA,1.002525096162357,NA
9872421,34,h a ʒ u ʒ,5,-22.22459728237563,NA,-20.574734095421434,NA,-20.57980325185485,NA,1.3552832193968376,NA,1.354948500786981,NA,1.024100953206239,NA,1.0230524747443015,NA
9872421,66,ɟ ø c y c,5,-29.771612116763333,NA,-Inf,NA,-33.918015159012405,NA,1.0457614416943897,NA,1.0459642311442183,NA,1.000065210303228,NA,1.0002790383147078,NA
9872421,19,v ø h u v,5,-21.19584626377422,NA,-Inf,NA,-27.14453973692883,NA,1.12204735674267,NA,1.1221120023890112,NA,1.0019306114959543,NA,1.0020390443325038,NA
9872421,19,v i c i t͡ʃ,5,-20.547113263958217,NA,-Inf,NA,-23.1711421973128,NA,1.2268410034005357,NA,1.2267195786230238,NA,1.0039829073988151,NA,1.0039769766982811,NA
9872421,8,n ɯ ʒ a j,5,-18.361255868590177,NA,-Inf,NA,-24.42370924182812,NA,1.2862284449438637,NA,1.2859931705589396,NA,1.0083293699708047,NA,1.0080300149841257,NA
9872421,63,l i l e c,5,-21.536362523929785,NA,-31.083984388924055,NA,-30.331424169322283,NA,1.2119594300984098,NA,1.2118670410071015,NA,1.002450860254562,NA,1.002532859654261,NA
9872421,20,g ɯ ʒ u ɫ,5,-20.705303097683913,NA,-Inf,NA,-21.48584727527315,NA,1.1930536885026797,NA,1.19297852493055,NA,1.0065343732888652,NA,1.006368299524924,NA
9872421,19,f u ʒ o ʒ,5,-24.318186592419305,NA,-24.076093804584303,NA,-23.89378841031736,NA,1.113926858532862,NA,1.1140116216965557,NA,1.0011715459746369,NA,1.0013258782882402,NA
9872421,41,l i ɾ a ɫ,5,-15.3609350799713,NA,-19.8361902836386,NA,-19.591438837393905,NA,1.4834033363849624,NA,1.482810949290984,NA,1.052665896370704,NA,1.049897439309165,NA
9872421,65,b o ɟ ø z,5,-24.218032064305415,NA,-Inf,NA,-19.98603714014059,NA,1.1508993555127225,NA,1.1509159963499356,NA,1.0076706794235104,NA,1.0074835137562206,NA
9872421,59,t͡ʃ ø t͡ʃ ø z,5,-22.697768764281445,NA,-19.14014982771973,NA,-19.125549383488163,NA,1.0814485413778725,NA,1.0815851832308758,NA,1.0021481577380047,NA,1.0022510865945526,NA
9872421,79,t e m y ɾ,5,-15.097011485226544,NA,-13.149158478430715,NA,-13.17506319379305,NA,1.3952910296657324,NA,1.3948618624207878,NA,1.043610721726628,NA,1.0414893151040772,NA
9872421,16,z a ʒ a ʒ,5,-20.65156820085194,NA,-20.88415273374731,NA,-21.111799773330873,NA,1.473656473289835,NA,1.4731036094504746,NA,1.005674667143876,NA,1.0055823087757958,NA
9872421,63,ɫ o t a ɫ,5,-14.65850607845412,NA,-17.671672662841534,NA,-17.682535023707715,NA,1.3973781624522024,NA,1.3969353956490551,NA,1.0300127259382086,NA,1.0284804983759424,NA
9872421,30,n u t y j,5,-16.96057295686292,NA,-21.57828825775384,NA,-21.566459081067514,NA,1.1975371229986602,NA,1.1974696560083582,NA,1.0083526736746993,NA,1.008122409607921,NA
9872421,17,n u ʒ u v,5,-20.80128833604193,NA,-25.0331577171281,NA,-24.8916465105402,NA,1.1410317248052262,NA,1.1410638524210197,NA,1.0012699088513268,NA,1.001416451124873,NA
9872421,47,k ɯ ɾ u ɾ,5,-15.318955962420556,NA,-13.211802908261404,NA,-13.235619449577031,NA,1.4222960802280702,NA,1.4218174189805863,NA,1.0464229248539447,NA,1.04410490580885,NA
9872421,36,t͡ʃ ø z i z,5,-19.95205038921768,NA,-16.53019953976399,NA,-16.57507613525408,NA,1.2189898868089024,NA,1.21887829147456,NA,1.012754830804793,NA,1.0122417488420343,NA
9872421,12,n ɯ ʒ o h,5,-20.43289152093352,NA,-Inf,NA,-27.681960708161636,NA,1.1097661427251175,NA,1.1098539195905015,NA,1.0003249566724437,NA,1.0005257916572736,NA
9872421,16,ɟ e ʒ a ʒ,5,-24.872738132728532,NA,-Inf,NA,-27.982487602910396,NA,1.3654519295070486,NA,1.3650862603539733,NA,1.0018873378066473,NA,1.0019937933222605,NA
9872421,72,m u ɾ u ɾ,5,-15.78366637936518,NA,-13.562188301724916,NA,-13.588096170629813,NA,1.419431610850839,NA,1.418957895106949,NA,1.0416730830399104,NA,1.0396065469972535,NA
9872421,15,f a m o ʒ,5,-19.525006628199367,NA,-18.562521006783637,NA,-18.678545352468166,NA,1.3639122810041675,NA,1.3635640039359638,NA,1.0205395864056823,NA,1.0196690224611438,NA
9872421,14,n u ʒ a v,5,-19.23989541094505,NA,-24.070092646118187,NA,-23.96757799454814,NA,1.2890173650126455,NA,1.2887801370464675,NA,1.0063398585044316,NA,1.0061698950642324,NA
9872421,42,c y f e f,5,-21.527813099749014,NA,-Inf,NA,-22.664539480096867,NA,1.2118743211486604,NA,1.2117773135384928,NA,1.0071295794804112,NA,1.0069463406784327,NA
9872421,34,p ɯ h i c,5,-20.565900791151996,NA,-23.40671397169415,NA,-23.24817306184844,NA,1.2307563842740858,NA,1.2306306880145006,NA,1.0085929357767276,NA,1.008342931175454,NA
9872421,58,l e l i v,5,-19.259752917338997,NA,-29.576825325610375,NA,-28.93865942698328,NA,1.3165643111836578,NA,1.316286257844561,NA,1.004552273472661,NA,1.0045149324559184,NA
9872421,72,b u t͡ʃ ø z,5,-20.64528675679707,NA,-16.726730678422822,NA,-16.76182039023128,NA,1.1627803129926748,NA,1.1627762695685162,NA,1.0077814367587763,NA,1.0075883291945815,NA
9872421,71,m u ɾ e ɾ,5,-14.696942662362323,NA,-12.765770122828249,NA,-12.78886990036498,NA,1.4829679946903738,NA,1.482378633403974,NA,1.0554645066457835,NA,1.052583586591879,NA
9872421,92,b e v a z,5,-16.49220087297713,NA,-13.608243420111007,NA,-13.653196067821916,NA,1.477372226790212,NA,1.4768067318712417,NA,1.039668977985646,NA,1.0377122037388582,NA
9872421,16,b o ʒ ø z,5,-22.86665396829175,NA,-18.017128955938706,NA,-17.902257196862156,NA,1.1512809100750248,NA,1.1512968865447335,NA,1.0076706794235104,NA,1.0074835137562206,NA
9872421,34,n u c i c,5,-22.422357273444163,NA,-Inf,NA,-30.604841117870382,NA,1.2010655284312557,NA,1.2009915028727167,NA,1.0010304726556416,NA,1.0011909418109612,NA
9872421,6,l ø ʒ a v,5,-22.61577681077505,NA,-Inf,NA,-27.92410669629761,NA,1.2294482612194106,NA,1.2293140831342488,NA,1.0055264217757005,NA,1.0053992528390658,NA
9872421,65,n ɯ t a j,5,-14.896630988839425,NA,-19.401787788498176,NA,-19.40541509478784,NA,1.354526711595995,NA,1.3541725154278046,NA,1.021234920433465,NA,1.0202283613160217,NA
9872421,95,s ø ɾ e ɾ,5,-16.33314456534291,NA,-14.679954878983413,NA,-14.714425131840436,NA,1.4153867644354674,NA,1.4149143088475702,NA,1.032928769087306,NA,1.0312349764733082,NA
9872421,70,ɟ e ɟ ø c,5,-29.515236701833903,NA,-Inf,NA,-35.387903759308166,NA,1.1759662589424205,NA,1.1759456395053902,NA,1.0001090155892292,NA,1.0003211623361203,NA
9872421,25,ɫ a m ø s,5,-16.4448878098927,NA,-21.700506185311,NA,-21.560223247833047,NA,1.3597787878886536,NA,1.359429234768754,NA,1.0166672670594712,NA,1.0160046485573355,NA
9872421,73,l e l e c,5,-21.338527197603927,NA,-31.45089604529384,NA,-30.582591541482635,NA,1.2981271077413907,NA,1.2978856396230185,NA,1.0037045395306985,NA,1.0037202628550872,NA
9872421,6,ɫ a ʒ ɯ v,5,-19.01413112958105,NA,-25.27309072876929,NA,-24.70218102731933,NA,1.3434818002281597,NA,1.3431627791155516,NA,1.0027190231281846,NA,1.0027934061307997,NA
9872421,89,m y d͡ʒ i z,5,-17.879199582018565,NA,-14.393898283796569,NA,-14.429259306354858,NA,1.3109225990509248,NA,1.3106522848516828,NA,1.0375068631237063,NA,1.0356959574680136,NA
9872421,54,g ɯ ɟ ø z,5,-24.493762160994564,NA,-Inf,NA,-21.039008141833634,NA,1.1091017507441014,NA,1.109190682492799,NA,1.002741473193033,NA,1.0028133483318893,NA
9872421,14,ʃ i ʒ a z,5,-19.04980356239507,NA,-19.97037085869323,NA,-19.99831106394273,NA,1.315532256051761,NA,1.315247063807122,NA,1.0098413554752772,NA,1.009482109892058,NA
9872421,81,m u ɟ ø z,5,-23.390324934442702,NA,-Inf,NA,-20.024930764116053,NA,1.1813238989502393,NA,1.1812879247237875,NA,1.0153068128767293,NA,1.0147184228338744,NA
9872421,10,h a ɟ y ʒ,5,-23.863657450841075,NA,-22.624553381069926,NA,-22.344510460590467,NA,1.3349575084723493,NA,1.334659755521368,NA,1.0247789272681185,NA,1.023693209239092,NA
9872421,9,z a g u ʒ,5,-20.29947828385247,NA,-22.63081735331332,NA,-22.558066597039417,NA,1.3322117684361712,NA,1.331916871021566,NA,1.0060543305370335,NA,1.005951900443092,NA
9872421,8,v ɯ ʒ ɯ ʒ,5,-23.69648085276263,NA,-Inf,NA,-31.00943562503508,NA,1.125927847369398,NA,1.1259890347950725,NA,1.0002707972270364,NA,1.000474478028374,NA
9872421,21,l e g u j,5,-19.01681077838631,NA,-26.364507293773418,NA,-25.975664718831844,NA,1.2483428858636896,NA,1.248186398979058,NA,1.0016771227161092,NA,1.0018008835043444,NA
9872421,44,n y n a j,5,-15.538878453846433,NA,-19.248648600763232,NA,-19.252973283175265,NA,1.375893401023051,NA,1.3755021898241135,NA,1.025399913127838,NA,1.024174835275507,NA
9872421,83,m y ɟ ø z,5,-23.67800700689448,NA,-Inf,NA,-19.812441326740707,NA,1.1873897568358545,NA,1.1873432880455872,NA,1.0271132236263087,NA,1.0259044813368154,NA
9872421,16,ɫ a v ø c,5,-20.9587256480507,NA,-Inf,NA,-27.741190815322057,NA,1.3120436196337373,NA,1.311787239641347,NA,1.0128467704178925,NA,1.0123863819849432,NA
9872421,34,m y d͡ʒ ɯ z,5,-18.55322100222074,NA,-14.44026579065542,NA,-14.47667494038302,NA,1.2502923637098795,NA,1.2501324054364051,NA,1.0311610225528094,NA,1.029724802800534,NA
9872421,19,l y g o v,5,-21.24168388132717,NA,-Inf,NA,-29.53360238566332,NA,1.1177613338707335,NA,1.117835562270347,NA,1.0014227127794817,NA,1.0015589006941277,NA
9872421,8,ɟ i f o ʒ,5,-24.780676297755964,NA,-25.425443803693742,NA,-25.116310217920844,NA,1.1272633513846158,NA,1.1273248298147074,NA,1.0025592701523314,NA,1.0026389458748235,NA
9872421,35,b u z i z,5,-17.899568381733303,NA,-15.168587722623604,NA,-15.20544673192982,NA,1.300321658423705,NA,1.3000693778122003,NA,1.018878679977096,NA,1.0180436274771694,NA
9872421,30,f i m y z,5,-17.903375865695956,NA,-14.742633621324917,NA,-14.786764221872444,NA,1.201636639433986,NA,1.2015630839111278,NA,1.0120057633303254,NA,1.0115817861902552,NA
9872421,72,n e m o h,5,-16.32924773528244,NA,-20.77206130453725,NA,-20.726772496747454,NA,1.276400178714621,NA,1.2761991218991138,NA,1.016692629955233,NA,1.016027305212858,NA
9872421,9,l e m ø c,5,-22.135268586336817,NA,-Inf,NA,-30.8974573340183,NA,1.2302737214773412,NA,1.230158604762022,NA,1.0104704475845636,NA,1.010134576043257,NA
9872421,87,k o m y ɾ,5,-16.353424337993484,NA,-13.883195970862252,NA,-13.910528361180043,NA,1.3227564267292913,NA,1.3224527779546218,NA,1.0242905957012058,NA,1.0231863397295329,NA
9872421,80,b e v i z,5,-17.164705407397012,NA,-14.3441056545888,NA,-14.386834265478743,NA,1.3998179501932546,NA,1.3993936154387292,NA,1.0313640525417127,NA,1.029874405398718,NA
9872421,30,f i f ø c,5,-22.934346180129452,NA,-Inf,NA,-24.81560530960652,NA,1.1324703057575094,NA,1.132524760714353,NA,1.00781397621939,NA,1.0076205413173758,NA
9872421,7,l ø ʒ o h,5,-24.023639891238354,NA,-Inf,NA,-30.04919461281527,NA,1.0611372469041531,NA,1.0613091459550994,NA,1,1,1.0002179098838746,1
9872421,13,g ɯ ɟ i ʒ,5,-24.50361657158009,NA,-25.49963744384403,NA,-24.94700242135446,NA,1.20317522888439,NA,1.2030973279498365,NA,1.0026110525865772,NA,1.002691091470223,NA
9872421,6,l y v ø c,5,-24.69819952981217,NA,-Inf,NA,-33.84418076589204,NA,1.1109520851514574,NA,1.1110436100959913,NA,1.0013626948653658,NA,1.0015085655369462,NA
9872421,16,ɟ ø ʒ u ʒ,5,-29.01723460133465,NA,-Inf,NA,-30.01521454529064,NA,1.0652782477051752,NA,1.0654452352440962,NA,1,1,1.0002179098838746,1
9872421,11,d͡ʒ o ʒ ɯ ʒ,5,-24.079143338267087,NA,-Inf,NA,-28.009801950877545,NA,1.137517569937932,NA,1.1375587066288628,NA,1.0007051178379167,NA,1.0008859248512416,NA
9872421,37,ɫ o c i v,5,-20.32154509757039,NA,-Inf,NA,-28.655330256748375,NA,1.203566924559405,NA,1.203484498665397,NA,1.003612403694333,NA,1.0036254079173543,NA
9872421,30,z a c i c,5,-21.79076817824873,NA,-Inf,NA,-28.16360280521193,NA,1.396529547044278,NA,1.3961173439888992,NA,1.0049309977725878,NA,1.0048864608834187,NA
9872421,13,g o ʒ u ʒ,5,-24.442688578324432,NA,-22.033985445786712,NA,-22.016202405684076,NA,1.1437948305814645,NA,1.1438260015087924,NA,1.001138393401175,NA,1.0012964338824402,NA
9872421,58,ɟ y ɟ i c,5,-28.504374274105167,NA,-34.0614415135249,NA,-32.63139034186276,NA,1.1857372598822993,NA,1.1856897559125137,NA,1.0003805593107542,NA,1.0005751782641632,NA
9872421,7,h a v e ʒ,5,-19.09461168027044,NA,-16.910155513317502,NA,-17.0401322477831,NA,1.4491259370421068,NA,1.448622803127972,NA,1.0389424664117677,NA,1.0370968958000453,NA
9872421,9,d͡ʒ o ʒ a ʒ,5,-22.732617383645024,NA,-22.660226857866917,NA,-22.815874697194054,NA,1.2757020818759344,NA,1.275491702476653,NA,1.001992869903803,NA,1.002093919802276,NA
9872421,6,z i ʃ u ʒ,5,-20.611196487491956,NA,-21.50834429121576,NA,-21.43777842049785,NA,1.1722474271142185,NA,1.1722290569471934,NA,1.0065648677878622,NA,1.0064344360939144,NA
9872421,37,n ø t i v,5,-17.944154892120544,NA,-23.2961730088594,NA,-23.250097222909492,NA,1.2347006964889633,NA,1.2345636665208823,NA,1.0201890138444885,NA,1.019285545598672,NA
9872421,78,n o t u s,5,-16.47465512035086,NA,-19.735328187133018,NA,-19.743774110963223,NA,1.2269920276179962,NA,1.226868358906597,NA,1.0080817305580838,NA,1.0078462760915818,NA
9872421,12,m y ʒ u z,5,-20.83024908437445,NA,-18.018790953182332,NA,-17.957196378821674,NA,1.2281724738575563,NA,1.228051804655265,NA,1.028797989001621,NA,1.027484318333768,NA
9872421,92,g a h a n,5,-15.424795057512029,NA,-12.671136251120728,NA,-12.713594601335702,NA,1.5950046496787846,NA,1.5942160548671798,NA,1.0568362269206326,NA,1.0537746821415517,NA
9872421,13,z ɯ f ø ʒ,5,-23.017882079075772,NA,-Inf,NA,-25.118736995317576,NA,1.0902439638685273,NA,1.090371213824056,NA,1.0024969451408785,NA,1.00258336556017,NA
9872421,43,v ɯ c e c,5,-23.291319549211504,NA,-Inf,NA,-31.131139803939128,NA,1.1800904532909162,NA,1.1800533352853768,NA,1.0009229002593154,NA,1.0010857623367058,NA
9872421,37,v ø g a v,5,-20.10445696792307,NA,-Inf,NA,-26.10524817310064,NA,1.247357754390403,NA,1.247192526866456,NA,1.0083186036664065,NA,1.0080374911419787,NA
9872421,7,ɟ y ʒ a ʒ,5,-26.24714392218317,NA,-27.701633339060944,NA,-27.35192869335266,NA,1.264390404377066,NA,1.2641995821532814,NA,1.0013967676551154,NA,1.0015291572871547,NA
9872421,38,v ø l ø c,5,-25.90689728386676,NA,-Inf,NA,-35.34511196131538,NA,1.053370077665239,NA,1.0535614319623523,NA,1,1,1.0002179098838746,1
9872421,100,t i ɾ i n,5,-14.025136929876307,NA,-13.29622096087098,NA,-13.31495014679013,NA,1.4868293162319706,NA,1.4862336716167204,NA,1.0380836476564423,NA,1.036141119098454,NA
9872421,97,k o ɾ e n,5,-14.885879129991546,NA,-12.897900518277458,NA,-12.921968836319405,NA,1.4935674111675834,NA,1.492960755870561,NA,1.051458107409831,NA,1.0487970966537057,NA
9872421,11,b e ʒ u z,5,-20.09685568317635,NA,-17.616675465865157,NA,-17.692227901481022,NA,1.2990802527770584,NA,1.298836883201828,NA,1.0147738277840022,NA,1.0141969018237178,NA
9872421,43,b i j u z,5,-17.587656552519828,NA,-14.901222365010376,NA,-14.934988048180376,NA,1.2542839912465815,NA,1.2541176642790226,NA,1.0211939364547036,NA,1.0202725415610168,NA
9872421,67,b e d͡ʒ ɯ z,5,-17.81982760102264,NA,-14.454949896520516,NA,-14.498099044664276,NA,1.3212001426293818,NA,1.3209174839829685,NA,1.018554063995171,NA,1.0177796681696785,NA
9872421,34,k ɯ ɾ y ɾ,5,-15.606638034872336,NA,-13.90445119214018,NA,-13.927432452108098,NA,1.4023519238658844,NA,1.4019095639097712,NA,1.0403132444979513,NA,1.0383564043662596,NA
9872421,64,t͡ʃ ø z ɯ z,5,-20.62607180941986,NA,-16.976091075060026,NA,-17.019424912474907,NA,1.1583596514678574,NA,1.1583584120592822,NA,1.0080045227428704,NA,1.0077781589190764,NA
9872421,6,v i ɟ ø ʒ,5,-26.08508432555531,NA,-Inf,NA,-26.573834589061327,NA,1.1072439154231664,NA,1.107341952591128,NA,1.002221233960113,NA,1.002322393863214,NA
9872421,6,b o ʒ o j,5,-21.245057054178083,NA,-20.13244875835492,NA,-20.046431822915014,NA,1.1725304838846882,NA,1.1725072015915694,NA,1.0075402588170546,NA,1.0073612568945542,NA
9872421,74,ɫ a c i c,5,-20.85006703745811,NA,-Inf,NA,-28.268360365160696,NA,1.393714475584772,NA,1.393307140789591,NA,1.0031978955195548,NA,1.003244424758624,NA
9872421,38,g u d͡ʒ ɯ z,5,-19.58384312679565,NA,-16.662080926911877,NA,-16.69599102385458,NA,1.1829445655903972,NA,1.1829010801604336,NA,1.004072591118986,NA,1.0040601734200405,NA
9872421,5,l i ʒ ɯ h,5,-21.236809961973975,NA,-30.679339934133328,NA,-29.742273739726983,NA,1.158327478084528,NA,1.1583284213199998,NA,1.0005226776773717,NA,1.000711052533111,NA
9872421,5,b y ɟ y ʒ,5,-25.505444268865332,NA,-25.45365748559964,NA,-24.547852043511448,NA,1.1609339687930145,NA,1.1609373105847451,NA,1.0030582028661408,NA,1.0031139432724736,NA
9872421,38,l y g u v,5,-21.054989139720988,NA,-Inf,NA,-29.442333739145383,NA,1.1391300728302185,NA,1.139165406989077,NA,1.0012517628678057,NA,1.0013973759000716,NA
9872777,66,b u t͡ʃ ø z,5,-20.64528675679707,NA,-16.726730678422822,NA,-16.76182039023128,NA,1.1627803129926748,NA,1.1627762695685162,NA,1.0077814367587763,NA,1.0075883291945815,NA
9872777,72,c y f e f,5,-21.527813099749014,NA,-Inf,NA,-22.664539480096867,NA,1.2118743211486604,NA,1.2117773135384928,NA,1.0071295794804112,NA,1.0069463406784327,NA
9872777,28,z a g u ʒ,5,-20.29947828385247,NA,-22.63081735331332,NA,-22.558066597039417,NA,1.3322117684361712,NA,1.331916871021566,NA,1.0060543305370335,NA,1.005951900443092,NA
9872777,28,ɫ o c i c,5,-22.598154704161175,NA,-Inf,NA,-30.38087562282667,NA,1.192024700888065,NA,1.1919663103397642,NA,1.0024386182362308,NA,1.002525096162357,NA
9872777,13,h a v e ʒ,5,-19.09461168027044,NA,-16.910155513317502,NA,-17.0401322477831,NA,1.4491259370421068,NA,1.448622803127972,NA,1.0389424664117677,NA,1.0370968958000453,NA
9872777,84,n o t u s,5,-16.47465512035086,NA,-19.735328187133018,NA,-19.743774110963223,NA,1.2269920276179962,NA,1.226868358906597,NA,1.0080817305580838,NA,1.0078462760915818,NA
9872777,71,d͡ʒ o ʒ ɯ ʒ,5,-24.079143338267087,NA,-Inf,NA,-28.009801950877545,NA,1.137517569937932,NA,1.1375587066288628,NA,1.0007051178379167,NA,1.0008859248512416,NA
9872777,91,ɫ a c i c,5,-20.85006703745811,NA,-Inf,NA,-28.268360365160696,NA,1.393714475584772,NA,1.393307140789591,NA,1.0031978955195548,NA,1.003244424758624,NA
9872777,27,v ø h u v,5,-21.19584626377422,NA,-Inf,NA,-27.14453973692883,NA,1.12204735674267,NA,1.1221120023890112,NA,1.0019306114959543,NA,1.0020390443325038,NA
9872777,32,ɫ a v ø c,5,-20.9587256480507,NA,-Inf,NA,-27.741190815322057,NA,1.3120436196337373,NA,1.311787239641347,NA,1.0128467704178925,NA,1.0123863819849432,NA
9872777,71,g ɯ ɟ ø z,5,-24.493762160994564,NA,-Inf,NA,-21.039008141833634,NA,1.1091017507441014,NA,1.109190682492799,NA,1.002741473193033,NA,1.0028133483318893,NA
9872777,97,k ɯ ɾ y ɾ,5,-15.606638034872336,NA,-13.90445119214018,NA,-13.927432452108098,NA,1.4023519238658844,NA,1.4019095639097712,NA,1.0403132444979513,NA,1.0383564043662596,NA
9872777,66,n y n a j,5,-15.538878453846433,NA,-19.248648600763232,NA,-19.252973283175265,NA,1.375893401023051,NA,1.3755021898241135,NA,1.025399913127838,NA,1.024174835275507,NA
9872777,100,m u ɾ e ɾ,5,-14.696942662362323,NA,-12.765770122828249,NA,-12.78886990036498,NA,1.4829679946903738,NA,1.482378633403974,NA,1.0554645066457835,NA,1.052583586591879,NA
9872777,36,b o ʒ o j,5,-21.245057054178083,NA,-20.13244875835492,NA,-20.046431822915014,NA,1.1725304838846882,NA,1.1725072015915694,NA,1.0075402588170546,NA,1.0073612568945542,NA
9872777,0,l i ʒ ɯ h,5,-21.236809961973975,NA,-30.679339934133328,NA,-29.742273739726983,NA,1.158327478084528,NA,1.1583284213199998,NA,1.0005226776773717,NA,1.000711052533111,NA
9872777,32,ɟ ø ʒ u ʒ,5,-29.01723460133465,NA,-Inf,NA,-30.01521454529064,NA,1.0652782477051752,NA,1.0654452352440962,NA,1,1,1.0002179098838746,1
9872777,28,t e m y ɾ,5,-15.097011485226544,NA,-13.149158478430715,NA,-13.17506319379305,NA,1.3952910296657324,NA,1.3948618624207878,NA,1.043610721726628,NA,1.0414893151040772,NA
9872777,28,l y g o v,5,-21.24168388132717,NA,-Inf,NA,-29.53360238566332,NA,1.1177613338707335,NA,1.117835562270347,NA,1.0014227127794817,NA,1.0015589006941277,NA
9872777,69,t͡ʃ u ɫ a ʒ,5,-19.237587515269706,NA,-18.130207686087324,NA,-18.26240532798674,NA,1.3722130475752563,NA,1.3718347547581715,NA,1.0249011247841782,NA,1.0237533348136263,NA
9872777,14,l i ɾ a ɫ,5,-15.3609350799713,NA,-19.8361902836386,NA,-19.591438837393905,NA,1.4834033363849624,NA,1.482810949290984,NA,1.052665896370704,NA,1.049897439309165,NA
9872777,75,ɟ y ʒ a ʒ,5,-26.24714392218317,NA,-27.701633339060944,NA,-27.35192869335266,NA,1.264390404377066,NA,1.2641995821532814,NA,1.0013967676551154,NA,1.0015291572871547,NA
9872777,62,v ø l ø c,5,-25.90689728386676,NA,-Inf,NA,-35.34511196131538,NA,1.053370077665239,NA,1.0535614319623523,NA,1,1,1.0002179098838746,1
9872777,95,m y ɟ ø z,5,-23.67800700689448,NA,-Inf,NA,-19.812441326740707,NA,1.1873897568358545,NA,1.1873432880455872,NA,1.0271132236263087,NA,1.0259044813368154,NA
9872777,65,b e d͡ʒ ɯ z,5,-17.81982760102264,NA,-14.454949896520516,NA,-14.498099044664276,NA,1.3212001426293818,NA,1.3209174839829685,NA,1.018554063995171,NA,1.0177796681696785,NA
9872777,82,z a ʒ a ʒ,5,-20.65156820085194,NA,-20.88415273374731,NA,-21.111799773330873,NA,1.473656473289835,NA,1.4731036094504746,NA,1.005674667143876,NA,1.0055823087757958,NA
9872777,38,k o m y ɾ,5,-16.353424337993484,NA,-13.883195970862252,NA,-13.910528361180043,NA,1.3227564267292913,NA,1.3224527779546218,NA,1.0242905957012058,NA,1.0231863397295329,NA
9872777,26,h a ɟ y ʒ,5,-23.863657450841075,NA,-22.624553381069926,NA,-22.344510460590467,NA,1.3349575084723493,NA,1.334659755521368,NA,1.0247789272681185,NA,1.023693209239092,NA
9872777,25,ɟ ø c y c,5,-29.771612116763333,NA,-Inf,NA,-33.918015159012405,NA,1.0457614416943897,NA,1.0459642311442183,NA,1.000065210303228,NA,1.0002790383147078,NA
9872777,65,ɫ o c i v,5,-20.32154509757039,NA,-Inf,NA,-28.655330256748375,NA,1.203566924559405,NA,1.203484498665397,NA,1.003612403694333,NA,1.0036254079173543,NA
9872777,42,v ɯ c e c,5,-23.291319549211504,NA,-Inf,NA,-31.131139803939128,NA,1.1800904532909162,NA,1.1800533352853768,NA,1.0009229002593154,NA,1.0010857623367058,NA
9872777,76,b y ɟ y ʒ,5,-25.505444268865332,NA,-25.45365748559964,NA,-24.547852043511448,NA,1.1609339687930145,NA,1.1609373105847451,NA,1.0030582028661408,NA,1.0031139432724736,NA
9872777,23,z a c i c,5,-21.79076817824873,NA,-Inf,NA,-28.16360280521193,NA,1.396529547044278,NA,1.3961173439888992,NA,1.0049309977725878,NA,1.0048864608834187,NA
9872777,23,l ø ʒ o h,5,-24.023639891238354,NA,-Inf,NA,-30.04919461281527,NA,1.0611372469041531,NA,1.0613091459550994,NA,1,1,1.0002179098838746,1
9872777,88,n e m o h,5,-16.32924773528244,NA,-20.77206130453725,NA,-20.726772496747454,NA,1.276400178714621,NA,1.2761991218991138,NA,1.016692629955233,NA,1.016027305212858,NA
9872777,27,f i m y z,5,-17.903375865695956,NA,-14.742633621324917,NA,-14.786764221872444,NA,1.201636639433986,NA,1.2015630839111278,NA,1.0120057633303254,NA,1.0115817861902552,NA
9872777,65,l e l e c,5,-21.338527197603927,NA,-31.45089604529384,NA,-30.582591541482635,NA,1.2981271077413907,NA,1.2978856396230185,NA,1.0037045395306985,NA,1.0037202628550872,NA
9872777,34,n ɯ t a j,5,-14.896630988839425,NA,-19.401787788498176,NA,-19.40541509478784,NA,1.354526711595995,NA,1.3541725154278046,NA,1.021234920433465,NA,1.0202283613160217,NA
9872777,29,g u d͡ʒ ɯ z,5,-19.58384312679565,NA,-16.662080926911877,NA,-16.69599102385458,NA,1.1829445655903972,NA,1.1829010801604336,NA,1.004072591118986,NA,1.0040601734200405,NA
9872777,94,m u ɟ ø z,5,-23.390324934442702,NA,-Inf,NA,-20.024930764116053,NA,1.1813238989502393,NA,1.1812879247237875,NA,1.0153068128767293,NA,1.0147184228338744,NA
9872777,59,t͡ʃ ø z i z,5,-19.95205038921768,NA,-16.53019953976399,NA,-16.57507613525408,NA,1.2189898868089024,NA,1.21887829147456,NA,1.012754830804793,NA,1.0122417488420343,NA
9872777,8,h a ʒ u ʒ,5,-22.22459728237563,NA,-20.574734095421434,NA,-20.57980325185485,NA,1.3552832193968376,NA,1.354948500786981,NA,1.024100953206239,NA,1.0230524747443015,NA
9872777,43,t͡ʃ ø t͡ʃ ø z,5,-22.697768764281445,NA,-19.14014982771973,NA,-19.125549383488163,NA,1.0814485413778725,NA,1.0815851832308758,NA,1.0021481577380047,NA,1.0022510865945526,NA
9872777,35,b o ʒ ø z,5,-22.86665396829175,NA,-18.017128955938706,NA,-17.902257196862156,NA,1.1512809100750248,NA,1.1512968865447335,NA,1.0076706794235104,NA,1.0074835137562206,NA
9872777,42,ɟ e ɟ ø c,5,-29.515236701833903,NA,-Inf,NA,-35.387903759308166,NA,1.1759662589424205,NA,1.1759456395053902,NA,1.0001090155892292,NA,1.0003211623361203,NA
9872777,74,z i ʃ u ʒ,5,-20.611196487491956,NA,-21.50834429121576,NA,-21.43777842049785,NA,1.1722474271142185,NA,1.1722290569471934,NA,1.0065648677878622,NA,1.0064344360939144,NA
9872777,94,ɫ o t a ɫ,5,-14.65850607845412,NA,-17.671672662841534,NA,-17.682535023707715,NA,1.3973781624522024,NA,1.3969353956490551,NA,1.0300127259382086,NA,1.0284804983759424,NA
9872777,92,ɫ a m ø s,5,-16.4448878098927,NA,-21.700506185311,NA,-21.560223247833047,NA,1.3597787878886536,NA,1.359429234768754,NA,1.0166672670594712,NA,1.0160046485573355,NA
9872777,92,s ø ɾ e ɾ,5,-16.33314456534291,NA,-14.679954878983413,NA,-14.714425131840436,NA,1.4153867644354674,NA,1.4149143088475702,NA,1.032928769087306,NA,1.0312349764733082,NA
9872777,93,ɟ i f o ʒ,5,-24.780676297755964,NA,-25.425443803693742,NA,-25.116310217920844,NA,1.1272633513846158,NA,1.1273248298147074,NA,1.0025592701523314,NA,1.0026389458748235,NA
9872777,31,n ɯ ʒ o h,5,-20.43289152093352,NA,-Inf,NA,-27.681960708161636,NA,1.1097661427251175,NA,1.1098539195905015,NA,1.0003249566724437,NA,1.0005257916572736,NA
9872777,87,n u ʒ u v,5,-20.80128833604193,NA,-25.0331577171281,NA,-24.8916465105402,NA,1.1410317248052262,NA,1.1410638524210197,NA,1.0012699088513268,NA,1.001416451124873,NA
9872777,28,b e v a z,5,-16.49220087297713,NA,-13.608243420111007,NA,-13.653196067821916,NA,1.477372226790212,NA,1.4768067318712417,NA,1.039668977985646,NA,1.0377122037388582,NA
9872777,24,n u ʒ a v,5,-19.23989541094505,NA,-24.070092646118187,NA,-23.96757799454814,NA,1.2890173650126455,NA,1.2887801370464675,NA,1.0063398585044316,NA,1.0061698950642324,NA
9872777,83,t͡ʃ ø z ɯ z,5,-20.62607180941986,NA,-16.976091075060026,NA,-17.019424912474907,NA,1.1583596514678574,NA,1.1583584120592822,NA,1.0080045227428704,NA,1.0077781589190764,NA
9872777,30,b o ɟ ø z,5,-24.218032064305415,NA,-Inf,NA,-19.98603714014059,NA,1.1508993555127225,NA,1.1509159963499356,NA,1.0076706794235104,NA,1.0074835137562206,NA
9872777,79,m u ɾ u ɾ,5,-15.78366637936518,NA,-13.562188301724916,NA,-13.588096170629813,NA,1.419431610850839,NA,1.418957895106949,NA,1.0416730830399104,NA,1.0396065469972535,NA
9872777,29,ɟ e ʒ a ʒ,5,-24.872738132728532,NA,-Inf,NA,-27.982487602910396,NA,1.3654519295070486,NA,1.3650862603539733,NA,1.0018873378066473,NA,1.0019937933222605,NA
9872777,80,l e g u j,5,-19.01681077838631,NA,-26.364507293773418,NA,-25.975664718831844,NA,1.2483428858636896,NA,1.248186398979058,NA,1.0016771227161092,NA,1.0018008835043444,NA
9872777,29,f i f ø c,5,-22.934346180129452,NA,-Inf,NA,-24.81560530960652,NA,1.1324703057575094,NA,1.132524760714353,NA,1.00781397621939,NA,1.0076205413173758,NA
9872777,96,k o ɾ e n,5,-14.885879129991546,NA,-12.897900518277458,NA,-12.921968836319405,NA,1.4935674111675834,NA,1.492960755870561,NA,1.051458107409831,NA,1.0487970966537057,NA
9872777,63,ɟ y ɟ i c,5,-28.504374274105167,NA,-34.0614415135249,NA,-32.63139034186276,NA,1.1857372598822993,NA,1.1856897559125137,NA,1.0003805593107542,NA,1.0005751782641632,NA
9872777,64,d͡ʒ o ʒ a ʒ,5,-22.732617383645024,NA,-22.660226857866917,NA,-22.815874697194054,NA,1.2757020818759344,NA,1.275491702476653,NA,1.001992869903803,NA,1.002093919802276,NA
9872777,70,b u z i z,5,-17.899568381733303,NA,-15.168587722623604,NA,-15.20544673192982,NA,1.300321658423705,NA,1.3000693778122003,NA,1.018878679977096,NA,1.0180436274771694,NA
9872777,30,n u c i c,5,-22.422357273444163,NA,-Inf,NA,-30.604841117870382,NA,1.2010655284312557,NA,1.2009915028727167,NA,1.0010304726556416,NA,1.0011909418109612,NA
9872777,86,l y v ø c,5,-24.69819952981217,NA,-Inf,NA,-33.84418076589204,NA,1.1109520851514574,NA,1.1110436100959913,NA,1.0013626948653658,NA,1.0015085655369462,NA
9872777,23,l e m ø c,5,-22.135268586336817,NA,-Inf,NA,-30.8974573340183,NA,1.2302737214773412,NA,1.230158604762022,NA,1.0104704475845636,NA,1.010134576043257,NA
9872777,88,ɫ a ʒ ɯ v,5,-19.01413112958105,NA,-25.27309072876929,NA,-24.70218102731933,NA,1.3434818002281597,NA,1.3431627791155516,NA,1.0027190231281846,NA,1.0027934061307997,NA
9872777,16,v ø g a v,5,-20.10445696792307,NA,-Inf,NA,-26.10524817310064,NA,1.247357754390403,NA,1.247192526866456,NA,1.0083186036664065,NA,1.0080374911419787,NA
9872777,72,t i ɾ i n,5,-14.025136929876307,NA,-13.29622096087098,NA,-13.31495014679013,NA,1.4868293162319706,NA,1.4862336716167204,NA,1.0380836476564423,NA,1.036141119098454,NA
9872777,21,m y d͡ʒ i z,5,-17.879199582018565,NA,-14.393898283796569,NA,-14.429259306354858,NA,1.3109225990509248,NA,1.3106522848516828,NA,1.0375068631237063,NA,1.0356959574680136,NA
9872777,88,v i c i t͡ʃ,5,-20.547113263958217,NA,-Inf,NA,-23.1711421973128,NA,1.2268410034005357,NA,1.2267195786230238,NA,1.0039829073988151,NA,1.0039769766982811,NA
9872777,17,l ø ʒ a v,5,-22.61577681077505,NA,-Inf,NA,-27.92410669629761,NA,1.2294482612194106,NA,1.2293140831342488,NA,1.0055264217757005,NA,1.0053992528390658,NA
9872777,31,k ɯ ɾ u ɾ,5,-15.318955962420556,NA,-13.211802908261404,NA,-13.235619449577031,NA,1.4222960802280702,NA,1.4218174189805863,NA,1.0464229248539447,NA,1.04410490580885,NA
9872777,17,v i ɟ ø ʒ,5,-26.08508432555531,NA,-Inf,NA,-26.573834589061327,NA,1.1072439154231664,NA,1.107341952591128,NA,1.002221233960113,NA,1.002322393863214,NA
9872777,20,n ø t i v,5,-17.944154892120544,NA,-23.2961730088594,NA,-23.250097222909492,NA,1.2347006964889633,NA,1.2345636665208823,NA,1.0201890138444885,NA,1.019285545598672,NA
9872777,25,n ɯ ʒ a j,5,-18.361255868590177,NA,-Inf,NA,-24.42370924182812,NA,1.2862284449438637,NA,1.2859931705589396,NA,1.0083293699708047,NA,1.0080300149841257,NA
9872777,81,f a m o ʒ,5,-19.525006628199367,NA,-18.562521006783637,NA,-18.678545352468166,NA,1.3639122810041675,NA,1.3635640039359638,NA,1.0205395864056823,NA,1.0196690224611438,NA
9872777,23,g o ʒ u ʒ,5,-24.442688578324432,NA,-22.033985445786712,NA,-22.016202405684076,NA,1.1437948305814645,NA,1.1438260015087924,NA,1.001138393401175,NA,1.0012964338824402,NA
9872777,63,b e ʒ u z,5,-20.09685568317635,NA,-17.616675465865157,NA,-17.692227901481022,NA,1.2990802527770584,NA,1.298836883201828,NA,1.0147738277840022,NA,1.0141969018237178,NA
9872777,66,l e l i v,5,-19.259752917338997,NA,-29.576825325610375,NA,-28.93865942698328,NA,1.3165643111836578,NA,1.316286257844561,NA,1.004552273472661,NA,1.0045149324559184,NA
9872777,92,m y d͡ʒ ɯ z,5,-18.55322100222074,NA,-14.44026579065542,NA,-14.47667494038302,NA,1.2502923637098795,NA,1.2501324054364051,NA,1.0311610225528094,NA,1.029724802800534,NA
9872777,36,p ɯ h i c,5,-20.565900791151996,NA,-23.40671397169415,NA,-23.24817306184844,NA,1.2307563842740858,NA,1.2306306880145006,NA,1.0085929357767276,NA,1.008342931175454,NA
9872777,95,m y ʒ u z,5,-20.83024908437445,NA,-18.018790953182332,NA,-17.957196378821674,NA,1.2281724738575563,NA,1.228051804655265,NA,1.028797989001621,NA,1.027484318333768,NA
9872777,23,g a h a n,5,-15.424795057512029,NA,-12.671136251120728,NA,-12.713594601335702,NA,1.5950046496787846,NA,1.5942160548671798,NA,1.0568362269206326,NA,1.0537746821415517,NA
9872777,30,l i l e c,5,-21.536362523929785,NA,-31.083984388924055,NA,-30.331424169322283,NA,1.2119594300984098,NA,1.2118670410071015,NA,1.002450860254562,NA,1.002532859654261,NA
9872777,23,ʃ i ʒ a z,5,-19.04980356239507,NA,-19.97037085869323,NA,-19.99831106394273,NA,1.315532256051761,NA,1.315247063807122,NA,1.0098413554752772,NA,1.009482109892058,NA
9872777,17,l y g u v,5,-21.054989139720988,NA,-Inf,NA,-29.442333739145383,NA,1.1391300728302185,NA,1.139165406989077,NA,1.0012517628678057,NA,1.0013973759000716,NA
9872777,17,n u t y j,5,-16.96057295686292,NA,-21.57828825775384,NA,-21.566459081067514,NA,1.1975371229986602,NA,1.1974696560083582,NA,1.0083526736746993,NA,1.008122409607921,NA
9872777,79,b i j u z,5,-17.587656552519828,NA,-14.901222365010376,NA,-14.934988048180376,NA,1.2542839912465815,NA,1.2541176642790226,NA,1.0211939364547036,NA,1.0202725415610168,NA
9872777,36,f u ʒ o ʒ,5,-24.318186592419305,NA,-24.076093804584303,NA,-23.89378841031736,NA,1.113926858532862,NA,1.1140116216965557,NA,1.0011715459746369,NA,1.0013258782882402,NA
9872777,84,v ɯ ʒ ɯ ʒ,5,-23.69648085276263,NA,-Inf,NA,-31.00943562503508,NA,1.125927847369398,NA,1.1259890347950725,NA,1.0002707972270364,NA,1.000474478028374,NA
9872777,27,z ɯ f ø ʒ,5,-23.017882079075772,NA,-Inf,NA,-25.118736995317576,NA,1.0902439638685273,NA,1.090371213824056,NA,1.0024969451408785,NA,1.00258336556017,NA
9872777,79,g ɯ ʒ u ɫ,5,-20.705303097683913,NA,-Inf,NA,-21.48584727527315,NA,1.1930536885026797,NA,1.19297852493055,NA,1.0065343732888652,NA,1.006368299524924,NA
9872777,87,g ɯ ɟ i ʒ,5,-24.50361657158009,NA,-25.49963744384403,NA,-24.94700242135446,NA,1.20317522888439,NA,1.2030973279498365,NA,1.0026110525865772,NA,1.002691091470223,NA
9872777,88,b e v i z,5,-17.164705407397012,NA,-14.3441056545888,NA,-14.386834265478743,NA,1.3998179501932546,NA,1.3993936154387292,NA,1.0313640525417127,NA,1.029874405398718,NA
9874001,28,z a g u ʒ,5,-20.29947828385247,NA,-22.63081735331332,NA,-22.558066597039417,NA,1.3322117684361712,NA,1.331916871021566,NA,1.0060543305370335,NA,1.005951900443092,NA
9874001,53,l e m ø c,5,-22.135268586336817,NA,-Inf,NA,-30.8974573340183,NA,1.2302737214773412,NA,1.230158604762022,NA,1.0104704475845636,NA,1.010134576043257,NA
9874001,37,ɫ a ʒ ɯ v,5,-19.01413112958105,NA,-25.27309072876929,NA,-24.70218102731933,NA,1.3434818002281597,NA,1.3431627791155516,NA,1.0027190231281846,NA,1.0027934061307997,NA
9874001,43,v ø h u v,5,-21.19584626377422,NA,-Inf,NA,-27.14453973692883,NA,1.12204735674267,NA,1.1221120023890112,NA,1.0019306114959543,NA,1.0020390443325038,NA
9874001,64,l e l i v,5,-19.259752917338997,NA,-29.576825325610375,NA,-28.93865942698328,NA,1.3165643111836578,NA,1.316286257844561,NA,1.004552273472661,NA,1.0045149324559184,NA
9874001,61,n ɯ ʒ a j,5,-18.361255868590177,NA,-Inf,NA,-24.42370924182812,NA,1.2862284449438637,NA,1.2859931705589396,NA,1.0083293699708047,NA,1.0080300149841257,NA
9874001,76,ɫ a m ø s,5,-16.4448878098927,NA,-21.700506185311,NA,-21.560223247833047,NA,1.3597787878886536,NA,1.359429234768754,NA,1.0166672670594712,NA,1.0160046485573355,NA
9874001,39,k ɯ ɾ y ɾ,5,-15.606638034872336,NA,-13.90445119214018,NA,-13.927432452108098,NA,1.4023519238658844,NA,1.4019095639097712,NA,1.0403132444979513,NA,1.0383564043662596,NA
9874001,56,ɟ y ʒ a ʒ,5,-26.24714392218317,NA,-27.701633339060944,NA,-27.35192869335266,NA,1.264390404377066,NA,1.2641995821532814,NA,1.0013967676551154,NA,1.0015291572871547,NA
9874001,85,b o ɟ ø z,5,-24.218032064305415,NA,-Inf,NA,-19.98603714014059,NA,1.1508993555127225,NA,1.1509159963499356,NA,1.0076706794235104,NA,1.0074835137562206,NA
9874001,72,ɟ e ɟ ø c,5,-29.515236701833903,NA,-Inf,NA,-35.387903759308166,NA,1.1759662589424205,NA,1.1759456395053902,NA,1.0001090155892292,NA,1.0003211623361203,NA
9874001,68,n u ʒ a v,5,-19.23989541094505,NA,-24.070092646118187,NA,-23.96757799454814,NA,1.2890173650126455,NA,1.2887801370464675,NA,1.0063398585044316,NA,1.0061698950642324,NA
9874001,90,t e m y ɾ,5,-15.097011485226544,NA,-13.149158478430715,NA,-13.17506319379305,NA,1.3952910296657324,NA,1.3948618624207878,NA,1.043610721726628,NA,1.0414893151040772,NA
9874001,74,b e d͡ʒ ɯ z,5,-17.81982760102264,NA,-14.454949896520516,NA,-14.498099044664276,NA,1.3212001426293818,NA,1.3209174839829685,NA,1.018554063995171,NA,1.0177796681696785,NA
9874001,58,ɟ y ɟ i c,5,-28.504374274105167,NA,-34.0614415135249,NA,-32.63139034186276,NA,1.1857372598822993,NA,1.1856897559125137,NA,1.0003805593107542,NA,1.0005751782641632,NA
9874001,40,n ɯ t a j,5,-14.896630988839425,NA,-19.401787788498176,NA,-19.40541509478784,NA,1.354526711595995,NA,1.3541725154278046,NA,1.021234920433465,NA,1.0202283613160217,NA
9874001,38,f i f ø c,5,-22.934346180129452,NA,-Inf,NA,-24.81560530960652,NA,1.1324703057575094,NA,1.132524760714353,NA,1.00781397621939,NA,1.0076205413173758,NA
9874001,77,b e v a z,5,-16.49220087297713,NA,-13.608243420111007,NA,-13.653196067821916,NA,1.477372226790212,NA,1.4768067318712417,NA,1.039668977985646,NA,1.0377122037388582,NA
9874001,48,g ɯ ɟ i ʒ,5,-24.50361657158009,NA,-25.49963744384403,NA,-24.94700242135446,NA,1.20317522888439,NA,1.2030973279498365,NA,1.0026110525865772,NA,1.002691091470223,NA
9874001,63,p ɯ h i c,5,-20.565900791151996,NA,-23.40671397169415,NA,-23.24817306184844,NA,1.2307563842740858,NA,1.2306306880145006,NA,1.0085929357767276,NA,1.008342931175454,NA
9874001,28,z i ʃ u ʒ,5,-20.611196487491956,NA,-21.50834429121576,NA,-21.43777842049785,NA,1.1722474271142185,NA,1.1722290569471934,NA,1.0065648677878622,NA,1.0064344360939144,NA
9874001,61,h a v e ʒ,5,-19.09461168027044,NA,-16.910155513317502,NA,-17.0401322477831,NA,1.4491259370421068,NA,1.448622803127972,NA,1.0389424664117677,NA,1.0370968958000453,NA
9874001,95,l e l e c,5,-21.338527197603927,NA,-31.45089604529384,NA,-30.582591541482635,NA,1.2981271077413907,NA,1.2978856396230185,NA,1.0037045395306985,NA,1.0037202628550872,NA
9874001,38,n ɯ ʒ o h,5,-20.43289152093352,NA,-Inf,NA,-27.681960708161636,NA,1.1097661427251175,NA,1.1098539195905015,NA,1.0003249566724437,NA,1.0005257916572736,NA
9874001,86,b u t͡ʃ ø z,5,-20.64528675679707,NA,-16.726730678422822,NA,-16.76182039023128,NA,1.1627803129926748,NA,1.1627762695685162,NA,1.0077814367587763,NA,1.0075883291945815,NA
9874001,89,b i j u z,5,-17.587656552519828,NA,-14.901222365010376,NA,-14.934988048180376,NA,1.2542839912465815,NA,1.2541176642790226,NA,1.0211939364547036,NA,1.0202725415610168,NA
9874001,61,b o ʒ o j,5,-21.245057054178083,NA,-20.13244875835492,NA,-20.046431822915014,NA,1.1725304838846882,NA,1.1725072015915694,NA,1.0075402588170546,NA,1.0073612568945542,NA
9874001,79,m y ɟ ø z,5,-23.67800700689448,NA,-Inf,NA,-19.812441326740707,NA,1.1873897568358545,NA,1.1873432880455872,NA,1.0271132236263087,NA,1.0259044813368154,NA
9874001,94,b u z i z,5,-17.899568381733303,NA,-15.168587722623604,NA,-15.20544673192982,NA,1.300321658423705,NA,1.3000693778122003,NA,1.018878679977096,NA,1.0180436274771694,NA
9874001,77,b o ʒ ø z,5,-22.86665396829175,NA,-18.017128955938706,NA,-17.902257196862156,NA,1.1512809100750248,NA,1.1512968865447335,NA,1.0076706794235104,NA,1.0074835137562206,NA
9874001,100,m u ɾ u ɾ,5,-15.78366637936518,NA,-13.562188301724916,NA,-13.588096170629813,NA,1.419431610850839,NA,1.418957895106949,NA,1.0416730830399104,NA,1.0396065469972535,NA
9874001,49,l ø ʒ a v,5,-22.61577681077505,NA,-Inf,NA,-27.92410669629761,NA,1.2294482612194106,NA,1.2293140831342488,NA,1.0055264217757005,NA,1.0053992528390658,NA
9874001,32,d͡ʒ o ʒ a ʒ,5,-22.732617383645024,NA,-22.660226857866917,NA,-22.815874697194054,NA,1.2757020818759344,NA,1.275491702476653,NA,1.001992869903803,NA,1.002093919802276,NA
9874001,78,n u c i c,5,-22.422357273444163,NA,-Inf,NA,-30.604841117870382,NA,1.2010655284312557,NA,1.2009915028727167,NA,1.0010304726556416,NA,1.0011909418109612,NA
9874001,56,ɟ i f o ʒ,5,-24.780676297755964,NA,-25.425443803693742,NA,-25.116310217920844,NA,1.1272633513846158,NA,1.1273248298147074,NA,1.0025592701523314,NA,1.0026389458748235,NA
9874001,76,v i c i t͡ʃ,5,-20.547113263958217,NA,-Inf,NA,-23.1711421973128,NA,1.2268410034005357,NA,1.2267195786230238,NA,1.0039829073988151,NA,1.0039769766982811,NA
9874001,79,k o m y ɾ,5,-16.353424337993484,NA,-13.883195970862252,NA,-13.910528361180043,NA,1.3227564267292913,NA,1.3224527779546218,NA,1.0242905957012058,NA,1.0231863397295329,NA
9874001,91,t͡ʃ ø t͡ʃ ø z,5,-22.697768764281445,NA,-19.14014982771973,NA,-19.125549383488163,NA,1.0814485413778725,NA,1.0815851832308758,NA,1.0021481577380047,NA,1.0022510865945526,NA
9874001,65,v i ɟ ø ʒ,5,-26.08508432555531,NA,-Inf,NA,-26.573834589061327,NA,1.1072439154231664,NA,1.107341952591128,NA,1.002221233960113,NA,1.002322393863214,NA
9874001,91,z a c i c,5,-21.79076817824873,NA,-Inf,NA,-28.16360280521193,NA,1.396529547044278,NA,1.3961173439888992,NA,1.0049309977725878,NA,1.0048864608834187,NA
9874001,57,z a ʒ a ʒ,5,-20.65156820085194,NA,-20.88415273374731,NA,-21.111799773330873,NA,1.473656473289835,NA,1.4731036094504746,NA,1.005674667143876,NA,1.0055823087757958,NA
9874001,40,g ɯ ʒ u ɫ,5,-20.705303097683913,NA,-Inf,NA,-21.48584727527315,NA,1.1930536885026797,NA,1.19297852493055,NA,1.0065343732888652,NA,1.006368299524924,NA
9874001,59,n y n a j,5,-15.538878453846433,NA,-19.248648600763232,NA,-19.252973283175265,NA,1.375893401023051,NA,1.3755021898241135,NA,1.025399913127838,NA,1.024174835275507,NA
9874001,42,l y g u v,5,-21.054989139720988,NA,-Inf,NA,-29.442333739145383,NA,1.1391300728302185,NA,1.139165406989077,NA,1.0012517628678057,NA,1.0013973759000716,NA
9874001,95,s ø ɾ e ɾ,5,-16.33314456534291,NA,-14.679954878983413,NA,-14.714425131840436,NA,1.4153867644354674,NA,1.4149143088475702,NA,1.032928769087306,NA,1.0312349764733082,NA
9874001,81,m y d͡ʒ i z,5,-17.879199582018565,NA,-14.393898283796569,NA,-14.429259306354858,NA,1.3109225990509248,NA,1.3106522848516828,NA,1.0375068631237063,NA,1.0356959574680136,NA
9874001,79,b e v i z,5,-17.164705407397012,NA,-14.3441056545888,NA,-14.386834265478743,NA,1.3998179501932546,NA,1.3993936154387292,NA,1.0313640525417127,NA,1.029874405398718,NA
9874001,24,l ø ʒ o h,5,-24.023639891238354,NA,-Inf,NA,-30.04919461281527,NA,1.0611372469041531,NA,1.0613091459550994,NA,1,1,1.0002179098838746,1
9874001,27,g o ʒ u ʒ,5,-24.442688578324432,NA,-22.033985445786712,NA,-22.016202405684076,NA,1.1437948305814645,NA,1.1438260015087924,NA,1.001138393401175,NA,1.0012964338824402,NA
9874001,40,n u ʒ u v,5,-20.80128833604193,NA,-25.0331577171281,NA,-24.8916465105402,NA,1.1410317248052262,NA,1.1410638524210197,NA,1.0012699088513268,NA,1.001416451124873,NA
9874001,65,l e g u j,5,-19.01681077838631,NA,-26.364507293773418,NA,-25.975664718831844,NA,1.2483428858636896,NA,1.248186398979058,NA,1.0016771227161092,NA,1.0018008835043444,NA
9874001,29,ɟ e ʒ a ʒ,5,-24.872738132728532,NA,-Inf,NA,-27.982487602910396,NA,1.3654519295070486,NA,1.3650862603539733,NA,1.0018873378066473,NA,1.0019937933222605,NA
9874001,33,v ø g a v,5,-20.10445696792307,NA,-Inf,NA,-26.10524817310064,NA,1.247357754390403,NA,1.247192526866456,NA,1.0083186036664065,NA,1.0080374911419787,NA
9874001,73,ɟ ø c y c,5,-29.771612116763333,NA,-Inf,NA,-33.918015159012405,NA,1.0457614416943897,NA,1.0459642311442183,NA,1.000065210303228,NA,1.0002790383147078,NA
9874001,96,n o t u s,5,-16.47465512035086,NA,-19.735328187133018,NA,-19.743774110963223,NA,1.2269920276179962,NA,1.226868358906597,NA,1.0080817305580838,NA,1.0078462760915818,NA
9874001,66,c y f e f,5,-21.527813099749014,NA,-Inf,NA,-22.664539480096867,NA,1.2118743211486604,NA,1.2117773135384928,NA,1.0071295794804112,NA,1.0069463406784327,NA
9874001,41,b e ʒ u z,5,-20.09685568317635,NA,-17.616675465865157,NA,-17.692227901481022,NA,1.2990802527770584,NA,1.298836883201828,NA,1.0147738277840022,NA,1.0141969018237178,NA
9874001,22,v ɯ c e c,5,-23.291319549211504,NA,-Inf,NA,-31.131139803939128,NA,1.1800904532909162,NA,1.1800533352853768,NA,1.0009229002593154,NA,1.0010857623367058,NA
9874001,28,g u d͡ʒ ɯ z,5,-19.58384312679565,NA,-16.662080926911877,NA,-16.69599102385458,NA,1.1829445655903972,NA,1.1829010801604336,NA,1.004072591118986,NA,1.0040601734200405,NA
9874001,96,m u ɟ ø z,5,-23.390324934442702,NA,-Inf,NA,-20.024930764116053,NA,1.1813238989502393,NA,1.1812879247237875,NA,1.0153068128767293,NA,1.0147184228338744,NA
9874001,81,f i m y z,5,-17.903375865695956,NA,-14.742633621324917,NA,-14.786764221872444,NA,1.201636639433986,NA,1.2015630839111278,NA,1.0120057633303254,NA,1.0115817861902552,NA
9874001,42,h a ʒ u ʒ,5,-22.22459728237563,NA,-20.574734095421434,NA,-20.57980325185485,NA,1.3552832193968376,NA,1.354948500786981,NA,1.024100953206239,NA,1.0230524747443015,NA
9874001,62,g ɯ ɟ ø z,5,-24.493762160994564,NA,-Inf,NA,-21.039008141833634,NA,1.1091017507441014,NA,1.109190682492799,NA,1.002741473193033,NA,1.0028133483318893,NA
9874001,22,ʃ i ʒ a z,5,-19.04980356239507,NA,-19.97037085869323,NA,-19.99831106394273,NA,1.315532256051761,NA,1.315247063807122,NA,1.0098413554752772,NA,1.009482109892058,NA
9874001,30,f a m o ʒ,5,-19.525006628199367,NA,-18.562521006783637,NA,-18.678545352468166,NA,1.3639122810041675,NA,1.3635640039359638,NA,1.0205395864056823,NA,1.0196690224611438,NA
9874001,24,l i ʒ ɯ h,5,-21.236809961973975,NA,-30.679339934133328,NA,-29.742273739726983,NA,1.158327478084528,NA,1.1583284213199998,NA,1.0005226776773717,NA,1.000711052533111,NA
9874001,59,n u t y j,5,-16.96057295686292,NA,-21.57828825775384,NA,-21.566459081067514,NA,1.1975371229986602,NA,1.1974696560083582,NA,1.0083526736746993,NA,1.008122409607921,NA
9874001,47,ɫ a v ø c,5,-20.9587256480507,NA,-Inf,NA,-27.741190815322057,NA,1.3120436196337373,NA,1.311787239641347,NA,1.0128467704178925,NA,1.0123863819849432,NA
9874001,69,k ɯ ɾ u ɾ,5,-15.318955962420556,NA,-13.211802908261404,NA,-13.235619449577031,NA,1.4222960802280702,NA,1.4218174189805863,NA,1.0464229248539447,NA,1.04410490580885,NA
9874001,89,ɫ a c i c,5,-20.85006703745811,NA,-Inf,NA,-28.268360365160696,NA,1.393714475584772,NA,1.393307140789591,NA,1.0031978955195548,NA,1.003244424758624,NA
9874001,73,n ø t i v,5,-17.944154892120544,NA,-23.2961730088594,NA,-23.250097222909492,NA,1.2347006964889633,NA,1.2345636665208823,NA,1.0201890138444885,NA,1.019285545598672,NA
9874001,41,h a ɟ y ʒ,5,-23.863657450841075,NA,-22.624553381069926,NA,-22.344510460590467,NA,1.3349575084723493,NA,1.334659755521368,NA,1.0247789272681185,NA,1.023693209239092,NA
9874001,62,ɫ o c i c,5,-22.598154704161175,NA,-Inf,NA,-30.38087562282667,NA,1.192024700888065,NA,1.1919663103397642,NA,1.0024386182362308,NA,1.002525096162357,NA
9874001,63,t͡ʃ ø z i z,5,-19.95205038921768,NA,-16.53019953976399,NA,-16.57507613525408,NA,1.2189898868089024,NA,1.21887829147456,NA,1.012754830804793,NA,1.0122417488420343,NA
9874001,65,ɫ o t a ɫ,5,-14.65850607845412,NA,-17.671672662841534,NA,-17.682535023707715,NA,1.3973781624522024,NA,1.3969353956490551,NA,1.0300127259382086,NA,1.0284804983759424,NA
9874001,58,n e m o h,5,-16.32924773528244,NA,-20.77206130453725,NA,-20.726772496747454,NA,1.276400178714621,NA,1.2761991218991138,NA,1.016692629955233,NA,1.016027305212858,NA
9874001,47,b y ɟ y ʒ,5,-25.505444268865332,NA,-25.45365748559964,NA,-24.547852043511448,NA,1.1609339687930145,NA,1.1609373105847451,NA,1.0030582028661408,NA,1.0031139432724736,NA
9874001,32,d͡ʒ o ʒ ɯ ʒ,5,-24.079143338267087,NA,-Inf,NA,-28.009801950877545,NA,1.137517569937932,NA,1.1375587066288628,NA,1.0007051178379167,NA,1.0008859248512416,NA
9874001,25,z ɯ f ø ʒ,5,-23.017882079075772,NA,-Inf,NA,-25.118736995317576,NA,1.0902439638685273,NA,1.090371213824056,NA,1.0024969451408785,NA,1.00258336556017,NA
9874001,91,t i ɾ i n,5,-14.025136929876307,NA,-13.29622096087098,NA,-13.31495014679013,NA,1.4868293162319706,NA,1.4862336716167204,NA,1.0380836476564423,NA,1.036141119098454,NA
9874001,75,m u ɾ e ɾ,5,-14.696942662362323,NA,-12.765770122828249,NA,-12.78886990036498,NA,1.4829679946903738,NA,1.482378633403974,NA,1.0554645066457835,NA,1.052583586591879,NA
9874001,60,g a h a n,5,-15.424795057512029,NA,-12.671136251120728,NA,-12.713594601335702,NA,1.5950046496787846,NA,1.5942160548671798,NA,1.0568362269206326,NA,1.0537746821415517,NA
9874001,58,l y g o v,5,-21.24168388132717,NA,-Inf,NA,-29.53360238566332,NA,1.1177613338707335,NA,1.117835562270347,NA,1.0014227127794817,NA,1.0015589006941277,NA
9874001,40,v ɯ ʒ ɯ ʒ,5,-23.69648085276263,NA,-Inf,NA,-31.00943562503508,NA,1.125927847369398,NA,1.1259890347950725,NA,1.0002707972270364,NA,1.000474478028374,NA
9874001,80,l i l e c,5,-21.536362523929785,NA,-31.083984388924055,NA,-30.331424169322283,NA,1.2119594300984098,NA,1.2118670410071015,NA,1.002450860254562,NA,1.002532859654261,NA
9874001,34,m y ʒ u z,5,-20.83024908437445,NA,-18.018790953182332,NA,-17.957196378821674,NA,1.2281724738575563,NA,1.228051804655265,NA,1.028797989001621,NA,1.027484318333768,NA
9874001,62,ɫ o c i v,5,-20.32154509757039,NA,-Inf,NA,-28.655330256748375,NA,1.203566924559405,NA,1.203484498665397,NA,1.003612403694333,NA,1.0036254079173543,NA
9874001,22,ɟ ø ʒ u ʒ,5,-29.01723460133465,NA,-Inf,NA,-30.01521454529064,NA,1.0652782477051752,NA,1.0654452352440962,NA,1,1,1.0002179098838746,1
9874001,42,l y v ø c,5,-24.69819952981217,NA,-Inf,NA,-33.84418076589204,NA,1.1109520851514574,NA,1.1110436100959913,NA,1.0013626948653658,NA,1.0015085655369462,NA
9874001,46,t͡ʃ u ɫ a ʒ,5,-19.237587515269706,NA,-18.130207686087324,NA,-18.26240532798674,NA,1.3722130475752563,NA,1.3718347547581715,NA,1.0249011247841782,NA,1.0237533348136263,NA
9874001,95,k o ɾ e n,5,-14.885879129991546,NA,-12.897900518277458,NA,-12.921968836319405,NA,1.4935674111675834,NA,1.492960755870561,NA,1.051458107409831,NA,1.0487970966537057,NA
9874001,27,f u ʒ o ʒ,5,-24.318186592419305,NA,-24.076093804584303,NA,-23.89378841031736,NA,1.113926858532862,NA,1.1140116216965557,NA,1.0011715459746369,NA,1.0013258782882402,NA
9874001,58,m y d͡ʒ ɯ z,5,-18.55322100222074,NA,-14.44026579065542,NA,-14.47667494038302,NA,1.2502923637098795,NA,1.2501324054364051,NA,1.0311610225528094,NA,1.029724802800534,NA
9874001,69,t͡ʃ ø z ɯ z,5,-20.62607180941986,NA,-16.976091075060026,NA,-17.019424912474907,NA,1.1583596514678574,NA,1.1583584120592822,NA,1.0080045227428704,NA,1.0077781589190764,NA
9874001,90,l i ɾ a ɫ,5,-15.3609350799713,NA,-19.8361902836386,NA,-19.591438837393905,NA,1.4834033363849624,NA,1.482810949290984,NA,1.052665896370704,NA,1.049897439309165,NA
9874001,59,v ø l ø c,5,-25.90689728386676,NA,-Inf,NA,-35.34511196131538,NA,1.053370077665239,NA,1.0535614319623523,NA,1,1,1.0002179098838746,1
9873790,20,g u d͡ʒ ɯ z,5,-19.58384312679565,NA,-16.662080926911877,NA,-16.69599102385458,NA,1.1829445655903972,NA,1.1829010801604336,NA,1.004072591118986,NA,1.0040601734200405,NA
9873790,0,n u ʒ a v,5,-19.23989541094505,NA,-24.070092646118187,NA,-23.96757799454814,NA,1.2890173650126455,NA,1.2887801370464675,NA,1.0063398585044316,NA,1.0061698950642324,NA
9873790,34,n u c i c,5,-22.422357273444163,NA,-Inf,NA,-30.604841117870382,NA,1.2010655284312557,NA,1.2009915028727167,NA,1.0010304726556416,NA,1.0011909418109612,NA
9873790,43,g a h a n,5,-15.424795057512029,NA,-12.671136251120728,NA,-12.713594601335702,NA,1.5950046496787846,NA,1.5942160548671798,NA,1.0568362269206326,NA,1.0537746821415517,NA
9873790,59,n y n a j,5,-15.538878453846433,NA,-19.248648600763232,NA,-19.252973283175265,NA,1.375893401023051,NA,1.3755021898241135,NA,1.025399913127838,NA,1.024174835275507,NA
9873790,59,ɫ a c i c,5,-20.85006703745811,NA,-Inf,NA,-28.268360365160696,NA,1.393714475584772,NA,1.393307140789591,NA,1.0031978955195548,NA,1.003244424758624,NA
9873790,62,z a c i c,5,-21.79076817824873,NA,-Inf,NA,-28.16360280521193,NA,1.396529547044278,NA,1.3961173439888992,NA,1.0049309977725878,NA,1.0048864608834187,NA
9873790,0,d͡ʒ o ʒ ɯ ʒ,5,-24.079143338267087,NA,-Inf,NA,-28.009801950877545,NA,1.137517569937932,NA,1.1375587066288628,NA,1.0007051178379167,NA,1.0008859248512416,NA
9873790,0,l e g u j,5,-19.01681077838631,NA,-26.364507293773418,NA,-25.975664718831844,NA,1.2483428858636896,NA,1.248186398979058,NA,1.0016771227161092,NA,1.0018008835043444,NA
9873790,0,d͡ʒ o ʒ a ʒ,5,-22.732617383645024,NA,-22.660226857866917,NA,-22.815874697194054,NA,1.2757020818759344,NA,1.275491702476653,NA,1.001992869903803,NA,1.002093919802276,NA
9873790,62,ɫ o c i c,5,-22.598154704161175,NA,-Inf,NA,-30.38087562282667,NA,1.192024700888065,NA,1.1919663103397642,NA,1.0024386182362308,NA,1.002525096162357,NA
9873790,14,p ɯ h i c,5,-20.565900791151996,NA,-23.40671397169415,NA,-23.24817306184844,NA,1.2307563842740858,NA,1.2306306880145006,NA,1.0085929357767276,NA,1.008342931175454,NA
9873790,5,ɫ a ʒ ɯ v,5,-19.01413112958105,NA,-25.27309072876929,NA,-24.70218102731933,NA,1.3434818002281597,NA,1.3431627791155516,NA,1.0027190231281846,NA,1.0027934061307997,NA
9873790,53,ɫ a m ø s,5,-16.4448878098927,NA,-21.700506185311,NA,-21.560223247833047,NA,1.3597787878886536,NA,1.359429234768754,NA,1.0166672670594712,NA,1.0160046485573355,NA
9873790,31,l e l i v,5,-19.259752917338997,NA,-29.576825325610375,NA,-28.93865942698328,NA,1.3165643111836578,NA,1.316286257844561,NA,1.004552273472661,NA,1.0045149324559184,NA
9873790,55,m y ʒ u z,5,-20.83024908437445,NA,-18.018790953182332,NA,-17.957196378821674,NA,1.2281724738575563,NA,1.228051804655265,NA,1.028797989001621,NA,1.027484318333768,NA
9873790,39,ɟ y ʒ a ʒ,5,-26.24714392218317,NA,-27.701633339060944,NA,-27.35192869335266,NA,1.264390404377066,NA,1.2641995821532814,NA,1.0013967676551154,NA,1.0015291572871547,NA
9873790,6,z a g u ʒ,5,-20.29947828385247,NA,-22.63081735331332,NA,-22.558066597039417,NA,1.3322117684361712,NA,1.331916871021566,NA,1.0060543305370335,NA,1.005951900443092,NA
9873790,68,ɫ o t a ɫ,5,-14.65850607845412,NA,-17.671672662841534,NA,-17.682535023707715,NA,1.3973781624522024,NA,1.3969353956490551,NA,1.0300127259382086,NA,1.0284804983759424,NA
9873790,31,ɟ e ʒ a ʒ,5,-24.872738132728532,NA,-Inf,NA,-27.982487602910396,NA,1.3654519295070486,NA,1.3650862603539733,NA,1.0018873378066473,NA,1.0019937933222605,NA
9873790,0,l ø ʒ a v,5,-22.61577681077505,NA,-Inf,NA,-27.92410669629761,NA,1.2294482612194106,NA,1.2293140831342488,NA,1.0055264217757005,NA,1.0053992528390658,NA
9873790,78,m u ɟ ø z,5,-23.390324934442702,NA,-Inf,NA,-20.024930764116053,NA,1.1813238989502393,NA,1.1812879247237875,NA,1.0153068128767293,NA,1.0147184228338744,NA
9873790,0,l i ʒ ɯ h,5,-21.236809961973975,NA,-30.679339934133328,NA,-29.742273739726983,NA,1.158327478084528,NA,1.1583284213199998,NA,1.0005226776773717,NA,1.000711052533111,NA
9873790,24,z a ʒ a ʒ,5,-20.65156820085194,NA,-20.88415273374731,NA,-21.111799773330873,NA,1.473656473289835,NA,1.4731036094504746,NA,1.005674667143876,NA,1.0055823087757958,NA
9873790,60,n ø t i v,5,-17.944154892120544,NA,-23.2961730088594,NA,-23.250097222909492,NA,1.2347006964889633,NA,1.2345636665208823,NA,1.0201890138444885,NA,1.019285545598672,NA
9873790,38,v i ɟ ø ʒ,5,-26.08508432555531,NA,-Inf,NA,-26.573834589061327,NA,1.1072439154231664,NA,1.107341952591128,NA,1.002221233960113,NA,1.002322393863214,NA
9873790,0,z i ʃ u ʒ,5,-20.611196487491956,NA,-21.50834429121576,NA,-21.43777842049785,NA,1.1722474271142185,NA,1.1722290569471934,NA,1.0065648677878622,NA,1.0064344360939144,NA
9873790,0,g ɯ ʒ u ɫ,5,-20.705303097683913,NA,-Inf,NA,-21.48584727527315,NA,1.1930536885026797,NA,1.19297852493055,NA,1.0065343732888652,NA,1.006368299524924,NA
9873790,0,v ɯ ʒ ɯ ʒ,5,-23.69648085276263,NA,-Inf,NA,-31.00943562503508,NA,1.125927847369398,NA,1.1259890347950725,NA,1.0002707972270364,NA,1.000474478028374,NA
9873790,51,v ø l ø c,5,-25.90689728386676,NA,-Inf,NA,-35.34511196131538,NA,1.053370077665239,NA,1.0535614319623523,NA,1,1,1.0002179098838746,1
9873790,51,f i f ø c,5,-22.934346180129452,NA,-Inf,NA,-24.81560530960652,NA,1.1324703057575094,NA,1.132524760714353,NA,1.00781397621939,NA,1.0076205413173758,NA
9873790,0,g o ʒ u ʒ,5,-24.442688578324432,NA,-22.033985445786712,NA,-22.016202405684076,NA,1.1437948305814645,NA,1.1438260015087924,NA,1.001138393401175,NA,1.0012964338824402,NA
9873790,0,t͡ʃ ø z ɯ z,5,-20.62607180941986,NA,-16.976091075060026,NA,-17.019424912474907,NA,1.1583596514678574,NA,1.1583584120592822,NA,1.0080045227428704,NA,1.0077781589190764,NA
9873790,99,l e l e c,5,-21.338527197603927,NA,-31.45089604529384,NA,-30.582591541482635,NA,1.2981271077413907,NA,1.2978856396230185,NA,1.0037045395306985,NA,1.0037202628550872,NA
9873790,99,m u ɾ u ɾ,5,-15.78366637936518,NA,-13.562188301724916,NA,-13.588096170629813,NA,1.419431610850839,NA,1.418957895106949,NA,1.0416730830399104,NA,1.0396065469972535,NA
9873790,98,t e m y ɾ,5,-15.097011485226544,NA,-13.149158478430715,NA,-13.17506319379305,NA,1.3952910296657324,NA,1.3948618624207878,NA,1.043610721726628,NA,1.0414893151040772,NA
9873790,12,h a ɟ y ʒ,5,-23.863657450841075,NA,-22.624553381069926,NA,-22.344510460590467,NA,1.3349575084723493,NA,1.334659755521368,NA,1.0247789272681185,NA,1.023693209239092,NA
9873790,84,b u t͡ʃ ø z,5,-20.64528675679707,NA,-16.726730678422822,NA,-16.76182039023128,NA,1.1627803129926748,NA,1.1627762695685162,NA,1.0077814367587763,NA,1.0075883291945815,NA
9873790,0,l ø ʒ o h,5,-24.023639891238354,NA,-Inf,NA,-30.04919461281527,NA,1.0611372469041531,NA,1.0613091459550994,NA,1,1,1.0002179098838746,1
9873790,0,m y d͡ʒ ɯ z,5,-18.55322100222074,NA,-14.44026579065542,NA,-14.47667494038302,NA,1.2502923637098795,NA,1.2501324054364051,NA,1.0311610225528094,NA,1.029724802800534,NA
9873790,74,ɟ e ɟ ø c,5,-29.515236701833903,NA,-Inf,NA,-35.387903759308166,NA,1.1759662589424205,NA,1.1759456395053902,NA,1.0001090155892292,NA,1.0003211623361203,NA
9873790,13,n u ʒ u v,5,-20.80128833604193,NA,-25.0331577171281,NA,-24.8916465105402,NA,1.1410317248052262,NA,1.1410638524210197,NA,1.0012699088513268,NA,1.001416451124873,NA
9873790,50,b o ʒ ø z,5,-22.86665396829175,NA,-18.017128955938706,NA,-17.902257196862156,NA,1.1512809100750248,NA,1.1512968865447335,NA,1.0076706794235104,NA,1.0074835137562206,NA
9873790,50,ɫ a v ø c,5,-20.9587256480507,NA,-Inf,NA,-27.741190815322057,NA,1.3120436196337373,NA,1.311787239641347,NA,1.0128467704178925,NA,1.0123863819849432,NA
9873790,76,c y f e f,5,-21.527813099749014,NA,-Inf,NA,-22.664539480096867,NA,1.2118743211486604,NA,1.2117773135384928,NA,1.0071295794804112,NA,1.0069463406784327,NA
9873790,33,ʃ i ʒ a z,5,-19.04980356239507,NA,-19.97037085869323,NA,-19.99831106394273,NA,1.315532256051761,NA,1.315247063807122,NA,1.0098413554752772,NA,1.009482109892058,NA
9873790,96,k o m y ɾ,5,-16.353424337993484,NA,-13.883195970862252,NA,-13.910528361180043,NA,1.3227564267292913,NA,1.3224527779546218,NA,1.0242905957012058,NA,1.0231863397295329,NA
9873790,0,ɟ ø ʒ u ʒ,5,-29.01723460133465,NA,-Inf,NA,-30.01521454529064,NA,1.0652782477051752,NA,1.0654452352440962,NA,1,1,1.0002179098838746,1
9873790,100,m u ɾ e ɾ,5,-14.696942662362323,NA,-12.765770122828249,NA,-12.78886990036498,NA,1.4829679946903738,NA,1.482378633403974,NA,1.0554645066457835,NA,1.052583586591879,NA
9873790,100,m y d͡ʒ i z,5,-17.879199582018565,NA,-14.393898283796569,NA,-14.429259306354858,NA,1.3109225990509248,NA,1.3106522848516828,NA,1.0375068631237063,NA,1.0356959574680136,NA
9873790,100,ɟ ø c y c,5,-29.771612116763333,NA,-Inf,NA,-33.918015159012405,NA,1.0457614416943897,NA,1.0459642311442183,NA,1.000065210303228,NA,1.0002790383147078,NA
9873790,100,v i c i t͡ʃ,5,-20.547113263958217,NA,-Inf,NA,-23.1711421973128,NA,1.2268410034005357,NA,1.2267195786230238,NA,1.0039829073988151,NA,1.0039769766982811,NA
9873790,0,z ɯ f ø ʒ,5,-23.017882079075772,NA,-Inf,NA,-25.118736995317576,NA,1.0902439638685273,NA,1.090371213824056,NA,1.0024969451408785,NA,1.00258336556017,NA
9873790,100,b o ɟ ø z,5,-24.218032064305415,NA,-Inf,NA,-19.98603714014059,NA,1.1508993555127225,NA,1.1509159963499356,NA,1.0076706794235104,NA,1.0074835137562206,NA
9873790,0,b e ʒ u z,5,-20.09685568317635,NA,-17.616675465865157,NA,-17.692227901481022,NA,1.2990802527770584,NA,1.298836883201828,NA,1.0147738277840022,NA,1.0141969018237178,NA
9873790,100,b e v i z,5,-17.164705407397012,NA,-14.3441056545888,NA,-14.386834265478743,NA,1.3998179501932546,NA,1.3993936154387292,NA,1.0313640525417127,NA,1.029874405398718,NA
9873790,0,b e d͡ʒ ɯ z,5,-17.81982760102264,NA,-14.454949896520516,NA,-14.498099044664276,NA,1.3212001426293818,NA,1.3209174839829685,NA,1.018554063995171,NA,1.0177796681696785,NA
9873790,0,h a v e ʒ,5,-19.09461168027044,NA,-16.910155513317502,NA,-17.0401322477831,NA,1.4491259370421068,NA,1.448622803127972,NA,1.0389424664117677,NA,1.0370968958000453,NA
9873790,31,v ɯ c e c,5,-23.291319549211504,NA,-Inf,NA,-31.131139803939128,NA,1.1800904532909162,NA,1.1800533352853768,NA,1.0009229002593154,NA,1.0010857623367058,NA
9873790,37,l y v ø c,5,-24.69819952981217,NA,-Inf,NA,-33.84418076589204,NA,1.1109520851514574,NA,1.1110436100959913,NA,1.0013626948653658,NA,1.0015085655369462,NA
9873790,12,l y g u v,5,-21.054989139720988,NA,-Inf,NA,-29.442333739145383,NA,1.1391300728302185,NA,1.139165406989077,NA,1.0012517628678057,NA,1.0013973759000716,NA
9873790,93,s ø ɾ e ɾ,5,-16.33314456534291,NA,-14.679954878983413,NA,-14.714425131840436,NA,1.4153867644354674,NA,1.4149143088475702,NA,1.032928769087306,NA,1.0312349764733082,NA
9873790,31,n e m o h,5,-16.32924773528244,NA,-20.77206130453725,NA,-20.726772496747454,NA,1.276400178714621,NA,1.2761991218991138,NA,1.016692629955233,NA,1.016027305212858,NA
9873790,0,f a m o ʒ,5,-19.525006628199367,NA,-18.562521006783637,NA,-18.678545352468166,NA,1.3639122810041675,NA,1.3635640039359638,NA,1.0205395864056823,NA,1.0196690224611438,NA
9873790,0,h a ʒ u ʒ,5,-22.22459728237563,NA,-20.574734095421434,NA,-20.57980325185485,NA,1.3552832193968376,NA,1.354948500786981,NA,1.024100953206239,NA,1.0230524747443015,NA
9873790,100,t͡ʃ ø t͡ʃ ø z,5,-22.697768764281445,NA,-19.14014982771973,NA,-19.125549383488163,NA,1.0814485413778725,NA,1.0815851832308758,NA,1.0021481577380047,NA,1.0022510865945526,NA
9873790,51,f i m y z,5,-17.903375865695956,NA,-14.742633621324917,NA,-14.786764221872444,NA,1.201636639433986,NA,1.2015630839111278,NA,1.0120057633303254,NA,1.0115817861902552,NA
9873790,100,l i l e c,5,-21.536362523929785,NA,-31.083984388924055,NA,-30.331424169322283,NA,1.2119594300984098,NA,1.2118670410071015,NA,1.002450860254562,NA,1.002532859654261,NA
9873790,0,n ɯ ʒ a j,5,-18.361255868590177,NA,-Inf,NA,-24.42370924182812,NA,1.2862284449438637,NA,1.2859931705589396,NA,1.0083293699708047,NA,1.0080300149841257,NA
9873790,35,g ɯ ɟ ø z,5,-24.493762160994564,NA,-Inf,NA,-21.039008141833634,NA,1.1091017507441014,NA,1.109190682492799,NA,1.002741473193033,NA,1.0028133483318893,NA
9873790,15,n u t y j,5,-16.96057295686292,NA,-21.57828825775384,NA,-21.566459081067514,NA,1.1975371229986602,NA,1.1974696560083582,NA,1.0083526736746993,NA,1.008122409607921,NA
9873790,68,ɟ y ɟ i c,5,-28.504374274105167,NA,-34.0614415135249,NA,-32.63139034186276,NA,1.1857372598822993,NA,1.1856897559125137,NA,1.0003805593107542,NA,1.0005751782641632,NA
9873790,99,t i ɾ i n,5,-14.025136929876307,NA,-13.29622096087098,NA,-13.31495014679013,NA,1.4868293162319706,NA,1.4862336716167204,NA,1.0380836476564423,NA,1.036141119098454,NA
9873790,0,ɟ i f o ʒ,5,-24.780676297755964,NA,-25.425443803693742,NA,-25.116310217920844,NA,1.1272633513846158,NA,1.1273248298147074,NA,1.0025592701523314,NA,1.0026389458748235,NA
9873790,14,k ɯ ɾ y ɾ,5,-15.606638034872336,NA,-13.90445119214018,NA,-13.927432452108098,NA,1.4023519238658844,NA,1.4019095639097712,NA,1.0403132444979513,NA,1.0383564043662596,NA
9873790,97,m y ɟ ø z,5,-23.67800700689448,NA,-Inf,NA,-19.812441326740707,NA,1.1873897568358545,NA,1.1873432880455872,NA,1.0271132236263087,NA,1.0259044813368154,NA
9873790,1,b y ɟ y ʒ,5,-25.505444268865332,NA,-25.45365748559964,NA,-24.547852043511448,NA,1.1609339687930145,NA,1.1609373105847451,NA,1.0030582028661408,NA,1.0031139432724736,NA
9873790,100,b e v a z,5,-16.49220087297713,NA,-13.608243420111007,NA,-13.653196067821916,NA,1.477372226790212,NA,1.4768067318712417,NA,1.039668977985646,NA,1.0377122037388582,NA
9873790,53,b u z i z,5,-17.899568381733303,NA,-15.168587722623604,NA,-15.20544673192982,NA,1.300321658423705,NA,1.3000693778122003,NA,1.018878679977096,NA,1.0180436274771694,NA
9873790,53,t͡ʃ ø z i z,5,-19.95205038921768,NA,-16.53019953976399,NA,-16.57507613525408,NA,1.2189898868089024,NA,1.21887829147456,NA,1.012754830804793,NA,1.0122417488420343,NA
9873790,13,l y g o v,5,-21.24168388132717,NA,-Inf,NA,-29.53360238566332,NA,1.1177613338707335,NA,1.117835562270347,NA,1.0014227127794817,NA,1.0015589006941277,NA
9873790,0,v ø h u v,5,-21.19584626377422,NA,-Inf,NA,-27.14453973692883,NA,1.12204735674267,NA,1.1221120023890112,NA,1.0019306114959543,NA,1.0020390443325038,NA
9873790,0,n ɯ ʒ o h,5,-20.43289152093352,NA,-Inf,NA,-27.681960708161636,NA,1.1097661427251175,NA,1.1098539195905015,NA,1.0003249566724437,NA,1.0005257916572736,NA
9873790,63,l i ɾ a ɫ,5,-15.3609350799713,NA,-19.8361902836386,NA,-19.591438837393905,NA,1.4834033363849624,NA,1.482810949290984,NA,1.052665896370704,NA,1.049897439309165,NA
9873790,0,t͡ʃ u ɫ a ʒ,5,-19.237587515269706,NA,-18.130207686087324,NA,-18.26240532798674,NA,1.3722130475752563,NA,1.3718347547581715,NA,1.0249011247841782,NA,1.0237533348136263,NA
9873790,0,k ɯ ɾ u ɾ,5,-15.318955962420556,NA,-13.211802908261404,NA,-13.235619449577031,NA,1.4222960802280702,NA,1.4218174189805863,NA,1.0464229248539447,NA,1.04410490580885,NA
9873790,37,l e m ø c,5,-22.135268586336817,NA,-Inf,NA,-30.8974573340183,NA,1.2302737214773412,NA,1.230158604762022,NA,1.0104704475845636,NA,1.010134576043257,NA
9873790,39,ɫ o c i v,5,-20.32154509757039,NA,-Inf,NA,-28.655330256748375,NA,1.203566924559405,NA,1.203484498665397,NA,1.003612403694333,NA,1.0036254079173543,NA
9873790,0,b o ʒ o j,5,-21.245057054178083,NA,-20.13244875835492,NA,-20.046431822915014,NA,1.1725304838846882,NA,1.1725072015915694,NA,1.0075402588170546,NA,1.0073612568945542,NA
9873790,100,n o t u s,5,-16.47465512035086,NA,-19.735328187133018,NA,-19.743774110963223,NA,1.2269920276179962,NA,1.226868358906597,NA,1.0080817305580838,NA,1.0078462760915818,NA
9873790,0,g ɯ ɟ i ʒ,5,-24.50361657158009,NA,-25.49963744384403,NA,-24.94700242135446,NA,1.20317522888439,NA,1.2030973279498365,NA,1.0026110525865772,NA,1.002691091470223,NA
9873790,69,b i j u z,5,-17.587656552519828,NA,-14.901222365010376,NA,-14.934988048180376,NA,1.2542839912465815,NA,1.2541176642790226,NA,1.0211939364547036,NA,1.0202725415610168,NA
9873790,0,f u ʒ o ʒ,5,-24.318186592419305,NA,-24.076093804584303,NA,-23.89378841031736,NA,1.113926858532862,NA,1.1140116216965557,NA,1.0011715459746369,NA,1.0013258782882402,NA
9873790,98,k o ɾ e n,5,-14.885879129991546,NA,-12.897900518277458,NA,-12.921968836319405,NA,1.4935674111675834,NA,1.492960755870561,NA,1.051458107409831,NA,1.0487970966537057,NA
9873790,71,n ɯ t a j,5,-14.896630988839425,NA,-19.401787788498176,NA,-19.40541509478784,NA,1.354526711595995,NA,1.3541725154278046,NA,1.021234920433465,NA,1.0202283613160217,NA
9873790,12,v ø g a v,5,-20.10445696792307,NA,-Inf,NA,-26.10524817310064,NA,1.247357754390403,NA,1.247192526866456,NA,1.0083186036664065,NA,1.0080374911419787,NA
9875070,0,t͡ʃ ø z ɯ z,5,-20.62607180941986,NA,-16.976091075060026,NA,-17.019424912474907,NA,1.1583596514678574,NA,1.1583584120592822,NA,1.0080045227428704,NA,1.0077781589190764,NA
9875070,100,l e l e c,5,-21.338527197603927,NA,-31.45089604529384,NA,-30.582591541482635,NA,1.2981271077413907,NA,1.2978856396230185,NA,1.0037045395306985,NA,1.0037202628550872,NA
9875070,0,v i ɟ ø ʒ,5,-26.08508432555531,NA,-Inf,NA,-26.573834589061327,NA,1.1072439154231664,NA,1.107341952591128,NA,1.002221233960113,NA,1.002322393863214,NA
9875070,0,g ɯ ɟ i ʒ,5,-24.50361657158009,NA,-25.49963744384403,NA,-24.94700242135446,NA,1.20317522888439,NA,1.2030973279498365,NA,1.0026110525865772,NA,1.002691091470223,NA
9875070,52,m u ɾ e ɾ,5,-14.696942662362323,NA,-12.765770122828249,NA,-12.78886990036498,NA,1.4829679946903738,NA,1.482378633403974,NA,1.0554645066457835,NA,1.052583586591879,NA
9875070,0,ɟ i f o ʒ,5,-24.780676297755964,NA,-25.425443803693742,NA,-25.116310217920844,NA,1.1272633513846158,NA,1.1273248298147074,NA,1.0025592701523314,NA,1.0026389458748235,NA
9875070,100,b o ʒ o j,5,-21.245057054178083,NA,-20.13244875835492,NA,-20.046431822915014,NA,1.1725304838846882,NA,1.1725072015915694,NA,1.0075402588170546,NA,1.0073612568945542,NA
9875070,52,ɟ e ʒ a ʒ,5,-24.872738132728532,NA,-Inf,NA,-27.982487602910396,NA,1.3654519295070486,NA,1.3650862603539733,NA,1.0018873378066473,NA,1.0019937933222605,NA
9875070,0,g o ʒ u ʒ,5,-24.442688578324432,NA,-22.033985445786712,NA,-22.016202405684076,NA,1.1437948305814645,NA,1.1438260015087924,NA,1.001138393401175,NA,1.0012964338824402,NA
9875070,1,l ø ʒ o h,5,-24.023639891238354,NA,-Inf,NA,-30.04919461281527,NA,1.0611372469041531,NA,1.0613091459550994,NA,1,1,1.0002179098838746,1
9875070,100,m y d͡ʒ ɯ z,5,-18.55322100222074,NA,-14.44026579065542,NA,-14.47667494038302,NA,1.2502923637098795,NA,1.2501324054364051,NA,1.0311610225528094,NA,1.029724802800534,NA
9875070,100,m y d͡ʒ i z,5,-17.879199582018565,NA,-14.393898283796569,NA,-14.429259306354858,NA,1.3109225990509248,NA,1.3106522848516828,NA,1.0375068631237063,NA,1.0356959574680136,NA
9875070,4,ɫ o c i c,5,-22.598154704161175,NA,-Inf,NA,-30.38087562282667,NA,1.192024700888065,NA,1.1919663103397642,NA,1.0024386182362308,NA,1.002525096162357,NA
9875070,52,m u ɟ ø z,5,-23.390324934442702,NA,-Inf,NA,-20.024930764116053,NA,1.1813238989502393,NA,1.1812879247237875,NA,1.0153068128767293,NA,1.0147184228338744,NA
9875070,0,g u d͡ʒ ɯ z,5,-19.58384312679565,NA,-16.662080926911877,NA,-16.69599102385458,NA,1.1829445655903972,NA,1.1829010801604336,NA,1.004072591118986,NA,1.0040601734200405,NA
9875070,49,b e v a z,5,-16.49220087297713,NA,-13.608243420111007,NA,-13.653196067821916,NA,1.477372226790212,NA,1.4768067318712417,NA,1.039668977985646,NA,1.0377122037388582,NA
9875070,4,b e d͡ʒ ɯ z,5,-17.81982760102264,NA,-14.454949896520516,NA,-14.498099044664276,NA,1.3212001426293818,NA,1.3209174839829685,NA,1.018554063995171,NA,1.0177796681696785,NA
9875070,99,t i ɾ i n,5,-14.025136929876307,NA,-13.29622096087098,NA,-13.31495014679013,NA,1.4868293162319706,NA,1.4862336716167204,NA,1.0380836476564423,NA,1.036141119098454,NA
9875070,96,ɫ o t a ɫ,5,-14.65850607845412,NA,-17.671672662841534,NA,-17.682535023707715,NA,1.3973781624522024,NA,1.3969353956490551,NA,1.0300127259382086,NA,1.0284804983759424,NA
9875070,3,n u ʒ a v,5,-19.23989541094505,NA,-24.070092646118187,NA,-23.96757799454814,NA,1.2890173650126455,NA,1.2887801370464675,NA,1.0063398585044316,NA,1.0061698950642324,NA
9875070,4,v ø g a v,5,-20.10445696792307,NA,-Inf,NA,-26.10524817310064,NA,1.247357754390403,NA,1.247192526866456,NA,1.0083186036664065,NA,1.0080374911419787,NA
9875070,51,m u ɾ u ɾ,5,-15.78366637936518,NA,-13.562188301724916,NA,-13.588096170629813,NA,1.419431610850839,NA,1.418957895106949,NA,1.0416730830399104,NA,1.0396065469972535,NA
9875070,99,m y ɟ ø z,5,-23.67800700689448,NA,-Inf,NA,-19.812441326740707,NA,1.1873897568358545,NA,1.1873432880455872,NA,1.0271132236263087,NA,1.0259044813368154,NA
9875070,2,v ɯ ʒ ɯ ʒ,5,-23.69648085276263,NA,-Inf,NA,-31.00943562503508,NA,1.125927847369398,NA,1.1259890347950725,NA,1.0002707972270364,NA,1.000474478028374,NA
9875070,4,p ɯ h i c,5,-20.565900791151996,NA,-23.40671397169415,NA,-23.24817306184844,NA,1.2307563842740858,NA,1.2306306880145006,NA,1.0085929357767276,NA,1.008342931175454,NA
9875070,3,l y v ø c,5,-24.69819952981217,NA,-Inf,NA,-33.84418076589204,NA,1.1109520851514574,NA,1.1110436100959913,NA,1.0013626948653658,NA,1.0015085655369462,NA
9875070,4,n ɯ ʒ a j,5,-18.361255868590177,NA,-Inf,NA,-24.42370924182812,NA,1.2862284449438637,NA,1.2859931705589396,NA,1.0083293699708047,NA,1.0080300149841257,NA
9875070,51,b i j u z,5,-17.587656552519828,NA,-14.901222365010376,NA,-14.934988048180376,NA,1.2542839912465815,NA,1.2541176642790226,NA,1.0211939364547036,NA,1.0202725415610168,NA
9875070,98,n e m o h,5,-16.32924773528244,NA,-20.77206130453725,NA,-20.726772496747454,NA,1.276400178714621,NA,1.2761991218991138,NA,1.016692629955233,NA,1.016027305212858,NA
9875070,51,t͡ʃ ø t͡ʃ ø z,5,-22.697768764281445,NA,-19.14014982771973,NA,-19.125549383488163,NA,1.0814485413778725,NA,1.0815851832308758,NA,1.0021481577380047,NA,1.0022510865945526,NA
9875070,97,b e v i z,5,-17.164705407397012,NA,-14.3441056545888,NA,-14.386834265478743,NA,1.3998179501932546,NA,1.3993936154387292,NA,1.0313640525417127,NA,1.029874405398718,NA
9875070,0,v ø h u v,5,-21.19584626377422,NA,-Inf,NA,-27.14453973692883,NA,1.12204735674267,NA,1.1221120023890112,NA,1.0019306114959543,NA,1.0020390443325038,NA
9875070,1,t͡ʃ u ɫ a ʒ,5,-19.237587515269706,NA,-18.130207686087324,NA,-18.26240532798674,NA,1.3722130475752563,NA,1.3718347547581715,NA,1.0249011247841782,NA,1.0237533348136263,NA
9875070,50,z a ʒ a ʒ,5,-20.65156820085194,NA,-20.88415273374731,NA,-21.111799773330873,NA,1.473656473289835,NA,1.4731036094504746,NA,1.005674667143876,NA,1.0055823087757958,NA
9875070,3,m y ʒ u z,5,-20.83024908437445,NA,-18.018790953182332,NA,-17.957196378821674,NA,1.2281724738575563,NA,1.228051804655265,NA,1.028797989001621,NA,1.027484318333768,NA
9875070,2,l y g o v,5,-21.24168388132717,NA,-Inf,NA,-29.53360238566332,NA,1.1177613338707335,NA,1.117835562270347,NA,1.0014227127794817,NA,1.0015589006941277,NA
9875070,51,ɟ e ɟ ø c,5,-29.515236701833903,NA,-Inf,NA,-35.387903759308166,NA,1.1759662589424205,NA,1.1759456395053902,NA,1.0001090155892292,NA,1.0003211623361203,NA
9875070,3,v ø l ø c,5,-25.90689728386676,NA,-Inf,NA,-35.34511196131538,NA,1.053370077665239,NA,1.0535614319623523,NA,1,1,1.0002179098838746,1
9875070,98,b o ɟ ø z,5,-24.218032064305415,NA,-Inf,NA,-19.98603714014059,NA,1.1508993555127225,NA,1.1509159963499356,NA,1.0076706794235104,NA,1.0074835137562206,NA
9875070,1,b e ʒ u z,5,-20.09685568317635,NA,-17.616675465865157,NA,-17.692227901481022,NA,1.2990802527770584,NA,1.298836883201828,NA,1.0147738277840022,NA,1.0141969018237178,NA
9875070,51,ɟ ø c y c,5,-29.771612116763333,NA,-Inf,NA,-33.918015159012405,NA,1.0457614416943897,NA,1.0459642311442183,NA,1.000065210303228,NA,1.0002790383147078,NA
9875070,0,d͡ʒ o ʒ a ʒ,5,-22.732617383645024,NA,-22.660226857866917,NA,-22.815874697194054,NA,1.2757020818759344,NA,1.275491702476653,NA,1.001992869903803,NA,1.002093919802276,NA
9875070,52,v i c i t͡ʃ,5,-20.547113263958217,NA,-Inf,NA,-23.1711421973128,NA,1.2268410034005357,NA,1.2267195786230238,NA,1.0039829073988151,NA,1.0039769766982811,NA
9875070,3,l e g u j,5,-19.01681077838631,NA,-26.364507293773418,NA,-25.975664718831844,NA,1.2483428858636896,NA,1.248186398979058,NA,1.0016771227161092,NA,1.0018008835043444,NA
9875070,98,h a v e ʒ,5,-19.09461168027044,NA,-16.910155513317502,NA,-17.0401322477831,NA,1.4491259370421068,NA,1.448622803127972,NA,1.0389424664117677,NA,1.0370968958000453,NA
9875070,1,f u ʒ o ʒ,5,-24.318186592419305,NA,-24.076093804584303,NA,-23.89378841031736,NA,1.113926858532862,NA,1.1140116216965557,NA,1.0011715459746369,NA,1.0013258782882402,NA
9875070,3,ɟ ø ʒ u ʒ,5,-29.01723460133465,NA,-Inf,NA,-30.01521454529064,NA,1.0652782477051752,NA,1.0654452352440962,NA,1,1,1.0002179098838746,1
9875070,51,b u z i z,5,-17.899568381733303,NA,-15.168587722623604,NA,-15.20544673192982,NA,1.300321658423705,NA,1.3000693778122003,NA,1.018878679977096,NA,1.0180436274771694,NA
9875070,3,ɫ a m ø s,5,-16.4448878098927,NA,-21.700506185311,NA,-21.560223247833047,NA,1.3597787878886536,NA,1.359429234768754,NA,1.0166672670594712,NA,1.0160046485573355,NA
9875070,98,n ø t i v,5,-17.944154892120544,NA,-23.2961730088594,NA,-23.250097222909492,NA,1.2347006964889633,NA,1.2345636665208823,NA,1.0201890138444885,NA,1.019285545598672,NA
9875070,1,l i ʒ ɯ h,5,-21.236809961973975,NA,-30.679339934133328,NA,-29.742273739726983,NA,1.158327478084528,NA,1.1583284213199998,NA,1.0005226776773717,NA,1.000711052533111,NA
9875070,52,ɟ y ɟ i c,5,-28.504374274105167,NA,-34.0614415135249,NA,-32.63139034186276,NA,1.1857372598822993,NA,1.1856897559125137,NA,1.0003805593107542,NA,1.0005751782641632,NA
9875070,3,d͡ʒ o ʒ ɯ ʒ,5,-24.079143338267087,NA,-Inf,NA,-28.009801950877545,NA,1.137517569937932,NA,1.1375587066288628,NA,1.0007051178379167,NA,1.0008859248512416,NA
9875070,100,c y f e f,5,-21.527813099749014,NA,-Inf,NA,-22.664539480096867,NA,1.2118743211486604,NA,1.2117773135384928,NA,1.0071295794804112,NA,1.0069463406784327,NA
9875070,51,l e l i v,5,-19.259752917338997,NA,-29.576825325610375,NA,-28.93865942698328,NA,1.3165643111836578,NA,1.316286257844561,NA,1.004552273472661,NA,1.0045149324559184,NA
9875070,0,n u ʒ u v,5,-20.80128833604193,NA,-25.0331577171281,NA,-24.8916465105402,NA,1.1410317248052262,NA,1.1410638524210197,NA,1.0012699088513268,NA,1.001416451124873,NA
9875070,4,h a ʒ u ʒ,5,-22.22459728237563,NA,-20.574734095421434,NA,-20.57980325185485,NA,1.3552832193968376,NA,1.354948500786981,NA,1.024100953206239,NA,1.0230524747443015,NA
9875070,1,l e m ø c,5,-22.135268586336817,NA,-Inf,NA,-30.8974573340183,NA,1.2302737214773412,NA,1.230158604762022,NA,1.0104704475845636,NA,1.010134576043257,NA
9875070,54,z i ʃ u ʒ,5,-20.611196487491956,NA,-21.50834429121576,NA,-21.43777842049785,NA,1.1722474271142185,NA,1.1722290569471934,NA,1.0065648677878622,NA,1.0064344360939144,NA
9875070,3,k ɯ ɾ y ɾ,5,-15.606638034872336,NA,-13.90445119214018,NA,-13.927432452108098,NA,1.4023519238658844,NA,1.4019095639097712,NA,1.0403132444979513,NA,1.0383564043662596,NA
9875070,100,s ø ɾ e ɾ,5,-16.33314456534291,NA,-14.679954878983413,NA,-14.714425131840436,NA,1.4153867644354674,NA,1.4149143088475702,NA,1.032928769087306,NA,1.0312349764733082,NA
9875070,52,g a h a n,5,-15.424795057512029,NA,-12.671136251120728,NA,-12.713594601335702,NA,1.5950046496787846,NA,1.5942160548671798,NA,1.0568362269206326,NA,1.0537746821415517,NA
9875070,3,h a ɟ y ʒ,5,-23.863657450841075,NA,-22.624553381069926,NA,-22.344510460590467,NA,1.3349575084723493,NA,1.334659755521368,NA,1.0247789272681185,NA,1.023693209239092,NA
9875070,51,n u c i c,5,-22.422357273444163,NA,-Inf,NA,-30.604841117870382,NA,1.2010655284312557,NA,1.2009915028727167,NA,1.0010304726556416,NA,1.0011909418109612,NA
9875070,4,z ɯ f ø ʒ,5,-23.017882079075772,NA,-Inf,NA,-25.118736995317576,NA,1.0902439638685273,NA,1.090371213824056,NA,1.0024969451408785,NA,1.00258336556017,NA
9875070,52,f i f ø c,5,-22.934346180129452,NA,-Inf,NA,-24.81560530960652,NA,1.1324703057575094,NA,1.132524760714353,NA,1.00781397621939,NA,1.0076205413173758,NA
9875070,1,l y g u v,5,-21.054989139720988,NA,-Inf,NA,-29.442333739145383,NA,1.1391300728302185,NA,1.139165406989077,NA,1.0012517628678057,NA,1.0013973759000716,NA
9875070,1,k ɯ ɾ u ɾ,5,-15.318955962420556,NA,-13.211802908261404,NA,-13.235619449577031,NA,1.4222960802280702,NA,1.4218174189805863,NA,1.0464229248539447,NA,1.04410490580885,NA
9875070,52,f a m o ʒ,5,-19.525006628199367,NA,-18.562521006783637,NA,-18.678545352468166,NA,1.3639122810041675,NA,1.3635640039359638,NA,1.0205395864056823,NA,1.0196690224611438,NA
9875070,98,l i l e c,5,-21.536362523929785,NA,-31.083984388924055,NA,-30.331424169322283,NA,1.2119594300984098,NA,1.2118670410071015,NA,1.002450860254562,NA,1.002532859654261,NA
9875070,1,z a g u ʒ,5,-20.29947828385247,NA,-22.63081735331332,NA,-22.558066597039417,NA,1.3322117684361712,NA,1.331916871021566,NA,1.0060543305370335,NA,1.005951900443092,NA
9875070,2,g ɯ ʒ u ɫ,5,-20.705303097683913,NA,-Inf,NA,-21.48584727527315,NA,1.1930536885026797,NA,1.19297852493055,NA,1.0065343732888652,NA,1.006368299524924,NA
9875070,52,k o ɾ e n,5,-14.885879129991546,NA,-12.897900518277458,NA,-12.921968836319405,NA,1.4935674111675834,NA,1.492960755870561,NA,1.051458107409831,NA,1.0487970966537057,NA
9875070,51,t͡ʃ ø z i z,5,-19.95205038921768,NA,-16.53019953976399,NA,-16.57507613525408,NA,1.2189898868089024,NA,1.21887829147456,NA,1.012754830804793,NA,1.0122417488420343,NA
9875070,1,n ɯ ʒ o h,5,-20.43289152093352,NA,-Inf,NA,-27.681960708161636,NA,1.1097661427251175,NA,1.1098539195905015,NA,1.0003249566724437,NA,1.0005257916572736,NA
9875070,2,g ɯ ɟ ø z,5,-24.493762160994564,NA,-Inf,NA,-21.039008141833634,NA,1.1091017507441014,NA,1.109190682492799,NA,1.002741473193033,NA,1.0028133483318893,NA
9875070,97,z a c i c,5,-21.79076817824873,NA,-Inf,NA,-28.16360280521193,NA,1.396529547044278,NA,1.3961173439888992,NA,1.0049309977725878,NA,1.0048864608834187,NA
9875070,2,n ɯ t a j,5,-14.896630988839425,NA,-19.401787788498176,NA,-19.40541509478784,NA,1.354526711595995,NA,1.3541725154278046,NA,1.021234920433465,NA,1.0202283613160217,NA
9875070,1,ʃ i ʒ a z,5,-19.04980356239507,NA,-19.97037085869323,NA,-19.99831106394273,NA,1.315532256051761,NA,1.315247063807122,NA,1.0098413554752772,NA,1.009482109892058,NA
9875070,52,n o t u s,5,-16.47465512035086,NA,-19.735328187133018,NA,-19.743774110963223,NA,1.2269920276179962,NA,1.226868358906597,NA,1.0080817305580838,NA,1.0078462760915818,NA
9875070,3,b y ɟ y ʒ,5,-25.505444268865332,NA,-25.45365748559964,NA,-24.547852043511448,NA,1.1609339687930145,NA,1.1609373105847451,NA,1.0030582028661408,NA,1.0031139432724736,NA
9875070,56,l i ɾ a ɫ,5,-15.3609350799713,NA,-19.8361902836386,NA,-19.591438837393905,NA,1.4834033363849624,NA,1.482810949290984,NA,1.052665896370704,NA,1.049897439309165,NA
9875070,5,n u t y j,5,-16.96057295686292,NA,-21.57828825775384,NA,-21.566459081067514,NA,1.1975371229986602,NA,1.1974696560083582,NA,1.0083526736746993,NA,1.008122409607921,NA
9875070,5,b o ʒ ø z,5,-22.86665396829175,NA,-18.017128955938706,NA,-17.902257196862156,NA,1.1512809100750248,NA,1.1512968865447335,NA,1.0076706794235104,NA,1.0074835137562206,NA
9875070,4,ɫ o c i v,5,-20.32154509757039,NA,-Inf,NA,-28.655330256748375,NA,1.203566924559405,NA,1.203484498665397,NA,1.003612403694333,NA,1.0036254079173543,NA
9875070,3,ɟ y ʒ a ʒ,5,-26.24714392218317,NA,-27.701633339060944,NA,-27.35192869335266,NA,1.264390404377066,NA,1.2641995821532814,NA,1.0013967676551154,NA,1.0015291572871547,NA
9875070,3,ɫ a v ø c,5,-20.9587256480507,NA,-Inf,NA,-27.741190815322057,NA,1.3120436196337373,NA,1.311787239641347,NA,1.0128467704178925,NA,1.0123863819849432,NA
9875070,52,t e m y ɾ,5,-15.097011485226544,NA,-13.149158478430715,NA,-13.17506319379305,NA,1.3952910296657324,NA,1.3948618624207878,NA,1.043610721726628,NA,1.0414893151040772,NA
9875070,99,n y n a j,5,-15.538878453846433,NA,-19.248648600763232,NA,-19.252973283175265,NA,1.375893401023051,NA,1.3755021898241135,NA,1.025399913127838,NA,1.024174835275507,NA
9875070,51,f i m y z,5,-17.903375865695956,NA,-14.742633621324917,NA,-14.786764221872444,NA,1.201636639433986,NA,1.2015630839111278,NA,1.0120057633303254,NA,1.0115817861902552,NA
9875070,6,b u t͡ʃ ø z,5,-20.64528675679707,NA,-16.726730678422822,NA,-16.76182039023128,NA,1.1627803129926748,NA,1.1627762695685162,NA,1.0077814367587763,NA,1.0075883291945815,NA
9875070,53,k o m y ɾ,5,-16.353424337993484,NA,-13.883195970862252,NA,-13.910528361180043,NA,1.3227564267292913,NA,1.3224527779546218,NA,1.0242905957012058,NA,1.0231863397295329,NA
9875070,3,l ø ʒ a v,5,-22.61577681077505,NA,-Inf,NA,-27.92410669629761,NA,1.2294482612194106,NA,1.2293140831342488,NA,1.0055264217757005,NA,1.0053992528390658,NA
9875070,52,ɫ a c i c,5,-20.85006703745811,NA,-Inf,NA,-28.268360365160696,NA,1.393714475584772,NA,1.393307140789591,NA,1.0031978955195548,NA,1.003244424758624,NA
9875070,3,v ɯ c e c,5,-23.291319549211504,NA,-Inf,NA,-31.131139803939128,NA,1.1800904532909162,NA,1.1800533352853768,NA,1.0009229002593154,NA,1.0010857623367058,NA
9875070,1,ɫ a ʒ ɯ v,5,-19.01413112958105,NA,-25.27309072876929,NA,-24.70218102731933,NA,1.3434818002281597,NA,1.3431627791155516,NA,1.0027190231281846,NA,1.0027934061307997,NA
9872955,0,ɟ y ʒ a ʒ,5,-26.24714392218317,NA,-27.701633339060944,NA,-27.35192869335266,NA,1.264390404377066,NA,1.2641995821532814,NA,1.0013967676551154,NA,1.0015291572871547,NA
9872955,0,v ɯ ʒ ɯ ʒ,5,-23.69648085276263,NA,-Inf,NA,-31.00943562503508,NA,1.125927847369398,NA,1.1259890347950725,NA,1.0002707972270364,NA,1.000474478028374,NA
9872955,43,m y ɟ ø z,5,-23.67800700689448,NA,-Inf,NA,-19.812441326740707,NA,1.1873897568358545,NA,1.1873432880455872,NA,1.0271132236263087,NA,1.0259044813368154,NA
9872955,54,ɟ e ɟ ø c,5,-29.515236701833903,NA,-Inf,NA,-35.387903759308166,NA,1.1759662589424205,NA,1.1759456395053902,NA,1.0001090155892292,NA,1.0003211623361203,NA
9872955,63,n u c i c,5,-22.422357273444163,NA,-Inf,NA,-30.604841117870382,NA,1.2010655284312557,NA,1.2009915028727167,NA,1.0010304726556416,NA,1.0011909418109612,NA
9872955,68,ɫ o c i v,5,-20.32154509757039,NA,-Inf,NA,-28.655330256748375,NA,1.203566924559405,NA,1.203484498665397,NA,1.003612403694333,NA,1.0036254079173543,NA
9872955,28,t͡ʃ ø z ɯ z,5,-20.62607180941986,NA,-16.976091075060026,NA,-17.019424912474907,NA,1.1583596514678574,NA,1.1583584120592822,NA,1.0080045227428704,NA,1.0077781589190764,NA
9872955,15,k ɯ ɾ y ɾ,5,-15.606638034872336,NA,-13.90445119214018,NA,-13.927432452108098,NA,1.4023519238658844,NA,1.4019095639097712,NA,1.0403132444979513,NA,1.0383564043662596,NA
9872955,69,n y n a j,5,-15.538878453846433,NA,-19.248648600763232,NA,-19.252973283175265,NA,1.375893401023051,NA,1.3755021898241135,NA,1.025399913127838,NA,1.024174835275507,NA
9872955,50,l y v ø c,5,-24.69819952981217,NA,-Inf,NA,-33.84418076589204,NA,1.1109520851514574,NA,1.1110436100959913,NA,1.0013626948653658,NA,1.0015085655369462,NA
9872955,34,f i m y z,5,-17.903375865695956,NA,-14.742633621324917,NA,-14.786764221872444,NA,1.201636639433986,NA,1.2015630839111278,NA,1.0120057633303254,NA,1.0115817861902552,NA
9872955,19,g ɯ ʒ u ɫ,5,-20.705303097683913,NA,-Inf,NA,-21.48584727527315,NA,1.1930536885026797,NA,1.19297852493055,NA,1.0065343732888652,NA,1.006368299524924,NA
9872955,17,n ɯ ʒ o h,5,-20.43289152093352,NA,-Inf,NA,-27.681960708161636,NA,1.1097661427251175,NA,1.1098539195905015,NA,1.0003249566724437,NA,1.0005257916572736,NA
9872955,73,l i ɾ a ɫ,5,-15.3609350799713,NA,-19.8361902836386,NA,-19.591438837393905,NA,1.4834033363849624,NA,1.482810949290984,NA,1.052665896370704,NA,1.049897439309165,NA
9872955,17,z ɯ f ø ʒ,5,-23.017882079075772,NA,-Inf,NA,-25.118736995317576,NA,1.0902439638685273,NA,1.090371213824056,NA,1.0024969451408785,NA,1.00258336556017,NA
9872955,67,l y g o v,5,-21.24168388132717,NA,-Inf,NA,-29.53360238566332,NA,1.1177613338707335,NA,1.117835562270347,NA,1.0014227127794817,NA,1.0015589006941277,NA
9872955,31,b o ʒ ø z,5,-22.86665396829175,NA,-18.017128955938706,NA,-17.902257196862156,NA,1.1512809100750248,NA,1.1512968865447335,NA,1.0076706794235104,NA,1.0074835137562206,NA
9872955,22,k ɯ ɾ u ɾ,5,-15.318955962420556,NA,-13.211802908261404,NA,-13.235619449577031,NA,1.4222960802280702,NA,1.4218174189805863,NA,1.0464229248539447,NA,1.04410490580885,NA
9872955,84,ɫ o t a ɫ,5,-14.65850607845412,NA,-17.671672662841534,NA,-17.682535023707715,NA,1.3973781624522024,NA,1.3969353956490551,NA,1.0300127259382086,NA,1.0284804983759424,NA
9872955,13,d͡ʒ o ʒ a ʒ,5,-22.732617383645024,NA,-22.660226857866917,NA,-22.815874697194054,NA,1.2757020818759344,NA,1.275491702476653,NA,1.001992869903803,NA,1.002093919802276,NA
9872955,59,v ø g a v,5,-20.10445696792307,NA,-Inf,NA,-26.10524817310064,NA,1.247357754390403,NA,1.247192526866456,NA,1.0083186036664065,NA,1.0080374911419787,NA
9872955,82,s ø ɾ e ɾ,5,-16.33314456534291,NA,-14.679954878983413,NA,-14.714425131840436,NA,1.4153867644354674,NA,1.4149143088475702,NA,1.032928769087306,NA,1.0312349764733082,NA
9872955,24,h a v e ʒ,5,-19.09461168027044,NA,-16.910155513317502,NA,-17.0401322477831,NA,1.4491259370421068,NA,1.448622803127972,NA,1.0389424664117677,NA,1.0370968958000453,NA
9872955,80,ɫ a c i c,5,-20.85006703745811,NA,-Inf,NA,-28.268360365160696,NA,1.393714475584772,NA,1.393307140789591,NA,1.0031978955195548,NA,1.003244424758624,NA
9872955,29,p ɯ h i c,5,-20.565900791151996,NA,-23.40671397169415,NA,-23.24817306184844,NA,1.2307563842740858,NA,1.2306306880145006,NA,1.0085929357767276,NA,1.008342931175454,NA
9872955,28,k o m y ɾ,5,-16.353424337993484,NA,-13.883195970862252,NA,-13.910528361180043,NA,1.3227564267292913,NA,1.3224527779546218,NA,1.0242905957012058,NA,1.0231863397295329,NA
9872955,13,b i j u z,5,-17.587656552519828,NA,-14.901222365010376,NA,-14.934988048180376,NA,1.2542839912465815,NA,1.2541176642790226,NA,1.0211939364547036,NA,1.0202725415610168,NA
9872955,14,b o ʒ o j,5,-21.245057054178083,NA,-20.13244875835492,NA,-20.046431822915014,NA,1.1725304838846882,NA,1.1725072015915694,NA,1.0075402588170546,NA,1.0073612568945542,NA
9872955,10,g ɯ ɟ i ʒ,5,-24.50361657158009,NA,-25.49963744384403,NA,-24.94700242135446,NA,1.20317522888439,NA,1.2030973279498365,NA,1.0026110525865772,NA,1.002691091470223,NA
9872955,16,ɫ a ʒ ɯ v,5,-19.01413112958105,NA,-25.27309072876929,NA,-24.70218102731933,NA,1.3434818002281597,NA,1.3431627791155516,NA,1.0027190231281846,NA,1.0027934061307997,NA
9872955,16,l ø ʒ o h,5,-24.023639891238354,NA,-Inf,NA,-30.04919461281527,NA,1.0611372469041531,NA,1.0613091459550994,NA,1,1,1.0002179098838746,1
9872955,78,l i l e c,5,-21.536362523929785,NA,-31.083984388924055,NA,-30.331424169322283,NA,1.2119594300984098,NA,1.2118670410071015,NA,1.002450860254562,NA,1.002532859654261,NA
9872955,15,n u ʒ a v,5,-19.23989541094505,NA,-24.070092646118187,NA,-23.96757799454814,NA,1.2890173650126455,NA,1.2887801370464675,NA,1.0063398585044316,NA,1.0061698950642324,NA
9872955,16,l ø ʒ a v,5,-22.61577681077505,NA,-Inf,NA,-27.92410669629761,NA,1.2294482612194106,NA,1.2293140831342488,NA,1.0055264217757005,NA,1.0053992528390658,NA
9872955,16,h a ɟ y ʒ,5,-23.863657450841075,NA,-22.624553381069926,NA,-22.344510460590467,NA,1.3349575084723493,NA,1.334659755521368,NA,1.0247789272681185,NA,1.023693209239092,NA
9872955,94,k o ɾ e n,5,-14.885879129991546,NA,-12.897900518277458,NA,-12.921968836319405,NA,1.4935674111675834,NA,1.492960755870561,NA,1.051458107409831,NA,1.0487970966537057,NA
9872955,92,l e l e c,5,-21.338527197603927,NA,-31.45089604529384,NA,-30.582591541482635,NA,1.2981271077413907,NA,1.2978856396230185,NA,1.0037045395306985,NA,1.0037202628550872,NA
9872955,80,t͡ʃ ø t͡ʃ ø z,5,-22.697768764281445,NA,-19.14014982771973,NA,-19.125549383488163,NA,1.0814485413778725,NA,1.0815851832308758,NA,1.0021481577380047,NA,1.0022510865945526,NA
9872955,74,t e m y ɾ,5,-15.097011485226544,NA,-13.149158478430715,NA,-13.17506319379305,NA,1.3952910296657324,NA,1.3948618624207878,NA,1.043610721726628,NA,1.0414893151040772,NA
9872955,50,f i f ø c,5,-22.934346180129452,NA,-Inf,NA,-24.81560530960652,NA,1.1324703057575094,NA,1.132524760714353,NA,1.00781397621939,NA,1.0076205413173758,NA
9872955,26,m y d͡ʒ ɯ z,5,-18.55322100222074,NA,-14.44026579065542,NA,-14.47667494038302,NA,1.2502923637098795,NA,1.2501324054364051,NA,1.0311610225528094,NA,1.029724802800534,NA
9872955,29,b e d͡ʒ ɯ z,5,-17.81982760102264,NA,-14.454949896520516,NA,-14.498099044664276,NA,1.3212001426293818,NA,1.3209174839829685,NA,1.018554063995171,NA,1.0177796681696785,NA
9872955,33,ɫ a v ø c,5,-20.9587256480507,NA,-Inf,NA,-27.741190815322057,NA,1.3120436196337373,NA,1.311787239641347,NA,1.0128467704178925,NA,1.0123863819849432,NA
9872955,58,g a h a n,5,-15.424795057512029,NA,-12.671136251120728,NA,-12.713594601335702,NA,1.5950046496787846,NA,1.5942160548671798,NA,1.0568362269206326,NA,1.0537746821415517,NA
9872955,25,b y ɟ y ʒ,5,-25.505444268865332,NA,-25.45365748559964,NA,-24.547852043511448,NA,1.1609339687930145,NA,1.1609373105847451,NA,1.0030582028661408,NA,1.0031139432724736,NA
9872955,61,l e l i v,5,-19.259752917338997,NA,-29.576825325610375,NA,-28.93865942698328,NA,1.3165643111836578,NA,1.316286257844561,NA,1.004552273472661,NA,1.0045149324559184,NA
9872955,15,g o ʒ u ʒ,5,-24.442688578324432,NA,-22.033985445786712,NA,-22.016202405684076,NA,1.1437948305814645,NA,1.1438260015087924,NA,1.001138393401175,NA,1.0012964338824402,NA
9872955,15,z i ʃ u ʒ,5,-20.611196487491956,NA,-21.50834429121576,NA,-21.43777842049785,NA,1.1722474271142185,NA,1.1722290569471934,NA,1.0065648677878622,NA,1.0064344360939144,NA
9872955,71,ɟ ø c y c,5,-29.771612116763333,NA,-Inf,NA,-33.918015159012405,NA,1.0457614416943897,NA,1.0459642311442183,NA,1.000065210303228,NA,1.0002790383147078,NA
9872955,51,m u ɟ ø z,5,-23.390324934442702,NA,-Inf,NA,-20.024930764116053,NA,1.1813238989502393,NA,1.1812879247237875,NA,1.0153068128767293,NA,1.0147184228338744,NA
9872955,81,m y d͡ʒ i z,5,-17.879199582018565,NA,-14.393898283796569,NA,-14.429259306354858,NA,1.3109225990509248,NA,1.3106522848516828,NA,1.0375068631237063,NA,1.0356959574680136,NA
9872955,51,ʃ i ʒ a z,5,-19.04980356239507,NA,-19.97037085869323,NA,-19.99831106394273,NA,1.315532256051761,NA,1.315247063807122,NA,1.0098413554752772,NA,1.009482109892058,NA
9872955,28,ɟ i f o ʒ,5,-24.780676297755964,NA,-25.425443803693742,NA,-25.116310217920844,NA,1.1272633513846158,NA,1.1273248298147074,NA,1.0025592701523314,NA,1.0026389458748235,NA
9872955,25,b u z i z,5,-17.899568381733303,NA,-15.168587722623604,NA,-15.20544673192982,NA,1.300321658423705,NA,1.3000693778122003,NA,1.018878679977096,NA,1.0180436274771694,NA
9872955,52,ɟ y ɟ i c,5,-28.504374274105167,NA,-34.0614415135249,NA,-32.63139034186276,NA,1.1857372598822993,NA,1.1856897559125137,NA,1.0003805593107542,NA,1.0005751782641632,NA
9872955,65,ɫ a m ø s,5,-16.4448878098927,NA,-21.700506185311,NA,-21.560223247833047,NA,1.3597787878886536,NA,1.359429234768754,NA,1.0166672670594712,NA,1.0160046485573355,NA
9872955,24,v ø l ø c,5,-25.90689728386676,NA,-Inf,NA,-35.34511196131538,NA,1.053370077665239,NA,1.0535614319623523,NA,1,1,1.0002179098838746,1
9872955,30,v ø h u v,5,-21.19584626377422,NA,-Inf,NA,-27.14453973692883,NA,1.12204735674267,NA,1.1221120023890112,NA,1.0019306114959543,NA,1.0020390443325038,NA
9872955,22,g ɯ ɟ ø z,5,-24.493762160994564,NA,-Inf,NA,-21.039008141833634,NA,1.1091017507441014,NA,1.109190682492799,NA,1.002741473193033,NA,1.0028133483318893,NA
9872955,18,n ɯ ʒ a j,5,-18.361255868590177,NA,-Inf,NA,-24.42370924182812,NA,1.2862284449438637,NA,1.2859931705589396,NA,1.0083293699708047,NA,1.0080300149841257,NA
9872955,16,f u ʒ o ʒ,5,-24.318186592419305,NA,-24.076093804584303,NA,-23.89378841031736,NA,1.113926858532862,NA,1.1140116216965557,NA,1.0011715459746369,NA,1.0013258782882402,NA
9872955,51,b e v a z,5,-16.49220087297713,NA,-13.608243420111007,NA,-13.653196067821916,NA,1.477372226790212,NA,1.4768067318712417,NA,1.039668977985646,NA,1.0377122037388582,NA
9872955,57,b u t͡ʃ ø z,5,-20.64528675679707,NA,-16.726730678422822,NA,-16.76182039023128,NA,1.1627803129926748,NA,1.1627762695685162,NA,1.0077814367587763,NA,1.0075883291945815,NA
9872955,14,h a ʒ u ʒ,5,-22.22459728237563,NA,-20.574734095421434,NA,-20.57980325185485,NA,1.3552832193968376,NA,1.354948500786981,NA,1.024100953206239,NA,1.0230524747443015,NA
9872955,51,z a c i c,5,-21.79076817824873,NA,-Inf,NA,-28.16360280521193,NA,1.396529547044278,NA,1.3961173439888992,NA,1.0049309977725878,NA,1.0048864608834187,NA
9872955,16,ɟ ø ʒ u ʒ,5,-29.01723460133465,NA,-Inf,NA,-30.01521454529064,NA,1.0652782477051752,NA,1.0654452352440962,NA,1,1,1.0002179098838746,1
9872955,24,l y g u v,5,-21.054989139720988,NA,-Inf,NA,-29.442333739145383,NA,1.1391300728302185,NA,1.139165406989077,NA,1.0012517628678057,NA,1.0013973759000716,NA
9872955,61,b e v i z,5,-17.164705407397012,NA,-14.3441056545888,NA,-14.386834265478743,NA,1.3998179501932546,NA,1.3993936154387292,NA,1.0313640525417127,NA,1.029874405398718,NA
9872955,18,d͡ʒ o ʒ ɯ ʒ,5,-24.079143338267087,NA,-Inf,NA,-28.009801950877545,NA,1.137517569937932,NA,1.1375587066288628,NA,1.0007051178379167,NA,1.0008859248512416,NA
9872955,16,m y ʒ u z,5,-20.83024908437445,NA,-18.018790953182332,NA,-17.957196378821674,NA,1.2281724738575563,NA,1.228051804655265,NA,1.028797989001621,NA,1.027484318333768,NA
9872955,99,m u ɾ u ɾ,5,-15.78366637936518,NA,-13.562188301724916,NA,-13.588096170629813,NA,1.419431610850839,NA,1.418957895106949,NA,1.0416730830399104,NA,1.0396065469972535,NA
9872955,31,n e m o h,5,-16.32924773528244,NA,-20.77206130453725,NA,-20.726772496747454,NA,1.276400178714621,NA,1.2761991218991138,NA,1.016692629955233,NA,1.016027305212858,NA
9872955,52,n u t y j,5,-16.96057295686292,NA,-21.57828825775384,NA,-21.566459081067514,NA,1.1975371229986602,NA,1.1974696560083582,NA,1.0083526736746993,NA,1.008122409607921,NA
9872955,52,v ɯ c e c,5,-23.291319549211504,NA,-Inf,NA,-31.131139803939128,NA,1.1800904532909162,NA,1.1800533352853768,NA,1.0009229002593154,NA,1.0010857623367058,NA
9872955,70,m u ɾ e ɾ,5,-14.696942662362323,NA,-12.765770122828249,NA,-12.78886990036498,NA,1.4829679946903738,NA,1.482378633403974,NA,1.0554645066457835,NA,1.052583586591879,NA
9872955,57,t͡ʃ ø z i z,5,-19.95205038921768,NA,-16.53019953976399,NA,-16.57507613525408,NA,1.2189898868089024,NA,1.21887829147456,NA,1.012754830804793,NA,1.0122417488420343,NA
9872955,62,f a m o ʒ,5,-19.525006628199367,NA,-18.562521006783637,NA,-18.678545352468166,NA,1.3639122810041675,NA,1.3635640039359638,NA,1.0205395864056823,NA,1.0196690224611438,NA
9872955,67,n ɯ t a j,5,-14.896630988839425,NA,-19.401787788498176,NA,-19.40541509478784,NA,1.354526711595995,NA,1.3541725154278046,NA,1.021234920433465,NA,1.0202283613160217,NA
9872955,29,n u ʒ u v,5,-20.80128833604193,NA,-25.0331577171281,NA,-24.8916465105402,NA,1.1410317248052262,NA,1.1410638524210197,NA,1.0012699088513268,NA,1.001416451124873,NA
9872955,24,b o ɟ ø z,5,-24.218032064305415,NA,-Inf,NA,-19.98603714014059,NA,1.1508993555127225,NA,1.1509159963499356,NA,1.0076706794235104,NA,1.0074835137562206,NA
9872955,33,z a ʒ a ʒ,5,-20.65156820085194,NA,-20.88415273374731,NA,-21.111799773330873,NA,1.473656473289835,NA,1.4731036094504746,NA,1.005674667143876,NA,1.0055823087757958,NA
9872955,22,v i ɟ ø ʒ,5,-26.08508432555531,NA,-Inf,NA,-26.573834589061327,NA,1.1072439154231664,NA,1.107341952591128,NA,1.002221233960113,NA,1.002322393863214,NA
9872955,54,n ø t i v,5,-17.944154892120544,NA,-23.2961730088594,NA,-23.250097222909492,NA,1.2347006964889633,NA,1.2345636665208823,NA,1.0201890138444885,NA,1.019285545598672,NA
9872955,74,n o t u s,5,-16.47465512035086,NA,-19.735328187133018,NA,-19.743774110963223,NA,1.2269920276179962,NA,1.226868358906597,NA,1.0080817305580838,NA,1.0078462760915818,NA
9872955,51,l e m ø c,5,-22.135268586336817,NA,-Inf,NA,-30.8974573340183,NA,1.2302737214773412,NA,1.230158604762022,NA,1.0104704475845636,NA,1.010134576043257,NA
9872955,26,t͡ʃ u ɫ a ʒ,5,-19.237587515269706,NA,-18.130207686087324,NA,-18.26240532798674,NA,1.3722130475752563,NA,1.3718347547581715,NA,1.0249011247841782,NA,1.0237533348136263,NA
9872955,100,t i ɾ i n,5,-14.025136929876307,NA,-13.29622096087098,NA,-13.31495014679013,NA,1.4868293162319706,NA,1.4862336716167204,NA,1.0380836476564423,NA,1.036141119098454,NA
9872955,17,ɟ e ʒ a ʒ,5,-24.872738132728532,NA,-Inf,NA,-27.982487602910396,NA,1.3654519295070486,NA,1.3650862603539733,NA,1.0018873378066473,NA,1.0019937933222605,NA
9872955,24,g u d͡ʒ ɯ z,5,-19.58384312679565,NA,-16.662080926911877,NA,-16.69599102385458,NA,1.1829445655903972,NA,1.1829010801604336,NA,1.004072591118986,NA,1.0040601734200405,NA
9872955,18,l e g u j,5,-19.01681077838631,NA,-26.364507293773418,NA,-25.975664718831844,NA,1.2483428858636896,NA,1.248186398979058,NA,1.0016771227161092,NA,1.0018008835043444,NA
9872955,75,c y f e f,5,-21.527813099749014,NA,-Inf,NA,-22.664539480096867,NA,1.2118743211486604,NA,1.2117773135384928,NA,1.0071295794804112,NA,1.0069463406784327,NA
9872955,73,v i c i t͡ʃ,5,-20.547113263958217,NA,-Inf,NA,-23.1711421973128,NA,1.2268410034005357,NA,1.2267195786230238,NA,1.0039829073988151,NA,1.0039769766982811,NA
9872955,15,z a g u ʒ,5,-20.29947828385247,NA,-22.63081735331332,NA,-22.558066597039417,NA,1.3322117684361712,NA,1.331916871021566,NA,1.0060543305370335,NA,1.005951900443092,NA
9872955,39,ɫ o c i c,5,-22.598154704161175,NA,-Inf,NA,-30.38087562282667,NA,1.192024700888065,NA,1.1919663103397642,NA,1.0024386182362308,NA,1.002525096162357,NA
9872955,27,b e ʒ u z,5,-20.09685568317635,NA,-17.616675465865157,NA,-17.692227901481022,NA,1.2990802527770584,NA,1.298836883201828,NA,1.0147738277840022,NA,1.0141969018237178,NA
9872955,0,l i ʒ ɯ h,5,-21.236809961973975,NA,-30.679339934133328,NA,-29.742273739726983,NA,1.158327478084528,NA,1.1583284213199998,NA,1.0005226776773717,NA,1.000711052533111,NA
9872671,100,ɫ a ʒ ɯ v,5,-19.01413112958105,NA,-25.27309072876929,NA,-24.70218102731933,NA,1.3434818002281597,NA,1.3431627791155516,NA,1.0027190231281846,NA,1.0027934061307997,NA
9872671,100,n ɯ ʒ a j,5,-18.361255868590177,NA,-Inf,NA,-24.42370924182812,NA,1.2862284449438637,NA,1.2859931705589396,NA,1.0083293699708047,NA,1.0080300149841257,NA
9872671,56,n e m o h,5,-16.32924773528244,NA,-20.77206130453725,NA,-20.726772496747454,NA,1.276400178714621,NA,1.2761991218991138,NA,1.016692629955233,NA,1.016027305212858,NA
9872671,100,n u t y j,5,-16.96057295686292,NA,-21.57828825775384,NA,-21.566459081067514,NA,1.1975371229986602,NA,1.1974696560083582,NA,1.0083526736746993,NA,1.008122409607921,NA
9872671,100,l e l i v,5,-19.259752917338997,NA,-29.576825325610375,NA,-28.93865942698328,NA,1.3165643111836578,NA,1.316286257844561,NA,1.004552273472661,NA,1.0045149324559184,NA
9872671,99,b o ɟ ø z,5,-24.218032064305415,NA,-Inf,NA,-19.98603714014059,NA,1.1508993555127225,NA,1.1509159963499356,NA,1.0076706794235104,NA,1.0074835137562206,NA
9872671,100,b e ʒ u z,5,-20.09685568317635,NA,-17.616675465865157,NA,-17.692227901481022,NA,1.2990802527770584,NA,1.298836883201828,NA,1.0147738277840022,NA,1.0141969018237178,NA
9872671,100,v ɯ c e c,5,-23.291319549211504,NA,-Inf,NA,-31.131139803939128,NA,1.1800904532909162,NA,1.1800533352853768,NA,1.0009229002593154,NA,1.0010857623367058,NA
9872671,100,k ɯ ɾ u ɾ,5,-15.318955962420556,NA,-13.211802908261404,NA,-13.235619449577031,NA,1.4222960802280702,NA,1.4218174189805863,NA,1.0464229248539447,NA,1.04410490580885,NA
9872671,20,f i f ø c,5,-22.934346180129452,NA,-Inf,NA,-24.81560530960652,NA,1.1324703057575094,NA,1.132524760714353,NA,1.00781397621939,NA,1.0076205413173758,NA
9872671,100,b e v a z,5,-16.49220087297713,NA,-13.608243420111007,NA,-13.653196067821916,NA,1.477372226790212,NA,1.4768067318712417,NA,1.039668977985646,NA,1.0377122037388582,NA
9872671,93,l y g u v,5,-21.054989139720988,NA,-Inf,NA,-29.442333739145383,NA,1.1391300728302185,NA,1.139165406989077,NA,1.0012517628678057,NA,1.0013973759000716,NA
9872671,100,b u z i z,5,-17.899568381733303,NA,-15.168587722623604,NA,-15.20544673192982,NA,1.300321658423705,NA,1.3000693778122003,NA,1.018878679977096,NA,1.0180436274771694,NA
9872671,100,n u c i c,5,-22.422357273444163,NA,-Inf,NA,-30.604841117870382,NA,1.2010655284312557,NA,1.2009915028727167,NA,1.0010304726556416,NA,1.0011909418109612,NA
9872671,100,t͡ʃ ø z ɯ z,5,-20.62607180941986,NA,-16.976091075060026,NA,-17.019424912474907,NA,1.1583596514678574,NA,1.1583584120592822,NA,1.0080045227428704,NA,1.0077781589190764,NA
9872671,100,l e g u j,5,-19.01681077838631,NA,-26.364507293773418,NA,-25.975664718831844,NA,1.2483428858636896,NA,1.248186398979058,NA,1.0016771227161092,NA,1.0018008835043444,NA
9872671,100,m y d͡ʒ i z,5,-17.879199582018565,NA,-14.393898283796569,NA,-14.429259306354858,NA,1.3109225990509248,NA,1.3106522848516828,NA,1.0375068631237063,NA,1.0356959574680136,NA
9872671,100,m y ɟ ø z,5,-23.67800700689448,NA,-Inf,NA,-19.812441326740707,NA,1.1873897568358545,NA,1.1873432880455872,NA,1.0271132236263087,NA,1.0259044813368154,NA
9872671,100,v ø l ø c,5,-25.90689728386676,NA,-Inf,NA,-35.34511196131538,NA,1.053370077665239,NA,1.0535614319623523,NA,1,1,1.0002179098838746,1
9872671,12,v ɯ ʒ ɯ ʒ,5,-23.69648085276263,NA,-Inf,NA,-31.00943562503508,NA,1.125927847369398,NA,1.1259890347950725,NA,1.0002707972270364,NA,1.000474478028374,NA
9872671,96,n ɯ t a j,5,-14.896630988839425,NA,-19.401787788498176,NA,-19.40541509478784,NA,1.354526711595995,NA,1.3541725154278046,NA,1.021234920433465,NA,1.0202283613160217,NA
9872671,89,n u ʒ a v,5,-19.23989541094505,NA,-24.070092646118187,NA,-23.96757799454814,NA,1.2890173650126455,NA,1.2887801370464675,NA,1.0063398585044316,NA,1.0061698950642324,NA
9872671,56,l y v ø c,5,-24.69819952981217,NA,-Inf,NA,-33.84418076589204,NA,1.1109520851514574,NA,1.1110436100959913,NA,1.0013626948653658,NA,1.0015085655369462,NA
9872671,63,b u t͡ʃ ø z,5,-20.64528675679707,NA,-16.726730678422822,NA,-16.76182039023128,NA,1.1627803129926748,NA,1.1627762695685162,NA,1.0077814367587763,NA,1.0075883291945815,NA
9872671,61,ɟ e ɟ ø c,5,-29.515236701833903,NA,-Inf,NA,-35.387903759308166,NA,1.1759662589424205,NA,1.1759456395053902,NA,1.0001090155892292,NA,1.0003211623361203,NA
9872671,15,z a g u ʒ,5,-20.29947828385247,NA,-22.63081735331332,NA,-22.558066597039417,NA,1.3322117684361712,NA,1.331916871021566,NA,1.0060543305370335,NA,1.005951900443092,NA
9872671,64,ɫ a v ø c,5,-20.9587256480507,NA,-Inf,NA,-27.741190815322057,NA,1.3120436196337373,NA,1.311787239641347,NA,1.0128467704178925,NA,1.0123863819849432,NA
9872671,16,g ɯ ʒ u ɫ,5,-20.705303097683913,NA,-Inf,NA,-21.48584727527315,NA,1.1930536885026797,NA,1.19297852493055,NA,1.0065343732888652,NA,1.006368299524924,NA
9872671,90,m u ɾ u ɾ,5,-15.78366637936518,NA,-13.562188301724916,NA,-13.588096170629813,NA,1.419431610850839,NA,1.418957895106949,NA,1.0416730830399104,NA,1.0396065469972535,NA
9872671,61,ɟ ø ʒ u ʒ,5,-29.01723460133465,NA,-Inf,NA,-30.01521454529064,NA,1.0652782477051752,NA,1.0654452352440962,NA,1,1,1.0002179098838746,1
9872671,61,m u ɟ ø z,5,-23.390324934442702,NA,-Inf,NA,-20.024930764116053,NA,1.1813238989502393,NA,1.1812879247237875,NA,1.0153068128767293,NA,1.0147184228338744,NA
9872671,10,g u d͡ʒ ɯ z,5,-19.58384312679565,NA,-16.662080926911877,NA,-16.69599102385458,NA,1.1829445655903972,NA,1.1829010801604336,NA,1.004072591118986,NA,1.0040601734200405,NA
9872671,96,ɫ o c i c,5,-22.598154704161175,NA,-Inf,NA,-30.38087562282667,NA,1.192024700888065,NA,1.1919663103397642,NA,1.0024386182362308,NA,1.002525096162357,NA
9872671,100,ʃ i ʒ a z,5,-19.04980356239507,NA,-19.97037085869323,NA,-19.99831106394273,NA,1.315532256051761,NA,1.315247063807122,NA,1.0098413554752772,NA,1.009482109892058,NA
9872671,93,z a ʒ a ʒ,5,-20.65156820085194,NA,-20.88415273374731,NA,-21.111799773330873,NA,1.473656473289835,NA,1.4731036094504746,NA,1.005674667143876,NA,1.0055823087757958,NA
9872671,25,g a h a n,5,-15.424795057512029,NA,-12.671136251120728,NA,-12.713594601335702,NA,1.5950046496787846,NA,1.5942160548671798,NA,1.0568362269206326,NA,1.0537746821415517,NA
9872671,92,n o t u s,5,-16.47465512035086,NA,-19.735328187133018,NA,-19.743774110963223,NA,1.2269920276179962,NA,1.226868358906597,NA,1.0080817305580838,NA,1.0078462760915818,NA
9872671,62,t͡ʃ ø t͡ʃ ø z,5,-22.697768764281445,NA,-19.14014982771973,NA,-19.125549383488163,NA,1.0814485413778725,NA,1.0815851832308758,NA,1.0021481577380047,NA,1.0022510865945526,NA
9872671,15,l y g o v,5,-21.24168388132717,NA,-Inf,NA,-29.53360238566332,NA,1.1177613338707335,NA,1.117835562270347,NA,1.0014227127794817,NA,1.0015589006941277,NA
9872671,93,n y n a j,5,-15.538878453846433,NA,-19.248648600763232,NA,-19.252973283175265,NA,1.375893401023051,NA,1.3755021898241135,NA,1.025399913127838,NA,1.024174835275507,NA
9872671,62,s ø ɾ e ɾ,5,-16.33314456534291,NA,-14.679954878983413,NA,-14.714425131840436,NA,1.4153867644354674,NA,1.4149143088475702,NA,1.032928769087306,NA,1.0312349764733082,NA
9872671,21,b y ɟ y ʒ,5,-25.505444268865332,NA,-25.45365748559964,NA,-24.547852043511448,NA,1.1609339687930145,NA,1.1609373105847451,NA,1.0030582028661408,NA,1.0031139432724736,NA
9872671,89,t e m y ɾ,5,-15.097011485226544,NA,-13.149158478430715,NA,-13.17506319379305,NA,1.3952910296657324,NA,1.3948618624207878,NA,1.043610721726628,NA,1.0414893151040772,NA
9872671,23,g ɯ ɟ ø z,5,-24.493762160994564,NA,-Inf,NA,-21.039008141833634,NA,1.1091017507441014,NA,1.109190682492799,NA,1.002741473193033,NA,1.0028133483318893,NA
9872671,59,t͡ʃ ø z i z,5,-19.95205038921768,NA,-16.53019953976399,NA,-16.57507613525408,NA,1.2189898868089024,NA,1.21887829147456,NA,1.012754830804793,NA,1.0122417488420343,NA
9872671,92,k o ɾ e n,5,-14.885879129991546,NA,-12.897900518277458,NA,-12.921968836319405,NA,1.4935674111675834,NA,1.492960755870561,NA,1.051458107409831,NA,1.0487970966537057,NA
9872671,69,ɟ ø c y c,5,-29.771612116763333,NA,-Inf,NA,-33.918015159012405,NA,1.0457614416943897,NA,1.0459642311442183,NA,1.000065210303228,NA,1.0002790383147078,NA
9872671,22,ɫ o c i v,5,-20.32154509757039,NA,-Inf,NA,-28.655330256748375,NA,1.203566924559405,NA,1.203484498665397,NA,1.003612403694333,NA,1.0036254079173543,NA
9872671,21,ɟ i f o ʒ,5,-24.780676297755964,NA,-25.425443803693742,NA,-25.116310217920844,NA,1.1272633513846158,NA,1.1273248298147074,NA,1.0025592701523314,NA,1.0026389458748235,NA
9872671,67,l ø ʒ a v,5,-22.61577681077505,NA,-Inf,NA,-27.92410669629761,NA,1.2294482612194106,NA,1.2293140831342488,NA,1.0055264217757005,NA,1.0053992528390658,NA
9872671,20,ɫ o t a ɫ,5,-14.65850607845412,NA,-17.671672662841534,NA,-17.682535023707715,NA,1.3973781624522024,NA,1.3969353956490551,NA,1.0300127259382086,NA,1.0284804983759424,NA
9872671,69,c y f e f,5,-21.527813099749014,NA,-Inf,NA,-22.664539480096867,NA,1.2118743211486604,NA,1.2117773135384928,NA,1.0071295794804112,NA,1.0069463406784327,NA
9872671,65,d͡ʒ o ʒ a ʒ,5,-22.732617383645024,NA,-22.660226857866917,NA,-22.815874697194054,NA,1.2757020818759344,NA,1.275491702476653,NA,1.001992869903803,NA,1.002093919802276,NA
9872671,89,p ɯ h i c,5,-20.565900791151996,NA,-23.40671397169415,NA,-23.24817306184844,NA,1.2307563842740858,NA,1.2306306880145006,NA,1.0085929357767276,NA,1.008342931175454,NA
9872671,28,ɟ e ʒ a ʒ,5,-24.872738132728532,NA,-Inf,NA,-27.982487602910396,NA,1.3654519295070486,NA,1.3650862603539733,NA,1.0018873378066473,NA,1.0019937933222605,NA
9872671,66,b o ʒ ø z,5,-22.86665396829175,NA,-18.017128955938706,NA,-17.902257196862156,NA,1.1512809100750248,NA,1.1512968865447335,NA,1.0076706794235104,NA,1.0074835137562206,NA
9872671,20,v ø h u v,5,-21.19584626377422,NA,-Inf,NA,-27.14453973692883,NA,1.12204735674267,NA,1.1221120023890112,NA,1.0019306114959543,NA,1.0020390443325038,NA
9872671,26,ɫ a c i c,5,-20.85006703745811,NA,-Inf,NA,-28.268360365160696,NA,1.393714475584772,NA,1.393307140789591,NA,1.0031978955195548,NA,1.003244424758624,NA
9872671,91,n u ʒ u v,5,-20.80128833604193,NA,-25.0331577171281,NA,-24.8916465105402,NA,1.1410317248052262,NA,1.1410638524210197,NA,1.0012699088513268,NA,1.001416451124873,NA
9872671,60,k ɯ ɾ y ɾ,5,-15.606638034872336,NA,-13.90445119214018,NA,-13.927432452108098,NA,1.4023519238658844,NA,1.4019095639097712,NA,1.0403132444979513,NA,1.0383564043662596,NA
9872671,20,v i ɟ ø ʒ,5,-26.08508432555531,NA,-Inf,NA,-26.573834589061327,NA,1.1072439154231664,NA,1.107341952591128,NA,1.002221233960113,NA,1.002322393863214,NA
9872671,63,l ø ʒ o h,5,-24.023639891238354,NA,-Inf,NA,-30.04919461281527,NA,1.0611372469041531,NA,1.0613091459550994,NA,1,1,1.0002179098838746,1
9872671,68,f u ʒ o ʒ,5,-24.318186592419305,NA,-24.076093804584303,NA,-23.89378841031736,NA,1.113926858532862,NA,1.1140116216965557,NA,1.0011715459746369,NA,1.0013258782882402,NA
9872671,100,m y d͡ʒ ɯ z,5,-18.55322100222074,NA,-14.44026579065542,NA,-14.47667494038302,NA,1.2502923637098795,NA,1.2501324054364051,NA,1.0311610225528094,NA,1.029724802800534,NA
9872671,13,l i ʒ ɯ h,5,-21.236809961973975,NA,-30.679339934133328,NA,-29.742273739726983,NA,1.158327478084528,NA,1.1583284213199998,NA,1.0005226776773717,NA,1.000711052533111,NA
9872671,64,d͡ʒ o ʒ ɯ ʒ,5,-24.079143338267087,NA,-Inf,NA,-28.009801950877545,NA,1.137517569937932,NA,1.1375587066288628,NA,1.0007051178379167,NA,1.0008859248512416,NA
9872671,68,b e d͡ʒ ɯ z,5,-17.81982760102264,NA,-14.454949896520516,NA,-14.498099044664276,NA,1.3212001426293818,NA,1.3209174839829685,NA,1.018554063995171,NA,1.0177796681696785,NA
9872671,95,n ɯ ʒ o h,5,-20.43289152093352,NA,-Inf,NA,-27.681960708161636,NA,1.1097661427251175,NA,1.1098539195905015,NA,1.0003249566724437,NA,1.0005257916572736,NA
9872671,95,l i l e c,5,-21.536362523929785,NA,-31.083984388924055,NA,-30.331424169322283,NA,1.2119594300984098,NA,1.2118670410071015,NA,1.002450860254562,NA,1.002532859654261,NA
9872671,93,l e l e c,5,-21.338527197603927,NA,-31.45089604529384,NA,-30.582591541482635,NA,1.2981271077413907,NA,1.2978856396230185,NA,1.0037045395306985,NA,1.0037202628550872,NA
9872671,16,z ɯ f ø ʒ,5,-23.017882079075772,NA,-Inf,NA,-25.118736995317576,NA,1.0902439638685273,NA,1.090371213824056,NA,1.0024969451408785,NA,1.00258336556017,NA
9872671,14,t͡ʃ u ɫ a ʒ,5,-19.237587515269706,NA,-18.130207686087324,NA,-18.26240532798674,NA,1.3722130475752563,NA,1.3718347547581715,NA,1.0249011247841782,NA,1.0237533348136263,NA
9872671,73,n ø t i v,5,-17.944154892120544,NA,-23.2961730088594,NA,-23.250097222909492,NA,1.2347006964889633,NA,1.2345636665208823,NA,1.0201890138444885,NA,1.019285545598672,NA
9872671,61,v ø g a v,5,-20.10445696792307,NA,-Inf,NA,-26.10524817310064,NA,1.247357754390403,NA,1.247192526866456,NA,1.0083186036664065,NA,1.0080374911419787,NA
9872671,35,l e m ø c,5,-22.135268586336817,NA,-Inf,NA,-30.8974573340183,NA,1.2302737214773412,NA,1.230158604762022,NA,1.0104704475845636,NA,1.010134576043257,NA
9872671,79,v i c i t͡ʃ,5,-20.547113263958217,NA,-Inf,NA,-23.1711421973128,NA,1.2268410034005357,NA,1.2267195786230238,NA,1.0039829073988151,NA,1.0039769766982811,NA
9872671,72,z a c i c,5,-21.79076817824873,NA,-Inf,NA,-28.16360280521193,NA,1.396529547044278,NA,1.3961173439888992,NA,1.0049309977725878,NA,1.0048864608834187,NA
9872671,73,ɫ a m ø s,5,-16.4448878098927,NA,-21.700506185311,NA,-21.560223247833047,NA,1.3597787878886536,NA,1.359429234768754,NA,1.0166672670594712,NA,1.0160046485573355,NA
9872671,27,f i m y z,5,-17.903375865695956,NA,-14.742633621324917,NA,-14.786764221872444,NA,1.201636639433986,NA,1.2015630839111278,NA,1.0120057633303254,NA,1.0115817861902552,NA
9872671,27,h a ɟ y ʒ,5,-23.863657450841075,NA,-22.624553381069926,NA,-22.344510460590467,NA,1.3349575084723493,NA,1.334659755521368,NA,1.0247789272681185,NA,1.023693209239092,NA
9872671,21,b i j u z,5,-17.587656552519828,NA,-14.901222365010376,NA,-14.934988048180376,NA,1.2542839912465815,NA,1.2541176642790226,NA,1.0211939364547036,NA,1.0202725415610168,NA
9872671,27,m y ʒ u z,5,-20.83024908437445,NA,-18.018790953182332,NA,-17.957196378821674,NA,1.2281724738575563,NA,1.228051804655265,NA,1.028797989001621,NA,1.027484318333768,NA
9872671,30,h a v e ʒ,5,-19.09461168027044,NA,-16.910155513317502,NA,-17.0401322477831,NA,1.4491259370421068,NA,1.448622803127972,NA,1.0389424664117677,NA,1.0370968958000453,NA
9872671,39,b o ʒ o j,5,-21.245057054178083,NA,-20.13244875835492,NA,-20.046431822915014,NA,1.1725304838846882,NA,1.1725072015915694,NA,1.0075402588170546,NA,1.0073612568945542,NA
9872671,29,t i ɾ i n,5,-14.025136929876307,NA,-13.29622096087098,NA,-13.31495014679013,NA,1.4868293162319706,NA,1.4862336716167204,NA,1.0380836476564423,NA,1.036141119098454,NA
9872671,27,b e v i z,5,-17.164705407397012,NA,-14.3441056545888,NA,-14.386834265478743,NA,1.3998179501932546,NA,1.3993936154387292,NA,1.0313640525417127,NA,1.029874405398718,NA
9872671,32,l i ɾ a ɫ,5,-15.3609350799713,NA,-19.8361902836386,NA,-19.591438837393905,NA,1.4834033363849624,NA,1.482810949290984,NA,1.052665896370704,NA,1.049897439309165,NA
9872671,68,f a m o ʒ,5,-19.525006628199367,NA,-18.562521006783637,NA,-18.678545352468166,NA,1.3639122810041675,NA,1.3635640039359638,NA,1.0205395864056823,NA,1.0196690224611438,NA
9872671,33,ɟ y ɟ i c,5,-28.504374274105167,NA,-34.0614415135249,NA,-32.63139034186276,NA,1.1857372598822993,NA,1.1856897559125137,NA,1.0003805593107542,NA,1.0005751782641632,NA
9872671,26,h a ʒ u ʒ,5,-22.22459728237563,NA,-20.574734095421434,NA,-20.57980325185485,NA,1.3552832193968376,NA,1.354948500786981,NA,1.024100953206239,NA,1.0230524747443015,NA
9872671,22,g o ʒ u ʒ,5,-24.442688578324432,NA,-22.033985445786712,NA,-22.016202405684076,NA,1.1437948305814645,NA,1.1438260015087924,NA,1.001138393401175,NA,1.0012964338824402,NA
9872671,21,z i ʃ u ʒ,5,-20.611196487491956,NA,-21.50834429121576,NA,-21.43777842049785,NA,1.1722474271142185,NA,1.1722290569471934,NA,1.0065648677878622,NA,1.0064344360939144,NA
9872671,21,g ɯ ɟ i ʒ,5,-24.50361657158009,NA,-25.49963744384403,NA,-24.94700242135446,NA,1.20317522888439,NA,1.2030973279498365,NA,1.0026110525865772,NA,1.002691091470223,NA
9872671,27,m u ɾ e ɾ,5,-14.696942662362323,NA,-12.765770122828249,NA,-12.78886990036498,NA,1.4829679946903738,NA,1.482378633403974,NA,1.0554645066457835,NA,1.052583586591879,NA
9872671,83,k o m y ɾ,5,-16.353424337993484,NA,-13.883195970862252,NA,-13.910528361180043,NA,1.3227564267292913,NA,1.3224527779546218,NA,1.0242905957012058,NA,1.0231863397295329,NA
9872671,38,ɟ y ʒ a ʒ,5,-26.24714392218317,NA,-27.701633339060944,NA,-27.35192869335266,NA,1.264390404377066,NA,1.2641995821532814,NA,1.0013967676551154,NA,1.0015291572871547,NA
9872565,0,t͡ʃ ø z i z,5,-19.95205038921768,NA,-16.53019953976399,NA,-16.57507613525408,NA,1.2189898868089024,NA,1.21887829147456,NA,1.012754830804793,NA,1.0122417488420343,NA
9872565,66,g a h a n,5,-15.424795057512029,NA,-12.671136251120728,NA,-12.713594601335702,NA,1.5950046496787846,NA,1.5942160548671798,NA,1.0568362269206326,NA,1.0537746821415517,NA
9872565,72,l e l e c,5,-21.338527197603927,NA,-31.45089604529384,NA,-30.582591541482635,NA,1.2981271077413907,NA,1.2978856396230185,NA,1.0037045395306985,NA,1.0037202628550872,NA
9872565,24,ɫ o t a ɫ,5,-14.65850607845412,NA,-17.671672662841534,NA,-17.682535023707715,NA,1.3973781624522024,NA,1.3969353956490551,NA,1.0300127259382086,NA,1.0284804983759424,NA
9872565,11,g ɯ ɟ ø z,5,-24.493762160994564,NA,-Inf,NA,-21.039008141833634,NA,1.1091017507441014,NA,1.109190682492799,NA,1.002741473193033,NA,1.0028133483318893,NA
9872565,0,l e m ø c,5,-22.135268586336817,NA,-Inf,NA,-30.8974573340183,NA,1.2302737214773412,NA,1.230158604762022,NA,1.0104704475845636,NA,1.010134576043257,NA
9872565,0,n ø t i v,5,-17.944154892120544,NA,-23.2961730088594,NA,-23.250097222909492,NA,1.2347006964889633,NA,1.2345636665208823,NA,1.0201890138444885,NA,1.019285545598672,NA
9872565,63,b u z i z,5,-17.899568381733303,NA,-15.168587722623604,NA,-15.20544673192982,NA,1.300321658423705,NA,1.3000693778122003,NA,1.018878679977096,NA,1.0180436274771694,NA
9872565,97,z a c i c,5,-21.79076817824873,NA,-Inf,NA,-28.16360280521193,NA,1.396529547044278,NA,1.3961173439888992,NA,1.0049309977725878,NA,1.0048864608834187,NA
9872565,0,l ø ʒ a v,5,-22.61577681077505,NA,-Inf,NA,-27.92410669629761,NA,1.2294482612194106,NA,1.2293140831342488,NA,1.0055264217757005,NA,1.0053992528390658,NA
9872565,87,l i l e c,5,-21.536362523929785,NA,-31.083984388924055,NA,-30.331424169322283,NA,1.2119594300984098,NA,1.2118670410071015,NA,1.002450860254562,NA,1.002532859654261,NA
9872565,81,m y ɟ ø z,5,-23.67800700689448,NA,-Inf,NA,-19.812441326740707,NA,1.1873897568358545,NA,1.1873432880455872,NA,1.0271132236263087,NA,1.0259044813368154,NA
9872565,0,b e d͡ʒ ɯ z,5,-17.81982760102264,NA,-14.454949896520516,NA,-14.498099044664276,NA,1.3212001426293818,NA,1.3209174839829685,NA,1.018554063995171,NA,1.0177796681696785,NA
9872565,0,ɟ i f o ʒ,5,-24.780676297755964,NA,-25.425443803693742,NA,-25.116310217920844,NA,1.1272633513846158,NA,1.1273248298147074,NA,1.0025592701523314,NA,1.0026389458748235,NA
9872565,0,n ɯ t a j,5,-14.896630988839425,NA,-19.401787788498176,NA,-19.40541509478784,NA,1.354526711595995,NA,1.3541725154278046,NA,1.021234920433465,NA,1.0202283613160217,NA
9872565,67,n y n a j,5,-15.538878453846433,NA,-19.248648600763232,NA,-19.252973283175265,NA,1.375893401023051,NA,1.3755021898241135,NA,1.025399913127838,NA,1.024174835275507,NA
9872565,0,k ɯ ɾ y ɾ,5,-15.606638034872336,NA,-13.90445119214018,NA,-13.927432452108098,NA,1.4023519238658844,NA,1.4019095639097712,NA,1.0403132444979513,NA,1.0383564043662596,NA
9872565,1,ɟ ø ʒ u ʒ,5,-29.01723460133465,NA,-Inf,NA,-30.01521454529064,NA,1.0652782477051752,NA,1.0654452352440962,NA,1,1,1.0002179098838746,1
9872565,0,l e g u j,5,-19.01681077838631,NA,-26.364507293773418,NA,-25.975664718831844,NA,1.2483428858636896,NA,1.248186398979058,NA,1.0016771227161092,NA,1.0018008835043444,NA
9872565,82,k o m y ɾ,5,-16.353424337993484,NA,-13.883195970862252,NA,-13.910528361180043,NA,1.3227564267292913,NA,1.3224527779546218,NA,1.0242905957012058,NA,1.0231863397295329,NA
9872565,86,ɫ a c i c,5,-20.85006703745811,NA,-Inf,NA,-28.268360365160696,NA,1.393714475584772,NA,1.393307140789591,NA,1.0031978955195548,NA,1.003244424758624,NA
9872565,3,h a ɟ y ʒ,5,-23.863657450841075,NA,-22.624553381069926,NA,-22.344510460590467,NA,1.3349575084723493,NA,1.334659755521368,NA,1.0247789272681185,NA,1.023693209239092,NA
9872565,0,k ɯ ɾ u ɾ,5,-15.318955962420556,NA,-13.211802908261404,NA,-13.235619449577031,NA,1.4222960802280702,NA,1.4218174189805863,NA,1.0464229248539447,NA,1.04410490580885,NA
9872565,0,v ø g a v,5,-20.10445696792307,NA,-Inf,NA,-26.10524817310064,NA,1.247357754390403,NA,1.247192526866456,NA,1.0083186036664065,NA,1.0080374911419787,NA
9872565,100,t i ɾ i n,5,-14.025136929876307,NA,-13.29622096087098,NA,-13.31495014679013,NA,1.4868293162319706,NA,1.4862336716167204,NA,1.0380836476564423,NA,1.036141119098454,NA
9872565,0,h a ʒ u ʒ,5,-22.22459728237563,NA,-20.574734095421434,NA,-20.57980325185485,NA,1.3552832193968376,NA,1.354948500786981,NA,1.024100953206239,NA,1.0230524747443015,NA
9872565,0,f u ʒ o ʒ,5,-24.318186592419305,NA,-24.076093804584303,NA,-23.89378841031736,NA,1.113926858532862,NA,1.1140116216965557,NA,1.0011715459746369,NA,1.0013258782882402,NA
9872565,77,l i ɾ a ɫ,5,-15.3609350799713,NA,-19.8361902836386,NA,-19.591438837393905,NA,1.4834033363849624,NA,1.482810949290984,NA,1.052665896370704,NA,1.049897439309165,NA
9872565,0,l ø ʒ o h,5,-24.023639891238354,NA,-Inf,NA,-30.04919461281527,NA,1.0611372469041531,NA,1.0613091459550994,NA,1,1,1.0002179098838746,1
9872565,64,b o ʒ ø z,5,-22.86665396829175,NA,-18.017128955938706,NA,-17.902257196862156,NA,1.1512809100750248,NA,1.1512968865447335,NA,1.0076706794235104,NA,1.0074835137562206,NA
9872565,0,k o ɾ e n,5,-14.885879129991546,NA,-12.897900518277458,NA,-12.921968836319405,NA,1.4935674111675834,NA,1.492960755870561,NA,1.051458107409831,NA,1.0487970966537057,NA
9872565,0,n ɯ ʒ a j,5,-18.361255868590177,NA,-Inf,NA,-24.42370924182812,NA,1.2862284449438637,NA,1.2859931705589396,NA,1.0083293699708047,NA,1.0080300149841257,NA
9872565,31,b o ɟ ø z,5,-24.218032064305415,NA,-Inf,NA,-19.98603714014059,NA,1.1508993555127225,NA,1.1509159963499356,NA,1.0076706794235104,NA,1.0074835137562206,NA
9872565,0,ɟ y ɟ i c,5,-28.504374274105167,NA,-34.0614415135249,NA,-32.63139034186276,NA,1.1857372598822993,NA,1.1856897559125137,NA,1.0003805593107542,NA,1.0005751782641632,NA
9872565,2,l y g o v,5,-21.24168388132717,NA,-Inf,NA,-29.53360238566332,NA,1.1177613338707335,NA,1.117835562270347,NA,1.0014227127794817,NA,1.0015589006941277,NA
9872565,24,z a g u ʒ,5,-20.29947828385247,NA,-22.63081735331332,NA,-22.558066597039417,NA,1.3322117684361712,NA,1.331916871021566,NA,1.0060543305370335,NA,1.005951900443092,NA
9872565,74,s ø ɾ e ɾ,5,-16.33314456534291,NA,-14.679954878983413,NA,-14.714425131840436,NA,1.4153867644354674,NA,1.4149143088475702,NA,1.032928769087306,NA,1.0312349764733082,NA
9872565,13,ɫ a ʒ ɯ v,5,-19.01413112958105,NA,-25.27309072876929,NA,-24.70218102731933,NA,1.3434818002281597,NA,1.3431627791155516,NA,1.0027190231281846,NA,1.0027934061307997,NA
9872565,0,ɟ e ɟ ø c,5,-29.515236701833903,NA,-Inf,NA,-35.387903759308166,NA,1.1759662589424205,NA,1.1759456395053902,NA,1.0001090155892292,NA,1.0003211623361203,NA
9872565,70,v i c i t͡ʃ,5,-20.547113263958217,NA,-Inf,NA,-23.1711421973128,NA,1.2268410034005357,NA,1.2267195786230238,NA,1.0039829073988151,NA,1.0039769766982811,NA
9872565,0,n u ʒ u v,5,-20.80128833604193,NA,-25.0331577171281,NA,-24.8916465105402,NA,1.1410317248052262,NA,1.1410638524210197,NA,1.0012699088513268,NA,1.001416451124873,NA
9872565,71,c y f e f,5,-21.527813099749014,NA,-Inf,NA,-22.664539480096867,NA,1.2118743211486604,NA,1.2117773135384928,NA,1.0071295794804112,NA,1.0069463406784327,NA
9872565,65,m y d͡ʒ i z,5,-17.879199582018565,NA,-14.393898283796569,NA,-14.429259306354858,NA,1.3109225990509248,NA,1.3106522848516828,NA,1.0375068631237063,NA,1.0356959574680136,NA
9872565,33,h a v e ʒ,5,-19.09461168027044,NA,-16.910155513317502,NA,-17.0401322477831,NA,1.4491259370421068,NA,1.448622803127972,NA,1.0389424664117677,NA,1.0370968958000453,NA
9872565,0,b e v a z,5,-16.49220087297713,NA,-13.608243420111007,NA,-13.653196067821916,NA,1.477372226790212,NA,1.4768067318712417,NA,1.039668977985646,NA,1.0377122037388582,NA
9872565,97,t͡ʃ ø t͡ʃ ø z,5,-22.697768764281445,NA,-19.14014982771973,NA,-19.125549383488163,NA,1.0814485413778725,NA,1.0815851832308758,NA,1.0021481577380047,NA,1.0022510865945526,NA
9872565,5,v i ɟ ø ʒ,5,-26.08508432555531,NA,-Inf,NA,-26.573834589061327,NA,1.1072439154231664,NA,1.107341952591128,NA,1.002221233960113,NA,1.002322393863214,NA
9872565,26,z a ʒ a ʒ,5,-20.65156820085194,NA,-20.88415273374731,NA,-21.111799773330873,NA,1.473656473289835,NA,1.4731036094504746,NA,1.005674667143876,NA,1.0055823087757958,NA
9872565,36,f i f ø c,5,-22.934346180129452,NA,-Inf,NA,-24.81560530960652,NA,1.1324703057575094,NA,1.132524760714353,NA,1.00781397621939,NA,1.0076205413173758,NA
9872565,0,ɟ e ʒ a ʒ,5,-24.872738132728532,NA,-Inf,NA,-27.982487602910396,NA,1.3654519295070486,NA,1.3650862603539733,NA,1.0018873378066473,NA,1.0019937933222605,NA
9872565,1,b y ɟ y ʒ,5,-25.505444268865332,NA,-25.45365748559964,NA,-24.547852043511448,NA,1.1609339687930145,NA,1.1609373105847451,NA,1.0030582028661408,NA,1.0031139432724736,NA
9872565,36,ɫ o c i v,5,-20.32154509757039,NA,-Inf,NA,-28.655330256748375,NA,1.203566924559405,NA,1.203484498665397,NA,1.003612403694333,NA,1.0036254079173543,NA
9872565,0,l i ʒ ɯ h,5,-21.236809961973975,NA,-30.679339934133328,NA,-29.742273739726983,NA,1.158327478084528,NA,1.1583284213199998,NA,1.0005226776773717,NA,1.000711052533111,NA
9872565,0,d͡ʒ o ʒ ɯ ʒ,5,-24.079143338267087,NA,-Inf,NA,-28.009801950877545,NA,1.137517569937932,NA,1.1375587066288628,NA,1.0007051178379167,NA,1.0008859248512416,NA
9872565,22,b e ʒ u z,5,-20.09685568317635,NA,-17.616675465865157,NA,-17.692227901481022,NA,1.2990802527770584,NA,1.298836883201828,NA,1.0147738277840022,NA,1.0141969018237178,NA
9872565,30,m y ʒ u z,5,-20.83024908437445,NA,-18.018790953182332,NA,-17.957196378821674,NA,1.2281724738575563,NA,1.228051804655265,NA,1.028797989001621,NA,1.027484318333768,NA
9872565,100,t e m y ɾ,5,-15.097011485226544,NA,-13.149158478430715,NA,-13.17506319379305,NA,1.3952910296657324,NA,1.3948618624207878,NA,1.043610721726628,NA,1.0414893151040772,NA
9872565,0,n u t y j,5,-16.96057295686292,NA,-21.57828825775384,NA,-21.566459081067514,NA,1.1975371229986602,NA,1.1974696560083582,NA,1.0083526736746993,NA,1.008122409607921,NA
9872565,0,g ɯ ɟ i ʒ,5,-24.50361657158009,NA,-25.49963744384403,NA,-24.94700242135446,NA,1.20317522888439,NA,1.2030973279498365,NA,1.0026110525865772,NA,1.002691091470223,NA
9872565,24,t͡ʃ u ɫ a ʒ,5,-19.237587515269706,NA,-18.130207686087324,NA,-18.26240532798674,NA,1.3722130475752563,NA,1.3718347547581715,NA,1.0249011247841782,NA,1.0237533348136263,NA
9872565,0,n u ʒ a v,5,-19.23989541094505,NA,-24.070092646118187,NA,-23.96757799454814,NA,1.2890173650126455,NA,1.2887801370464675,NA,1.0063398585044316,NA,1.0061698950642324,NA
9872565,22,n o t u s,5,-16.47465512035086,NA,-19.735328187133018,NA,-19.743774110963223,NA,1.2269920276179962,NA,1.226868358906597,NA,1.0080817305580838,NA,1.0078462760915818,NA
9872565,0,t͡ʃ ø z ɯ z,5,-20.62607180941986,NA,-16.976091075060026,NA,-17.019424912474907,NA,1.1583596514678574,NA,1.1583584120592822,NA,1.0080045227428704,NA,1.0077781589190764,NA
9872565,63,m u ɾ e ɾ,5,-14.696942662362323,NA,-12.765770122828249,NA,-12.78886990036498,NA,1.4829679946903738,NA,1.482378633403974,NA,1.0554645066457835,NA,1.052583586591879,NA
9872565,0,v ø l ø c,5,-25.90689728386676,NA,-Inf,NA,-35.34511196131538,NA,1.053370077665239,NA,1.0535614319623523,NA,1,1,1.0002179098838746,1
9872565,0,ɫ a m ø s,5,-16.4448878098927,NA,-21.700506185311,NA,-21.560223247833047,NA,1.3597787878886536,NA,1.359429234768754,NA,1.0166672670594712,NA,1.0160046485573355,NA
9872565,38,b e v i z,5,-17.164705407397012,NA,-14.3441056545888,NA,-14.386834265478743,NA,1.3998179501932546,NA,1.3993936154387292,NA,1.0313640525417127,NA,1.029874405398718,NA
9872565,69,m u ɟ ø z,5,-23.390324934442702,NA,-Inf,NA,-20.024930764116053,NA,1.1813238989502393,NA,1.1812879247237875,NA,1.0153068128767293,NA,1.0147184228338744,NA
9872565,0,b o ʒ o j,5,-21.245057054178083,NA,-20.13244875835492,NA,-20.046431822915014,NA,1.1725304838846882,NA,1.1725072015915694,NA,1.0075402588170546,NA,1.0073612568945542,NA
9872565,40,n e m o h,5,-16.32924773528244,NA,-20.77206130453725,NA,-20.726772496747454,NA,1.276400178714621,NA,1.2761991218991138,NA,1.016692629955233,NA,1.016027305212858,NA
9872565,0,z ɯ f ø ʒ,5,-23.017882079075772,NA,-Inf,NA,-25.118736995317576,NA,1.0902439638685273,NA,1.090371213824056,NA,1.0024969451408785,NA,1.00258336556017,NA
9872565,0,ɟ y ʒ a ʒ,5,-26.24714392218317,NA,-27.701633339060944,NA,-27.35192869335266,NA,1.264390404377066,NA,1.2641995821532814,NA,1.0013967676551154,NA,1.0015291572871547,NA
9872565,0,ɫ o c i c,5,-22.598154704161175,NA,-Inf,NA,-30.38087562282667,NA,1.192024700888065,NA,1.1919663103397642,NA,1.0024386182362308,NA,1.002525096162357,NA
9872565,0,ʃ i ʒ a z,5,-19.04980356239507,NA,-19.97037085869323,NA,-19.99831106394273,NA,1.315532256051761,NA,1.315247063807122,NA,1.0098413554752772,NA,1.009482109892058,NA
9872565,0,f a m o ʒ,5,-19.525006628199367,NA,-18.562521006783637,NA,-18.678545352468166,NA,1.3639122810041675,NA,1.3635640039359638,NA,1.0205395864056823,NA,1.0196690224611438,NA
9872565,0,ɫ a v ø c,5,-20.9587256480507,NA,-Inf,NA,-27.741190815322057,NA,1.3120436196337373,NA,1.311787239641347,NA,1.0128467704178925,NA,1.0123863819849432,NA
9872565,24,z i ʃ u ʒ,5,-20.611196487491956,NA,-21.50834429121576,NA,-21.43777842049785,NA,1.1722474271142185,NA,1.1722290569471934,NA,1.0065648677878622,NA,1.0064344360939144,NA
9872565,0,g o ʒ u ʒ,5,-24.442688578324432,NA,-22.033985445786712,NA,-22.016202405684076,NA,1.1437948305814645,NA,1.1438260015087924,NA,1.001138393401175,NA,1.0012964338824402,NA
9872565,0,g ɯ ʒ u ɫ,5,-20.705303097683913,NA,-Inf,NA,-21.48584727527315,NA,1.1930536885026797,NA,1.19297852493055,NA,1.0065343732888652,NA,1.006368299524924,NA
9872565,37,l e l i v,5,-19.259752917338997,NA,-29.576825325610375,NA,-28.93865942698328,NA,1.3165643111836578,NA,1.316286257844561,NA,1.004552273472661,NA,1.0045149324559184,NA
9872565,0,g u d͡ʒ ɯ z,5,-19.58384312679565,NA,-16.662080926911877,NA,-16.69599102385458,NA,1.1829445655903972,NA,1.1829010801604336,NA,1.004072591118986,NA,1.0040601734200405,NA
9872565,65,m u ɾ u ɾ,5,-15.78366637936518,NA,-13.562188301724916,NA,-13.588096170629813,NA,1.419431610850839,NA,1.418957895106949,NA,1.0416730830399104,NA,1.0396065469972535,NA
9872565,60,ɟ ø c y c,5,-29.771612116763333,NA,-Inf,NA,-33.918015159012405,NA,1.0457614416943897,NA,1.0459642311442183,NA,1.000065210303228,NA,1.0002790383147078,NA
9872565,0,b u t͡ʃ ø z,5,-20.64528675679707,NA,-16.726730678422822,NA,-16.76182039023128,NA,1.1627803129926748,NA,1.1627762695685162,NA,1.0077814367587763,NA,1.0075883291945815,NA
9872565,0,f i m y z,5,-17.903375865695956,NA,-14.742633621324917,NA,-14.786764221872444,NA,1.201636639433986,NA,1.2015630839111278,NA,1.0120057633303254,NA,1.0115817861902552,NA
9872565,0,p ɯ h i c,5,-20.565900791151996,NA,-23.40671397169415,NA,-23.24817306184844,NA,1.2307563842740858,NA,1.2306306880145006,NA,1.0085929357767276,NA,1.008342931175454,NA
9872565,0,v ɯ ʒ ɯ ʒ,5,-23.69648085276263,NA,-Inf,NA,-31.00943562503508,NA,1.125927847369398,NA,1.1259890347950725,NA,1.0002707972270364,NA,1.000474478028374,NA
9872565,39,b i j u z,5,-17.587656552519828,NA,-14.901222365010376,NA,-14.934988048180376,NA,1.2542839912465815,NA,1.2541176642790226,NA,1.0211939364547036,NA,1.0202725415610168,NA
9872565,0,d͡ʒ o ʒ a ʒ,5,-22.732617383645024,NA,-22.660226857866917,NA,-22.815874697194054,NA,1.2757020818759344,NA,1.275491702476653,NA,1.001992869903803,NA,1.002093919802276,NA
9872565,62,m y d͡ʒ ɯ z,5,-18.55322100222074,NA,-14.44026579065542,NA,-14.47667494038302,NA,1.2502923637098795,NA,1.2501324054364051,NA,1.0311610225528094,NA,1.029724802800534,NA
9872565,0,l y v ø c,5,-24.69819952981217,NA,-Inf,NA,-33.84418076589204,NA,1.1109520851514574,NA,1.1110436100959913,NA,1.0013626948653658,NA,1.0015085655369462,NA
9872565,0,n u c i c,5,-22.422357273444163,NA,-Inf,NA,-30.604841117870382,NA,1.2010655284312557,NA,1.2009915028727167,NA,1.0010304726556416,NA,1.0011909418109612,NA
9872565,0,n ɯ ʒ o h,5,-20.43289152093352,NA,-Inf,NA,-27.681960708161636,NA,1.1097661427251175,NA,1.1098539195905015,NA,1.0003249566724437,NA,1.0005257916572736,NA
9872565,0,l y g u v,5,-21.054989139720988,NA,-Inf,NA,-29.442333739145383,NA,1.1391300728302185,NA,1.139165406989077,NA,1.0012517628678057,NA,1.0013973759000716,NA
9872565,0,v ø h u v,5,-21.19584626377422,NA,-Inf,NA,-27.14453973692883,NA,1.12204735674267,NA,1.1221120023890112,NA,1.0019306114959543,NA,1.0020390443325038,NA
9872565,20,v ɯ c e c,5,-23.291319549211504,NA,-Inf,NA,-31.131139803939128,NA,1.1800904532909162,NA,1.1800533352853768,NA,1.0009229002593154,NA,1.0010857623367058,NA
9872182,37,ɟ y ɟ i c,5,-28.504374274105167,NA,-34.0614415135249,NA,-32.63139034186276,NA,1.1857372598822993,NA,1.1856897559125137,NA,1.0003805593107542,NA,1.0005751782641632,NA
9872182,0,v ø l ø c,5,-25.90689728386676,NA,-Inf,NA,-35.34511196131538,NA,1.053370077665239,NA,1.0535614319623523,NA,1,1,1.0002179098838746,1
9872182,22,l y g u v,5,-21.054989139720988,NA,-Inf,NA,-29.442333739145383,NA,1.1391300728302185,NA,1.139165406989077,NA,1.0012517628678057,NA,1.0013973759000716,NA
9872182,66,k o m y ɾ,5,-16.353424337993484,NA,-13.883195970862252,NA,-13.910528361180043,NA,1.3227564267292913,NA,1.3224527779546218,NA,1.0242905957012058,NA,1.0231863397295329,NA
9872182,62,b e v a z,5,-16.49220087297713,NA,-13.608243420111007,NA,-13.653196067821916,NA,1.477372226790212,NA,1.4768067318712417,NA,1.039668977985646,NA,1.0377122037388582,NA
9872182,0,ɫ a ʒ ɯ v,5,-19.01413112958105,NA,-25.27309072876929,NA,-24.70218102731933,NA,1.3434818002281597,NA,1.3431627791155516,NA,1.0027190231281846,NA,1.0027934061307997,NA
9872182,32,ɫ a c i c,5,-20.85006703745811,NA,-Inf,NA,-28.268360365160696,NA,1.393714475584772,NA,1.393307140789591,NA,1.0031978955195548,NA,1.003244424758624,NA
9872182,84,l i l e c,5,-21.536362523929785,NA,-31.083984388924055,NA,-30.331424169322283,NA,1.2119594300984098,NA,1.2118670410071015,NA,1.002450860254562,NA,1.002532859654261,NA
9872182,55,f i m y z,5,-17.903375865695956,NA,-14.742633621324917,NA,-14.786764221872444,NA,1.201636639433986,NA,1.2015630839111278,NA,1.0120057633303254,NA,1.0115817861902552,NA
9872182,32,k ɯ ɾ y ɾ,5,-15.606638034872336,NA,-13.90445119214018,NA,-13.927432452108098,NA,1.4023519238658844,NA,1.4019095639097712,NA,1.0403132444979513,NA,1.0383564043662596,NA
9872182,14,f a m o ʒ,5,-19.525006628199367,NA,-18.562521006783637,NA,-18.678545352468166,NA,1.3639122810041675,NA,1.3635640039359638,NA,1.0205395864056823,NA,1.0196690224611438,NA
9872182,0,l ø ʒ o h,5,-24.023639891238354,NA,-Inf,NA,-30.04919461281527,NA,1.0611372469041531,NA,1.0613091459550994,NA,1,1,1.0002179098838746,1
9872182,71,m y d͡ʒ i z,5,-17.879199582018565,NA,-14.393898283796569,NA,-14.429259306354858,NA,1.3109225990509248,NA,1.3106522848516828,NA,1.0375068631237063,NA,1.0356959574680136,NA
9872182,19,m y ʒ u z,5,-20.83024908437445,NA,-18.018790953182332,NA,-17.957196378821674,NA,1.2281724738575563,NA,1.228051804655265,NA,1.028797989001621,NA,1.027484318333768,NA
9872182,35,v ø g a v,5,-20.10445696792307,NA,-Inf,NA,-26.10524817310064,NA,1.247357754390403,NA,1.247192526866456,NA,1.0083186036664065,NA,1.0080374911419787,NA
9872182,12,d͡ʒ o ʒ a ʒ,5,-22.732617383645024,NA,-22.660226857866917,NA,-22.815874697194054,NA,1.2757020818759344,NA,1.275491702476653,NA,1.001992869903803,NA,1.002093919802276,NA
9872182,15,ɟ i f o ʒ,5,-24.780676297755964,NA,-25.425443803693742,NA,-25.116310217920844,NA,1.1272633513846158,NA,1.1273248298147074,NA,1.0025592701523314,NA,1.0026389458748235,NA
9872182,34,l e g u j,5,-19.01681077838631,NA,-26.364507293773418,NA,-25.975664718831844,NA,1.2483428858636896,NA,1.248186398979058,NA,1.0016771227161092,NA,1.0018008835043444,NA
9872182,76,l e m ø c,5,-22.135268586336817,NA,-Inf,NA,-30.8974573340183,NA,1.2302737214773412,NA,1.230158604762022,NA,1.0104704475845636,NA,1.010134576043257,NA
9872182,35,n ɯ t a j,5,-14.896630988839425,NA,-19.401787788498176,NA,-19.40541509478784,NA,1.354526711595995,NA,1.3541725154278046,NA,1.021234920433465,NA,1.0202283613160217,NA
9872182,36,b e ʒ u z,5,-20.09685568317635,NA,-17.616675465865157,NA,-17.692227901481022,NA,1.2990802527770584,NA,1.298836883201828,NA,1.0147738277840022,NA,1.0141969018237178,NA
9872182,18,ʃ i ʒ a z,5,-19.04980356239507,NA,-19.97037085869323,NA,-19.99831106394273,NA,1.315532256051761,NA,1.315247063807122,NA,1.0098413554752772,NA,1.009482109892058,NA
9872182,28,z a g u ʒ,5,-20.29947828385247,NA,-22.63081735331332,NA,-22.558066597039417,NA,1.3322117684361712,NA,1.331916871021566,NA,1.0060543305370335,NA,1.005951900443092,NA
9872182,32,n ɯ ʒ a j,5,-18.361255868590177,NA,-Inf,NA,-24.42370924182812,NA,1.2862284449438637,NA,1.2859931705589396,NA,1.0083293699708047,NA,1.0080300149841257,NA
9872182,100,t e m y ɾ,5,-15.097011485226544,NA,-13.149158478430715,NA,-13.17506319379305,NA,1.3952910296657324,NA,1.3948618624207878,NA,1.043610721726628,NA,1.0414893151040772,NA
9872182,53,c y f e f,5,-21.527813099749014,NA,-Inf,NA,-22.664539480096867,NA,1.2118743211486604,NA,1.2117773135384928,NA,1.0071295794804112,NA,1.0069463406784327,NA
9872182,67,m u ɾ u ɾ,5,-15.78366637936518,NA,-13.562188301724916,NA,-13.588096170629813,NA,1.419431610850839,NA,1.418957895106949,NA,1.0416730830399104,NA,1.0396065469972535,NA
9872182,19,l ø ʒ a v,5,-22.61577681077505,NA,-Inf,NA,-27.92410669629761,NA,1.2294482612194106,NA,1.2293140831342488,NA,1.0055264217757005,NA,1.0053992528390658,NA
9872182,3,l i ʒ ɯ h,5,-21.236809961973975,NA,-30.679339934133328,NA,-29.742273739726983,NA,1.158327478084528,NA,1.1583284213199998,NA,1.0005226776773717,NA,1.000711052533111,NA
9872182,79,b o ɟ ø z,5,-24.218032064305415,NA,-Inf,NA,-19.98603714014059,NA,1.1508993555127225,NA,1.1509159963499356,NA,1.0076706794235104,NA,1.0074835137562206,NA
9872182,43,k ɯ ɾ u ɾ,5,-15.318955962420556,NA,-13.211802908261404,NA,-13.235619449577031,NA,1.4222960802280702,NA,1.4218174189805863,NA,1.0464229248539447,NA,1.04410490580885,NA
9872182,22,f i f ø c,5,-22.934346180129452,NA,-Inf,NA,-24.81560530960652,NA,1.1324703057575094,NA,1.132524760714353,NA,1.00781397621939,NA,1.0076205413173758,NA
9872182,36,g ɯ ɟ ø z,5,-24.493762160994564,NA,-Inf,NA,-21.039008141833634,NA,1.1091017507441014,NA,1.109190682492799,NA,1.002741473193033,NA,1.0028133483318893,NA
9872182,71,m u ɾ e ɾ,5,-14.696942662362323,NA,-12.765770122828249,NA,-12.78886990036498,NA,1.4829679946903738,NA,1.482378633403974,NA,1.0554645066457835,NA,1.052583586591879,NA
9872182,28,p ɯ h i c,5,-20.565900791151996,NA,-23.40671397169415,NA,-23.24817306184844,NA,1.2307563842740858,NA,1.2306306880145006,NA,1.0085929357767276,NA,1.008342931175454,NA
9872182,100,b e v i z,5,-17.164705407397012,NA,-14.3441056545888,NA,-14.386834265478743,NA,1.3998179501932546,NA,1.3993936154387292,NA,1.0313640525417127,NA,1.029874405398718,NA
9872182,24,n ɯ ʒ o h,5,-20.43289152093352,NA,-Inf,NA,-27.681960708161636,NA,1.1097661427251175,NA,1.1098539195905015,NA,1.0003249566724437,NA,1.0005257916572736,NA
9872182,66,t͡ʃ ø t͡ʃ ø z,5,-22.697768764281445,NA,-19.14014982771973,NA,-19.125549383488163,NA,1.0814485413778725,NA,1.0815851832308758,NA,1.0021481577380047,NA,1.0022510865945526,NA
9872182,83,n o t u s,5,-16.47465512035086,NA,-19.735328187133018,NA,-19.743774110963223,NA,1.2269920276179962,NA,1.226868358906597,NA,1.0080817305580838,NA,1.0078462760915818,NA
9872182,100,l e l e c,5,-21.338527197603927,NA,-31.45089604529384,NA,-30.582591541482635,NA,1.2981271077413907,NA,1.2978856396230185,NA,1.0037045395306985,NA,1.0037202628550872,NA
9872182,26,ɟ ø ʒ u ʒ,5,-29.01723460133465,NA,-Inf,NA,-30.01521454529064,NA,1.0652782477051752,NA,1.0654452352440962,NA,1,1,1.0002179098838746,1
9872182,19,z a ʒ a ʒ,5,-20.65156820085194,NA,-20.88415273374731,NA,-21.111799773330873,NA,1.473656473289835,NA,1.4731036094504746,NA,1.005674667143876,NA,1.0055823087757958,NA
9872182,9,ɟ y ʒ a ʒ,5,-26.24714392218317,NA,-27.701633339060944,NA,-27.35192869335266,NA,1.264390404377066,NA,1.2641995821532814,NA,1.0013967676551154,NA,1.0015291572871547,NA
9872182,71,t i ɾ i n,5,-14.025136929876307,NA,-13.29622096087098,NA,-13.31495014679013,NA,1.4868293162319706,NA,1.4862336716167204,NA,1.0380836476564423,NA,1.036141119098454,NA
9872182,36,ɫ o c i c,5,-22.598154704161175,NA,-Inf,NA,-30.38087562282667,NA,1.192024700888065,NA,1.1919663103397642,NA,1.0024386182362308,NA,1.002525096162357,NA
9872182,7,z i ʃ u ʒ,5,-20.611196487491956,NA,-21.50834429121576,NA,-21.43777842049785,NA,1.1722474271142185,NA,1.1722290569471934,NA,1.0065648677878622,NA,1.0064344360939144,NA
9872182,76,n u c i c,5,-22.422357273444163,NA,-Inf,NA,-30.604841117870382,NA,1.2010655284312557,NA,1.2009915028727167,NA,1.0010304726556416,NA,1.0011909418109612,NA
9872182,18,b o ʒ o j,5,-21.245057054178083,NA,-20.13244875835492,NA,-20.046431822915014,NA,1.1725304838846882,NA,1.1725072015915694,NA,1.0075402588170546,NA,1.0073612568945542,NA
9872182,20,ɟ e ʒ a ʒ,5,-24.872738132728532,NA,-Inf,NA,-27.982487602910396,NA,1.3654519295070486,NA,1.3650862603539733,NA,1.0018873378066473,NA,1.0019937933222605,NA
9872182,33,h a v e ʒ,5,-19.09461168027044,NA,-16.910155513317502,NA,-17.0401322477831,NA,1.4491259370421068,NA,1.448622803127972,NA,1.0389424664117677,NA,1.0370968958000453,NA
9872182,70,l i ɾ a ɫ,5,-15.3609350799713,NA,-19.8361902836386,NA,-19.591438837393905,NA,1.4834033363849624,NA,1.482810949290984,NA,1.052665896370704,NA,1.049897439309165,NA
9872182,16,g ɯ ɟ i ʒ,5,-24.50361657158009,NA,-25.49963744384403,NA,-24.94700242135446,NA,1.20317522888439,NA,1.2030973279498365,NA,1.0026110525865772,NA,1.002691091470223,NA
9872182,28,b o ʒ ø z,5,-22.86665396829175,NA,-18.017128955938706,NA,-17.902257196862156,NA,1.1512809100750248,NA,1.1512968865447335,NA,1.0076706794235104,NA,1.0074835137562206,NA
9872182,27,g o ʒ u ʒ,5,-24.442688578324432,NA,-22.033985445786712,NA,-22.016202405684076,NA,1.1437948305814645,NA,1.1438260015087924,NA,1.001138393401175,NA,1.0012964338824402,NA
9872182,70,n e m o h,5,-16.32924773528244,NA,-20.77206130453725,NA,-20.726772496747454,NA,1.276400178714621,NA,1.2761991218991138,NA,1.016692629955233,NA,1.016027305212858,NA
9872182,33,v i ɟ ø ʒ,5,-26.08508432555531,NA,-Inf,NA,-26.573834589061327,NA,1.1072439154231664,NA,1.107341952591128,NA,1.002221233960113,NA,1.002322393863214,NA
9872182,76,g a h a n,5,-15.424795057512029,NA,-12.671136251120728,NA,-12.713594601335702,NA,1.5950046496787846,NA,1.5942160548671798,NA,1.0568362269206326,NA,1.0537746821415517,NA
9872182,51,b i j u z,5,-17.587656552519828,NA,-14.901222365010376,NA,-14.934988048180376,NA,1.2542839912465815,NA,1.2541176642790226,NA,1.0211939364547036,NA,1.0202725415610168,NA
9872182,11,f u ʒ o ʒ,5,-24.318186592419305,NA,-24.076093804584303,NA,-23.89378841031736,NA,1.113926858532862,NA,1.1140116216965557,NA,1.0011715459746369,NA,1.0013258782882402,NA
9872182,62,b u z i z,5,-17.899568381733303,NA,-15.168587722623604,NA,-15.20544673192982,NA,1.300321658423705,NA,1.3000693778122003,NA,1.018878679977096,NA,1.0180436274771694,NA
9872182,80,z a c i c,5,-21.79076817824873,NA,-Inf,NA,-28.16360280521193,NA,1.396529547044278,NA,1.3961173439888992,NA,1.0049309977725878,NA,1.0048864608834187,NA
9872182,27,t͡ʃ ø z i z,5,-19.95205038921768,NA,-16.53019953976399,NA,-16.57507613525408,NA,1.2189898868089024,NA,1.21887829147456,NA,1.012754830804793,NA,1.0122417488420343,NA
9872182,74,l e l i v,5,-19.259752917338997,NA,-29.576825325610375,NA,-28.93865942698328,NA,1.3165643111836578,NA,1.316286257844561,NA,1.004552273472661,NA,1.0045149324559184,NA
9872182,22,z ɯ f ø ʒ,5,-23.017882079075772,NA,-Inf,NA,-25.118736995317576,NA,1.0902439638685273,NA,1.090371213824056,NA,1.0024969451408785,NA,1.00258336556017,NA
9872182,25,l y v ø c,5,-24.69819952981217,NA,-Inf,NA,-33.84418076589204,NA,1.1109520851514574,NA,1.1110436100959913,NA,1.0013626948653658,NA,1.0015085655369462,NA
9872182,4,v ɯ ʒ ɯ ʒ,5,-23.69648085276263,NA,-Inf,NA,-31.00943562503508,NA,1.125927847369398,NA,1.1259890347950725,NA,1.0002707972270364,NA,1.000474478028374,NA
9872182,21,t͡ʃ ø z ɯ z,5,-20.62607180941986,NA,-16.976091075060026,NA,-17.019424912474907,NA,1.1583596514678574,NA,1.1583584120592822,NA,1.0080045227428704,NA,1.0077781589190764,NA
9872182,100,k o ɾ e n,5,-14.885879129991546,NA,-12.897900518277458,NA,-12.921968836319405,NA,1.4935674111675834,NA,1.492960755870561,NA,1.051458107409831,NA,1.0487970966537057,NA
9872182,72,s ø ɾ e ɾ,5,-16.33314456534291,NA,-14.679954878983413,NA,-14.714425131840436,NA,1.4153867644354674,NA,1.4149143088475702,NA,1.032928769087306,NA,1.0312349764733082,NA
9872182,36,b e d͡ʒ ɯ z,5,-17.81982760102264,NA,-14.454949896520516,NA,-14.498099044664276,NA,1.3212001426293818,NA,1.3209174839829685,NA,1.018554063995171,NA,1.0177796681696785,NA
9872182,19,b y ɟ y ʒ,5,-25.505444268865332,NA,-25.45365748559964,NA,-24.547852043511448,NA,1.1609339687930145,NA,1.1609373105847451,NA,1.0030582028661408,NA,1.0031139432724736,NA
9872182,16,n u ʒ u v,5,-20.80128833604193,NA,-25.0331577171281,NA,-24.8916465105402,NA,1.1410317248052262,NA,1.1410638524210197,NA,1.0012699088513268,NA,1.001416451124873,NA
9872182,67,ɫ o c i v,5,-20.32154509757039,NA,-Inf,NA,-28.655330256748375,NA,1.203566924559405,NA,1.203484498665397,NA,1.003612403694333,NA,1.0036254079173543,NA
9872182,29,v i c i t͡ʃ,5,-20.547113263958217,NA,-Inf,NA,-23.1711421973128,NA,1.2268410034005357,NA,1.2267195786230238,NA,1.0039829073988151,NA,1.0039769766982811,NA
9872182,63,ɫ a m ø s,5,-16.4448878098927,NA,-21.700506185311,NA,-21.560223247833047,NA,1.3597787878886536,NA,1.359429234768754,NA,1.0166672670594712,NA,1.0160046485573355,NA
9872182,29,v ɯ c e c,5,-23.291319549211504,NA,-Inf,NA,-31.131139803939128,NA,1.1800904532909162,NA,1.1800533352853768,NA,1.0009229002593154,NA,1.0010857623367058,NA
9872182,7,d͡ʒ o ʒ ɯ ʒ,5,-24.079143338267087,NA,-Inf,NA,-28.009801950877545,NA,1.137517569937932,NA,1.1375587066288628,NA,1.0007051178379167,NA,1.0008859248512416,NA
9872182,25,n u ʒ a v,5,-19.23989541094505,NA,-24.070092646118187,NA,-23.96757799454814,NA,1.2890173650126455,NA,1.2887801370464675,NA,1.0063398585044316,NA,1.0061698950642324,NA
9872182,33,h a ɟ y ʒ,5,-23.863657450841075,NA,-22.624553381069926,NA,-22.344510460590467,NA,1.3349575084723493,NA,1.334659755521368,NA,1.0247789272681185,NA,1.023693209239092,NA
9872182,12,v ø h u v,5,-21.19584626377422,NA,-Inf,NA,-27.14453973692883,NA,1.12204735674267,NA,1.1221120023890112,NA,1.0019306114959543,NA,1.0020390443325038,NA
9872182,100,b u t͡ʃ ø z,5,-20.64528675679707,NA,-16.726730678422822,NA,-16.76182039023128,NA,1.1627803129926748,NA,1.1627762695685162,NA,1.0077814367587763,NA,1.0075883291945815,NA
9872182,93,ɟ ø c y c,5,-29.771612116763333,NA,-Inf,NA,-33.918015159012405,NA,1.0457614416943897,NA,1.0459642311442183,NA,1.000065210303228,NA,1.0002790383147078,NA
9872182,68,n u t y j,5,-16.96057295686292,NA,-21.57828825775384,NA,-21.566459081067514,NA,1.1975371229986602,NA,1.1974696560083582,NA,1.0083526736746993,NA,1.008122409607921,NA
9872182,100,ɫ o t a ɫ,5,-14.65850607845412,NA,-17.671672662841534,NA,-17.682535023707715,NA,1.3973781624522024,NA,1.3969353956490551,NA,1.0300127259382086,NA,1.0284804983759424,NA
9872182,68,n y n a j,5,-15.538878453846433,NA,-19.248648600763232,NA,-19.252973283175265,NA,1.375893401023051,NA,1.3755021898241135,NA,1.025399913127838,NA,1.024174835275507,NA
9872182,37,m y d͡ʒ ɯ z,5,-18.55322100222074,NA,-14.44026579065542,NA,-14.47667494038302,NA,1.2502923637098795,NA,1.2501324054364051,NA,1.0311610225528094,NA,1.029724802800534,NA
9872182,100,m y ɟ ø z,5,-23.67800700689448,NA,-Inf,NA,-19.812441326740707,NA,1.1873897568358545,NA,1.1873432880455872,NA,1.0271132236263087,NA,1.0259044813368154,NA
9872182,57,m u ɟ ø z,5,-23.390324934442702,NA,-Inf,NA,-20.024930764116053,NA,1.1813238989502393,NA,1.1812879247237875,NA,1.0153068128767293,NA,1.0147184228338744,NA
9872182,7,g ɯ ʒ u ɫ,5,-20.705303097683913,NA,-Inf,NA,-21.48584727527315,NA,1.1930536885026797,NA,1.19297852493055,NA,1.0065343732888652,NA,1.006368299524924,NA
9872182,35,g u d͡ʒ ɯ z,5,-19.58384312679565,NA,-16.662080926911877,NA,-16.69599102385458,NA,1.1829445655903972,NA,1.1829010801604336,NA,1.004072591118986,NA,1.0040601734200405,NA
9872182,43,ɟ e ɟ ø c,5,-29.515236701833903,NA,-Inf,NA,-35.387903759308166,NA,1.1759662589424205,NA,1.1759456395053902,NA,1.0001090155892292,NA,1.0003211623361203,NA
9872182,45,l y g o v,5,-21.24168388132717,NA,-Inf,NA,-29.53360238566332,NA,1.1177613338707335,NA,1.117835562270347,NA,1.0014227127794817,NA,1.0015589006941277,NA
9872182,63,n ø t i v,5,-17.944154892120544,NA,-23.2961730088594,NA,-23.250097222909492,NA,1.2347006964889633,NA,1.2345636665208823,NA,1.0201890138444885,NA,1.019285545598672,NA
9872182,19,h a ʒ u ʒ,5,-22.22459728237563,NA,-20.574734095421434,NA,-20.57980325185485,NA,1.3552832193968376,NA,1.354948500786981,NA,1.024100953206239,NA,1.0230524747443015,NA
9872182,29,t͡ʃ u ɫ a ʒ,5,-19.237587515269706,NA,-18.130207686087324,NA,-18.26240532798674,NA,1.3722130475752563,NA,1.3718347547581715,NA,1.0249011247841782,NA,1.0237533348136263,NA
9872182,59,ɫ a v ø c,5,-20.9587256480507,NA,-Inf,NA,-27.741190815322057,NA,1.3120436196337373,NA,1.311787239641347,NA,1.0128467704178925,NA,1.0123863819849432,NA
9871944,32,k ɯ ɾ u ɾ,5,-15.318955962420556,NA,-13.211802908261404,NA,-13.235619449577031,NA,1.4222960802280702,NA,1.4218174189805863,NA,1.0464229248539447,NA,1.04410490580885,NA
9871944,42,b e ʒ u z,5,-20.09685568317635,NA,-17.616675465865157,NA,-17.692227901481022,NA,1.2990802527770584,NA,1.298836883201828,NA,1.0147738277840022,NA,1.0141969018237178,NA
9871944,41,b u t͡ʃ ø z,5,-20.64528675679707,NA,-16.726730678422822,NA,-16.76182039023128,NA,1.1627803129926748,NA,1.1627762695685162,NA,1.0077814367587763,NA,1.0075883291945815,NA
9871944,45,ɟ e ʒ a ʒ,5,-24.872738132728532,NA,-Inf,NA,-27.982487602910396,NA,1.3654519295070486,NA,1.3650862603539733,NA,1.0018873378066473,NA,1.0019937933222605,NA
9871944,51,t͡ʃ ø t͡ʃ ø z,5,-22.697768764281445,NA,-19.14014982771973,NA,-19.125549383488163,NA,1.0814485413778725,NA,1.0815851832308758,NA,1.0021481577380047,NA,1.0022510865945526,NA
9871944,44,f a m o ʒ,5,-19.525006628199367,NA,-18.562521006783637,NA,-18.678545352468166,NA,1.3639122810041675,NA,1.3635640039359638,NA,1.0205395864056823,NA,1.0196690224611438,NA
9871944,62,m y d͡ʒ i z,5,-17.879199582018565,NA,-14.393898283796569,NA,-14.429259306354858,NA,1.3109225990509248,NA,1.3106522848516828,NA,1.0375068631237063,NA,1.0356959574680136,NA
9871944,14,l ø ʒ a v,5,-22.61577681077505,NA,-Inf,NA,-27.92410669629761,NA,1.2294482612194106,NA,1.2293140831342488,NA,1.0055264217757005,NA,1.0053992528390658,NA
9871944,100,s ø ɾ e ɾ,5,-16.33314456534291,NA,-14.679954878983413,NA,-14.714425131840436,NA,1.4153867644354674,NA,1.4149143088475702,NA,1.032928769087306,NA,1.0312349764733082,NA
9871944,31,n ɯ ʒ a j,5,-18.361255868590177,NA,-Inf,NA,-24.42370924182812,NA,1.2862284449438637,NA,1.2859931705589396,NA,1.0083293699708047,NA,1.0080300149841257,NA
9871944,33,n u t y j,5,-16.96057295686292,NA,-21.57828825775384,NA,-21.566459081067514,NA,1.1975371229986602,NA,1.1974696560083582,NA,1.0083526736746993,NA,1.008122409607921,NA
9871944,23,f u ʒ o ʒ,5,-24.318186592419305,NA,-24.076093804584303,NA,-23.89378841031736,NA,1.113926858532862,NA,1.1140116216965557,NA,1.0011715459746369,NA,1.0013258782882402,NA
9871944,33,t͡ʃ ø z ɯ z,5,-20.62607180941986,NA,-16.976091075060026,NA,-17.019424912474907,NA,1.1583596514678574,NA,1.1583584120592822,NA,1.0080045227428704,NA,1.0077781589190764,NA
9871944,11,z ɯ f ø ʒ,5,-23.017882079075772,NA,-Inf,NA,-25.118736995317576,NA,1.0902439638685273,NA,1.090371213824056,NA,1.0024969451408785,NA,1.00258336556017,NA
9871944,76,k o m y ɾ,5,-16.353424337993484,NA,-13.883195970862252,NA,-13.910528361180043,NA,1.3227564267292913,NA,1.3224527779546218,NA,1.0242905957012058,NA,1.0231863397295329,NA
9871944,58,n ɯ t a j,5,-14.896630988839425,NA,-19.401787788498176,NA,-19.40541509478784,NA,1.354526711595995,NA,1.3541725154278046,NA,1.021234920433465,NA,1.0202283613160217,NA
9871944,42,b e d͡ʒ ɯ z,5,-17.81982760102264,NA,-14.454949896520516,NA,-14.498099044664276,NA,1.3212001426293818,NA,1.3209174839829685,NA,1.018554063995171,NA,1.0177796681696785,NA
9871944,44,f i m y z,5,-17.903375865695956,NA,-14.742633621324917,NA,-14.786764221872444,NA,1.201636639433986,NA,1.2015630839111278,NA,1.0120057633303254,NA,1.0115817861902552,NA
9871944,21,b o ʒ o j,5,-21.245057054178083,NA,-20.13244875835492,NA,-20.046431822915014,NA,1.1725304838846882,NA,1.1725072015915694,NA,1.0075402588170546,NA,1.0073612568945542,NA
9871944,36,ɫ o c i v,5,-20.32154509757039,NA,-Inf,NA,-28.655330256748375,NA,1.203566924559405,NA,1.203484498665397,NA,1.003612403694333,NA,1.0036254079173543,NA
9871944,32,ɟ ø ʒ u ʒ,5,-29.01723460133465,NA,-Inf,NA,-30.01521454529064,NA,1.0652782477051752,NA,1.0654452352440962,NA,1,1,1.0002179098838746,1
9871944,76,t i ɾ i n,5,-14.025136929876307,NA,-13.29622096087098,NA,-13.31495014679013,NA,1.4868293162319706,NA,1.4862336716167204,NA,1.0380836476564423,NA,1.036141119098454,NA
9871944,28,m y d͡ʒ ɯ z,5,-18.55322100222074,NA,-14.44026579065542,NA,-14.47667494038302,NA,1.2502923637098795,NA,1.2501324054364051,NA,1.0311610225528094,NA,1.029724802800534,NA
9871944,25,n u c i c,5,-22.422357273444163,NA,-Inf,NA,-30.604841117870382,NA,1.2010655284312557,NA,1.2009915028727167,NA,1.0010304726556416,NA,1.0011909418109612,NA
9871944,15,z a ʒ a ʒ,5,-20.65156820085194,NA,-20.88415273374731,NA,-21.111799773330873,NA,1.473656473289835,NA,1.4731036094504746,NA,1.005674667143876,NA,1.0055823087757958,NA
9871944,19,l y v ø c,5,-24.69819952981217,NA,-Inf,NA,-33.84418076589204,NA,1.1109520851514574,NA,1.1110436100959913,NA,1.0013626948653658,NA,1.0015085655369462,NA
9871944,20,ɟ e ɟ ø c,5,-29.515236701833903,NA,-Inf,NA,-35.387903759308166,NA,1.1759662589424205,NA,1.1759456395053902,NA,1.0001090155892292,NA,1.0003211623361203,NA
9871944,10,v ɯ ʒ ɯ ʒ,5,-23.69648085276263,NA,-Inf,NA,-31.00943562503508,NA,1.125927847369398,NA,1.1259890347950725,NA,1.0002707972270364,NA,1.000474478028374,NA
9871944,18,m y ʒ u z,5,-20.83024908437445,NA,-18.018790953182332,NA,-17.957196378821674,NA,1.2281724738575563,NA,1.228051804655265,NA,1.028797989001621,NA,1.027484318333768,NA
9871944,63,l e l e c,5,-21.338527197603927,NA,-31.45089604529384,NA,-30.582591541482635,NA,1.2981271077413907,NA,1.2978856396230185,NA,1.0037045395306985,NA,1.0037202628550872,NA
9871944,46,m y ɟ ø z,5,-23.67800700689448,NA,-Inf,NA,-19.812441326740707,NA,1.1873897568358545,NA,1.1873432880455872,NA,1.0271132236263087,NA,1.0259044813368154,NA
9871944,24,z i ʃ u ʒ,5,-20.611196487491956,NA,-21.50834429121576,NA,-21.43777842049785,NA,1.1722474271142185,NA,1.1722290569471934,NA,1.0065648677878622,NA,1.0064344360939144,NA
9871944,24,b u z i z,5,-17.899568381733303,NA,-15.168587722623604,NA,-15.20544673192982,NA,1.300321658423705,NA,1.3000693778122003,NA,1.018878679977096,NA,1.0180436274771694,NA
9871944,27,v ɯ c e c,5,-23.291319549211504,NA,-Inf,NA,-31.131139803939128,NA,1.1800904532909162,NA,1.1800533352853768,NA,1.0009229002593154,NA,1.0010857623367058,NA
9871944,21,h a v e ʒ,5,-19.09461168027044,NA,-16.910155513317502,NA,-17.0401322477831,NA,1.4491259370421068,NA,1.448622803127972,NA,1.0389424664117677,NA,1.0370968958000453,NA
9871944,67,ɫ o t a ɫ,5,-14.65850607845412,NA,-17.671672662841534,NA,-17.682535023707715,NA,1.3973781624522024,NA,1.3969353956490551,NA,1.0300127259382086,NA,1.0284804983759424,NA
9871944,39,l e m ø c,5,-22.135268586336817,NA,-Inf,NA,-30.8974573340183,NA,1.2302737214773412,NA,1.230158604762022,NA,1.0104704475845636,NA,1.010134576043257,NA
9871944,58,b o ɟ ø z,5,-24.218032064305415,NA,-Inf,NA,-19.98603714014059,NA,1.1508993555127225,NA,1.1509159963499356,NA,1.0076706794235104,NA,1.0074835137562206,NA
9871944,61,g a h a n,5,-15.424795057512029,NA,-12.671136251120728,NA,-12.713594601335702,NA,1.5950046496787846,NA,1.5942160548671798,NA,1.0568362269206326,NA,1.0537746821415517,NA
9871944,45,ɫ o c i c,5,-22.598154704161175,NA,-Inf,NA,-30.38087562282667,NA,1.192024700888065,NA,1.1919663103397642,NA,1.0024386182362308,NA,1.002525096162357,NA
9871944,44,ɫ a v ø c,5,-20.9587256480507,NA,-Inf,NA,-27.741190815322057,NA,1.3120436196337373,NA,1.311787239641347,NA,1.0128467704178925,NA,1.0123863819849432,NA
9871944,38,b y ɟ y ʒ,5,-25.505444268865332,NA,-25.45365748559964,NA,-24.547852043511448,NA,1.1609339687930145,NA,1.1609373105847451,NA,1.0030582028661408,NA,1.0031139432724736,NA
9871944,39,l e l i v,5,-19.259752917338997,NA,-29.576825325610375,NA,-28.93865942698328,NA,1.3165643111836578,NA,1.316286257844561,NA,1.004552273472661,NA,1.0045149324559184,NA
9871944,57,n ø t i v,5,-17.944154892120544,NA,-23.2961730088594,NA,-23.250097222909492,NA,1.2347006964889633,NA,1.2345636665208823,NA,1.0201890138444885,NA,1.019285545598672,NA
9871944,27,g ɯ ʒ u ɫ,5,-20.705303097683913,NA,-Inf,NA,-21.48584727527315,NA,1.1930536885026797,NA,1.19297852493055,NA,1.0065343732888652,NA,1.006368299524924,NA
9871944,39,b e v a z,5,-16.49220087297713,NA,-13.608243420111007,NA,-13.653196067821916,NA,1.477372226790212,NA,1.4768067318712417,NA,1.039668977985646,NA,1.0377122037388582,NA
9871944,60,c y f e f,5,-21.527813099749014,NA,-Inf,NA,-22.664539480096867,NA,1.2118743211486604,NA,1.2117773135384928,NA,1.0071295794804112,NA,1.0069463406784327,NA
9871944,40,ɫ a ʒ ɯ v,5,-19.01413112958105,NA,-25.27309072876929,NA,-24.70218102731933,NA,1.3434818002281597,NA,1.3431627791155516,NA,1.0027190231281846,NA,1.0027934061307997,NA
9871944,63,ɫ a m ø s,5,-16.4448878098927,NA,-21.700506185311,NA,-21.560223247833047,NA,1.3597787878886536,NA,1.359429234768754,NA,1.0166672670594712,NA,1.0160046485573355,NA
9871944,79,l i ɾ a ɫ,5,-15.3609350799713,NA,-19.8361902836386,NA,-19.591438837393905,NA,1.4834033363849624,NA,1.482810949290984,NA,1.052665896370704,NA,1.049897439309165,NA
9871944,34,l e g u j,5,-19.01681077838631,NA,-26.364507293773418,NA,-25.975664718831844,NA,1.2483428858636896,NA,1.248186398979058,NA,1.0016771227161092,NA,1.0018008835043444,NA
9871944,50,f i f ø c,5,-22.934346180129452,NA,-Inf,NA,-24.81560530960652,NA,1.1324703057575094,NA,1.132524760714353,NA,1.00781397621939,NA,1.0076205413173758,NA
9871944,48,g u d͡ʒ ɯ z,5,-19.58384312679565,NA,-16.662080926911877,NA,-16.69599102385458,NA,1.1829445655903972,NA,1.1829010801604336,NA,1.004072591118986,NA,1.0040601734200405,NA
9871944,15,d͡ʒ o ʒ ɯ ʒ,5,-24.079143338267087,NA,-Inf,NA,-28.009801950877545,NA,1.137517569937932,NA,1.1375587066288628,NA,1.0007051178379167,NA,1.0008859248512416,NA
9871944,79,t͡ʃ ø z i z,5,-19.95205038921768,NA,-16.53019953976399,NA,-16.57507613525408,NA,1.2189898868089024,NA,1.21887829147456,NA,1.012754830804793,NA,1.0122417488420343,NA
9871944,24,h a ʒ u ʒ,5,-22.22459728237563,NA,-20.574734095421434,NA,-20.57980325185485,NA,1.3552832193968376,NA,1.354948500786981,NA,1.024100953206239,NA,1.0230524747443015,NA
9871944,28,b i j u z,5,-17.587656552519828,NA,-14.901222365010376,NA,-14.934988048180376,NA,1.2542839912465815,NA,1.2541176642790226,NA,1.0211939364547036,NA,1.0202725415610168,NA
9871944,72,n o t u s,5,-16.47465512035086,NA,-19.735328187133018,NA,-19.743774110963223,NA,1.2269920276179962,NA,1.226868358906597,NA,1.0080817305580838,NA,1.0078462760915818,NA
9871944,70,n y n a j,5,-15.538878453846433,NA,-19.248648600763232,NA,-19.252973283175265,NA,1.375893401023051,NA,1.3755021898241135,NA,1.025399913127838,NA,1.024174835275507,NA
9871944,31,ɟ y ɟ i c,5,-28.504374274105167,NA,-34.0614415135249,NA,-32.63139034186276,NA,1.1857372598822993,NA,1.1856897559125137,NA,1.0003805593107542,NA,1.0005751782641632,NA
9871944,64,m u ɾ u ɾ,5,-15.78366637936518,NA,-13.562188301724916,NA,-13.588096170629813,NA,1.419431610850839,NA,1.418957895106949,NA,1.0416730830399104,NA,1.0396065469972535,NA
9871944,62,m u ɾ e ɾ,5,-14.696942662362323,NA,-12.765770122828249,NA,-12.78886990036498,NA,1.4829679946903738,NA,1.482378633403974,NA,1.0554645066457835,NA,1.052583586591879,NA
9871944,45,l y g o v,5,-21.24168388132717,NA,-Inf,NA,-29.53360238566332,NA,1.1177613338707335,NA,1.117835562270347,NA,1.0014227127794817,NA,1.0015589006941277,NA
9871944,15,l i ʒ ɯ h,5,-21.236809961973975,NA,-30.679339934133328,NA,-29.742273739726983,NA,1.158327478084528,NA,1.1583284213199998,NA,1.0005226776773717,NA,1.000711052533111,NA
9871944,62,n e m o h,5,-16.32924773528244,NA,-20.77206130453725,NA,-20.726772496747454,NA,1.276400178714621,NA,1.2761991218991138,NA,1.016692629955233,NA,1.016027305212858,NA
9871944,25,v ø l ø c,5,-25.90689728386676,NA,-Inf,NA,-35.34511196131538,NA,1.053370077665239,NA,1.0535614319623523,NA,1,1,1.0002179098838746,1
9871944,51,t͡ʃ u ɫ a ʒ,5,-19.237587515269706,NA,-18.130207686087324,NA,-18.26240532798674,NA,1.3722130475752563,NA,1.3718347547581715,NA,1.0249011247841782,NA,1.0237533348136263,NA
9871944,33,ɟ i f o ʒ,5,-24.780676297755964,NA,-25.425443803693742,NA,-25.116310217920844,NA,1.1272633513846158,NA,1.1273248298147074,NA,1.0025592701523314,NA,1.0026389458748235,NA
9871944,64,m u ɟ ø z,5,-23.390324934442702,NA,-Inf,NA,-20.024930764116053,NA,1.1813238989502393,NA,1.1812879247237875,NA,1.0153068128767293,NA,1.0147184228338744,NA
9871944,21,ʃ i ʒ a z,5,-19.04980356239507,NA,-19.97037085869323,NA,-19.99831106394273,NA,1.315532256051761,NA,1.315247063807122,NA,1.0098413554752772,NA,1.009482109892058,NA
9871944,84,ɫ a c i c,5,-20.85006703745811,NA,-Inf,NA,-28.268360365160696,NA,1.393714475584772,NA,1.393307140789591,NA,1.0031978955195548,NA,1.003244424758624,NA
9871944,35,b o ʒ ø z,5,-22.86665396829175,NA,-18.017128955938706,NA,-17.902257196862156,NA,1.1512809100750248,NA,1.1512968865447335,NA,1.0076706794235104,NA,1.0074835137562206,NA
9871944,94,k o ɾ e n,5,-14.885879129991546,NA,-12.897900518277458,NA,-12.921968836319405,NA,1.4935674111675834,NA,1.492960755870561,NA,1.051458107409831,NA,1.0487970966537057,NA
9871944,33,n u ʒ a v,5,-19.23989541094505,NA,-24.070092646118187,NA,-23.96757799454814,NA,1.2890173650126455,NA,1.2887801370464675,NA,1.0063398585044316,NA,1.0061698950642324,NA
9871944,27,n ɯ ʒ o h,5,-20.43289152093352,NA,-Inf,NA,-27.681960708161636,NA,1.1097661427251175,NA,1.1098539195905015,NA,1.0003249566724437,NA,1.0005257916572736,NA
9871944,27,ɟ y ʒ a ʒ,5,-26.24714392218317,NA,-27.701633339060944,NA,-27.35192869335266,NA,1.264390404377066,NA,1.2641995821532814,NA,1.0013967676551154,NA,1.0015291572871547,NA
9871944,28,v i c i t͡ʃ,5,-20.547113263958217,NA,-Inf,NA,-23.1711421973128,NA,1.2268410034005357,NA,1.2267195786230238,NA,1.0039829073988151,NA,1.0039769766982811,NA
9871944,17,v ø h u v,5,-21.19584626377422,NA,-Inf,NA,-27.14453973692883,NA,1.12204735674267,NA,1.1221120023890112,NA,1.0019306114959543,NA,1.0020390443325038,NA
9871944,19,l y g u v,5,-21.054989139720988,NA,-Inf,NA,-29.442333739145383,NA,1.1391300728302185,NA,1.139165406989077,NA,1.0012517628678057,NA,1.0013973759000716,NA
9871944,61,k ɯ ɾ y ɾ,5,-15.606638034872336,NA,-13.90445119214018,NA,-13.927432452108098,NA,1.4023519238658844,NA,1.4019095639097712,NA,1.0403132444979513,NA,1.0383564043662596,NA
9871944,25,g o ʒ u ʒ,5,-24.442688578324432,NA,-22.033985445786712,NA,-22.016202405684076,NA,1.1437948305814645,NA,1.1438260015087924,NA,1.001138393401175,NA,1.0012964338824402,NA
9871944,91,b e v i z,5,-17.164705407397012,NA,-14.3441056545888,NA,-14.386834265478743,NA,1.3998179501932546,NA,1.3993936154387292,NA,1.0313640525417127,NA,1.029874405398718,NA
9871944,63,l i l e c,5,-21.536362523929785,NA,-31.083984388924055,NA,-30.331424169322283,NA,1.2119594300984098,NA,1.2118670410071015,NA,1.002450860254562,NA,1.002532859654261,NA
9871944,18,v i ɟ ø ʒ,5,-26.08508432555531,NA,-Inf,NA,-26.573834589061327,NA,1.1072439154231664,NA,1.107341952591128,NA,1.002221233960113,NA,1.002322393863214,NA
9871944,15,p ɯ h i c,5,-20.565900791151996,NA,-23.40671397169415,NA,-23.24817306184844,NA,1.2307563842740858,NA,1.2306306880145006,NA,1.0085929357767276,NA,1.008342931175454,NA
9871944,71,ɟ ø c y c,5,-29.771612116763333,NA,-Inf,NA,-33.918015159012405,NA,1.0457614416943897,NA,1.0459642311442183,NA,1.000065210303228,NA,1.0002790383147078,NA
9871944,25,g ɯ ɟ i ʒ,5,-24.50361657158009,NA,-25.49963744384403,NA,-24.94700242135446,NA,1.20317522888439,NA,1.2030973279498365,NA,1.0026110525865772,NA,1.002691091470223,NA
9871944,22,v ø g a v,5,-20.10445696792307,NA,-Inf,NA,-26.10524817310064,NA,1.247357754390403,NA,1.247192526866456,NA,1.0083186036664065,NA,1.0080374911419787,NA
9871944,57,g ɯ ɟ ø z,5,-24.493762160994564,NA,-Inf,NA,-21.039008141833634,NA,1.1091017507441014,NA,1.109190682492799,NA,1.002741473193033,NA,1.0028133483318893,NA
9871944,25,n u ʒ u v,5,-20.80128833604193,NA,-25.0331577171281,NA,-24.8916465105402,NA,1.1410317248052262,NA,1.1410638524210197,NA,1.0012699088513268,NA,1.001416451124873,NA
9871944,18,d͡ʒ o ʒ a ʒ,5,-22.732617383645024,NA,-22.660226857866917,NA,-22.815874697194054,NA,1.2757020818759344,NA,1.275491702476653,NA,1.001992869903803,NA,1.002093919802276,NA
9871944,16,z a g u ʒ,5,-20.29947828385247,NA,-22.63081735331332,NA,-22.558066597039417,NA,1.3322117684361712,NA,1.331916871021566,NA,1.0060543305370335,NA,1.005951900443092,NA
9871944,14,l ø ʒ o h,5,-24.023639891238354,NA,-Inf,NA,-30.04919461281527,NA,1.0611372469041531,NA,1.0613091459550994,NA,1,1,1.0002179098838746,1
9871944,29,z a c i c,5,-21.79076817824873,NA,-Inf,NA,-28.16360280521193,NA,1.396529547044278,NA,1.3961173439888992,NA,1.0049309977725878,NA,1.0048864608834187,NA
9871944,89,t e m y ɾ,5,-15.097011485226544,NA,-13.149158478430715,NA,-13.17506319379305,NA,1.3952910296657324,NA,1.3948618624207878,NA,1.043610721726628,NA,1.0414893151040772,NA
9871944,23,h a ɟ y ʒ,5,-23.863657450841075,NA,-22.624553381069926,NA,-22.344510460590467,NA,1.3349575084723493,NA,1.334659755521368,NA,1.0247789272681185,NA,1.023693209239092,NA
9874713,69,b i j u z,5,-17.587656552519828,NA,-14.901222365010376,NA,-14.934988048180376,NA,1.2542839912465815,NA,1.2541176642790226,NA,1.0211939364547036,NA,1.0202725415610168,NA
9874713,34,z a c i c,5,-21.79076817824873,NA,-Inf,NA,-28.16360280521193,NA,1.396529547044278,NA,1.3961173439888992,NA,1.0049309977725878,NA,1.0048864608834187,NA
9874713,19,v ø h u v,5,-21.19584626377422,NA,-Inf,NA,-27.14453973692883,NA,1.12204735674267,NA,1.1221120023890112,NA,1.0019306114959543,NA,1.0020390443325038,NA
9874713,25,n ɯ ʒ o h,5,-20.43289152093352,NA,-Inf,NA,-27.681960708161636,NA,1.1097661427251175,NA,1.1098539195905015,NA,1.0003249566724437,NA,1.0005257916572736,NA
9874713,67,ɟ ø c y c,5,-29.771612116763333,NA,-Inf,NA,-33.918015159012405,NA,1.0457614416943897,NA,1.0459642311442183,NA,1.000065210303228,NA,1.0002790383147078,NA
9874713,35,ɟ y ɟ i c,5,-28.504374274105167,NA,-34.0614415135249,NA,-32.63139034186276,NA,1.1857372598822993,NA,1.1856897559125137,NA,1.0003805593107542,NA,1.0005751782641632,NA
9874713,22,n o t u s,5,-16.47465512035086,NA,-19.735328187133018,NA,-19.743774110963223,NA,1.2269920276179962,NA,1.226868358906597,NA,1.0080817305580838,NA,1.0078462760915818,NA
9874713,12,d͡ʒ o ʒ ɯ ʒ,5,-24.079143338267087,NA,-Inf,NA,-28.009801950877545,NA,1.137517569937932,NA,1.1375587066288628,NA,1.0007051178379167,NA,1.0008859248512416,NA
9874713,25,b e ʒ u z,5,-20.09685568317635,NA,-17.616675465865157,NA,-17.692227901481022,NA,1.2990802527770584,NA,1.298836883201828,NA,1.0147738277840022,NA,1.0141969018237178,NA
9874713,62,ɫ o c i c,5,-22.598154704161175,NA,-Inf,NA,-30.38087562282667,NA,1.192024700888065,NA,1.1919663103397642,NA,1.0024386182362308,NA,1.002525096162357,NA
9874713,39,n u c i c,5,-22.422357273444163,NA,-Inf,NA,-30.604841117870382,NA,1.2010655284312557,NA,1.2009915028727167,NA,1.0010304726556416,NA,1.0011909418109612,NA
9874713,21,m y d͡ʒ ɯ z,5,-18.55322100222074,NA,-14.44026579065542,NA,-14.47667494038302,NA,1.2502923637098795,NA,1.2501324054364051,NA,1.0311610225528094,NA,1.029724802800534,NA
9874713,63,m u ɟ ø z,5,-23.390324934442702,NA,-Inf,NA,-20.024930764116053,NA,1.1813238989502393,NA,1.1812879247237875,NA,1.0153068128767293,NA,1.0147184228338744,NA
9874713,57,v ø l ø c,5,-25.90689728386676,NA,-Inf,NA,-35.34511196131538,NA,1.053370077665239,NA,1.0535614319623523,NA,1,1,1.0002179098838746,1
9874713,30,b y ɟ y ʒ,5,-25.505444268865332,NA,-25.45365748559964,NA,-24.547852043511448,NA,1.1609339687930145,NA,1.1609373105847451,NA,1.0030582028661408,NA,1.0031139432724736,NA
9874713,22,h a v e ʒ,5,-19.09461168027044,NA,-16.910155513317502,NA,-17.0401322477831,NA,1.4491259370421068,NA,1.448622803127972,NA,1.0389424664117677,NA,1.0370968958000453,NA
9874713,15,v i ɟ ø ʒ,5,-26.08508432555531,NA,-Inf,NA,-26.573834589061327,NA,1.1072439154231664,NA,1.107341952591128,NA,1.002221233960113,NA,1.002322393863214,NA
9874713,13,ɫ o c i v,5,-20.32154509757039,NA,-Inf,NA,-28.655330256748375,NA,1.203566924559405,NA,1.203484498665397,NA,1.003612403694333,NA,1.0036254079173543,NA
9874713,78,k o m y ɾ,5,-16.353424337993484,NA,-13.883195970862252,NA,-13.910528361180043,NA,1.3227564267292913,NA,1.3224527779546218,NA,1.0242905957012058,NA,1.0231863397295329,NA
9874713,88,s ø ɾ e ɾ,5,-16.33314456534291,NA,-14.679954878983413,NA,-14.714425131840436,NA,1.4153867644354674,NA,1.4149143088475702,NA,1.032928769087306,NA,1.0312349764733082,NA
9874713,21,f a m o ʒ,5,-19.525006628199367,NA,-18.562521006783637,NA,-18.678545352468166,NA,1.3639122810041675,NA,1.3635640039359638,NA,1.0205395864056823,NA,1.0196690224611438,NA
9874713,64,b e v a z,5,-16.49220087297713,NA,-13.608243420111007,NA,-13.653196067821916,NA,1.477372226790212,NA,1.4768067318712417,NA,1.039668977985646,NA,1.0377122037388582,NA
9874713,33,b e d͡ʒ ɯ z,5,-17.81982760102264,NA,-14.454949896520516,NA,-14.498099044664276,NA,1.3212001426293818,NA,1.3209174839829685,NA,1.018554063995171,NA,1.0177796681696785,NA
9874713,29,m y ʒ u z,5,-20.83024908437445,NA,-18.018790953182332,NA,-17.957196378821674,NA,1.2281724738575563,NA,1.228051804655265,NA,1.028797989001621,NA,1.027484318333768,NA
9874713,74,l e m ø c,5,-22.135268586336817,NA,-Inf,NA,-30.8974573340183,NA,1.2302737214773412,NA,1.230158604762022,NA,1.0104704475845636,NA,1.010134576043257,NA
9874713,26,h a ʒ u ʒ,5,-22.22459728237563,NA,-20.574734095421434,NA,-20.57980325185485,NA,1.3552832193968376,NA,1.354948500786981,NA,1.024100953206239,NA,1.0230524747443015,NA
9874713,19,g o ʒ u ʒ,5,-24.442688578324432,NA,-22.033985445786712,NA,-22.016202405684076,NA,1.1437948305814645,NA,1.1438260015087924,NA,1.001138393401175,NA,1.0012964338824402,NA
9874713,21,z a g u ʒ,5,-20.29947828385247,NA,-22.63081735331332,NA,-22.558066597039417,NA,1.3322117684361712,NA,1.331916871021566,NA,1.0060543305370335,NA,1.005951900443092,NA
9874713,65,n u t y j,5,-16.96057295686292,NA,-21.57828825775384,NA,-21.566459081067514,NA,1.1975371229986602,NA,1.1974696560083582,NA,1.0083526736746993,NA,1.008122409607921,NA
9874713,70,t͡ʃ ø z ɯ z,5,-20.62607180941986,NA,-16.976091075060026,NA,-17.019424912474907,NA,1.1583596514678574,NA,1.1583584120592822,NA,1.0080045227428704,NA,1.0077781589190764,NA
9874713,82,v i c i t͡ʃ,5,-20.547113263958217,NA,-Inf,NA,-23.1711421973128,NA,1.2268410034005357,NA,1.2267195786230238,NA,1.0039829073988151,NA,1.0039769766982811,NA
9874713,86,ɟ e ɟ ø c,5,-29.515236701833903,NA,-Inf,NA,-35.387903759308166,NA,1.1759662589424205,NA,1.1759456395053902,NA,1.0001090155892292,NA,1.0003211623361203,NA
9874713,63,k o ɾ e n,5,-14.885879129991546,NA,-12.897900518277458,NA,-12.921968836319405,NA,1.4935674111675834,NA,1.492960755870561,NA,1.051458107409831,NA,1.0487970966537057,NA
9874713,76,b o ɟ ø z,5,-24.218032064305415,NA,-Inf,NA,-19.98603714014059,NA,1.1508993555127225,NA,1.1509159963499356,NA,1.0076706794235104,NA,1.0074835137562206,NA
9874713,23,v ø g a v,5,-20.10445696792307,NA,-Inf,NA,-26.10524817310064,NA,1.247357754390403,NA,1.247192526866456,NA,1.0083186036664065,NA,1.0080374911419787,NA
9874713,77,n ɯ t a j,5,-14.896630988839425,NA,-19.401787788498176,NA,-19.40541509478784,NA,1.354526711595995,NA,1.3541725154278046,NA,1.021234920433465,NA,1.0202283613160217,NA
9874713,30,g ɯ ʒ u ɫ,5,-20.705303097683913,NA,-Inf,NA,-21.48584727527315,NA,1.1930536885026797,NA,1.19297852493055,NA,1.0065343732888652,NA,1.006368299524924,NA
9874713,77,l i l e c,5,-21.536362523929785,NA,-31.083984388924055,NA,-30.331424169322283,NA,1.2119594300984098,NA,1.2118670410071015,NA,1.002450860254562,NA,1.002532859654261,NA
9874713,79,b e v i z,5,-17.164705407397012,NA,-14.3441056545888,NA,-14.386834265478743,NA,1.3998179501932546,NA,1.3993936154387292,NA,1.0313640525417127,NA,1.029874405398718,NA
9874713,18,l i ʒ ɯ h,5,-21.236809961973975,NA,-30.679339934133328,NA,-29.742273739726983,NA,1.158327478084528,NA,1.1583284213199998,NA,1.0005226776773717,NA,1.000711052533111,NA
9874713,15,n u ʒ a v,5,-19.23989541094505,NA,-24.070092646118187,NA,-23.96757799454814,NA,1.2890173650126455,NA,1.2887801370464675,NA,1.0063398585044316,NA,1.0061698950642324,NA
9874713,8,d͡ʒ o ʒ a ʒ,5,-22.732617383645024,NA,-22.660226857866917,NA,-22.815874697194054,NA,1.2757020818759344,NA,1.275491702476653,NA,1.001992869903803,NA,1.002093919802276,NA
9874713,10,z i ʃ u ʒ,5,-20.611196487491956,NA,-21.50834429121576,NA,-21.43777842049785,NA,1.1722474271142185,NA,1.1722290569471934,NA,1.0065648677878622,NA,1.0064344360939144,NA
9874713,13,l e g u j,5,-19.01681077838631,NA,-26.364507293773418,NA,-25.975664718831844,NA,1.2483428858636896,NA,1.248186398979058,NA,1.0016771227161092,NA,1.0018008835043444,NA
9874713,85,l e l e c,5,-21.338527197603927,NA,-31.45089604529384,NA,-30.582591541482635,NA,1.2981271077413907,NA,1.2978856396230185,NA,1.0037045395306985,NA,1.0037202628550872,NA
9874713,12,g ɯ ɟ i ʒ,5,-24.50361657158009,NA,-25.49963744384403,NA,-24.94700242135446,NA,1.20317522888439,NA,1.2030973279498365,NA,1.0026110525865772,NA,1.002691091470223,NA
9874713,56,b o ʒ ø z,5,-22.86665396829175,NA,-18.017128955938706,NA,-17.902257196862156,NA,1.1512809100750248,NA,1.1512968865447335,NA,1.0076706794235104,NA,1.0074835137562206,NA
9874713,58,f i f ø c,5,-22.934346180129452,NA,-Inf,NA,-24.81560530960652,NA,1.1324703057575094,NA,1.132524760714353,NA,1.00781397621939,NA,1.0076205413173758,NA
9874713,63,l y v ø c,5,-24.69819952981217,NA,-Inf,NA,-33.84418076589204,NA,1.1109520851514574,NA,1.1110436100959913,NA,1.0013626948653658,NA,1.0015085655369462,NA
9874713,81,b u t͡ʃ ø z,5,-20.64528675679707,NA,-16.726730678422822,NA,-16.76182039023128,NA,1.1627803129926748,NA,1.1627762695685162,NA,1.0077814367587763,NA,1.0075883291945815,NA
9874713,52,g ɯ ɟ ø z,5,-24.493762160994564,NA,-Inf,NA,-21.039008141833634,NA,1.1091017507441014,NA,1.109190682492799,NA,1.002741473193033,NA,1.0028133483318893,NA
9874713,36,m u ɾ e ɾ,5,-14.696942662362323,NA,-12.765770122828249,NA,-12.78886990036498,NA,1.4829679946903738,NA,1.482378633403974,NA,1.0554645066457835,NA,1.052583586591879,NA
9874713,70,l y g u v,5,-21.054989139720988,NA,-Inf,NA,-29.442333739145383,NA,1.1391300728302185,NA,1.139165406989077,NA,1.0012517628678057,NA,1.0013973759000716,NA
9874713,79,t e m y ɾ,5,-15.097011485226544,NA,-13.149158478430715,NA,-13.17506319379305,NA,1.3952910296657324,NA,1.3948618624207878,NA,1.043610721726628,NA,1.0414893151040772,NA
9874713,100,t i ɾ i n,5,-14.025136929876307,NA,-13.29622096087098,NA,-13.31495014679013,NA,1.4868293162319706,NA,1.4862336716167204,NA,1.0380836476564423,NA,1.036141119098454,NA
9874713,29,l ø ʒ o h,5,-24.023639891238354,NA,-Inf,NA,-30.04919461281527,NA,1.0611372469041531,NA,1.0613091459550994,NA,1,1,1.0002179098838746,1
9874713,36,l e l i v,5,-19.259752917338997,NA,-29.576825325610375,NA,-28.93865942698328,NA,1.3165643111836578,NA,1.316286257844561,NA,1.004552273472661,NA,1.0045149324559184,NA
9874713,38,n ɯ ʒ a j,5,-18.361255868590177,NA,-Inf,NA,-24.42370924182812,NA,1.2862284449438637,NA,1.2859931705589396,NA,1.0083293699708047,NA,1.0080300149841257,NA
9874713,30,ʃ i ʒ a z,5,-19.04980356239507,NA,-19.97037085869323,NA,-19.99831106394273,NA,1.315532256051761,NA,1.315247063807122,NA,1.0098413554752772,NA,1.009482109892058,NA
9874713,62,t͡ʃ ø z i z,5,-19.95205038921768,NA,-16.53019953976399,NA,-16.57507613525408,NA,1.2189898868089024,NA,1.21887829147456,NA,1.012754830804793,NA,1.0122417488420343,NA
9874713,61,f i m y z,5,-17.903375865695956,NA,-14.742633621324917,NA,-14.786764221872444,NA,1.201636639433986,NA,1.2015630839111278,NA,1.0120057633303254,NA,1.0115817861902552,NA
9874713,24,f u ʒ o ʒ,5,-24.318186592419305,NA,-24.076093804584303,NA,-23.89378841031736,NA,1.113926858532862,NA,1.1140116216965557,NA,1.0011715459746369,NA,1.0013258782882402,NA
9874713,36,h a ɟ y ʒ,5,-23.863657450841075,NA,-22.624553381069926,NA,-22.344510460590467,NA,1.3349575084723493,NA,1.334659755521368,NA,1.0247789272681185,NA,1.023693209239092,NA
9874713,85,m y d͡ʒ i z,5,-17.879199582018565,NA,-14.393898283796569,NA,-14.429259306354858,NA,1.3109225990509248,NA,1.3106522848516828,NA,1.0375068631237063,NA,1.0356959574680136,NA
9874713,17,n e m o h,5,-16.32924773528244,NA,-20.77206130453725,NA,-20.726772496747454,NA,1.276400178714621,NA,1.2761991218991138,NA,1.016692629955233,NA,1.016027305212858,NA
9874713,1,l y g o v,5,-21.24168388132717,NA,-Inf,NA,-29.53360238566332,NA,1.1177613338707335,NA,1.117835562270347,NA,1.0014227127794817,NA,1.0015589006941277,NA
9874713,77,g a h a n,5,-15.424795057512029,NA,-12.671136251120728,NA,-12.713594601335702,NA,1.5950046496787846,NA,1.5942160548671798,NA,1.0568362269206326,NA,1.0537746821415517,NA
9874713,84,t͡ʃ ø t͡ʃ ø z,5,-22.697768764281445,NA,-19.14014982771973,NA,-19.125549383488163,NA,1.0814485413778725,NA,1.0815851832308758,NA,1.0021481577380047,NA,1.0022510865945526,NA
9874713,57,t͡ʃ u ɫ a ʒ,5,-19.237587515269706,NA,-18.130207686087324,NA,-18.26240532798674,NA,1.3722130475752563,NA,1.3718347547581715,NA,1.0249011247841782,NA,1.0237533348136263,NA
9874713,25,ɫ a m ø s,5,-16.4448878098927,NA,-21.700506185311,NA,-21.560223247833047,NA,1.3597787878886536,NA,1.359429234768754,NA,1.0166672670594712,NA,1.0160046485573355,NA
9874713,78,g u d͡ʒ ɯ z,5,-19.58384312679565,NA,-16.662080926911877,NA,-16.69599102385458,NA,1.1829445655903972,NA,1.1829010801604336,NA,1.004072591118986,NA,1.0040601734200405,NA
9874713,17,v ɯ ʒ ɯ ʒ,5,-23.69648085276263,NA,-Inf,NA,-31.00943562503508,NA,1.125927847369398,NA,1.1259890347950725,NA,1.0002707972270364,NA,1.000474478028374,NA
9874713,16,ɟ ø ʒ u ʒ,5,-29.01723460133465,NA,-Inf,NA,-30.01521454529064,NA,1.0652782477051752,NA,1.0654452352440962,NA,1,1,1.0002179098838746,1
9874713,14,b o ʒ o j,5,-21.245057054178083,NA,-20.13244875835492,NA,-20.046431822915014,NA,1.1725304838846882,NA,1.1725072015915694,NA,1.0075402588170546,NA,1.0073612568945542,NA
9874713,88,ɫ a c i c,5,-20.85006703745811,NA,-Inf,NA,-28.268360365160696,NA,1.393714475584772,NA,1.393307140789591,NA,1.0031978955195548,NA,1.003244424758624,NA
9874713,78,v ɯ c e c,5,-23.291319549211504,NA,-Inf,NA,-31.131139803939128,NA,1.1800904532909162,NA,1.1800533352853768,NA,1.0009229002593154,NA,1.0010857623367058,NA
9874713,26,ɟ y ʒ a ʒ,5,-26.24714392218317,NA,-27.701633339060944,NA,-27.35192869335266,NA,1.264390404377066,NA,1.2641995821532814,NA,1.0013967676551154,NA,1.0015291572871547,NA
9874713,10,n u ʒ u v,5,-20.80128833604193,NA,-25.0331577171281,NA,-24.8916465105402,NA,1.1410317248052262,NA,1.1410638524210197,NA,1.0012699088513268,NA,1.001416451124873,NA
9874713,38,z ɯ f ø ʒ,5,-23.017882079075772,NA,-Inf,NA,-25.118736995317576,NA,1.0902439638685273,NA,1.090371213824056,NA,1.0024969451408785,NA,1.00258336556017,NA
9874713,29,l ø ʒ a v,5,-22.61577681077505,NA,-Inf,NA,-27.92410669629761,NA,1.2294482612194106,NA,1.2293140831342488,NA,1.0055264217757005,NA,1.0053992528390658,NA
9874713,86,m u ɾ u ɾ,5,-15.78366637936518,NA,-13.562188301724916,NA,-13.588096170629813,NA,1.419431610850839,NA,1.418957895106949,NA,1.0416730830399104,NA,1.0396065469972535,NA
9874713,89,m y ɟ ø z,5,-23.67800700689448,NA,-Inf,NA,-19.812441326740707,NA,1.1873897568358545,NA,1.1873432880455872,NA,1.0271132236263087,NA,1.0259044813368154,NA
9874713,63,p ɯ h i c,5,-20.565900791151996,NA,-23.40671397169415,NA,-23.24817306184844,NA,1.2307563842740858,NA,1.2306306880145006,NA,1.0085929357767276,NA,1.008342931175454,NA
9874713,86,k ɯ ɾ u ɾ,5,-15.318955962420556,NA,-13.211802908261404,NA,-13.235619449577031,NA,1.4222960802280702,NA,1.4218174189805863,NA,1.0464229248539447,NA,1.04410490580885,NA
9874713,30,ɟ e ʒ a ʒ,5,-24.872738132728532,NA,-Inf,NA,-27.982487602910396,NA,1.3654519295070486,NA,1.3650862603539733,NA,1.0018873378066473,NA,1.0019937933222605,NA
9874713,17,n ø t i v,5,-17.944154892120544,NA,-23.2961730088594,NA,-23.250097222909492,NA,1.2347006964889633,NA,1.2345636665208823,NA,1.0201890138444885,NA,1.019285545598672,NA
9874713,41,ɫ a v ø c,5,-20.9587256480507,NA,-Inf,NA,-27.741190815322057,NA,1.3120436196337373,NA,1.311787239641347,NA,1.0128467704178925,NA,1.0123863819849432,NA
9874713,58,l i ɾ a ɫ,5,-15.3609350799713,NA,-19.8361902836386,NA,-19.591438837393905,NA,1.4834033363849624,NA,1.482810949290984,NA,1.052665896370704,NA,1.049897439309165,NA
9874713,40,b u z i z,5,-17.899568381733303,NA,-15.168587722623604,NA,-15.20544673192982,NA,1.300321658423705,NA,1.3000693778122003,NA,1.018878679977096,NA,1.0180436274771694,NA
9874713,59,k ɯ ɾ y ɾ,5,-15.606638034872336,NA,-13.90445119214018,NA,-13.927432452108098,NA,1.4023519238658844,NA,1.4019095639097712,NA,1.0403132444979513,NA,1.0383564043662596,NA
9874713,38,ɫ a ʒ ɯ v,5,-19.01413112958105,NA,-25.27309072876929,NA,-24.70218102731933,NA,1.3434818002281597,NA,1.3431627791155516,NA,1.0027190231281846,NA,1.0027934061307997,NA
9874713,18,ɟ i f o ʒ,5,-24.780676297755964,NA,-25.425443803693742,NA,-25.116310217920844,NA,1.1272633513846158,NA,1.1273248298147074,NA,1.0025592701523314,NA,1.0026389458748235,NA
9874713,82,c y f e f,5,-21.527813099749014,NA,-Inf,NA,-22.664539480096867,NA,1.2118743211486604,NA,1.2117773135384928,NA,1.0071295794804112,NA,1.0069463406784327,NA
9874713,28,z a ʒ a ʒ,5,-20.65156820085194,NA,-20.88415273374731,NA,-21.111799773330873,NA,1.473656473289835,NA,1.4731036094504746,NA,1.005674667143876,NA,1.0055823087757958,NA
9874713,88,n y n a j,5,-15.538878453846433,NA,-19.248648600763232,NA,-19.252973283175265,NA,1.375893401023051,NA,1.3755021898241135,NA,1.025399913127838,NA,1.024174835275507,NA
9874713,71,ɫ o t a ɫ,5,-14.65850607845412,NA,-17.671672662841534,NA,-17.682535023707715,NA,1.3973781624522024,NA,1.3969353956490551,NA,1.0300127259382086,NA,1.0284804983759424,NA
9877348,93,k ɯ ɾ u ɾ,5,-15.318955962420556,NA,-13.211802908261404,NA,-13.235619449577031,NA,1.4222960802280702,NA,1.4218174189805863,NA,1.0464229248539447,NA,1.04410490580885,NA
9877348,12,z i ʃ u ʒ,5,-20.611196487491956,NA,-21.50834429121576,NA,-21.43777842049785,NA,1.1722474271142185,NA,1.1722290569471934,NA,1.0065648677878622,NA,1.0064344360939144,NA
9877348,14,g u d͡ʒ ɯ z,5,-19.58384312679565,NA,-16.662080926911877,NA,-16.69599102385458,NA,1.1829445655903972,NA,1.1829010801604336,NA,1.004072591118986,NA,1.0040601734200405,NA
9877348,15,f u ʒ o ʒ,5,-24.318186592419305,NA,-24.076093804584303,NA,-23.89378841031736,NA,1.113926858532862,NA,1.1140116216965557,NA,1.0011715459746369,NA,1.0013258782882402,NA
9877348,88,ɫ a c i c,5,-20.85006703745811,NA,-Inf,NA,-28.268360365160696,NA,1.393714475584772,NA,1.393307140789591,NA,1.0031978955195548,NA,1.003244424758624,NA
9877348,88,k o m y ɾ,5,-16.353424337993484,NA,-13.883195970862252,NA,-13.910528361180043,NA,1.3227564267292913,NA,1.3224527779546218,NA,1.0242905957012058,NA,1.0231863397295329,NA
9877348,66,v i ɟ ø ʒ,5,-26.08508432555531,NA,-Inf,NA,-26.573834589061327,NA,1.1072439154231664,NA,1.107341952591128,NA,1.002221233960113,NA,1.002322393863214,NA
9877348,16,g ɯ ʒ u ɫ,5,-20.705303097683913,NA,-Inf,NA,-21.48584727527315,NA,1.1930536885026797,NA,1.19297852493055,NA,1.0065343732888652,NA,1.006368299524924,NA
9877348,11,h a ɟ y ʒ,5,-23.863657450841075,NA,-22.624553381069926,NA,-22.344510460590467,NA,1.3349575084723493,NA,1.334659755521368,NA,1.0247789272681185,NA,1.023693209239092,NA
9877348,14,z a ʒ a ʒ,5,-20.65156820085194,NA,-20.88415273374731,NA,-21.111799773330873,NA,1.473656473289835,NA,1.4731036094504746,NA,1.005674667143876,NA,1.0055823087757958,NA
9877348,12,d͡ʒ o ʒ a ʒ,5,-22.732617383645024,NA,-22.660226857866917,NA,-22.815874697194054,NA,1.2757020818759344,NA,1.275491702476653,NA,1.001992869903803,NA,1.002093919802276,NA
9877348,32,ɫ o c i v,5,-20.32154509757039,NA,-Inf,NA,-28.655330256748375,NA,1.203566924559405,NA,1.203484498665397,NA,1.003612403694333,NA,1.0036254079173543,NA
9877348,85,l ø ʒ a v,5,-22.61577681077505,NA,-Inf,NA,-27.92410669629761,NA,1.2294482612194106,NA,1.2293140831342488,NA,1.0055264217757005,NA,1.0053992528390658,NA
9877348,7,n u ʒ u v,5,-20.80128833604193,NA,-25.0331577171281,NA,-24.8916465105402,NA,1.1410317248052262,NA,1.1410638524210197,NA,1.0012699088513268,NA,1.001416451124873,NA
9877348,3,z a g u ʒ,5,-20.29947828385247,NA,-22.63081735331332,NA,-22.558066597039417,NA,1.3322117684361712,NA,1.331916871021566,NA,1.0060543305370335,NA,1.005951900443092,NA
9877348,7,f a m o ʒ,5,-19.525006628199367,NA,-18.562521006783637,NA,-18.678545352468166,NA,1.3639122810041675,NA,1.3635640039359638,NA,1.0205395864056823,NA,1.0196690224611438,NA
9877348,32,m u ɾ u ɾ,5,-15.78366637936518,NA,-13.562188301724916,NA,-13.588096170629813,NA,1.419431610850839,NA,1.418957895106949,NA,1.0416730830399104,NA,1.0396065469972535,NA
9877348,67,ɫ o c i c,5,-22.598154704161175,NA,-Inf,NA,-30.38087562282667,NA,1.192024700888065,NA,1.1919663103397642,NA,1.0024386182362308,NA,1.002525096162357,NA
9877348,6,ɫ a ʒ ɯ v,5,-19.01413112958105,NA,-25.27309072876929,NA,-24.70218102731933,NA,1.3434818002281597,NA,1.3431627791155516,NA,1.0027190231281846,NA,1.0027934061307997,NA
9877348,13,t͡ʃ ø t͡ʃ ø z,5,-22.697768764281445,NA,-19.14014982771973,NA,-19.125549383488163,NA,1.0814485413778725,NA,1.0815851832308758,NA,1.0021481577380047,NA,1.0022510865945526,NA
9877348,5,b i j u z,5,-17.587656552519828,NA,-14.901222365010376,NA,-14.934988048180376,NA,1.2542839912465815,NA,1.2541176642790226,NA,1.0211939364547036,NA,1.0202725415610168,NA
9877348,5,m y ɟ ø z,5,-23.67800700689448,NA,-Inf,NA,-19.812441326740707,NA,1.1873897568358545,NA,1.1873432880455872,NA,1.0271132236263087,NA,1.0259044813368154,NA
9877348,14,t i ɾ i n,5,-14.025136929876307,NA,-13.29622096087098,NA,-13.31495014679013,NA,1.4868293162319706,NA,1.4862336716167204,NA,1.0380836476564423,NA,1.036141119098454,NA
9877348,12,t͡ʃ ø z ɯ z,5,-20.62607180941986,NA,-16.976091075060026,NA,-17.019424912474907,NA,1.1583596514678574,NA,1.1583584120592822,NA,1.0080045227428704,NA,1.0077781589190764,NA
9877348,88,l ø ʒ o h,5,-24.023639891238354,NA,-Inf,NA,-30.04919461281527,NA,1.0611372469041531,NA,1.0613091459550994,NA,1,1,1.0002179098838746,1
9877348,86,n o t u s,5,-16.47465512035086,NA,-19.735328187133018,NA,-19.743774110963223,NA,1.2269920276179962,NA,1.226868358906597,NA,1.0080817305580838,NA,1.0078462760915818,NA
9877348,1,f i f ø c,5,-22.934346180129452,NA,-Inf,NA,-24.81560530960652,NA,1.1324703057575094,NA,1.132524760714353,NA,1.00781397621939,NA,1.0076205413173758,NA
9877348,69,b o ʒ ø z,5,-22.86665396829175,NA,-18.017128955938706,NA,-17.902257196862156,NA,1.1512809100750248,NA,1.1512968865447335,NA,1.0076706794235104,NA,1.0074835137562206,NA
9877348,74,s ø ɾ e ɾ,5,-16.33314456534291,NA,-14.679954878983413,NA,-14.714425131840436,NA,1.4153867644354674,NA,1.4149143088475702,NA,1.032928769087306,NA,1.0312349764733082,NA
9877348,0,ɟ y ʒ a ʒ,5,-26.24714392218317,NA,-27.701633339060944,NA,-27.35192869335266,NA,1.264390404377066,NA,1.2641995821532814,NA,1.0013967676551154,NA,1.0015291572871547,NA
9877348,2,z a c i c,5,-21.79076817824873,NA,-Inf,NA,-28.16360280521193,NA,1.396529547044278,NA,1.3961173439888992,NA,1.0049309977725878,NA,1.0048864608834187,NA
9877348,86,n u t y j,5,-16.96057295686292,NA,-21.57828825775384,NA,-21.566459081067514,NA,1.1975371229986602,NA,1.1974696560083582,NA,1.0083526736746993,NA,1.008122409607921,NA
9877348,0,g ɯ ɟ i ʒ,5,-24.50361657158009,NA,-25.49963744384403,NA,-24.94700242135446,NA,1.20317522888439,NA,1.2030973279498365,NA,1.0026110525865772,NA,1.002691091470223,NA
9877348,0,ɟ ø ʒ u ʒ,5,-29.01723460133465,NA,-Inf,NA,-30.01521454529064,NA,1.0652782477051752,NA,1.0654452352440962,NA,1,1,1.0002179098838746,1
9877348,70,b e v i z,5,-17.164705407397012,NA,-14.3441056545888,NA,-14.386834265478743,NA,1.3998179501932546,NA,1.3993936154387292,NA,1.0313640525417127,NA,1.029874405398718,NA
9877348,2,b y ɟ y ʒ,5,-25.505444268865332,NA,-25.45365748559964,NA,-24.547852043511448,NA,1.1609339687930145,NA,1.1609373105847451,NA,1.0030582028661408,NA,1.0031139432724736,NA
9877348,89,k o ɾ e n,5,-14.885879129991546,NA,-12.897900518277458,NA,-12.921968836319405,NA,1.4935674111675834,NA,1.492960755870561,NA,1.051458107409831,NA,1.0487970966537057,NA
9877348,7,ɟ e ɟ ø c,5,-29.515236701833903,NA,-Inf,NA,-35.387903759308166,NA,1.1759662589424205,NA,1.1759456395053902,NA,1.0001090155892292,NA,1.0003211623361203,NA
9877348,9,l y v ø c,5,-24.69819952981217,NA,-Inf,NA,-33.84418076589204,NA,1.1109520851514574,NA,1.1110436100959913,NA,1.0013626948653658,NA,1.0015085655369462,NA
9877348,8,t͡ʃ u ɫ a ʒ,5,-19.237587515269706,NA,-18.130207686087324,NA,-18.26240532798674,NA,1.3722130475752563,NA,1.3718347547581715,NA,1.0249011247841782,NA,1.0237533348136263,NA
9877348,3,v ɯ c e c,5,-23.291319549211504,NA,-Inf,NA,-31.131139803939128,NA,1.1800904532909162,NA,1.1800533352853768,NA,1.0009229002593154,NA,1.0010857623367058,NA
9877348,6,l y g o v,5,-21.24168388132717,NA,-Inf,NA,-29.53360238566332,NA,1.1177613338707335,NA,1.117835562270347,NA,1.0014227127794817,NA,1.0015589006941277,NA
9877348,96,l i ɾ a ɫ,5,-15.3609350799713,NA,-19.8361902836386,NA,-19.591438837393905,NA,1.4834033363849624,NA,1.482810949290984,NA,1.052665896370704,NA,1.049897439309165,NA
9877348,8,n u ʒ a v,5,-19.23989541094505,NA,-24.070092646118187,NA,-23.96757799454814,NA,1.2890173650126455,NA,1.2887801370464675,NA,1.0063398585044316,NA,1.0061698950642324,NA
9877348,5,ɟ ø c y c,5,-29.771612116763333,NA,-Inf,NA,-33.918015159012405,NA,1.0457614416943897,NA,1.0459642311442183,NA,1.000065210303228,NA,1.0002790383147078,NA
9877348,7,n ø t i v,5,-17.944154892120544,NA,-23.2961730088594,NA,-23.250097222909492,NA,1.2347006964889633,NA,1.2345636665208823,NA,1.0201890138444885,NA,1.019285545598672,NA
9877348,1,m u ɟ ø z,5,-23.390324934442702,NA,-Inf,NA,-20.024930764116053,NA,1.1813238989502393,NA,1.1812879247237875,NA,1.0153068128767293,NA,1.0147184228338744,NA
9877348,12,n y n a j,5,-15.538878453846433,NA,-19.248648600763232,NA,-19.252973283175265,NA,1.375893401023051,NA,1.3755021898241135,NA,1.025399913127838,NA,1.024174835275507,NA
9877348,14,l i ʒ ɯ h,5,-21.236809961973975,NA,-30.679339934133328,NA,-29.742273739726983,NA,1.158327478084528,NA,1.1583284213199998,NA,1.0005226776773717,NA,1.000711052533111,NA
9877348,74,h a v e ʒ,5,-19.09461168027044,NA,-16.910155513317502,NA,-17.0401322477831,NA,1.4491259370421068,NA,1.448622803127972,NA,1.0389424664117677,NA,1.0370968958000453,NA
9877348,1,p ɯ h i c,5,-20.565900791151996,NA,-23.40671397169415,NA,-23.24817306184844,NA,1.2307563842740858,NA,1.2306306880145006,NA,1.0085929357767276,NA,1.008342931175454,NA
9877348,18,g a h a n,5,-15.424795057512029,NA,-12.671136251120728,NA,-12.713594601335702,NA,1.5950046496787846,NA,1.5942160548671798,NA,1.0568362269206326,NA,1.0537746821415517,NA
9877348,10,b e d͡ʒ ɯ z,5,-17.81982760102264,NA,-14.454949896520516,NA,-14.498099044664276,NA,1.3212001426293818,NA,1.3209174839829685,NA,1.018554063995171,NA,1.0177796681696785,NA
9877348,16,n ɯ ʒ o h,5,-20.43289152093352,NA,-Inf,NA,-27.681960708161636,NA,1.1097661427251175,NA,1.1098539195905015,NA,1.0003249566724437,NA,1.0005257916572736,NA
9877348,8,v ø l ø c,5,-25.90689728386676,NA,-Inf,NA,-35.34511196131538,NA,1.053370077665239,NA,1.0535614319623523,NA,1,1,1.0002179098838746,1
9877348,10,n u c i c,5,-22.422357273444163,NA,-Inf,NA,-30.604841117870382,NA,1.2010655284312557,NA,1.2009915028727167,NA,1.0010304726556416,NA,1.0011909418109612,NA
9877348,8,n ɯ ʒ a j,5,-18.361255868590177,NA,-Inf,NA,-24.42370924182812,NA,1.2862284449438637,NA,1.2859931705589396,NA,1.0083293699708047,NA,1.0080300149841257,NA
9877348,93,l i l e c,5,-21.536362523929785,NA,-31.083984388924055,NA,-30.331424169322283,NA,1.2119594300984098,NA,1.2118670410071015,NA,1.002450860254562,NA,1.002532859654261,NA
9877348,7,m u ɾ e ɾ,5,-14.696942662362323,NA,-12.765770122828249,NA,-12.78886990036498,NA,1.4829679946903738,NA,1.482378633403974,NA,1.0554645066457835,NA,1.052583586591879,NA
9877348,7,t͡ʃ ø z i z,5,-19.95205038921768,NA,-16.53019953976399,NA,-16.57507613525408,NA,1.2189898868089024,NA,1.21887829147456,NA,1.012754830804793,NA,1.0122417488420343,NA
9877348,93,l y g u v,5,-21.054989139720988,NA,-Inf,NA,-29.442333739145383,NA,1.1391300728302185,NA,1.139165406989077,NA,1.0012517628678057,NA,1.0013973759000716,NA
9877348,9,b e ʒ u z,5,-20.09685568317635,NA,-17.616675465865157,NA,-17.692227901481022,NA,1.2990802527770584,NA,1.298836883201828,NA,1.0147738277840022,NA,1.0141969018237178,NA
9877348,10,t e m y ɾ,5,-15.097011485226544,NA,-13.149158478430715,NA,-13.17506319379305,NA,1.3952910296657324,NA,1.3948618624207878,NA,1.043610721726628,NA,1.0414893151040772,NA
9877348,14,m y d͡ʒ i z,5,-17.879199582018565,NA,-14.393898283796569,NA,-14.429259306354858,NA,1.3109225990509248,NA,1.3106522848516828,NA,1.0375068631237063,NA,1.0356959574680136,NA
9877348,6,l e l i v,5,-19.259752917338997,NA,-29.576825325610375,NA,-28.93865942698328,NA,1.3165643111836578,NA,1.316286257844561,NA,1.004552273472661,NA,1.0045149324559184,NA
9877348,68,f i m y z,5,-17.903375865695956,NA,-14.742633621324917,NA,-14.786764221872444,NA,1.201636639433986,NA,1.2015630839111278,NA,1.0120057633303254,NA,1.0115817861902552,NA
9877348,24,m y ʒ u z,5,-20.83024908437445,NA,-18.018790953182332,NA,-17.957196378821674,NA,1.2281724738575563,NA,1.228051804655265,NA,1.028797989001621,NA,1.027484318333768,NA
9877348,7,c y f e f,5,-21.527813099749014,NA,-Inf,NA,-22.664539480096867,NA,1.2118743211486604,NA,1.2117773135384928,NA,1.0071295794804112,NA,1.0069463406784327,NA
9877348,74,n e m o h,5,-16.32924773528244,NA,-20.77206130453725,NA,-20.726772496747454,NA,1.276400178714621,NA,1.2761991218991138,NA,1.016692629955233,NA,1.016027305212858,NA
9877348,75,ɫ a v ø c,5,-20.9587256480507,NA,-Inf,NA,-27.741190815322057,NA,1.3120436196337373,NA,1.311787239641347,NA,1.0128467704178925,NA,1.0123863819849432,NA
9877348,14,k ɯ ɾ y ɾ,5,-15.606638034872336,NA,-13.90445119214018,NA,-13.927432452108098,NA,1.4023519238658844,NA,1.4019095639097712,NA,1.0403132444979513,NA,1.0383564043662596,NA
9877348,13,v ɯ ʒ ɯ ʒ,5,-23.69648085276263,NA,-Inf,NA,-31.00943562503508,NA,1.125927847369398,NA,1.1259890347950725,NA,1.0002707972270364,NA,1.000474478028374,NA
9877348,5,ɟ e ʒ a ʒ,5,-24.872738132728532,NA,-Inf,NA,-27.982487602910396,NA,1.3654519295070486,NA,1.3650862603539733,NA,1.0018873378066473,NA,1.0019937933222605,NA
9877348,19,b o ɟ ø z,5,-24.218032064305415,NA,-Inf,NA,-19.98603714014059,NA,1.1508993555127225,NA,1.1509159963499356,NA,1.0076706794235104,NA,1.0074835137562206,NA
9877348,5,l e m ø c,5,-22.135268586336817,NA,-Inf,NA,-30.8974573340183,NA,1.2302737214773412,NA,1.230158604762022,NA,1.0104704475845636,NA,1.010134576043257,NA
9877348,1,d͡ʒ o ʒ ɯ ʒ,5,-24.079143338267087,NA,-Inf,NA,-28.009801950877545,NA,1.137517569937932,NA,1.1375587066288628,NA,1.0007051178379167,NA,1.0008859248512416,NA
9877348,69,ɫ a m ø s,5,-16.4448878098927,NA,-21.700506185311,NA,-21.560223247833047,NA,1.3597787878886536,NA,1.359429234768754,NA,1.0166672670594712,NA,1.0160046485573355,NA
9877348,12,z ɯ f ø ʒ,5,-23.017882079075772,NA,-Inf,NA,-25.118736995317576,NA,1.0902439638685273,NA,1.090371213824056,NA,1.0024969451408785,NA,1.00258336556017,NA
9877348,69,b e v a z,5,-16.49220087297713,NA,-13.608243420111007,NA,-13.653196067821916,NA,1.477372226790212,NA,1.4768067318712417,NA,1.039668977985646,NA,1.0377122037388582,NA
9877348,93,ɫ o t a ɫ,5,-14.65850607845412,NA,-17.671672662841534,NA,-17.682535023707715,NA,1.3973781624522024,NA,1.3969353956490551,NA,1.0300127259382086,NA,1.0284804983759424,NA
9877348,38,n ɯ t a j,5,-14.896630988839425,NA,-19.401787788498176,NA,-19.40541509478784,NA,1.354526711595995,NA,1.3541725154278046,NA,1.021234920433465,NA,1.0202283613160217,NA
9877348,13,v ø h u v,5,-21.19584626377422,NA,-Inf,NA,-27.14453973692883,NA,1.12204735674267,NA,1.1221120023890112,NA,1.0019306114959543,NA,1.0020390443325038,NA
9877348,11,h a ʒ u ʒ,5,-22.22459728237563,NA,-20.574734095421434,NA,-20.57980325185485,NA,1.3552832193968376,NA,1.354948500786981,NA,1.024100953206239,NA,1.0230524747443015,NA
9877348,60,l e l e c,5,-21.338527197603927,NA,-31.45089604529384,NA,-30.582591541482635,NA,1.2981271077413907,NA,1.2978856396230185,NA,1.0037045395306985,NA,1.0037202628550872,NA
9877348,3,l e g u j,5,-19.01681077838631,NA,-26.364507293773418,NA,-25.975664718831844,NA,1.2483428858636896,NA,1.248186398979058,NA,1.0016771227161092,NA,1.0018008835043444,NA
9877348,3,ʃ i ʒ a z,5,-19.04980356239507,NA,-19.97037085869323,NA,-19.99831106394273,NA,1.315532256051761,NA,1.315247063807122,NA,1.0098413554752772,NA,1.009482109892058,NA
9877348,1,b u t͡ʃ ø z,5,-20.64528675679707,NA,-16.726730678422822,NA,-16.76182039023128,NA,1.1627803129926748,NA,1.1627762695685162,NA,1.0077814367587763,NA,1.0075883291945815,NA
9877348,3,g o ʒ u ʒ,5,-24.442688578324432,NA,-22.033985445786712,NA,-22.016202405684076,NA,1.1437948305814645,NA,1.1438260015087924,NA,1.001138393401175,NA,1.0012964338824402,NA
9877348,6,b o ʒ o j,5,-21.245057054178083,NA,-20.13244875835492,NA,-20.046431822915014,NA,1.1725304838846882,NA,1.1725072015915694,NA,1.0075402588170546,NA,1.0073612568945542,NA
9877348,2,v i c i t͡ʃ,5,-20.547113263958217,NA,-Inf,NA,-23.1711421973128,NA,1.2268410034005357,NA,1.2267195786230238,NA,1.0039829073988151,NA,1.0039769766982811,NA
9877348,68,ɟ i f o ʒ,5,-24.780676297755964,NA,-25.425443803693742,NA,-25.116310217920844,NA,1.1272633513846158,NA,1.1273248298147074,NA,1.0025592701523314,NA,1.0026389458748235,NA
9877348,68,b u z i z,5,-17.899568381733303,NA,-15.168587722623604,NA,-15.20544673192982,NA,1.300321658423705,NA,1.3000693778122003,NA,1.018878679977096,NA,1.0180436274771694,NA
9877348,27,ɟ y ɟ i c,5,-28.504374274105167,NA,-34.0614415135249,NA,-32.63139034186276,NA,1.1857372598822993,NA,1.1856897559125137,NA,1.0003805593107542,NA,1.0005751782641632,NA
9877348,8,g ɯ ɟ ø z,5,-24.493762160994564,NA,-Inf,NA,-21.039008141833634,NA,1.1091017507441014,NA,1.109190682492799,NA,1.002741473193033,NA,1.0028133483318893,NA
9877348,10,m y d͡ʒ ɯ z,5,-18.55322100222074,NA,-14.44026579065542,NA,-14.47667494038302,NA,1.2502923637098795,NA,1.2501324054364051,NA,1.0311610225528094,NA,1.029724802800534,NA
9877348,4,v ø g a v,5,-20.10445696792307,NA,-Inf,NA,-26.10524817310064,NA,1.247357754390403,NA,1.247192526866456,NA,1.0083186036664065,NA,1.0080374911419787,NA
9878106,8,l ø ʒ o h,5,-24.023639891238354,NA,-Inf,NA,-30.04919461281527,NA,1.0611372469041531,NA,1.0613091459550994,NA,1,1,1.0002179098838746,1
9878106,76,c y f e f,5,-21.527813099749014,NA,-Inf,NA,-22.664539480096867,NA,1.2118743211486604,NA,1.2117773135384928,NA,1.0071295794804112,NA,1.0069463406784327,NA
9878106,0,z i ʃ u ʒ,5,-20.611196487491956,NA,-21.50834429121576,NA,-21.43777842049785,NA,1.1722474271142185,NA,1.1722290569471934,NA,1.0065648677878622,NA,1.0064344360939144,NA
9878106,22,v ø h u v,5,-21.19584626377422,NA,-Inf,NA,-27.14453973692883,NA,1.12204735674267,NA,1.1221120023890112,NA,1.0019306114959543,NA,1.0020390443325038,NA
9878106,30,v ɯ c e c,5,-23.291319549211504,NA,-Inf,NA,-31.131139803939128,NA,1.1800904532909162,NA,1.1800533352853768,NA,1.0009229002593154,NA,1.0010857623367058,NA
9878106,43,n e m o h,5,-16.32924773528244,NA,-20.77206130453725,NA,-20.726772496747454,NA,1.276400178714621,NA,1.2761991218991138,NA,1.016692629955233,NA,1.016027305212858,NA
9878106,75,n ɯ t a j,5,-14.896630988839425,NA,-19.401787788498176,NA,-19.40541509478784,NA,1.354526711595995,NA,1.3541725154278046,NA,1.021234920433465,NA,1.0202283613160217,NA
9878106,75,k o ɾ e n,5,-14.885879129991546,NA,-12.897900518277458,NA,-12.921968836319405,NA,1.4935674111675834,NA,1.492960755870561,NA,1.051458107409831,NA,1.0487970966537057,NA
9878106,30,t͡ʃ u ɫ a ʒ,5,-19.237587515269706,NA,-18.130207686087324,NA,-18.26240532798674,NA,1.3722130475752563,NA,1.3718347547581715,NA,1.0249011247841782,NA,1.0237533348136263,NA
9878106,15,n u t y j,5,-16.96057295686292,NA,-21.57828825775384,NA,-21.566459081067514,NA,1.1975371229986602,NA,1.1974696560083582,NA,1.0083526736746993,NA,1.008122409607921,NA
9878106,0,ɟ i f o ʒ,5,-24.780676297755964,NA,-25.425443803693742,NA,-25.116310217920844,NA,1.1272633513846158,NA,1.1273248298147074,NA,1.0025592701523314,NA,1.0026389458748235,NA
9878106,74,n o t u s,5,-16.47465512035086,NA,-19.735328187133018,NA,-19.743774110963223,NA,1.2269920276179962,NA,1.226868358906597,NA,1.0080817305580838,NA,1.0078462760915818,NA
9878106,61,m y d͡ʒ ɯ z,5,-18.55322100222074,NA,-14.44026579065542,NA,-14.47667494038302,NA,1.2502923637098795,NA,1.2501324054364051,NA,1.0311610225528094,NA,1.029724802800534,NA
9878106,65,b e d͡ʒ ɯ z,5,-17.81982760102264,NA,-14.454949896520516,NA,-14.498099044664276,NA,1.3212001426293818,NA,1.3209174839829685,NA,1.018554063995171,NA,1.0177796681696785,NA
9878106,90,l i l e c,5,-21.536362523929785,NA,-31.083984388924055,NA,-30.331424169322283,NA,1.2119594300984098,NA,1.2118670410071015,NA,1.002450860254562,NA,1.002532859654261,NA
9878106,80,s ø ɾ e ɾ,5,-16.33314456534291,NA,-14.679954878983413,NA,-14.714425131840436,NA,1.4153867644354674,NA,1.4149143088475702,NA,1.032928769087306,NA,1.0312349764733082,NA
9878106,32,ɫ o c i c,5,-22.598154704161175,NA,-Inf,NA,-30.38087562282667,NA,1.192024700888065,NA,1.1919663103397642,NA,1.0024386182362308,NA,1.002525096162357,NA
9878106,1,v i ɟ ø ʒ,5,-26.08508432555531,NA,-Inf,NA,-26.573834589061327,NA,1.1072439154231664,NA,1.107341952591128,NA,1.002221233960113,NA,1.002322393863214,NA
9878106,2,h a ɟ y ʒ,5,-23.863657450841075,NA,-22.624553381069926,NA,-22.344510460590467,NA,1.3349575084723493,NA,1.334659755521368,NA,1.0247789272681185,NA,1.023693209239092,NA
9878106,0,h a v e ʒ,5,-19.09461168027044,NA,-16.910155513317502,NA,-17.0401322477831,NA,1.4491259370421068,NA,1.448622803127972,NA,1.0389424664117677,NA,1.0370968958000453,NA
9878106,15,g o ʒ u ʒ,5,-24.442688578324432,NA,-22.033985445786712,NA,-22.016202405684076,NA,1.1437948305814645,NA,1.1438260015087924,NA,1.001138393401175,NA,1.0012964338824402,NA
9878106,0,ʃ i ʒ a z,5,-19.04980356239507,NA,-19.97037085869323,NA,-19.99831106394273,NA,1.315532256051761,NA,1.315247063807122,NA,1.0098413554752772,NA,1.009482109892058,NA
9878106,12,ɟ e ʒ a ʒ,5,-24.872738132728532,NA,-Inf,NA,-27.982487602910396,NA,1.3654519295070486,NA,1.3650862603539733,NA,1.0018873378066473,NA,1.0019937933222605,NA
9878106,100,ɟ ø c y c,5,-29.771612116763333,NA,-Inf,NA,-33.918015159012405,NA,1.0457614416943897,NA,1.0459642311442183,NA,1.000065210303228,NA,1.0002790383147078,NA
9878106,19,z ɯ f ø ʒ,5,-23.017882079075772,NA,-Inf,NA,-25.118736995317576,NA,1.0902439638685273,NA,1.090371213824056,NA,1.0024969451408785,NA,1.00258336556017,NA
9878106,0,f u ʒ o ʒ,5,-24.318186592419305,NA,-24.076093804584303,NA,-23.89378841031736,NA,1.113926858532862,NA,1.1140116216965557,NA,1.0011715459746369,NA,1.0013258782882402,NA
9878106,1,g ɯ ɟ i ʒ,5,-24.50361657158009,NA,-25.49963744384403,NA,-24.94700242135446,NA,1.20317522888439,NA,1.2030973279498365,NA,1.0026110525865772,NA,1.002691091470223,NA
9878106,54,b i j u z,5,-17.587656552519828,NA,-14.901222365010376,NA,-14.934988048180376,NA,1.2542839912465815,NA,1.2541176642790226,NA,1.0211939364547036,NA,1.0202725415610168,NA
9878106,25,t͡ʃ ø z ɯ z,5,-20.62607180941986,NA,-16.976091075060026,NA,-17.019424912474907,NA,1.1583596514678574,NA,1.1583584120592822,NA,1.0080045227428704,NA,1.0077781589190764,NA
9878106,11,ɫ a ʒ ɯ v,5,-19.01413112958105,NA,-25.27309072876929,NA,-24.70218102731933,NA,1.3434818002281597,NA,1.3431627791155516,NA,1.0027190231281846,NA,1.0027934061307997,NA
9878106,92,ɫ o t a ɫ,5,-14.65850607845412,NA,-17.671672662841534,NA,-17.682535023707715,NA,1.3973781624522024,NA,1.3969353956490551,NA,1.0300127259382086,NA,1.0284804983759424,NA
9878106,17,l i ʒ ɯ h,5,-21.236809961973975,NA,-30.679339934133328,NA,-29.742273739726983,NA,1.158327478084528,NA,1.1583284213199998,NA,1.0005226776773717,NA,1.000711052533111,NA
9878106,82,ɟ e ɟ ø c,5,-29.515236701833903,NA,-Inf,NA,-35.387903759308166,NA,1.1759662589424205,NA,1.1759456395053902,NA,1.0001090155892292,NA,1.0003211623361203,NA
9878106,12,z a ʒ a ʒ,5,-20.65156820085194,NA,-20.88415273374731,NA,-21.111799773330873,NA,1.473656473289835,NA,1.4731036094504746,NA,1.005674667143876,NA,1.0055823087757958,NA
9878106,88,b u t͡ʃ ø z,5,-20.64528675679707,NA,-16.726730678422822,NA,-16.76182039023128,NA,1.1627803129926748,NA,1.1627762695685162,NA,1.0077814367587763,NA,1.0075883291945815,NA
9878106,52,f i f ø c,5,-22.934346180129452,NA,-Inf,NA,-24.81560530960652,NA,1.1324703057575094,NA,1.132524760714353,NA,1.00781397621939,NA,1.0076205413173758,NA
9878106,12,b y ɟ y ʒ,5,-25.505444268865332,NA,-25.45365748559964,NA,-24.547852043511448,NA,1.1609339687930145,NA,1.1609373105847451,NA,1.0030582028661408,NA,1.0031139432724736,NA
9878106,62,l e m ø c,5,-22.135268586336817,NA,-Inf,NA,-30.8974573340183,NA,1.2302737214773412,NA,1.230158604762022,NA,1.0104704475845636,NA,1.010134576043257,NA
9878106,96,b o ɟ ø z,5,-24.218032064305415,NA,-Inf,NA,-19.98603714014059,NA,1.1508993555127225,NA,1.1509159963499356,NA,1.0076706794235104,NA,1.0074835137562206,NA
9878106,45,ɫ a v ø c,5,-20.9587256480507,NA,-Inf,NA,-27.741190815322057,NA,1.3120436196337373,NA,1.311787239641347,NA,1.0128467704178925,NA,1.0123863819849432,NA
9878106,15,f a m o ʒ,5,-19.525006628199367,NA,-18.562521006783637,NA,-18.678545352468166,NA,1.3639122810041675,NA,1.3635640039359638,NA,1.0205395864056823,NA,1.0196690224611438,NA
9878106,8,b u z i z,5,-17.899568381733303,NA,-15.168587722623604,NA,-15.20544673192982,NA,1.300321658423705,NA,1.3000693778122003,NA,1.018878679977096,NA,1.0180436274771694,NA
9878106,99,t i ɾ i n,5,-14.025136929876307,NA,-13.29622096087098,NA,-13.31495014679013,NA,1.4868293162319706,NA,1.4862336716167204,NA,1.0380836476564423,NA,1.036141119098454,NA
9878106,67,l y g o v,5,-21.24168388132717,NA,-Inf,NA,-29.53360238566332,NA,1.1177613338707335,NA,1.117835562270347,NA,1.0014227127794817,NA,1.0015589006941277,NA
9878106,85,m u ɾ u ɾ,5,-15.78366637936518,NA,-13.562188301724916,NA,-13.588096170629813,NA,1.419431610850839,NA,1.418957895106949,NA,1.0416730830399104,NA,1.0396065469972535,NA
9878106,56,l y g u v,5,-21.054989139720988,NA,-Inf,NA,-29.442333739145383,NA,1.1391300728302185,NA,1.139165406989077,NA,1.0012517628678057,NA,1.0013973759000716,NA
9878106,0,ɟ ø ʒ u ʒ,5,-29.01723460133465,NA,-Inf,NA,-30.01521454529064,NA,1.0652782477051752,NA,1.0654452352440962,NA,1,1,1.0002179098838746,1
9878106,85,v i c i t͡ʃ,5,-20.547113263958217,NA,-Inf,NA,-23.1711421973128,NA,1.2268410034005357,NA,1.2267195786230238,NA,1.0039829073988151,NA,1.0039769766982811,NA
9878106,94,t͡ʃ ø t͡ʃ ø z,5,-22.697768764281445,NA,-19.14014982771973,NA,-19.125549383488163,NA,1.0814485413778725,NA,1.0815851832308758,NA,1.0021481577380047,NA,1.0022510865945526,NA
9878106,93,g a h a n,5,-15.424795057512029,NA,-12.671136251120728,NA,-12.713594601335702,NA,1.5950046496787846,NA,1.5942160548671798,NA,1.0568362269206326,NA,1.0537746821415517,NA
9878106,80,k o m y ɾ,5,-16.353424337993484,NA,-13.883195970862252,NA,-13.910528361180043,NA,1.3227564267292913,NA,1.3224527779546218,NA,1.0242905957012058,NA,1.0231863397295329,NA
9878106,56,f i m y z,5,-17.903375865695956,NA,-14.742633621324917,NA,-14.786764221872444,NA,1.201636639433986,NA,1.2015630839111278,NA,1.0120057633303254,NA,1.0115817861902552,NA
9878106,74,m y ɟ ø z,5,-23.67800700689448,NA,-Inf,NA,-19.812441326740707,NA,1.1873897568358545,NA,1.1873432880455872,NA,1.0271132236263087,NA,1.0259044813368154,NA
9878106,3,n ɯ ʒ o h,5,-20.43289152093352,NA,-Inf,NA,-27.681960708161636,NA,1.1097661427251175,NA,1.1098539195905015,NA,1.0003249566724437,NA,1.0005257916572736,NA
9878106,3,v ø g a v,5,-20.10445696792307,NA,-Inf,NA,-26.10524817310064,NA,1.247357754390403,NA,1.247192526866456,NA,1.0083186036664065,NA,1.0080374911419787,NA
9878106,77,l e l e c,5,-21.338527197603927,NA,-31.45089604529384,NA,-30.582591541482635,NA,1.2981271077413907,NA,1.2978856396230185,NA,1.0037045395306985,NA,1.0037202628550872,NA
9878106,1,d͡ʒ o ʒ a ʒ,5,-22.732617383645024,NA,-22.660226857866917,NA,-22.815874697194054,NA,1.2757020818759344,NA,1.275491702476653,NA,1.001992869903803,NA,1.002093919802276,NA
9878106,58,k ɯ ɾ u ɾ,5,-15.318955962420556,NA,-13.211802908261404,NA,-13.235619449577031,NA,1.4222960802280702,NA,1.4218174189805863,NA,1.0464229248539447,NA,1.04410490580885,NA
9878106,53,k ɯ ɾ y ɾ,5,-15.606638034872336,NA,-13.90445119214018,NA,-13.927432452108098,NA,1.4023519238658844,NA,1.4019095639097712,NA,1.0403132444979513,NA,1.0383564043662596,NA
9878106,63,ɫ a m ø s,5,-16.4448878098927,NA,-21.700506185311,NA,-21.560223247833047,NA,1.3597787878886536,NA,1.359429234768754,NA,1.0166672670594712,NA,1.0160046485573355,NA
9878106,75,l e g u j,5,-19.01681077838631,NA,-26.364507293773418,NA,-25.975664718831844,NA,1.2483428858636896,NA,1.248186398979058,NA,1.0016771227161092,NA,1.0018008835043444,NA
9878106,27,l ø ʒ a v,5,-22.61577681077505,NA,-Inf,NA,-27.92410669629761,NA,1.2294482612194106,NA,1.2293140831342488,NA,1.0055264217757005,NA,1.0053992528390658,NA
9878106,56,m u ɟ ø z,5,-23.390324934442702,NA,-Inf,NA,-20.024930764116053,NA,1.1813238989502393,NA,1.1812879247237875,NA,1.0153068128767293,NA,1.0147184228338744,NA
9878106,36,ɟ y ɟ i c,5,-28.504374274105167,NA,-34.0614415135249,NA,-32.63139034186276,NA,1.1857372598822993,NA,1.1856897559125137,NA,1.0003805593107542,NA,1.0005751782641632,NA
9878106,73,ɫ a c i c,5,-20.85006703745811,NA,-Inf,NA,-28.268360365160696,NA,1.393714475584772,NA,1.393307140789591,NA,1.0031978955195548,NA,1.003244424758624,NA
9878106,33,n ø t i v,5,-17.944154892120544,NA,-23.2961730088594,NA,-23.250097222909492,NA,1.2347006964889633,NA,1.2345636665208823,NA,1.0201890138444885,NA,1.019285545598672,NA
9878106,1,ɟ y ʒ a ʒ,5,-26.24714392218317,NA,-27.701633339060944,NA,-27.35192869335266,NA,1.264390404377066,NA,1.2641995821532814,NA,1.0013967676551154,NA,1.0015291572871547,NA
9878106,91,t e m y ɾ,5,-15.097011485226544,NA,-13.149158478430715,NA,-13.17506319379305,NA,1.3952910296657324,NA,1.3948618624207878,NA,1.043610721726628,NA,1.0414893151040772,NA
9878106,25,n ɯ ʒ a j,5,-18.361255868590177,NA,-Inf,NA,-24.42370924182812,NA,1.2862284449438637,NA,1.2859931705589396,NA,1.0083293699708047,NA,1.0080300149841257,NA
9878106,3,b o ʒ ø z,5,-22.86665396829175,NA,-18.017128955938706,NA,-17.902257196862156,NA,1.1512809100750248,NA,1.1512968865447335,NA,1.0076706794235104,NA,1.0074835137562206,NA
9878106,9,b o ʒ o j,5,-21.245057054178083,NA,-20.13244875835492,NA,-20.046431822915014,NA,1.1725304838846882,NA,1.1725072015915694,NA,1.0075402588170546,NA,1.0073612568945542,NA
9878106,0,g ɯ ʒ u ɫ,5,-20.705303097683913,NA,-Inf,NA,-21.48584727527315,NA,1.1930536885026797,NA,1.19297852493055,NA,1.0065343732888652,NA,1.006368299524924,NA
9878106,78,l i ɾ a ɫ,5,-15.3609350799713,NA,-19.8361902836386,NA,-19.591438837393905,NA,1.4834033363849624,NA,1.482810949290984,NA,1.052665896370704,NA,1.049897439309165,NA
9878106,82,l e l i v,5,-19.259752917338997,NA,-29.576825325610375,NA,-28.93865942698328,NA,1.3165643111836578,NA,1.316286257844561,NA,1.004552273472661,NA,1.0045149324559184,NA
9878106,21,n u ʒ u v,5,-20.80128833604193,NA,-25.0331577171281,NA,-24.8916465105402,NA,1.1410317248052262,NA,1.1410638524210197,NA,1.0012699088513268,NA,1.001416451124873,NA
9878106,1,g u d͡ʒ ɯ z,5,-19.58384312679565,NA,-16.662080926911877,NA,-16.69599102385458,NA,1.1829445655903972,NA,1.1829010801604336,NA,1.004072591118986,NA,1.0040601734200405,NA
9878106,3,h a ʒ u ʒ,5,-22.22459728237563,NA,-20.574734095421434,NA,-20.57980325185485,NA,1.3552832193968376,NA,1.354948500786981,NA,1.024100953206239,NA,1.0230524747443015,NA
9878106,77,n u c i c,5,-22.422357273444163,NA,-Inf,NA,-30.604841117870382,NA,1.2010655284312557,NA,1.2009915028727167,NA,1.0010304726556416,NA,1.0011909418109612,NA
9878106,76,m u ɾ e ɾ,5,-14.696942662362323,NA,-12.765770122828249,NA,-12.78886990036498,NA,1.4829679946903738,NA,1.482378633403974,NA,1.0554645066457835,NA,1.052583586591879,NA
9878106,68,n y n a j,5,-15.538878453846433,NA,-19.248648600763232,NA,-19.252973283175265,NA,1.375893401023051,NA,1.3755021898241135,NA,1.025399913127838,NA,1.024174835275507,NA
9878106,44,t͡ʃ ø z i z,5,-19.95205038921768,NA,-16.53019953976399,NA,-16.57507613525408,NA,1.2189898868089024,NA,1.21887829147456,NA,1.012754830804793,NA,1.0122417488420343,NA
9878106,30,z a g u ʒ,5,-20.29947828385247,NA,-22.63081735331332,NA,-22.558066597039417,NA,1.3322117684361712,NA,1.331916871021566,NA,1.0060543305370335,NA,1.005951900443092,NA
9878106,12,v ɯ ʒ ɯ ʒ,5,-23.69648085276263,NA,-Inf,NA,-31.00943562503508,NA,1.125927847369398,NA,1.1259890347950725,NA,1.0002707972270364,NA,1.000474478028374,NA
9878106,66,z a c i c,5,-21.79076817824873,NA,-Inf,NA,-28.16360280521193,NA,1.396529547044278,NA,1.3961173439888992,NA,1.0049309977725878,NA,1.0048864608834187,NA
9878106,62,g ɯ ɟ ø z,5,-24.493762160994564,NA,-Inf,NA,-21.039008141833634,NA,1.1091017507441014,NA,1.109190682492799,NA,1.002741473193033,NA,1.0028133483318893,NA
9878106,6,n u ʒ a v,5,-19.23989541094505,NA,-24.070092646118187,NA,-23.96757799454814,NA,1.2890173650126455,NA,1.2887801370464675,NA,1.0063398585044316,NA,1.0061698950642324,NA
9878106,73,m y d͡ʒ i z,5,-17.879199582018565,NA,-14.393898283796569,NA,-14.429259306354858,NA,1.3109225990509248,NA,1.3106522848516828,NA,1.0375068631237063,NA,1.0356959574680136,NA
9878106,27,l y v ø c,5,-24.69819952981217,NA,-Inf,NA,-33.84418076589204,NA,1.1109520851514574,NA,1.1110436100959913,NA,1.0013626948653658,NA,1.0015085655369462,NA
9878106,21,v ø l ø c,5,-25.90689728386676,NA,-Inf,NA,-35.34511196131538,NA,1.053370077665239,NA,1.0535614319623523,NA,1,1,1.0002179098838746,1
9878106,17,ɫ o c i v,5,-20.32154509757039,NA,-Inf,NA,-28.655330256748375,NA,1.203566924559405,NA,1.203484498665397,NA,1.003612403694333,NA,1.0036254079173543,NA
9878106,2,m y ʒ u z,5,-20.83024908437445,NA,-18.018790953182332,NA,-17.957196378821674,NA,1.2281724738575563,NA,1.228051804655265,NA,1.028797989001621,NA,1.027484318333768,NA
9878106,0,d͡ʒ o ʒ ɯ ʒ,5,-24.079143338267087,NA,-Inf,NA,-28.009801950877545,NA,1.137517569937932,NA,1.1375587066288628,NA,1.0007051178379167,NA,1.0008859248512416,NA
9878106,0,p ɯ h i c,5,-20.565900791151996,NA,-23.40671397169415,NA,-23.24817306184844,NA,1.2307563842740858,NA,1.2306306880145006,NA,1.0085929357767276,NA,1.008342931175454,NA
9878106,0,b e ʒ u z,5,-20.09685568317635,NA,-17.616675465865157,NA,-17.692227901481022,NA,1.2990802527770584,NA,1.298836883201828,NA,1.0147738277840022,NA,1.0141969018237178,NA
9878106,35,b e v a z,5,-16.49220087297713,NA,-13.608243420111007,NA,-13.653196067821916,NA,1.477372226790212,NA,1.4768067318712417,NA,1.039668977985646,NA,1.0377122037388582,NA
9878106,56,b e v i z,5,-17.164705407397012,NA,-14.3441056545888,NA,-14.386834265478743,NA,1.3998179501932546,NA,1.3993936154387292,NA,1.0313640525417127,NA,1.029874405398718,NA
9880557,7,b u z i z,5,-17.899568381733303,NA,-15.168587722623604,NA,-15.20544673192982,NA,1.300321658423705,NA,1.3000693778122003,NA,1.018878679977096,NA,1.0180436274771694,NA
9880557,7,ɟ y ʒ a ʒ,5,-26.24714392218317,NA,-27.701633339060944,NA,-27.35192869335266,NA,1.264390404377066,NA,1.2641995821532814,NA,1.0013967676551154,NA,1.0015291572871547,NA
9880557,93,g ɯ ɟ ø z,5,-24.493762160994564,NA,-Inf,NA,-21.039008141833634,NA,1.1091017507441014,NA,1.109190682492799,NA,1.002741473193033,NA,1.0028133483318893,NA
9880557,99,l e l e c,5,-21.338527197603927,NA,-31.45089604529384,NA,-30.582591541482635,NA,1.2981271077413907,NA,1.2978856396230185,NA,1.0037045395306985,NA,1.0037202628550872,NA
9880557,91,ɫ o c i c,5,-22.598154704161175,NA,-Inf,NA,-30.38087562282667,NA,1.192024700888065,NA,1.1919663103397642,NA,1.0024386182362308,NA,1.002525096162357,NA
9880557,90,v i c i t͡ʃ,5,-20.547113263958217,NA,-Inf,NA,-23.1711421973128,NA,1.2268410034005357,NA,1.2267195786230238,NA,1.0039829073988151,NA,1.0039769766982811,NA
9880557,82,f a m o ʒ,5,-19.525006628199367,NA,-18.562521006783637,NA,-18.678545352468166,NA,1.3639122810041675,NA,1.3635640039359638,NA,1.0205395864056823,NA,1.0196690224611438,NA
9880557,100,t͡ʃ u ɫ a ʒ,5,-19.237587515269706,NA,-18.130207686087324,NA,-18.26240532798674,NA,1.3722130475752563,NA,1.3718347547581715,NA,1.0249011247841782,NA,1.0237533348136263,NA
9880557,100,v ø g a v,5,-20.10445696792307,NA,-Inf,NA,-26.10524817310064,NA,1.247357754390403,NA,1.247192526866456,NA,1.0083186036664065,NA,1.0080374911419787,NA
9880557,76,g ɯ ʒ u ɫ,5,-20.705303097683913,NA,-Inf,NA,-21.48584727527315,NA,1.1930536885026797,NA,1.19297852493055,NA,1.0065343732888652,NA,1.006368299524924,NA
9880557,95,ɟ e ɟ ø c,5,-29.515236701833903,NA,-Inf,NA,-35.387903759308166,NA,1.1759662589424205,NA,1.1759456395053902,NA,1.0001090155892292,NA,1.0003211623361203,NA
9880557,85,h a v e ʒ,5,-19.09461168027044,NA,-16.910155513317502,NA,-17.0401322477831,NA,1.4491259370421068,NA,1.448622803127972,NA,1.0389424664117677,NA,1.0370968958000453,NA
9880557,17,b e ʒ u z,5,-20.09685568317635,NA,-17.616675465865157,NA,-17.692227901481022,NA,1.2990802527770584,NA,1.298836883201828,NA,1.0147738277840022,NA,1.0141969018237178,NA
9880557,25,t e m y ɾ,5,-15.097011485226544,NA,-13.149158478430715,NA,-13.17506319379305,NA,1.3952910296657324,NA,1.3948618624207878,NA,1.043610721726628,NA,1.0414893151040772,NA
9880557,95,ɫ a v ø c,5,-20.9587256480507,NA,-Inf,NA,-27.741190815322057,NA,1.3120436196337373,NA,1.311787239641347,NA,1.0128467704178925,NA,1.0123863819849432,NA
9880557,19,n ɯ ʒ a j,5,-18.361255868590177,NA,-Inf,NA,-24.42370924182812,NA,1.2862284449438637,NA,1.2859931705589396,NA,1.0083293699708047,NA,1.0080300149841257,NA
9880557,88,z ɯ f ø ʒ,5,-23.017882079075772,NA,-Inf,NA,-25.118736995317576,NA,1.0902439638685273,NA,1.090371213824056,NA,1.0024969451408785,NA,1.00258336556017,NA
9880557,93,b o ʒ ø z,5,-22.86665396829175,NA,-18.017128955938706,NA,-17.902257196862156,NA,1.1512809100750248,NA,1.1512968865447335,NA,1.0076706794235104,NA,1.0074835137562206,NA
9880557,13,g a h a n,5,-15.424795057512029,NA,-12.671136251120728,NA,-12.713594601335702,NA,1.5950046496787846,NA,1.5942160548671798,NA,1.0568362269206326,NA,1.0537746821415517,NA
9880557,100,n y n a j,5,-15.538878453846433,NA,-19.248648600763232,NA,-19.252973283175265,NA,1.375893401023051,NA,1.3755021898241135,NA,1.025399913127838,NA,1.024174835275507,NA
9880557,100,b e v i z,5,-17.164705407397012,NA,-14.3441056545888,NA,-14.386834265478743,NA,1.3998179501932546,NA,1.3993936154387292,NA,1.0313640525417127,NA,1.029874405398718,NA
9880557,93,g u d͡ʒ ɯ z,5,-19.58384312679565,NA,-16.662080926911877,NA,-16.69599102385458,NA,1.1829445655903972,NA,1.1829010801604336,NA,1.004072591118986,NA,1.0040601734200405,NA
9880557,100,t͡ʃ ø t͡ʃ ø z,5,-22.697768764281445,NA,-19.14014982771973,NA,-19.125549383488163,NA,1.0814485413778725,NA,1.0815851832308758,NA,1.0021481577380047,NA,1.0022510865945526,NA
9880557,36,b e d͡ʒ ɯ z,5,-17.81982760102264,NA,-14.454949896520516,NA,-14.498099044664276,NA,1.3212001426293818,NA,1.3209174839829685,NA,1.018554063995171,NA,1.0177796681696785,NA
9880557,92,p ɯ h i c,5,-20.565900791151996,NA,-23.40671397169415,NA,-23.24817306184844,NA,1.2307563842740858,NA,1.2306306880145006,NA,1.0085929357767276,NA,1.008342931175454,NA
9880557,98,m u ɟ ø z,5,-23.390324934442702,NA,-Inf,NA,-20.024930764116053,NA,1.1813238989502393,NA,1.1812879247237875,NA,1.0153068128767293,NA,1.0147184228338744,NA
9880557,100,ɟ y ɟ i c,5,-28.504374274105167,NA,-34.0614415135249,NA,-32.63139034186276,NA,1.1857372598822993,NA,1.1856897559125137,NA,1.0003805593107542,NA,1.0005751782641632,NA
9880557,79,v ø l ø c,5,-25.90689728386676,NA,-Inf,NA,-35.34511196131538,NA,1.053370077665239,NA,1.0535614319623523,NA,1,1,1.0002179098838746,1
9880557,100,v ɯ c e c,5,-23.291319549211504,NA,-Inf,NA,-31.131139803939128,NA,1.1800904532909162,NA,1.1800533352853768,NA,1.0009229002593154,NA,1.0010857623367058,NA
9880557,91,n o t u s,5,-16.47465512035086,NA,-19.735328187133018,NA,-19.743774110963223,NA,1.2269920276179962,NA,1.226868358906597,NA,1.0080817305580838,NA,1.0078462760915818,NA
9880557,67,z i ʃ u ʒ,5,-20.611196487491956,NA,-21.50834429121576,NA,-21.43777842049785,NA,1.1722474271142185,NA,1.1722290569471934,NA,1.0065648677878622,NA,1.0064344360939144,NA
9880557,100,k o ɾ e n,5,-14.885879129991546,NA,-12.897900518277458,NA,-12.921968836319405,NA,1.4935674111675834,NA,1.492960755870561,NA,1.051458107409831,NA,1.0487970966537057,NA
9880557,100,ɟ e ʒ a ʒ,5,-24.872738132728532,NA,-Inf,NA,-27.982487602910396,NA,1.3654519295070486,NA,1.3650862603539733,NA,1.0018873378066473,NA,1.0019937933222605,NA
9880557,70,d͡ʒ o ʒ ɯ ʒ,5,-24.079143338267087,NA,-Inf,NA,-28.009801950877545,NA,1.137517569937932,NA,1.1375587066288628,NA,1.0007051178379167,NA,1.0008859248512416,NA
9880557,21,k ɯ ɾ u ɾ,5,-15.318955962420556,NA,-13.211802908261404,NA,-13.235619449577031,NA,1.4222960802280702,NA,1.4218174189805863,NA,1.0464229248539447,NA,1.04410490580885,NA
9880557,79,l e g u j,5,-19.01681077838631,NA,-26.364507293773418,NA,-25.975664718831844,NA,1.2483428858636896,NA,1.248186398979058,NA,1.0016771227161092,NA,1.0018008835043444,NA
9880557,100,m y ɟ ø z,5,-23.67800700689448,NA,-Inf,NA,-19.812441326740707,NA,1.1873897568358545,NA,1.1873432880455872,NA,1.0271132236263087,NA,1.0259044813368154,NA
9880557,73,n ɯ t a j,5,-14.896630988839425,NA,-19.401787788498176,NA,-19.40541509478784,NA,1.354526711595995,NA,1.3541725154278046,NA,1.021234920433465,NA,1.0202283613160217,NA
9880557,81,b o ɟ ø z,5,-24.218032064305415,NA,-Inf,NA,-19.98603714014059,NA,1.1508993555127225,NA,1.1509159963499356,NA,1.0076706794235104,NA,1.0074835137562206,NA
9880557,78,n ɯ ʒ o h,5,-20.43289152093352,NA,-Inf,NA,-27.681960708161636,NA,1.1097661427251175,NA,1.1098539195905015,NA,1.0003249566724437,NA,1.0005257916572736,NA
9880557,85,c y f e f,5,-21.527813099749014,NA,-Inf,NA,-22.664539480096867,NA,1.2118743211486604,NA,1.2117773135384928,NA,1.0071295794804112,NA,1.0069463406784327,NA
9880557,75,ɟ i f o ʒ,5,-24.780676297755964,NA,-25.425443803693742,NA,-25.116310217920844,NA,1.1272633513846158,NA,1.1273248298147074,NA,1.0025592701523314,NA,1.0026389458748235,NA
9880557,100,m y d͡ʒ i z,5,-17.879199582018565,NA,-14.393898283796569,NA,-14.429259306354858,NA,1.3109225990509248,NA,1.3106522848516828,NA,1.0375068631237063,NA,1.0356959574680136,NA
9880557,95,b e v a z,5,-16.49220087297713,NA,-13.608243420111007,NA,-13.653196067821916,NA,1.477372226790212,NA,1.4768067318712417,NA,1.039668977985646,NA,1.0377122037388582,NA
9880557,83,n u ʒ a v,5,-19.23989541094505,NA,-24.070092646118187,NA,-23.96757799454814,NA,1.2890173650126455,NA,1.2887801370464675,NA,1.0063398585044316,NA,1.0061698950642324,NA
9880557,93,t͡ʃ ø z i z,5,-19.95205038921768,NA,-16.53019953976399,NA,-16.57507613525408,NA,1.2189898868089024,NA,1.21887829147456,NA,1.012754830804793,NA,1.0122417488420343,NA
9880557,100,n u ʒ u v,5,-20.80128833604193,NA,-25.0331577171281,NA,-24.8916465105402,NA,1.1410317248052262,NA,1.1410638524210197,NA,1.0012699088513268,NA,1.001416451124873,NA
9880557,23,g ɯ ɟ i ʒ,5,-24.50361657158009,NA,-25.49963744384403,NA,-24.94700242135446,NA,1.20317522888439,NA,1.2030973279498365,NA,1.0026110525865772,NA,1.002691091470223,NA
9880557,3,k ɯ ɾ y ɾ,5,-15.606638034872336,NA,-13.90445119214018,NA,-13.927432452108098,NA,1.4023519238658844,NA,1.4019095639097712,NA,1.0403132444979513,NA,1.0383564043662596,NA
9880557,100,l i ʒ ɯ h,5,-21.236809961973975,NA,-30.679339934133328,NA,-29.742273739726983,NA,1.158327478084528,NA,1.1583284213199998,NA,1.0005226776773717,NA,1.000711052533111,NA
9880557,100,l i ɾ a ɫ,5,-15.3609350799713,NA,-19.8361902836386,NA,-19.591438837393905,NA,1.4834033363849624,NA,1.482810949290984,NA,1.052665896370704,NA,1.049897439309165,NA
9880557,94,ɫ a ʒ ɯ v,5,-19.01413112958105,NA,-25.27309072876929,NA,-24.70218102731933,NA,1.3434818002281597,NA,1.3431627791155516,NA,1.0027190231281846,NA,1.0027934061307997,NA
9880557,100,b u t͡ʃ ø z,5,-20.64528675679707,NA,-16.726730678422822,NA,-16.76182039023128,NA,1.1627803129926748,NA,1.1627762695685162,NA,1.0077814367587763,NA,1.0075883291945815,NA
9880557,100,v i ɟ ø ʒ,5,-26.08508432555531,NA,-Inf,NA,-26.573834589061327,NA,1.1072439154231664,NA,1.107341952591128,NA,1.002221233960113,NA,1.002322393863214,NA
9880557,19,m u ɾ e ɾ,5,-14.696942662362323,NA,-12.765770122828249,NA,-12.78886990036498,NA,1.4829679946903738,NA,1.482378633403974,NA,1.0554645066457835,NA,1.052583586591879,NA
9880557,93,m u ɾ u ɾ,5,-15.78366637936518,NA,-13.562188301724916,NA,-13.588096170629813,NA,1.419431610850839,NA,1.418957895106949,NA,1.0416730830399104,NA,1.0396065469972535,NA
9880557,21,s ø ɾ e ɾ,5,-16.33314456534291,NA,-14.679954878983413,NA,-14.714425131840436,NA,1.4153867644354674,NA,1.4149143088475702,NA,1.032928769087306,NA,1.0312349764733082,NA
9880557,100,l e l i v,5,-19.259752917338997,NA,-29.576825325610375,NA,-28.93865942698328,NA,1.3165643111836578,NA,1.316286257844561,NA,1.004552273472661,NA,1.0045149324559184,NA
9880557,100,l e m ø c,5,-22.135268586336817,NA,-Inf,NA,-30.8974573340183,NA,1.2302737214773412,NA,1.230158604762022,NA,1.0104704475845636,NA,1.010134576043257,NA
9880557,99,h a ɟ y ʒ,5,-23.863657450841075,NA,-22.624553381069926,NA,-22.344510460590467,NA,1.3349575084723493,NA,1.334659755521368,NA,1.0247789272681185,NA,1.023693209239092,NA
9880557,96,n u t y j,5,-16.96057295686292,NA,-21.57828825775384,NA,-21.566459081067514,NA,1.1975371229986602,NA,1.1974696560083582,NA,1.0083526736746993,NA,1.008122409607921,NA
9880557,97,ʃ i ʒ a z,5,-19.04980356239507,NA,-19.97037085869323,NA,-19.99831106394273,NA,1.315532256051761,NA,1.315247063807122,NA,1.0098413554752772,NA,1.009482109892058,NA
9880557,100,l y g o v,5,-21.24168388132717,NA,-Inf,NA,-29.53360238566332,NA,1.1177613338707335,NA,1.117835562270347,NA,1.0014227127794817,NA,1.0015589006941277,NA
9880557,100,g o ʒ u ʒ,5,-24.442688578324432,NA,-22.033985445786712,NA,-22.016202405684076,NA,1.1437948305814645,NA,1.1438260015087924,NA,1.001138393401175,NA,1.0012964338824402,NA
9880557,100,f u ʒ o ʒ,5,-24.318186592419305,NA,-24.076093804584303,NA,-23.89378841031736,NA,1.113926858532862,NA,1.1140116216965557,NA,1.0011715459746369,NA,1.0013258782882402,NA
9880557,72,t͡ʃ ø z ɯ z,5,-20.62607180941986,NA,-16.976091075060026,NA,-17.019424912474907,NA,1.1583596514678574,NA,1.1583584120592822,NA,1.0080045227428704,NA,1.0077781589190764,NA
9880557,100,ɟ ø ʒ u ʒ,5,-29.01723460133465,NA,-Inf,NA,-30.01521454529064,NA,1.0652782477051752,NA,1.0654452352440962,NA,1,1,1.0002179098838746,1
9880557,93,l ø ʒ a v,5,-22.61577681077505,NA,-Inf,NA,-27.92410669629761,NA,1.2294482612194106,NA,1.2293140831342488,NA,1.0055264217757005,NA,1.0053992528390658,NA
9880557,100,f i f ø c,5,-22.934346180129452,NA,-Inf,NA,-24.81560530960652,NA,1.1324703057575094,NA,1.132524760714353,NA,1.00781397621939,NA,1.0076205413173758,NA
9880557,69,n e m o h,5,-16.32924773528244,NA,-20.77206130453725,NA,-20.726772496747454,NA,1.276400178714621,NA,1.2761991218991138,NA,1.016692629955233,NA,1.016027305212858,NA
9880557,100,z a c i c,5,-21.79076817824873,NA,-Inf,NA,-28.16360280521193,NA,1.396529547044278,NA,1.3961173439888992,NA,1.0049309977725878,NA,1.0048864608834187,NA
9880557,100,v ɯ ʒ ɯ ʒ,5,-23.69648085276263,NA,-Inf,NA,-31.00943562503508,NA,1.125927847369398,NA,1.1259890347950725,NA,1.0002707972270364,NA,1.000474478028374,NA
9880557,100,l y v ø c,5,-24.69819952981217,NA,-Inf,NA,-33.84418076589204,NA,1.1109520851514574,NA,1.1110436100959913,NA,1.0013626948653658,NA,1.0015085655369462,NA
9880557,100,t i ɾ i n,5,-14.025136929876307,NA,-13.29622096087098,NA,-13.31495014679013,NA,1.4868293162319706,NA,1.4862336716167204,NA,1.0380836476564423,NA,1.036141119098454,NA
9880557,100,z a ʒ a ʒ,5,-20.65156820085194,NA,-20.88415273374731,NA,-21.111799773330873,NA,1.473656473289835,NA,1.4731036094504746,NA,1.005674667143876,NA,1.0055823087757958,NA
9880557,100,f i m y z,5,-17.903375865695956,NA,-14.742633621324917,NA,-14.786764221872444,NA,1.201636639433986,NA,1.2015630839111278,NA,1.0120057633303254,NA,1.0115817861902552,NA
9880557,100,z a g u ʒ,5,-20.29947828385247,NA,-22.63081735331332,NA,-22.558066597039417,NA,1.3322117684361712,NA,1.331916871021566,NA,1.0060543305370335,NA,1.005951900443092,NA
9880557,19,b o ʒ o j,5,-21.245057054178083,NA,-20.13244875835492,NA,-20.046431822915014,NA,1.1725304838846882,NA,1.1725072015915694,NA,1.0075402588170546,NA,1.0073612568945542,NA
9880557,99,h a ʒ u ʒ,5,-22.22459728237563,NA,-20.574734095421434,NA,-20.57980325185485,NA,1.3552832193968376,NA,1.354948500786981,NA,1.024100953206239,NA,1.0230524747443015,NA
9880557,100,n u c i c,5,-22.422357273444163,NA,-Inf,NA,-30.604841117870382,NA,1.2010655284312557,NA,1.2009915028727167,NA,1.0010304726556416,NA,1.0011909418109612,NA
9880557,77,ɟ ø c y c,5,-29.771612116763333,NA,-Inf,NA,-33.918015159012405,NA,1.0457614416943897,NA,1.0459642311442183,NA,1.000065210303228,NA,1.0002790383147078,NA
9880557,100,ɫ a c i c,5,-20.85006703745811,NA,-Inf,NA,-28.268360365160696,NA,1.393714475584772,NA,1.393307140789591,NA,1.0031978955195548,NA,1.003244424758624,NA
9880557,100,ɫ a m ø s,5,-16.4448878098927,NA,-21.700506185311,NA,-21.560223247833047,NA,1.3597787878886536,NA,1.359429234768754,NA,1.0166672670594712,NA,1.0160046485573355,NA
9880557,74,l ø ʒ o h,5,-24.023639891238354,NA,-Inf,NA,-30.04919461281527,NA,1.0611372469041531,NA,1.0613091459550994,NA,1,1,1.0002179098838746,1
9880557,100,k o m y ɾ,5,-16.353424337993484,NA,-13.883195970862252,NA,-13.910528361180043,NA,1.3227564267292913,NA,1.3224527779546218,NA,1.0242905957012058,NA,1.0231863397295329,NA
9880557,74,l y g u v,5,-21.054989139720988,NA,-Inf,NA,-29.442333739145383,NA,1.1391300728302185,NA,1.139165406989077,NA,1.0012517628678057,NA,1.0013973759000716,NA
9880557,99,ɫ o c i v,5,-20.32154509757039,NA,-Inf,NA,-28.655330256748375,NA,1.203566924559405,NA,1.203484498665397,NA,1.003612403694333,NA,1.0036254079173543,NA
9880557,100,m y ʒ u z,5,-20.83024908437445,NA,-18.018790953182332,NA,-17.957196378821674,NA,1.2281724738575563,NA,1.228051804655265,NA,1.028797989001621,NA,1.027484318333768,NA
9880557,100,n ø t i v,5,-17.944154892120544,NA,-23.2961730088594,NA,-23.250097222909492,NA,1.2347006964889633,NA,1.2345636665208823,NA,1.0201890138444885,NA,1.019285545598672,NA
9880557,100,b y ɟ y ʒ,5,-25.505444268865332,NA,-25.45365748559964,NA,-24.547852043511448,NA,1.1609339687930145,NA,1.1609373105847451,NA,1.0030582028661408,NA,1.0031139432724736,NA
9880557,100,ɫ o t a ɫ,5,-14.65850607845412,NA,-17.671672662841534,NA,-17.682535023707715,NA,1.3973781624522024,NA,1.3969353956490551,NA,1.0300127259382086,NA,1.0284804983759424,NA
9880557,100,l i l e c,5,-21.536362523929785,NA,-31.083984388924055,NA,-30.331424169322283,NA,1.2119594300984098,NA,1.2118670410071015,NA,1.002450860254562,NA,1.002532859654261,NA
9880557,100,v ø h u v,5,-21.19584626377422,NA,-Inf,NA,-27.14453973692883,NA,1.12204735674267,NA,1.1221120023890112,NA,1.0019306114959543,NA,1.0020390443325038,NA
9880557,100,b i j u z,5,-17.587656552519828,NA,-14.901222365010376,NA,-14.934988048180376,NA,1.2542839912465815,NA,1.2541176642790226,NA,1.0211939364547036,NA,1.0202725415610168,NA
9880557,100,d͡ʒ o ʒ a ʒ,5,-22.732617383645024,NA,-22.660226857866917,NA,-22.815874697194054,NA,1.2757020818759344,NA,1.275491702476653,NA,1.001992869903803,NA,1.002093919802276,NA
9880557,98,m y d͡ʒ ɯ z,5,-18.55322100222074,NA,-14.44026579065542,NA,-14.47667494038302,NA,1.2502923637098795,NA,1.2501324054364051,NA,1.0311610225528094,NA,1.029724802800534,NA
9871903,62,b u z i z,5,-17.899568381733303,NA,-15.168587722623604,NA,-15.20544673192982,NA,1.300321658423705,NA,1.3000693778122003,NA,1.018878679977096,NA,1.0180436274771694,NA
9871903,26,v ø g a v,5,-20.10445696792307,NA,-Inf,NA,-26.10524817310064,NA,1.247357754390403,NA,1.247192526866456,NA,1.0083186036664065,NA,1.0080374911419787,NA
9871903,32,p ɯ h i c,5,-20.565900791151996,NA,-23.40671397169415,NA,-23.24817306184844,NA,1.2307563842740858,NA,1.2306306880145006,NA,1.0085929357767276,NA,1.008342931175454,NA
9871903,0,l ø ʒ o h,5,-24.023639891238354,NA,-Inf,NA,-30.04919461281527,NA,1.0611372469041531,NA,1.0613091459550994,NA,1,1,1.0002179098838746,1
9871903,0,n ɯ ʒ o h,5,-20.43289152093352,NA,-Inf,NA,-27.681960708161636,NA,1.1097661427251175,NA,1.1098539195905015,NA,1.0003249566724437,NA,1.0005257916572736,NA
9871903,34,z i ʃ u ʒ,5,-20.611196487491956,NA,-21.50834429121576,NA,-21.43777842049785,NA,1.1722474271142185,NA,1.1722290569471934,NA,1.0065648677878622,NA,1.0064344360939144,NA
9871903,51,t͡ʃ ø t͡ʃ ø z,5,-22.697768764281445,NA,-19.14014982771973,NA,-19.125549383488163,NA,1.0814485413778725,NA,1.0815851832308758,NA,1.0021481577380047,NA,1.0022510865945526,NA
9871903,19,n u ʒ a v,5,-19.23989541094505,NA,-24.070092646118187,NA,-23.96757799454814,NA,1.2890173650126455,NA,1.2887801370464675,NA,1.0063398585044316,NA,1.0061698950642324,NA
9871903,51,k o ɾ e n,5,-14.885879129991546,NA,-12.897900518277458,NA,-12.921968836319405,NA,1.4935674111675834,NA,1.492960755870561,NA,1.051458107409831,NA,1.0487970966537057,NA
9871903,53,b i j u z,5,-17.587656552519828,NA,-14.901222365010376,NA,-14.934988048180376,NA,1.2542839912465815,NA,1.2541176642790226,NA,1.0211939364547036,NA,1.0202725415610168,NA
9871903,36,ɟ y ɟ i c,5,-28.504374274105167,NA,-34.0614415135249,NA,-32.63139034186276,NA,1.1857372598822993,NA,1.1856897559125137,NA,1.0003805593107542,NA,1.0005751782641632,NA
9871903,54,k o m y ɾ,5,-16.353424337993484,NA,-13.883195970862252,NA,-13.910528361180043,NA,1.3227564267292913,NA,1.3224527779546218,NA,1.0242905957012058,NA,1.0231863397295329,NA
9871903,52,s ø ɾ e ɾ,5,-16.33314456534291,NA,-14.679954878983413,NA,-14.714425131840436,NA,1.4153867644354674,NA,1.4149143088475702,NA,1.032928769087306,NA,1.0312349764733082,NA
9871903,45,ɫ o t a ɫ,5,-14.65850607845412,NA,-17.671672662841534,NA,-17.682535023707715,NA,1.3973781624522024,NA,1.3969353956490551,NA,1.0300127259382086,NA,1.0284804983759424,NA
9871903,35,f u ʒ o ʒ,5,-24.318186592419305,NA,-24.076093804584303,NA,-23.89378841031736,NA,1.113926858532862,NA,1.1140116216965557,NA,1.0011715459746369,NA,1.0013258782882402,NA
9871903,37,ɫ o c i v,5,-20.32154509757039,NA,-Inf,NA,-28.655330256748375,NA,1.203566924559405,NA,1.203484498665397,NA,1.003612403694333,NA,1.0036254079173543,NA
9871903,62,k ɯ ɾ y ɾ,5,-15.606638034872336,NA,-13.90445119214018,NA,-13.927432452108098,NA,1.4023519238658844,NA,1.4019095639097712,NA,1.0403132444979513,NA,1.0383564043662596,NA
9871903,64,m y d͡ʒ i z,5,-17.879199582018565,NA,-14.393898283796569,NA,-14.429259306354858,NA,1.3109225990509248,NA,1.3106522848516828,NA,1.0375068631237063,NA,1.0356959574680136,NA
9871903,32,v ø l ø c,5,-25.90689728386676,NA,-Inf,NA,-35.34511196131538,NA,1.053370077665239,NA,1.0535614319623523,NA,1,1,1.0002179098838746,1
9871903,59,b u t͡ʃ ø z,5,-20.64528675679707,NA,-16.726730678422822,NA,-16.76182039023128,NA,1.1627803129926748,NA,1.1627762695685162,NA,1.0077814367587763,NA,1.0075883291945815,NA
9871903,53,b o ɟ ø z,5,-24.218032064305415,NA,-Inf,NA,-19.98603714014059,NA,1.1508993555127225,NA,1.1509159963499356,NA,1.0076706794235104,NA,1.0074835137562206,NA
9871903,64,v ɯ c e c,5,-23.291319549211504,NA,-Inf,NA,-31.131139803939128,NA,1.1800904532909162,NA,1.1800533352853768,NA,1.0009229002593154,NA,1.0010857623367058,NA
9871903,62,m u ɾ u ɾ,5,-15.78366637936518,NA,-13.562188301724916,NA,-13.588096170629813,NA,1.419431610850839,NA,1.418957895106949,NA,1.0416730830399104,NA,1.0396065469972535,NA
9871903,54,v i ɟ ø ʒ,5,-26.08508432555531,NA,-Inf,NA,-26.573834589061327,NA,1.1072439154231664,NA,1.107341952591128,NA,1.002221233960113,NA,1.002322393863214,NA
9871903,56,g ɯ ɟ ø z,5,-24.493762160994564,NA,-Inf,NA,-21.039008141833634,NA,1.1091017507441014,NA,1.109190682492799,NA,1.002741473193033,NA,1.0028133483318893,NA
9871903,51,l e m ø c,5,-22.135268586336817,NA,-Inf,NA,-30.8974573340183,NA,1.2302737214773412,NA,1.230158604762022,NA,1.0104704475845636,NA,1.010134576043257,NA
9871903,19,h a ɟ y ʒ,5,-23.863657450841075,NA,-22.624553381069926,NA,-22.344510460590467,NA,1.3349575084723493,NA,1.334659755521368,NA,1.0247789272681185,NA,1.023693209239092,NA
9871903,63,k ɯ ɾ u ɾ,5,-15.318955962420556,NA,-13.211802908261404,NA,-13.235619449577031,NA,1.4222960802280702,NA,1.4218174189805863,NA,1.0464229248539447,NA,1.04410490580885,NA
9871903,36,ɫ o c i c,5,-22.598154704161175,NA,-Inf,NA,-30.38087562282667,NA,1.192024700888065,NA,1.1919663103397642,NA,1.0024386182362308,NA,1.002525096162357,NA
9871903,15,g ɯ ʒ u ɫ,5,-20.705303097683913,NA,-Inf,NA,-21.48584727527315,NA,1.1930536885026797,NA,1.19297852493055,NA,1.0065343732888652,NA,1.006368299524924,NA
9871903,39,n ɯ t a j,5,-14.896630988839425,NA,-19.401787788498176,NA,-19.40541509478784,NA,1.354526711595995,NA,1.3541725154278046,NA,1.021234920433465,NA,1.0202283613160217,NA
9871903,13,h a ʒ u ʒ,5,-22.22459728237563,NA,-20.574734095421434,NA,-20.57980325185485,NA,1.3552832193968376,NA,1.354948500786981,NA,1.024100953206239,NA,1.0230524747443015,NA
9871903,60,l i ɾ a ɫ,5,-15.3609350799713,NA,-19.8361902836386,NA,-19.591438837393905,NA,1.4834033363849624,NA,1.482810949290984,NA,1.052665896370704,NA,1.049897439309165,NA
9871903,0,l i ʒ ɯ h,5,-21.236809961973975,NA,-30.679339934133328,NA,-29.742273739726983,NA,1.158327478084528,NA,1.1583284213199998,NA,1.0005226776773717,NA,1.000711052533111,NA
9871903,0,v ɯ ʒ ɯ ʒ,5,-23.69648085276263,NA,-Inf,NA,-31.00943562503508,NA,1.125927847369398,NA,1.1259890347950725,NA,1.0002707972270364,NA,1.000474478028374,NA
9871903,61,t͡ʃ ø z ɯ z,5,-20.62607180941986,NA,-16.976091075060026,NA,-17.019424912474907,NA,1.1583596514678574,NA,1.1583584120592822,NA,1.0080045227428704,NA,1.0077781589190764,NA
9871903,15,n u ʒ u v,5,-20.80128833604193,NA,-25.0331577171281,NA,-24.8916465105402,NA,1.1410317248052262,NA,1.1410638524210197,NA,1.0012699088513268,NA,1.001416451124873,NA
9871903,55,ɫ a v ø c,5,-20.9587256480507,NA,-Inf,NA,-27.741190815322057,NA,1.3120436196337373,NA,1.311787239641347,NA,1.0128467704178925,NA,1.0123863819849432,NA
9871903,53,n u c i c,5,-22.422357273444163,NA,-Inf,NA,-30.604841117870382,NA,1.2010655284312557,NA,1.2009915028727167,NA,1.0010304726556416,NA,1.0011909418109612,NA
9871903,51,l e l i v,5,-19.259752917338997,NA,-29.576825325610375,NA,-28.93865942698328,NA,1.3165643111836578,NA,1.316286257844561,NA,1.004552273472661,NA,1.0045149324559184,NA
9871903,52,l i l e c,5,-21.536362523929785,NA,-31.083984388924055,NA,-30.331424169322283,NA,1.2119594300984098,NA,1.2118670410071015,NA,1.002450860254562,NA,1.002532859654261,NA
9871903,42,b y ɟ y ʒ,5,-25.505444268865332,NA,-25.45365748559964,NA,-24.547852043511448,NA,1.1609339687930145,NA,1.1609373105847451,NA,1.0030582028661408,NA,1.0031139432724736,NA
9871903,61,c y f e f,5,-21.527813099749014,NA,-Inf,NA,-22.664539480096867,NA,1.2118743211486604,NA,1.2117773135384928,NA,1.0071295794804112,NA,1.0069463406784327,NA
9871903,65,t͡ʃ u ɫ a ʒ,5,-19.237587515269706,NA,-18.130207686087324,NA,-18.26240532798674,NA,1.3722130475752563,NA,1.3718347547581715,NA,1.0249011247841782,NA,1.0237533348136263,NA
9871903,36,l e g u j,5,-19.01681077838631,NA,-26.364507293773418,NA,-25.975664718831844,NA,1.2483428858636896,NA,1.248186398979058,NA,1.0016771227161092,NA,1.0018008835043444,NA
9871903,39,l ø ʒ a v,5,-22.61577681077505,NA,-Inf,NA,-27.92410669629761,NA,1.2294482612194106,NA,1.2293140831342488,NA,1.0055264217757005,NA,1.0053992528390658,NA
9871903,49,ɫ a c i c,5,-20.85006703745811,NA,-Inf,NA,-28.268360365160696,NA,1.393714475584772,NA,1.393307140789591,NA,1.0031978955195548,NA,1.003244424758624,NA
9871903,30,z a g u ʒ,5,-20.29947828385247,NA,-22.63081735331332,NA,-22.558066597039417,NA,1.3322117684361712,NA,1.331916871021566,NA,1.0060543305370335,NA,1.005951900443092,NA
9871903,51,l e l e c,5,-21.338527197603927,NA,-31.45089604529384,NA,-30.582591541482635,NA,1.2981271077413907,NA,1.2978856396230185,NA,1.0037045395306985,NA,1.0037202628550872,NA
9871903,45,ɫ a m ø s,5,-16.4448878098927,NA,-21.700506185311,NA,-21.560223247833047,NA,1.3597787878886536,NA,1.359429234768754,NA,1.0166672670594712,NA,1.0160046485573355,NA
9871903,60,ɟ ø c y c,5,-29.771612116763333,NA,-Inf,NA,-33.918015159012405,NA,1.0457614416943897,NA,1.0459642311442183,NA,1.000065210303228,NA,1.0002790383147078,NA
9871903,30,f i f ø c,5,-22.934346180129452,NA,-Inf,NA,-24.81560530960652,NA,1.1324703057575094,NA,1.132524760714353,NA,1.00781397621939,NA,1.0076205413173758,NA
9871903,21,n ɯ ʒ a j,5,-18.361255868590177,NA,-Inf,NA,-24.42370924182812,NA,1.2862284449438637,NA,1.2859931705589396,NA,1.0083293699708047,NA,1.0080300149841257,NA
9871903,16,ɟ ø ʒ u ʒ,5,-29.01723460133465,NA,-Inf,NA,-30.01521454529064,NA,1.0652782477051752,NA,1.0654452352440962,NA,1,1,1.0002179098838746,1
9871903,30,b e ʒ u z,5,-20.09685568317635,NA,-17.616675465865157,NA,-17.692227901481022,NA,1.2990802527770584,NA,1.298836883201828,NA,1.0147738277840022,NA,1.0141969018237178,NA
9871903,63,g a h a n,5,-15.424795057512029,NA,-12.671136251120728,NA,-12.713594601335702,NA,1.5950046496787846,NA,1.5942160548671798,NA,1.0568362269206326,NA,1.0537746821415517,NA
9871903,58,ʃ i ʒ a z,5,-19.04980356239507,NA,-19.97037085869323,NA,-19.99831106394273,NA,1.315532256051761,NA,1.315247063807122,NA,1.0098413554752772,NA,1.009482109892058,NA
9871903,67,n ø t i v,5,-17.944154892120544,NA,-23.2961730088594,NA,-23.250097222909492,NA,1.2347006964889633,NA,1.2345636665208823,NA,1.0201890138444885,NA,1.019285545598672,NA
9871903,63,b e v a z,5,-16.49220087297713,NA,-13.608243420111007,NA,-13.653196067821916,NA,1.477372226790212,NA,1.4768067318712417,NA,1.039668977985646,NA,1.0377122037388582,NA
9871903,57,z a c i c,5,-21.79076817824873,NA,-Inf,NA,-28.16360280521193,NA,1.396529547044278,NA,1.3961173439888992,NA,1.0049309977725878,NA,1.0048864608834187,NA
9871903,56,n e m o h,5,-16.32924773528244,NA,-20.77206130453725,NA,-20.726772496747454,NA,1.276400178714621,NA,1.2761991218991138,NA,1.016692629955233,NA,1.016027305212858,NA
9871903,42,v i c i t͡ʃ,5,-20.547113263958217,NA,-Inf,NA,-23.1711421973128,NA,1.2268410034005357,NA,1.2267195786230238,NA,1.0039829073988151,NA,1.0039769766982811,NA
9871903,60,m y ʒ u z,5,-20.83024908437445,NA,-18.018790953182332,NA,-17.957196378821674,NA,1.2281724738575563,NA,1.228051804655265,NA,1.028797989001621,NA,1.027484318333768,NA
9871903,37,z a ʒ a ʒ,5,-20.65156820085194,NA,-20.88415273374731,NA,-21.111799773330873,NA,1.473656473289835,NA,1.4731036094504746,NA,1.005674667143876,NA,1.0055823087757958,NA
9871903,29,ɟ i f o ʒ,5,-24.780676297755964,NA,-25.425443803693742,NA,-25.116310217920844,NA,1.1272633513846158,NA,1.1273248298147074,NA,1.0025592701523314,NA,1.0026389458748235,NA
9871903,36,m y ɟ ø z,5,-23.67800700689448,NA,-Inf,NA,-19.812441326740707,NA,1.1873897568358545,NA,1.1873432880455872,NA,1.0271132236263087,NA,1.0259044813368154,NA
9871903,23,v ø h u v,5,-21.19584626377422,NA,-Inf,NA,-27.14453973692883,NA,1.12204735674267,NA,1.1221120023890112,NA,1.0019306114959543,NA,1.0020390443325038,NA
9871903,19,z ɯ f ø ʒ,5,-23.017882079075772,NA,-Inf,NA,-25.118736995317576,NA,1.0902439638685273,NA,1.090371213824056,NA,1.0024969451408785,NA,1.00258336556017,NA
9871903,64,n y n a j,5,-15.538878453846433,NA,-19.248648600763232,NA,-19.252973283175265,NA,1.375893401023051,NA,1.3755021898241135,NA,1.025399913127838,NA,1.024174835275507,NA
9871903,31,l y v ø c,5,-24.69819952981217,NA,-Inf,NA,-33.84418076589204,NA,1.1109520851514574,NA,1.1110436100959913,NA,1.0013626948653658,NA,1.0015085655369462,NA
9871903,65,t i ɾ i n,5,-14.025136929876307,NA,-13.29622096087098,NA,-13.31495014679013,NA,1.4868293162319706,NA,1.4862336716167204,NA,1.0380836476564423,NA,1.036141119098454,NA
9871903,62,t e m y ɾ,5,-15.097011485226544,NA,-13.149158478430715,NA,-13.17506319379305,NA,1.3952910296657324,NA,1.3948618624207878,NA,1.043610721726628,NA,1.0414893151040772,NA
9871903,41,f i m y z,5,-17.903375865695956,NA,-14.742633621324917,NA,-14.786764221872444,NA,1.201636639433986,NA,1.2015630839111278,NA,1.0120057633303254,NA,1.0115817861902552,NA
9871903,64,n o t u s,5,-16.47465512035086,NA,-19.735328187133018,NA,-19.743774110963223,NA,1.2269920276179962,NA,1.226868358906597,NA,1.0080817305580838,NA,1.0078462760915818,NA
9871903,4,ɫ a ʒ ɯ v,5,-19.01413112958105,NA,-25.27309072876929,NA,-24.70218102731933,NA,1.3434818002281597,NA,1.3431627791155516,NA,1.0027190231281846,NA,1.0027934061307997,NA
9871903,14,b o ʒ o j,5,-21.245057054178083,NA,-20.13244875835492,NA,-20.046431822915014,NA,1.1725304838846882,NA,1.1725072015915694,NA,1.0075402588170546,NA,1.0073612568945542,NA
9871903,7,ɟ e ʒ a ʒ,5,-24.872738132728532,NA,-Inf,NA,-27.982487602910396,NA,1.3654519295070486,NA,1.3650862603539733,NA,1.0018873378066473,NA,1.0019937933222605,NA
9871903,0,d͡ʒ o ʒ a ʒ,5,-22.732617383645024,NA,-22.660226857866917,NA,-22.815874697194054,NA,1.2757020818759344,NA,1.275491702476653,NA,1.001992869903803,NA,1.002093919802276,NA
9871903,18,l y g u v,5,-21.054989139720988,NA,-Inf,NA,-29.442333739145383,NA,1.1391300728302185,NA,1.139165406989077,NA,1.0012517628678057,NA,1.0013973759000716,NA
9871903,54,g u d͡ʒ ɯ z,5,-19.58384312679565,NA,-16.662080926911877,NA,-16.69599102385458,NA,1.1829445655903972,NA,1.1829010801604336,NA,1.004072591118986,NA,1.0040601734200405,NA
9871903,40,h a v e ʒ,5,-19.09461168027044,NA,-16.910155513317502,NA,-17.0401322477831,NA,1.4491259370421068,NA,1.448622803127972,NA,1.0389424664117677,NA,1.0370968958000453,NA
9871903,13,g o ʒ u ʒ,5,-24.442688578324432,NA,-22.033985445786712,NA,-22.016202405684076,NA,1.1437948305814645,NA,1.1438260015087924,NA,1.001138393401175,NA,1.0012964338824402,NA
9871903,16,ɟ y ʒ a ʒ,5,-26.24714392218317,NA,-27.701633339060944,NA,-27.35192869335266,NA,1.264390404377066,NA,1.2641995821532814,NA,1.0013967676551154,NA,1.0015291572871547,NA
9871903,57,m u ɾ e ɾ,5,-14.696942662362323,NA,-12.765770122828249,NA,-12.78886990036498,NA,1.4829679946903738,NA,1.482378633403974,NA,1.0554645066457835,NA,1.052583586591879,NA
9871903,44,ɟ e ɟ ø c,5,-29.515236701833903,NA,-Inf,NA,-35.387903759308166,NA,1.1759662589424205,NA,1.1759456395053902,NA,1.0001090155892292,NA,1.0003211623361203,NA
9871903,59,f a m o ʒ,5,-19.525006628199367,NA,-18.562521006783637,NA,-18.678545352468166,NA,1.3639122810041675,NA,1.3635640039359638,NA,1.0205395864056823,NA,1.0196690224611438,NA
9871903,58,m y d͡ʒ ɯ z,5,-18.55322100222074,NA,-14.44026579065542,NA,-14.47667494038302,NA,1.2502923637098795,NA,1.2501324054364051,NA,1.0311610225528094,NA,1.029724802800534,NA
9871903,32,b o ʒ ø z,5,-22.86665396829175,NA,-18.017128955938706,NA,-17.902257196862156,NA,1.1512809100750248,NA,1.1512968865447335,NA,1.0076706794235104,NA,1.0074835137562206,NA
9871903,56,b e d͡ʒ ɯ z,5,-17.81982760102264,NA,-14.454949896520516,NA,-14.498099044664276,NA,1.3212001426293818,NA,1.3209174839829685,NA,1.018554063995171,NA,1.0177796681696785,NA
9871903,70,b e v i z,5,-17.164705407397012,NA,-14.3441056545888,NA,-14.386834265478743,NA,1.3998179501932546,NA,1.3993936154387292,NA,1.0313640525417127,NA,1.029874405398718,NA
9871903,4,g ɯ ɟ i ʒ,5,-24.50361657158009,NA,-25.49963744384403,NA,-24.94700242135446,NA,1.20317522888439,NA,1.2030973279498365,NA,1.0026110525865772,NA,1.002691091470223,NA
9871903,54,m u ɟ ø z,5,-23.390324934442702,NA,-Inf,NA,-20.024930764116053,NA,1.1813238989502393,NA,1.1812879247237875,NA,1.0153068128767293,NA,1.0147184228338744,NA
9871903,47,l y g o v,5,-21.24168388132717,NA,-Inf,NA,-29.53360238566332,NA,1.1177613338707335,NA,1.117835562270347,NA,1.0014227127794817,NA,1.0015589006941277,NA
9871903,67,t͡ʃ ø z i z,5,-19.95205038921768,NA,-16.53019953976399,NA,-16.57507613525408,NA,1.2189898868089024,NA,1.21887829147456,NA,1.012754830804793,NA,1.0122417488420343,NA
9871903,0,d͡ʒ o ʒ ɯ ʒ,5,-24.079143338267087,NA,-Inf,NA,-28.009801950877545,NA,1.137517569937932,NA,1.1375587066288628,NA,1.0007051178379167,NA,1.0008859248512416,NA
9871903,11,n u t y j,5,-16.96057295686292,NA,-21.57828825775384,NA,-21.566459081067514,NA,1.1975371229986602,NA,1.1974696560083582,NA,1.0083526736746993,NA,1.008122409607921,NA
9871938,68,b o ʒ ø z,5,-22.86665396829175,NA,-18.017128955938706,NA,-17.902257196862156,NA,1.1512809100750248,NA,1.1512968865447335,NA,1.0076706794235104,NA,1.0074835137562206,NA
9871938,57,ɟ e ɟ ø c,5,-29.515236701833903,NA,-Inf,NA,-35.387903759308166,NA,1.1759662589424205,NA,1.1759456395053902,NA,1.0001090155892292,NA,1.0003211623361203,NA
9871938,96,b e v i z,5,-17.164705407397012,NA,-14.3441056545888,NA,-14.386834265478743,NA,1.3998179501932546,NA,1.3993936154387292,NA,1.0313640525417127,NA,1.029874405398718,NA
9871938,20,n ɯ ʒ a j,5,-18.361255868590177,NA,-Inf,NA,-24.42370924182812,NA,1.2862284449438637,NA,1.2859931705589396,NA,1.0083293699708047,NA,1.0080300149841257,NA
9871938,4,g ɯ ʒ u ɫ,5,-20.705303097683913,NA,-Inf,NA,-21.48584727527315,NA,1.1930536885026797,NA,1.19297852493055,NA,1.0065343732888652,NA,1.006368299524924,NA
9871938,44,l y g u v,5,-21.054989139720988,NA,-Inf,NA,-29.442333739145383,NA,1.1391300728302185,NA,1.139165406989077,NA,1.0012517628678057,NA,1.0013973759000716,NA
9871938,61,b i j u z,5,-17.587656552519828,NA,-14.901222365010376,NA,-14.934988048180376,NA,1.2542839912465815,NA,1.2541176642790226,NA,1.0211939364547036,NA,1.0202725415610168,NA
9871938,14,v ɯ ʒ ɯ ʒ,5,-23.69648085276263,NA,-Inf,NA,-31.00943562503508,NA,1.125927847369398,NA,1.1259890347950725,NA,1.0002707972270364,NA,1.000474478028374,NA
9871938,43,ɟ i f o ʒ,5,-24.780676297755964,NA,-25.425443803693742,NA,-25.116310217920844,NA,1.1272633513846158,NA,1.1273248298147074,NA,1.0025592701523314,NA,1.0026389458748235,NA
9871938,71,m y d͡ʒ ɯ z,5,-18.55322100222074,NA,-14.44026579065542,NA,-14.47667494038302,NA,1.2502923637098795,NA,1.2501324054364051,NA,1.0311610225528094,NA,1.029724802800534,NA
9871938,39,v i c i t͡ʃ,5,-20.547113263958217,NA,-Inf,NA,-23.1711421973128,NA,1.2268410034005357,NA,1.2267195786230238,NA,1.0039829073988151,NA,1.0039769766982811,NA
9871938,46,ɟ e ʒ a ʒ,5,-24.872738132728532,NA,-Inf,NA,-27.982487602910396,NA,1.3654519295070486,NA,1.3650862603539733,NA,1.0018873378066473,NA,1.0019937933222605,NA
9871938,71,g ɯ ɟ ø z,5,-24.493762160994564,NA,-Inf,NA,-21.039008141833634,NA,1.1091017507441014,NA,1.109190682492799,NA,1.002741473193033,NA,1.0028133483318893,NA
9871938,26,f i m y z,5,-17.903375865695956,NA,-14.742633621324917,NA,-14.786764221872444,NA,1.201636639433986,NA,1.2015630839111278,NA,1.0120057633303254,NA,1.0115817861902552,NA
9871938,14,f i f ø c,5,-22.934346180129452,NA,-Inf,NA,-24.81560530960652,NA,1.1324703057575094,NA,1.132524760714353,NA,1.00781397621939,NA,1.0076205413173758,NA
9871938,62,n y n a j,5,-15.538878453846433,NA,-19.248648600763232,NA,-19.252973283175265,NA,1.375893401023051,NA,1.3755021898241135,NA,1.025399913127838,NA,1.024174835275507,NA
9871938,82,b o ɟ ø z,5,-24.218032064305415,NA,-Inf,NA,-19.98603714014059,NA,1.1508993555127225,NA,1.1509159963499356,NA,1.0076706794235104,NA,1.0074835137562206,NA
9871938,41,t͡ʃ ø t͡ʃ ø z,5,-22.697768764281445,NA,-19.14014982771973,NA,-19.125549383488163,NA,1.0814485413778725,NA,1.0815851832308758,NA,1.0021481577380047,NA,1.0022510865945526,NA
9871938,26,ɫ a v ø c,5,-20.9587256480507,NA,-Inf,NA,-27.741190815322057,NA,1.3120436196337373,NA,1.311787239641347,NA,1.0128467704178925,NA,1.0123863819849432,NA
9871938,65,m u ɟ ø z,5,-23.390324934442702,NA,-Inf,NA,-20.024930764116053,NA,1.1813238989502393,NA,1.1812879247237875,NA,1.0153068128767293,NA,1.0147184228338744,NA
9871938,59,h a ɟ y ʒ,5,-23.863657450841075,NA,-22.624553381069926,NA,-22.344510460590467,NA,1.3349575084723493,NA,1.334659755521368,NA,1.0247789272681185,NA,1.023693209239092,NA
9871938,42,ɫ a m ø s,5,-16.4448878098927,NA,-21.700506185311,NA,-21.560223247833047,NA,1.3597787878886536,NA,1.359429234768754,NA,1.0166672670594712,NA,1.0160046485573355,NA
9871938,91,l e l e c,5,-21.338527197603927,NA,-31.45089604529384,NA,-30.582591541482635,NA,1.2981271077413907,NA,1.2978856396230185,NA,1.0037045395306985,NA,1.0037202628550872,NA
9871938,39,g o ʒ u ʒ,5,-24.442688578324432,NA,-22.033985445786712,NA,-22.016202405684076,NA,1.1437948305814645,NA,1.1438260015087924,NA,1.001138393401175,NA,1.0012964338824402,NA
9871938,63,b e ʒ u z,5,-20.09685568317635,NA,-17.616675465865157,NA,-17.692227901481022,NA,1.2990802527770584,NA,1.298836883201828,NA,1.0147738277840022,NA,1.0141969018237178,NA
9871938,87,m u ɾ e ɾ,5,-14.696942662362323,NA,-12.765770122828249,NA,-12.78886990036498,NA,1.4829679946903738,NA,1.482378633403974,NA,1.0554645066457835,NA,1.052583586591879,NA
9871938,26,t͡ʃ u ɫ a ʒ,5,-19.237587515269706,NA,-18.130207686087324,NA,-18.26240532798674,NA,1.3722130475752563,NA,1.3718347547581715,NA,1.0249011247841782,NA,1.0237533348136263,NA
9871938,62,n e m o h,5,-16.32924773528244,NA,-20.77206130453725,NA,-20.726772496747454,NA,1.276400178714621,NA,1.2761991218991138,NA,1.016692629955233,NA,1.016027305212858,NA
9871938,29,v ø g a v,5,-20.10445696792307,NA,-Inf,NA,-26.10524817310064,NA,1.247357754390403,NA,1.247192526866456,NA,1.0083186036664065,NA,1.0080374911419787,NA
9871938,67,ɫ o c i v,5,-20.32154509757039,NA,-Inf,NA,-28.655330256748375,NA,1.203566924559405,NA,1.203484498665397,NA,1.003612403694333,NA,1.0036254079173543,NA
9871938,25,f u ʒ o ʒ,5,-24.318186592419305,NA,-24.076093804584303,NA,-23.89378841031736,NA,1.113926858532862,NA,1.1140116216965557,NA,1.0011715459746369,NA,1.0013258782882402,NA
9871938,84,ɟ ø c y c,5,-29.771612116763333,NA,-Inf,NA,-33.918015159012405,NA,1.0457614416943897,NA,1.0459642311442183,NA,1.000065210303228,NA,1.0002790383147078,NA
9871938,42,m y ʒ u z,5,-20.83024908437445,NA,-18.018790953182332,NA,-17.957196378821674,NA,1.2281724738575563,NA,1.228051804655265,NA,1.028797989001621,NA,1.027484318333768,NA
9871938,93,m u ɾ u ɾ,5,-15.78366637936518,NA,-13.562188301724916,NA,-13.588096170629813,NA,1.419431610850839,NA,1.418957895106949,NA,1.0416730830399104,NA,1.0396065469972535,NA
9871938,16,ʃ i ʒ a z,5,-19.04980356239507,NA,-19.97037085869323,NA,-19.99831106394273,NA,1.315532256051761,NA,1.315247063807122,NA,1.0098413554752772,NA,1.009482109892058,NA
9871938,44,ɫ o c i c,5,-22.598154704161175,NA,-Inf,NA,-30.38087562282667,NA,1.192024700888065,NA,1.1919663103397642,NA,1.0024386182362308,NA,1.002525096162357,NA
9871938,86,s ø ɾ e ɾ,5,-16.33314456534291,NA,-14.679954878983413,NA,-14.714425131840436,NA,1.4153867644354674,NA,1.4149143088475702,NA,1.032928769087306,NA,1.0312349764733082,NA
9871938,72,ɫ o t a ɫ,5,-14.65850607845412,NA,-17.671672662841534,NA,-17.682535023707715,NA,1.3973781624522024,NA,1.3969353956490551,NA,1.0300127259382086,NA,1.0284804983759424,NA
9871938,66,b u t͡ʃ ø z,5,-20.64528675679707,NA,-16.726730678422822,NA,-16.76182039023128,NA,1.1627803129926748,NA,1.1627762695685162,NA,1.0077814367587763,NA,1.0075883291945815,NA
9871938,97,t i ɾ i n,5,-14.025136929876307,NA,-13.29622096087098,NA,-13.31495014679013,NA,1.4868293162319706,NA,1.4862336716167204,NA,1.0380836476564423,NA,1.036141119098454,NA
9871938,36,ɫ a ʒ ɯ v,5,-19.01413112958105,NA,-25.27309072876929,NA,-24.70218102731933,NA,1.3434818002281597,NA,1.3431627791155516,NA,1.0027190231281846,NA,1.0027934061307997,NA
9871938,41,n u ʒ u v,5,-20.80128833604193,NA,-25.0331577171281,NA,-24.8916465105402,NA,1.1410317248052262,NA,1.1410638524210197,NA,1.0012699088513268,NA,1.001416451124873,NA
9871938,96,z a c i c,5,-21.79076817824873,NA,-Inf,NA,-28.16360280521193,NA,1.396529547044278,NA,1.3961173439888992,NA,1.0049309977725878,NA,1.0048864608834187,NA
9871938,59,k ɯ ɾ y ɾ,5,-15.606638034872336,NA,-13.90445119214018,NA,-13.927432452108098,NA,1.4023519238658844,NA,1.4019095639097712,NA,1.0403132444979513,NA,1.0383564043662596,NA
9871938,76,n ɯ t a j,5,-14.896630988839425,NA,-19.401787788498176,NA,-19.40541509478784,NA,1.354526711595995,NA,1.3541725154278046,NA,1.021234920433465,NA,1.0202283613160217,NA
9871938,27,z i ʃ u ʒ,5,-20.611196487491956,NA,-21.50834429121576,NA,-21.43777842049785,NA,1.1722474271142185,NA,1.1722290569471934,NA,1.0065648677878622,NA,1.0064344360939144,NA
9871938,96,n o t u s,5,-16.47465512035086,NA,-19.735328187133018,NA,-19.743774110963223,NA,1.2269920276179962,NA,1.226868358906597,NA,1.0080817305580838,NA,1.0078462760915818,NA
9871938,27,ɟ y ɟ i c,5,-28.504374274105167,NA,-34.0614415135249,NA,-32.63139034186276,NA,1.1857372598822993,NA,1.1856897559125137,NA,1.0003805593107542,NA,1.0005751782641632,NA
9871938,54,k ɯ ɾ u ɾ,5,-15.318955962420556,NA,-13.211802908261404,NA,-13.235619449577031,NA,1.4222960802280702,NA,1.4218174189805863,NA,1.0464229248539447,NA,1.04410490580885,NA
9871938,35,l e g u j,5,-19.01681077838631,NA,-26.364507293773418,NA,-25.975664718831844,NA,1.2483428858636896,NA,1.248186398979058,NA,1.0016771227161092,NA,1.0018008835043444,NA
9871938,58,n ɯ ʒ o h,5,-20.43289152093352,NA,-Inf,NA,-27.681960708161636,NA,1.1097661427251175,NA,1.1098539195905015,NA,1.0003249566724437,NA,1.0005257916572736,NA
9871938,96,l i l e c,5,-21.536362523929785,NA,-31.083984388924055,NA,-30.331424169322283,NA,1.2119594300984098,NA,1.2118670410071015,NA,1.002450860254562,NA,1.002532859654261,NA
9871938,9,l ø ʒ a v,5,-22.61577681077505,NA,-Inf,NA,-27.92410669629761,NA,1.2294482612194106,NA,1.2293140831342488,NA,1.0055264217757005,NA,1.0053992528390658,NA
9871938,30,v ɯ c e c,5,-23.291319549211504,NA,-Inf,NA,-31.131139803939128,NA,1.1800904532909162,NA,1.1800533352853768,NA,1.0009229002593154,NA,1.0010857623367058,NA
9871938,42,ɟ y ʒ a ʒ,5,-26.24714392218317,NA,-27.701633339060944,NA,-27.35192869335266,NA,1.264390404377066,NA,1.2641995821532814,NA,1.0013967676551154,NA,1.0015291572871547,NA
9871938,72,n u t y j,5,-16.96057295686292,NA,-21.57828825775384,NA,-21.566459081067514,NA,1.1975371229986602,NA,1.1974696560083582,NA,1.0083526736746993,NA,1.008122409607921,NA
9871938,51,l ø ʒ o h,5,-24.023639891238354,NA,-Inf,NA,-30.04919461281527,NA,1.0611372469041531,NA,1.0613091459550994,NA,1,1,1.0002179098838746,1
9871938,98,b e v a z,5,-16.49220087297713,NA,-13.608243420111007,NA,-13.653196067821916,NA,1.477372226790212,NA,1.4768067318712417,NA,1.039668977985646,NA,1.0377122037388582,NA
9871938,69,h a ʒ u ʒ,5,-22.22459728237563,NA,-20.574734095421434,NA,-20.57980325185485,NA,1.3552832193968376,NA,1.354948500786981,NA,1.024100953206239,NA,1.0230524747443015,NA
9871938,59,n ø t i v,5,-17.944154892120544,NA,-23.2961730088594,NA,-23.250097222909492,NA,1.2347006964889633,NA,1.2345636665208823,NA,1.0201890138444885,NA,1.019285545598672,NA
9871938,82,n u c i c,5,-22.422357273444163,NA,-Inf,NA,-30.604841117870382,NA,1.2010655284312557,NA,1.2009915028727167,NA,1.0010304726556416,NA,1.0011909418109612,NA
9871938,62,t͡ʃ ø z ɯ z,5,-20.62607180941986,NA,-16.976091075060026,NA,-17.019424912474907,NA,1.1583596514678574,NA,1.1583584120592822,NA,1.0080045227428704,NA,1.0077781589190764,NA
9871938,49,g u d͡ʒ ɯ z,5,-19.58384312679565,NA,-16.662080926911877,NA,-16.69599102385458,NA,1.1829445655903972,NA,1.1829010801604336,NA,1.004072591118986,NA,1.0040601734200405,NA
9871938,77,h a v e ʒ,5,-19.09461168027044,NA,-16.910155513317502,NA,-17.0401322477831,NA,1.4491259370421068,NA,1.448622803127972,NA,1.0389424664117677,NA,1.0370968958000453,NA
9871938,60,b o ʒ o j,5,-21.245057054178083,NA,-20.13244875835492,NA,-20.046431822915014,NA,1.1725304838846882,NA,1.1725072015915694,NA,1.0075402588170546,NA,1.0073612568945542,NA
9871938,95,m y ɟ ø z,5,-23.67800700689448,NA,-Inf,NA,-19.812441326740707,NA,1.1873897568358545,NA,1.1873432880455872,NA,1.0271132236263087,NA,1.0259044813368154,NA
9871938,98,k o m y ɾ,5,-16.353424337993484,NA,-13.883195970862252,NA,-13.910528361180043,NA,1.3227564267292913,NA,1.3224527779546218,NA,1.0242905957012058,NA,1.0231863397295329,NA
9871938,13,l y v ø c,5,-24.69819952981217,NA,-Inf,NA,-33.84418076589204,NA,1.1109520851514574,NA,1.1110436100959913,NA,1.0013626948653658,NA,1.0015085655369462,NA
9871938,33,l y g o v,5,-21.24168388132717,NA,-Inf,NA,-29.53360238566332,NA,1.1177613338707335,NA,1.117835562270347,NA,1.0014227127794817,NA,1.0015589006941277,NA
9871938,21,d͡ʒ o ʒ a ʒ,5,-22.732617383645024,NA,-22.660226857866917,NA,-22.815874697194054,NA,1.2757020818759344,NA,1.275491702476653,NA,1.001992869903803,NA,1.002093919802276,NA
9871938,65,c y f e f,5,-21.527813099749014,NA,-Inf,NA,-22.664539480096867,NA,1.2118743211486604,NA,1.2117773135384928,NA,1.0071295794804112,NA,1.0069463406784327,NA
9871938,34,t͡ʃ ø z i z,5,-19.95205038921768,NA,-16.53019953976399,NA,-16.57507613525408,NA,1.2189898868089024,NA,1.21887829147456,NA,1.012754830804793,NA,1.0122417488420343,NA
9871938,36,z a ʒ a ʒ,5,-20.65156820085194,NA,-20.88415273374731,NA,-21.111799773330873,NA,1.473656473289835,NA,1.4731036094504746,NA,1.005674667143876,NA,1.0055823087757958,NA
9871938,33,f a m o ʒ,5,-19.525006628199367,NA,-18.562521006783637,NA,-18.678545352468166,NA,1.3639122810041675,NA,1.3635640039359638,NA,1.0205395864056823,NA,1.0196690224611438,NA
9871938,73,g a h a n,5,-15.424795057512029,NA,-12.671136251120728,NA,-12.713594601335702,NA,1.5950046496787846,NA,1.5942160548671798,NA,1.0568362269206326,NA,1.0537746821415517,NA
9871938,6,z ɯ f ø ʒ,5,-23.017882079075772,NA,-Inf,NA,-25.118736995317576,NA,1.0902439638685273,NA,1.090371213824056,NA,1.0024969451408785,NA,1.00258336556017,NA
9871938,24,l i ʒ ɯ h,5,-21.236809961973975,NA,-30.679339934133328,NA,-29.742273739726983,NA,1.158327478084528,NA,1.1583284213199998,NA,1.0005226776773717,NA,1.000711052533111,NA
9871938,46,l i ɾ a ɫ,5,-15.3609350799713,NA,-19.8361902836386,NA,-19.591438837393905,NA,1.4834033363849624,NA,1.482810949290984,NA,1.052665896370704,NA,1.049897439309165,NA
9871938,88,k o ɾ e n,5,-14.885879129991546,NA,-12.897900518277458,NA,-12.921968836319405,NA,1.4935674111675834,NA,1.492960755870561,NA,1.051458107409831,NA,1.0487970966537057,NA
9871938,60,b u z i z,5,-17.899568381733303,NA,-15.168587722623604,NA,-15.20544673192982,NA,1.300321658423705,NA,1.3000693778122003,NA,1.018878679977096,NA,1.0180436274771694,NA
9871938,41,n u ʒ a v,5,-19.23989541094505,NA,-24.070092646118187,NA,-23.96757799454814,NA,1.2890173650126455,NA,1.2887801370464675,NA,1.0063398585044316,NA,1.0061698950642324,NA
9871938,18,b y ɟ y ʒ,5,-25.505444268865332,NA,-25.45365748559964,NA,-24.547852043511448,NA,1.1609339687930145,NA,1.1609373105847451,NA,1.0030582028661408,NA,1.0031139432724736,NA
9871938,22,ɟ ø ʒ u ʒ,5,-29.01723460133465,NA,-Inf,NA,-30.01521454529064,NA,1.0652782477051752,NA,1.0654452352440962,NA,1,1,1.0002179098838746,1
9871938,5,p ɯ h i c,5,-20.565900791151996,NA,-23.40671397169415,NA,-23.24817306184844,NA,1.2307563842740858,NA,1.2306306880145006,NA,1.0085929357767276,NA,1.008342931175454,NA
9871938,22,l e l i v,5,-19.259752917338997,NA,-29.576825325610375,NA,-28.93865942698328,NA,1.3165643111836578,NA,1.316286257844561,NA,1.004552273472661,NA,1.0045149324559184,NA
9871938,38,z a g u ʒ,5,-20.29947828385247,NA,-22.63081735331332,NA,-22.558066597039417,NA,1.3322117684361712,NA,1.331916871021566,NA,1.0060543305370335,NA,1.005951900443092,NA
9871938,45,v ø h u v,5,-21.19584626377422,NA,-Inf,NA,-27.14453973692883,NA,1.12204735674267,NA,1.1221120023890112,NA,1.0019306114959543,NA,1.0020390443325038,NA
9871938,36,l e m ø c,5,-22.135268586336817,NA,-Inf,NA,-30.8974573340183,NA,1.2302737214773412,NA,1.230158604762022,NA,1.0104704475845636,NA,1.010134576043257,NA
9871938,70,b e d͡ʒ ɯ z,5,-17.81982760102264,NA,-14.454949896520516,NA,-14.498099044664276,NA,1.3212001426293818,NA,1.3209174839829685,NA,1.018554063995171,NA,1.0177796681696785,NA
9871938,20,v ø l ø c,5,-25.90689728386676,NA,-Inf,NA,-35.34511196131538,NA,1.053370077665239,NA,1.0535614319623523,NA,1,1,1.0002179098838746,1
9871938,78,t e m y ɾ,5,-15.097011485226544,NA,-13.149158478430715,NA,-13.17506319379305,NA,1.3952910296657324,NA,1.3948618624207878,NA,1.043610721726628,NA,1.0414893151040772,NA
9871938,22,g ɯ ɟ i ʒ,5,-24.50361657158009,NA,-25.49963744384403,NA,-24.94700242135446,NA,1.20317522888439,NA,1.2030973279498365,NA,1.0026110525865772,NA,1.002691091470223,NA
9871938,87,m y d͡ʒ i z,5,-17.879199582018565,NA,-14.393898283796569,NA,-14.429259306354858,NA,1.3109225990509248,NA,1.3106522848516828,NA,1.0375068631237063,NA,1.0356959574680136,NA
9871938,64,ɫ a c i c,5,-20.85006703745811,NA,-Inf,NA,-28.268360365160696,NA,1.393714475584772,NA,1.393307140789591,NA,1.0031978955195548,NA,1.003244424758624,NA
9871938,7,v i ɟ ø ʒ,5,-26.08508432555531,NA,-Inf,NA,-26.573834589061327,NA,1.1072439154231664,NA,1.107341952591128,NA,1.002221233960113,NA,1.002322393863214,NA
9871938,9,d͡ʒ o ʒ ɯ ʒ,5,-24.079143338267087,NA,-Inf,NA,-28.009801950877545,NA,1.137517569937932,NA,1.1375587066288628,NA,1.0007051178379167,NA,1.0008859248512416,NA
9872101,87,b e v i z,5,-17.164705407397012,NA,-14.3441056545888,NA,-14.386834265478743,NA,1.3998179501932546,NA,1.3993936154387292,NA,1.0313640525417127,NA,1.029874405398718,NA
9872101,65,m u ɟ ø z,5,-23.390324934442702,NA,-Inf,NA,-20.024930764116053,NA,1.1813238989502393,NA,1.1812879247237875,NA,1.0153068128767293,NA,1.0147184228338744,NA
9872101,74,m u ɾ e ɾ,5,-14.696942662362323,NA,-12.765770122828249,NA,-12.78886990036498,NA,1.4829679946903738,NA,1.482378633403974,NA,1.0554645066457835,NA,1.052583586591879,NA
9872101,78,v ø l ø c,5,-25.90689728386676,NA,-Inf,NA,-35.34511196131538,NA,1.053370077665239,NA,1.0535614319623523,NA,1,1,1.0002179098838746,1
9872101,18,z a g u ʒ,5,-20.29947828385247,NA,-22.63081735331332,NA,-22.558066597039417,NA,1.3322117684361712,NA,1.331916871021566,NA,1.0060543305370335,NA,1.005951900443092,NA
9872101,65,ɟ y ɟ i c,5,-28.504374274105167,NA,-34.0614415135249,NA,-32.63139034186276,NA,1.1857372598822993,NA,1.1856897559125137,NA,1.0003805593107542,NA,1.0005751782641632,NA
9872101,60,l e m ø c,5,-22.135268586336817,NA,-Inf,NA,-30.8974573340183,NA,1.2302737214773412,NA,1.230158604762022,NA,1.0104704475845636,NA,1.010134576043257,NA
9872101,13,f u ʒ o ʒ,5,-24.318186592419305,NA,-24.076093804584303,NA,-23.89378841031736,NA,1.113926858532862,NA,1.1140116216965557,NA,1.0011715459746369,NA,1.0013258782882402,NA
9872101,57,l y g u v,5,-21.054989139720988,NA,-Inf,NA,-29.442333739145383,NA,1.1391300728302185,NA,1.139165406989077,NA,1.0012517628678057,NA,1.0013973759000716,NA
9872101,77,b o ɟ ø z,5,-24.218032064305415,NA,-Inf,NA,-19.98603714014059,NA,1.1508993555127225,NA,1.1509159963499356,NA,1.0076706794235104,NA,1.0074835137562206,NA
9872101,13,v i ɟ ø ʒ,5,-26.08508432555531,NA,-Inf,NA,-26.573834589061327,NA,1.1072439154231664,NA,1.107341952591128,NA,1.002221233960113,NA,1.002322393863214,NA
9872101,88,b u t͡ʃ ø z,5,-20.64528675679707,NA,-16.726730678422822,NA,-16.76182039023128,NA,1.1627803129926748,NA,1.1627762695685162,NA,1.0077814367587763,NA,1.0075883291945815,NA
9872101,22,l i ʒ ɯ h,5,-21.236809961973975,NA,-30.679339934133328,NA,-29.742273739726983,NA,1.158327478084528,NA,1.1583284213199998,NA,1.0005226776773717,NA,1.000711052533111,NA
9872101,68,f i m y z,5,-17.903375865695956,NA,-14.742633621324917,NA,-14.786764221872444,NA,1.201636639433986,NA,1.2015630839111278,NA,1.0120057633303254,NA,1.0115817861902552,NA
9872101,14,z a ʒ a ʒ,5,-20.65156820085194,NA,-20.88415273374731,NA,-21.111799773330873,NA,1.473656473289835,NA,1.4731036094504746,NA,1.005674667143876,NA,1.0055823087757958,NA
9872101,58,t͡ʃ ø z ɯ z,5,-20.62607180941986,NA,-16.976091075060026,NA,-17.019424912474907,NA,1.1583596514678574,NA,1.1583584120592822,NA,1.0080045227428704,NA,1.0077781589190764,NA
9872101,60,n o t u s,5,-16.47465512035086,NA,-19.735328187133018,NA,-19.743774110963223,NA,1.2269920276179962,NA,1.226868358906597,NA,1.0080817305580838,NA,1.0078462760915818,NA
9872101,12,h a v e ʒ,5,-19.09461168027044,NA,-16.910155513317502,NA,-17.0401322477831,NA,1.4491259370421068,NA,1.448622803127972,NA,1.0389424664117677,NA,1.0370968958000453,NA
9872101,16,ɫ o t a ɫ,5,-14.65850607845412,NA,-17.671672662841534,NA,-17.682535023707715,NA,1.3973781624522024,NA,1.3969353956490551,NA,1.0300127259382086,NA,1.0284804983759424,NA
9872101,68,t͡ʃ ø t͡ʃ ø z,5,-22.697768764281445,NA,-19.14014982771973,NA,-19.125549383488163,NA,1.0814485413778725,NA,1.0815851832308758,NA,1.0021481577380047,NA,1.0022510865945526,NA
9872101,12,n u ʒ u v,5,-20.80128833604193,NA,-25.0331577171281,NA,-24.8916465105402,NA,1.1410317248052262,NA,1.1410638524210197,NA,1.0012699088513268,NA,1.001416451124873,NA
9872101,64,n y n a j,5,-15.538878453846433,NA,-19.248648600763232,NA,-19.252973283175265,NA,1.375893401023051,NA,1.3755021898241135,NA,1.025399913127838,NA,1.024174835275507,NA
9872101,59,ɫ o c i v,5,-20.32154509757039,NA,-Inf,NA,-28.655330256748375,NA,1.203566924559405,NA,1.203484498665397,NA,1.003612403694333,NA,1.0036254079173543,NA
9872101,77,k o m y ɾ,5,-16.353424337993484,NA,-13.883195970862252,NA,-13.910528361180043,NA,1.3227564267292913,NA,1.3224527779546218,NA,1.0242905957012058,NA,1.0231863397295329,NA
9872101,23,l ø ʒ a v,5,-22.61577681077505,NA,-Inf,NA,-27.92410669629761,NA,1.2294482612194106,NA,1.2293140831342488,NA,1.0055264217757005,NA,1.0053992528390658,NA
9872101,75,g a h a n,5,-15.424795057512029,NA,-12.671136251120728,NA,-12.713594601335702,NA,1.5950046496787846,NA,1.5942160548671798,NA,1.0568362269206326,NA,1.0537746821415517,NA
9872101,85,z a c i c,5,-21.79076817824873,NA,-Inf,NA,-28.16360280521193,NA,1.396529547044278,NA,1.3961173439888992,NA,1.0049309977725878,NA,1.0048864608834187,NA
9872101,62,k o ɾ e n,5,-14.885879129991546,NA,-12.897900518277458,NA,-12.921968836319405,NA,1.4935674111675834,NA,1.492960755870561,NA,1.051458107409831,NA,1.0487970966537057,NA
9872101,76,l e l e c,5,-21.338527197603927,NA,-31.45089604529384,NA,-30.582591541482635,NA,1.2981271077413907,NA,1.2978856396230185,NA,1.0037045395306985,NA,1.0037202628550872,NA
9872101,55,v ɯ c e c,5,-23.291319549211504,NA,-Inf,NA,-31.131139803939128,NA,1.1800904532909162,NA,1.1800533352853768,NA,1.0009229002593154,NA,1.0010857623367058,NA
9872101,69,l i ɾ a ɫ,5,-15.3609350799713,NA,-19.8361902836386,NA,-19.591438837393905,NA,1.4834033363849624,NA,1.482810949290984,NA,1.052665896370704,NA,1.049897439309165,NA
9872101,75,ɟ ø c y c,5,-29.771612116763333,NA,-Inf,NA,-33.918015159012405,NA,1.0457614416943897,NA,1.0459642311442183,NA,1.000065210303228,NA,1.0002790383147078,NA
9872101,19,n e m o h,5,-16.32924773528244,NA,-20.77206130453725,NA,-20.726772496747454,NA,1.276400178714621,NA,1.2761991218991138,NA,1.016692629955233,NA,1.016027305212858,NA
9872101,16,h a ɟ y ʒ,5,-23.863657450841075,NA,-22.624553381069926,NA,-22.344510460590467,NA,1.3349575084723493,NA,1.334659755521368,NA,1.0247789272681185,NA,1.023693209239092,NA
9872101,17,n ɯ ʒ a j,5,-18.361255868590177,NA,-Inf,NA,-24.42370924182812,NA,1.2862284449438637,NA,1.2859931705589396,NA,1.0083293699708047,NA,1.0080300149841257,NA
9872101,3,ʃ i ʒ a z,5,-19.04980356239507,NA,-19.97037085869323,NA,-19.99831106394273,NA,1.315532256051761,NA,1.315247063807122,NA,1.0098413554752772,NA,1.009482109892058,NA
9872101,31,b o ʒ o j,5,-21.245057054178083,NA,-20.13244875835492,NA,-20.046431822915014,NA,1.1725304838846882,NA,1.1725072015915694,NA,1.0075402588170546,NA,1.0073612568945542,NA
9872101,63,b u z i z,5,-17.899568381733303,NA,-15.168587722623604,NA,-15.20544673192982,NA,1.300321658423705,NA,1.3000693778122003,NA,1.018878679977096,NA,1.0180436274771694,NA
9872101,41,ɫ a m ø s,5,-16.4448878098927,NA,-21.700506185311,NA,-21.560223247833047,NA,1.3597787878886536,NA,1.359429234768754,NA,1.0166672670594712,NA,1.0160046485573355,NA
9872101,61,z ɯ f ø ʒ,5,-23.017882079075772,NA,-Inf,NA,-25.118736995317576,NA,1.0902439638685273,NA,1.090371213824056,NA,1.0024969451408785,NA,1.00258336556017,NA
9872101,32,g ɯ ɟ i ʒ,5,-24.50361657158009,NA,-25.49963744384403,NA,-24.94700242135446,NA,1.20317522888439,NA,1.2030973279498365,NA,1.0026110525865772,NA,1.002691091470223,NA
9872101,75,m y ɟ ø z,5,-23.67800700689448,NA,-Inf,NA,-19.812441326740707,NA,1.1873897568358545,NA,1.1873432880455872,NA,1.0271132236263087,NA,1.0259044813368154,NA
9872101,64,c y f e f,5,-21.527813099749014,NA,-Inf,NA,-22.664539480096867,NA,1.2118743211486604,NA,1.2117773135384928,NA,1.0071295794804112,NA,1.0069463406784327,NA
9872101,62,n ø t i v,5,-17.944154892120544,NA,-23.2961730088594,NA,-23.250097222909492,NA,1.2347006964889633,NA,1.2345636665208823,NA,1.0201890138444885,NA,1.019285545598672,NA
9872101,14,ɟ ø ʒ u ʒ,5,-29.01723460133465,NA,-Inf,NA,-30.01521454529064,NA,1.0652782477051752,NA,1.0654452352440962,NA,1,1,1.0002179098838746,1
9872101,24,m y ʒ u z,5,-20.83024908437445,NA,-18.018790953182332,NA,-17.957196378821674,NA,1.2281724738575563,NA,1.228051804655265,NA,1.028797989001621,NA,1.027484318333768,NA
9872101,38,l e g u j,5,-19.01681077838631,NA,-26.364507293773418,NA,-25.975664718831844,NA,1.2483428858636896,NA,1.248186398979058,NA,1.0016771227161092,NA,1.0018008835043444,NA
9872101,21,h a ʒ u ʒ,5,-22.22459728237563,NA,-20.574734095421434,NA,-20.57980325185485,NA,1.3552832193968376,NA,1.354948500786981,NA,1.024100953206239,NA,1.0230524747443015,NA
9872101,96,m u ɾ u ɾ,5,-15.78366637936518,NA,-13.562188301724916,NA,-13.588096170629813,NA,1.419431610850839,NA,1.418957895106949,NA,1.0416730830399104,NA,1.0396065469972535,NA
9872101,90,l i l e c,5,-21.536362523929785,NA,-31.083984388924055,NA,-30.331424169322283,NA,1.2119594300984098,NA,1.2118670410071015,NA,1.002450860254562,NA,1.002532859654261,NA
9872101,63,t e m y ɾ,5,-15.097011485226544,NA,-13.149158478430715,NA,-13.17506319379305,NA,1.3952910296657324,NA,1.3948618624207878,NA,1.043610721726628,NA,1.0414893151040772,NA
9872101,17,b o ʒ ø z,5,-22.86665396829175,NA,-18.017128955938706,NA,-17.902257196862156,NA,1.1512809100750248,NA,1.1512968865447335,NA,1.0076706794235104,NA,1.0074835137562206,NA
9872101,19,ɟ i f o ʒ,5,-24.780676297755964,NA,-25.425443803693742,NA,-25.116310217920844,NA,1.1272633513846158,NA,1.1273248298147074,NA,1.0025592701523314,NA,1.0026389458748235,NA
9872101,80,v i c i t͡ʃ,5,-20.547113263958217,NA,-Inf,NA,-23.1711421973128,NA,1.2268410034005357,NA,1.2267195786230238,NA,1.0039829073988151,NA,1.0039769766982811,NA
9872101,24,g o ʒ u ʒ,5,-24.442688578324432,NA,-22.033985445786712,NA,-22.016202405684076,NA,1.1437948305814645,NA,1.1438260015087924,NA,1.001138393401175,NA,1.0012964338824402,NA
9872101,25,b y ɟ y ʒ,5,-25.505444268865332,NA,-25.45365748559964,NA,-24.547852043511448,NA,1.1609339687930145,NA,1.1609373105847451,NA,1.0030582028661408,NA,1.0031139432724736,NA
9872101,74,b e d͡ʒ ɯ z,5,-17.81982760102264,NA,-14.454949896520516,NA,-14.498099044664276,NA,1.3212001426293818,NA,1.3209174839829685,NA,1.018554063995171,NA,1.0177796681696785,NA
9872101,98,m y d͡ʒ i z,5,-17.879199582018565,NA,-14.393898283796569,NA,-14.429259306354858,NA,1.3109225990509248,NA,1.3106522848516828,NA,1.0375068631237063,NA,1.0356959574680136,NA
9872101,100,ɫ a c i c,5,-20.85006703745811,NA,-Inf,NA,-28.268360365160696,NA,1.393714475584772,NA,1.393307140789591,NA,1.0031978955195548,NA,1.003244424758624,NA
9872101,67,b e v a z,5,-16.49220087297713,NA,-13.608243420111007,NA,-13.653196067821916,NA,1.477372226790212,NA,1.4768067318712417,NA,1.039668977985646,NA,1.0377122037388582,NA
9872101,12,g ɯ ʒ u ɫ,5,-20.705303097683913,NA,-Inf,NA,-21.48584727527315,NA,1.1930536885026797,NA,1.19297852493055,NA,1.0065343732888652,NA,1.006368299524924,NA
9872101,72,m y d͡ʒ ɯ z,5,-18.55322100222074,NA,-14.44026579065542,NA,-14.47667494038302,NA,1.2502923637098795,NA,1.2501324054364051,NA,1.0311610225528094,NA,1.029724802800534,NA
9872101,9,ɟ e ʒ a ʒ,5,-24.872738132728532,NA,-Inf,NA,-27.982487602910396,NA,1.3654519295070486,NA,1.3650862603539733,NA,1.0018873378066473,NA,1.0019937933222605,NA
9872101,23,ɟ e ɟ ø c,5,-29.515236701833903,NA,-Inf,NA,-35.387903759308166,NA,1.1759662589424205,NA,1.1759456395053902,NA,1.0001090155892292,NA,1.0003211623361203,NA
9872101,23,v ɯ ʒ ɯ ʒ,5,-23.69648085276263,NA,-Inf,NA,-31.00943562503508,NA,1.125927847369398,NA,1.1259890347950725,NA,1.0002707972270364,NA,1.000474478028374,NA
9872101,19,l e l i v,5,-19.259752917338997,NA,-29.576825325610375,NA,-28.93865942698328,NA,1.3165643111836578,NA,1.316286257844561,NA,1.004552273472661,NA,1.0045149324559184,NA
9872101,75,b i j u z,5,-17.587656552519828,NA,-14.901222365010376,NA,-14.934988048180376,NA,1.2542839912465815,NA,1.2541176642790226,NA,1.0211939364547036,NA,1.0202725415610168,NA
9872101,17,l ø ʒ o h,5,-24.023639891238354,NA,-Inf,NA,-30.04919461281527,NA,1.0611372469041531,NA,1.0613091459550994,NA,1,1,1.0002179098838746,1
9872101,13,ɫ a ʒ ɯ v,5,-19.01413112958105,NA,-25.27309072876929,NA,-24.70218102731933,NA,1.3434818002281597,NA,1.3431627791155516,NA,1.0027190231281846,NA,1.0027934061307997,NA
9872101,65,k ɯ ɾ y ɾ,5,-15.606638034872336,NA,-13.90445119214018,NA,-13.927432452108098,NA,1.4023519238658844,NA,1.4019095639097712,NA,1.0403132444979513,NA,1.0383564043662596,NA
9872101,54,t͡ʃ u ɫ a ʒ,5,-19.237587515269706,NA,-18.130207686087324,NA,-18.26240532798674,NA,1.3722130475752563,NA,1.3718347547581715,NA,1.0249011247841782,NA,1.0237533348136263,NA
9872101,70,ɫ o c i c,5,-22.598154704161175,NA,-Inf,NA,-30.38087562282667,NA,1.192024700888065,NA,1.1919663103397642,NA,1.0024386182362308,NA,1.002525096162357,NA
9872101,63,n u c i c,5,-22.422357273444163,NA,-Inf,NA,-30.604841117870382,NA,1.2010655284312557,NA,1.2009915028727167,NA,1.0010304726556416,NA,1.0011909418109612,NA
9872101,74,ɫ a v ø c,5,-20.9587256480507,NA,-Inf,NA,-27.741190815322057,NA,1.3120436196337373,NA,1.311787239641347,NA,1.0128467704178925,NA,1.0123863819849432,NA
9872101,15,d͡ʒ o ʒ a ʒ,5,-22.732617383645024,NA,-22.660226857866917,NA,-22.815874697194054,NA,1.2757020818759344,NA,1.275491702476653,NA,1.001992869903803,NA,1.002093919802276,NA
9872101,69,n ɯ t a j,5,-14.896630988839425,NA,-19.401787788498176,NA,-19.40541509478784,NA,1.354526711595995,NA,1.3541725154278046,NA,1.021234920433465,NA,1.0202283613160217,NA
9872101,19,ɟ y ʒ a ʒ,5,-26.24714392218317,NA,-27.701633339060944,NA,-27.35192869335266,NA,1.264390404377066,NA,1.2641995821532814,NA,1.0013967676551154,NA,1.0015291572871547,NA
9872101,61,l y v ø c,5,-24.69819952981217,NA,-Inf,NA,-33.84418076589204,NA,1.1109520851514574,NA,1.1110436100959913,NA,1.0013626948653658,NA,1.0015085655369462,NA
9872101,79,s ø ɾ e ɾ,5,-16.33314456534291,NA,-14.679954878983413,NA,-14.714425131840436,NA,1.4153867644354674,NA,1.4149143088475702,NA,1.032928769087306,NA,1.0312349764733082,NA
9872101,64,g ɯ ɟ ø z,5,-24.493762160994564,NA,-Inf,NA,-21.039008141833634,NA,1.1091017507441014,NA,1.109190682492799,NA,1.002741473193033,NA,1.0028133483318893,NA
9872101,33,n u t y j,5,-16.96057295686292,NA,-21.57828825775384,NA,-21.566459081067514,NA,1.1975371229986602,NA,1.1974696560083582,NA,1.0083526736746993,NA,1.008122409607921,NA
9872101,85,t i ɾ i n,5,-14.025136929876307,NA,-13.29622096087098,NA,-13.31495014679013,NA,1.4868293162319706,NA,1.4862336716167204,NA,1.0380836476564423,NA,1.036141119098454,NA
9872101,27,n u ʒ a v,5,-19.23989541094505,NA,-24.070092646118187,NA,-23.96757799454814,NA,1.2890173650126455,NA,1.2887801370464675,NA,1.0063398585044316,NA,1.0061698950642324,NA
9872101,79,t͡ʃ ø z i z,5,-19.95205038921768,NA,-16.53019953976399,NA,-16.57507613525408,NA,1.2189898868089024,NA,1.21887829147456,NA,1.012754830804793,NA,1.0122417488420343,NA
9872101,69,p ɯ h i c,5,-20.565900791151996,NA,-23.40671397169415,NA,-23.24817306184844,NA,1.2307563842740858,NA,1.2306306880145006,NA,1.0085929357767276,NA,1.008342931175454,NA
9872101,63,f i f ø c,5,-22.934346180129452,NA,-Inf,NA,-24.81560530960652,NA,1.1324703057575094,NA,1.132524760714353,NA,1.00781397621939,NA,1.0076205413173758,NA
9872101,81,k ɯ ɾ u ɾ,5,-15.318955962420556,NA,-13.211802908261404,NA,-13.235619449577031,NA,1.4222960802280702,NA,1.4218174189805863,NA,1.0464229248539447,NA,1.04410490580885,NA
9872101,18,b e ʒ u z,5,-20.09685568317635,NA,-17.616675465865157,NA,-17.692227901481022,NA,1.2990802527770584,NA,1.298836883201828,NA,1.0147738277840022,NA,1.0141969018237178,NA
9872101,68,g u d͡ʒ ɯ z,5,-19.58384312679565,NA,-16.662080926911877,NA,-16.69599102385458,NA,1.1829445655903972,NA,1.1829010801604336,NA,1.004072591118986,NA,1.0040601734200405,NA
9872101,59,z i ʃ u ʒ,5,-20.611196487491956,NA,-21.50834429121576,NA,-21.43777842049785,NA,1.1722474271142185,NA,1.1722290569471934,NA,1.0065648677878622,NA,1.0064344360939144,NA
9872101,39,f a m o ʒ,5,-19.525006628199367,NA,-18.562521006783637,NA,-18.678545352468166,NA,1.3639122810041675,NA,1.3635640039359638,NA,1.0205395864056823,NA,1.0196690224611438,NA
9872101,61,v ø g a v,5,-20.10445696792307,NA,-Inf,NA,-26.10524817310064,NA,1.247357754390403,NA,1.247192526866456,NA,1.0083186036664065,NA,1.0080374911419787,NA
9872101,64,l y g o v,5,-21.24168388132717,NA,-Inf,NA,-29.53360238566332,NA,1.1177613338707335,NA,1.117835562270347,NA,1.0014227127794817,NA,1.0015589006941277,NA
9872101,65,v ø h u v,5,-21.19584626377422,NA,-Inf,NA,-27.14453973692883,NA,1.12204735674267,NA,1.1221120023890112,NA,1.0019306114959543,NA,1.0020390443325038,NA
9872101,19,n ɯ ʒ o h,5,-20.43289152093352,NA,-Inf,NA,-27.681960708161636,NA,1.1097661427251175,NA,1.1098539195905015,NA,1.0003249566724437,NA,1.0005257916572736,NA
9872101,12,d͡ʒ o ʒ ɯ ʒ,5,-24.079143338267087,NA,-Inf,NA,-28.009801950877545,NA,1.137517569937932,NA,1.1375587066288628,NA,1.0007051178379167,NA,1.0008859248512416,NA
9872222,0,z a g u ʒ,5,-20.29947828385247,NA,-22.63081735331332,NA,-22.558066597039417,NA,1.3322117684361712,NA,1.331916871021566,NA,1.0060543305370335,NA,1.005951900443092,NA
9872222,0,ɟ ø c y c,5,-29.771612116763333,NA,-Inf,NA,-33.918015159012405,NA,1.0457614416943897,NA,1.0459642311442183,NA,1.000065210303228,NA,1.0002790383147078,NA
9872222,31,l e l e c,5,-21.338527197603927,NA,-31.45089604529384,NA,-30.582591541482635,NA,1.2981271077413907,NA,1.2978856396230185,NA,1.0037045395306985,NA,1.0037202628550872,NA
9872222,50,b e v a z,5,-16.49220087297713,NA,-13.608243420111007,NA,-13.653196067821916,NA,1.477372226790212,NA,1.4768067318712417,NA,1.039668977985646,NA,1.0377122037388582,NA
9872222,1,ɫ a v ø c,5,-20.9587256480507,NA,-Inf,NA,-27.741190815322057,NA,1.3120436196337373,NA,1.311787239641347,NA,1.0128467704178925,NA,1.0123863819849432,NA
9872222,0,l ø ʒ o h,5,-24.023639891238354,NA,-Inf,NA,-30.04919461281527,NA,1.0611372469041531,NA,1.0613091459550994,NA,1,1,1.0002179098838746,1
9872222,64,ɫ a c i c,5,-20.85006703745811,NA,-Inf,NA,-28.268360365160696,NA,1.393714475584772,NA,1.393307140789591,NA,1.0031978955195548,NA,1.003244424758624,NA
9872222,67,m u ɾ e ɾ,5,-14.696942662362323,NA,-12.765770122828249,NA,-12.78886990036498,NA,1.4829679946903738,NA,1.482378633403974,NA,1.0554645066457835,NA,1.052583586591879,NA
9872222,1,g ɯ ɟ ø z,5,-24.493762160994564,NA,-Inf,NA,-21.039008141833634,NA,1.1091017507441014,NA,1.109190682492799,NA,1.002741473193033,NA,1.0028133483318893,NA
9872222,1,l y v ø c,5,-24.69819952981217,NA,-Inf,NA,-33.84418076589204,NA,1.1109520851514574,NA,1.1110436100959913,NA,1.0013626948653658,NA,1.0015085655369462,NA
9872222,99,m y d͡ʒ i z,5,-17.879199582018565,NA,-14.393898283796569,NA,-14.429259306354858,NA,1.3109225990509248,NA,1.3106522848516828,NA,1.0375068631237063,NA,1.0356959574680136,NA
9872222,72,z a c i c,5,-21.79076817824873,NA,-Inf,NA,-28.16360280521193,NA,1.396529547044278,NA,1.3961173439888992,NA,1.0049309977725878,NA,1.0048864608834187,NA
9872222,1,l i ʒ ɯ h,5,-21.236809961973975,NA,-30.679339934133328,NA,-29.742273739726983,NA,1.158327478084528,NA,1.1583284213199998,NA,1.0005226776773717,NA,1.000711052533111,NA
9872222,0,n ɯ ʒ o h,5,-20.43289152093352,NA,-Inf,NA,-27.681960708161636,NA,1.1097661427251175,NA,1.1098539195905015,NA,1.0003249566724437,NA,1.0005257916572736,NA
9872222,0,b e ʒ u z,5,-20.09685568317635,NA,-17.616675465865157,NA,-17.692227901481022,NA,1.2990802527770584,NA,1.298836883201828,NA,1.0147738277840022,NA,1.0141969018237178,NA
9872222,1,n u t y j,5,-16.96057295686292,NA,-21.57828825775384,NA,-21.566459081067514,NA,1.1975371229986602,NA,1.1974696560083582,NA,1.0083526736746993,NA,1.008122409607921,NA
9872222,0,g u d͡ʒ ɯ z,5,-19.58384312679565,NA,-16.662080926911877,NA,-16.69599102385458,NA,1.1829445655903972,NA,1.1829010801604336,NA,1.004072591118986,NA,1.0040601734200405,NA
9872222,0,t͡ʃ ø t͡ʃ ø z,5,-22.697768764281445,NA,-19.14014982771973,NA,-19.125549383488163,NA,1.0814485413778725,NA,1.0815851832308758,NA,1.0021481577380047,NA,1.0022510865945526,NA
9872222,1,z i ʃ u ʒ,5,-20.611196487491956,NA,-21.50834429121576,NA,-21.43777842049785,NA,1.1722474271142185,NA,1.1722290569471934,NA,1.0065648677878622,NA,1.0064344360939144,NA
9872222,0,h a v e ʒ,5,-19.09461168027044,NA,-16.910155513317502,NA,-17.0401322477831,NA,1.4491259370421068,NA,1.448622803127972,NA,1.0389424664117677,NA,1.0370968958000453,NA
9872222,1,b i j u z,5,-17.587656552519828,NA,-14.901222365010376,NA,-14.934988048180376,NA,1.2542839912465815,NA,1.2541176642790226,NA,1.0211939364547036,NA,1.0202725415610168,NA
9872222,0,n u c i c,5,-22.422357273444163,NA,-Inf,NA,-30.604841117870382,NA,1.2010655284312557,NA,1.2009915028727167,NA,1.0010304726556416,NA,1.0011909418109612,NA
9872222,0,g ɯ ɟ i ʒ,5,-24.50361657158009,NA,-25.49963744384403,NA,-24.94700242135446,NA,1.20317522888439,NA,1.2030973279498365,NA,1.0026110525865772,NA,1.002691091470223,NA
9872222,0,ɟ ø ʒ u ʒ,5,-29.01723460133465,NA,-Inf,NA,-30.01521454529064,NA,1.0652782477051752,NA,1.0654452352440962,NA,1,1,1.0002179098838746,1
9872222,51,l e l i v,5,-19.259752917338997,NA,-29.576825325610375,NA,-28.93865942698328,NA,1.3165643111836578,NA,1.316286257844561,NA,1.004552273472661,NA,1.0045149324559184,NA
9872222,1,n u ʒ a v,5,-19.23989541094505,NA,-24.070092646118187,NA,-23.96757799454814,NA,1.2890173650126455,NA,1.2887801370464675,NA,1.0063398585044316,NA,1.0061698950642324,NA
9872222,52,m y ɟ ø z,5,-23.67800700689448,NA,-Inf,NA,-19.812441326740707,NA,1.1873897568358545,NA,1.1873432880455872,NA,1.0271132236263087,NA,1.0259044813368154,NA
9872222,1,v ɯ ʒ ɯ ʒ,5,-23.69648085276263,NA,-Inf,NA,-31.00943562503508,NA,1.125927847369398,NA,1.1259890347950725,NA,1.0002707972270364,NA,1.000474478028374,NA
9872222,0,v ø h u v,5,-21.19584626377422,NA,-Inf,NA,-27.14453973692883,NA,1.12204735674267,NA,1.1221120023890112,NA,1.0019306114959543,NA,1.0020390443325038,NA
9872222,0,ɟ e ɟ ø c,5,-29.515236701833903,NA,-Inf,NA,-35.387903759308166,NA,1.1759662589424205,NA,1.1759456395053902,NA,1.0001090155892292,NA,1.0003211623361203,NA
9872222,1,n ø t i v,5,-17.944154892120544,NA,-23.2961730088594,NA,-23.250097222909492,NA,1.2347006964889633,NA,1.2345636665208823,NA,1.0201890138444885,NA,1.019285545598672,NA
9872222,87,s ø ɾ e ɾ,5,-16.33314456534291,NA,-14.679954878983413,NA,-14.714425131840436,NA,1.4153867644354674,NA,1.4149143088475702,NA,1.032928769087306,NA,1.0312349764733082,NA
9872222,0,b e d͡ʒ ɯ z,5,-17.81982760102264,NA,-14.454949896520516,NA,-14.498099044664276,NA,1.3212001426293818,NA,1.3209174839829685,NA,1.018554063995171,NA,1.0177796681696785,NA
9872222,1,n ɯ t a j,5,-14.896630988839425,NA,-19.401787788498176,NA,-19.40541509478784,NA,1.354526711595995,NA,1.3541725154278046,NA,1.021234920433465,NA,1.0202283613160217,NA
9872222,1,t͡ʃ ø z ɯ z,5,-20.62607180941986,NA,-16.976091075060026,NA,-17.019424912474907,NA,1.1583596514678574,NA,1.1583584120592822,NA,1.0080045227428704,NA,1.0077781589190764,NA
9872222,89,t i ɾ i n,5,-14.025136929876307,NA,-13.29622096087098,NA,-13.31495014679013,NA,1.4868293162319706,NA,1.4862336716167204,NA,1.0380836476564423,NA,1.036141119098454,NA
9872222,1,ɫ o c i v,5,-20.32154509757039,NA,-Inf,NA,-28.655330256748375,NA,1.203566924559405,NA,1.203484498665397,NA,1.003612403694333,NA,1.0036254079173543,NA
9872222,39,c y f e f,5,-21.527813099749014,NA,-Inf,NA,-22.664539480096867,NA,1.2118743211486604,NA,1.2117773135384928,NA,1.0071295794804112,NA,1.0069463406784327,NA
9872222,50,g a h a n,5,-15.424795057512029,NA,-12.671136251120728,NA,-12.713594601335702,NA,1.5950046496787846,NA,1.5942160548671798,NA,1.0568362269206326,NA,1.0537746821415517,NA
9872222,72,k o m y ɾ,5,-16.353424337993484,NA,-13.883195970862252,NA,-13.910528361180043,NA,1.3227564267292913,NA,1.3224527779546218,NA,1.0242905957012058,NA,1.0231863397295329,NA
9872222,0,b u z i z,5,-17.899568381733303,NA,-15.168587722623604,NA,-15.20544673192982,NA,1.300321658423705,NA,1.3000693778122003,NA,1.018878679977096,NA,1.0180436274771694,NA
9872222,1,ɟ e ʒ a ʒ,5,-24.872738132728532,NA,-Inf,NA,-27.982487602910396,NA,1.3654519295070486,NA,1.3650862603539733,NA,1.0018873378066473,NA,1.0019937933222605,NA
9872222,1,f i m y z,5,-17.903375865695956,NA,-14.742633621324917,NA,-14.786764221872444,NA,1.201636639433986,NA,1.2015630839111278,NA,1.0120057633303254,NA,1.0115817861902552,NA
9872222,1,m u ɟ ø z,5,-23.390324934442702,NA,-Inf,NA,-20.024930764116053,NA,1.1813238989502393,NA,1.1812879247237875,NA,1.0153068128767293,NA,1.0147184228338744,NA
9872222,0,ɫ a m ø s,5,-16.4448878098927,NA,-21.700506185311,NA,-21.560223247833047,NA,1.3597787878886536,NA,1.359429234768754,NA,1.0166672670594712,NA,1.0160046485573355,NA
9872222,0,f u ʒ o ʒ,5,-24.318186592419305,NA,-24.076093804584303,NA,-23.89378841031736,NA,1.113926858532862,NA,1.1140116216965557,NA,1.0011715459746369,NA,1.0013258782882402,NA
9872222,1,ɫ a ʒ ɯ v,5,-19.01413112958105,NA,-25.27309072876929,NA,-24.70218102731933,NA,1.3434818002281597,NA,1.3431627791155516,NA,1.0027190231281846,NA,1.0027934061307997,NA
9872222,70,m u ɾ u ɾ,5,-15.78366637936518,NA,-13.562188301724916,NA,-13.588096170629813,NA,1.419431610850839,NA,1.418957895106949,NA,1.0416730830399104,NA,1.0396065469972535,NA
9872222,1,g o ʒ u ʒ,5,-24.442688578324432,NA,-22.033985445786712,NA,-22.016202405684076,NA,1.1437948305814645,NA,1.1438260015087924,NA,1.001138393401175,NA,1.0012964338824402,NA
9872222,1,v i c i t͡ʃ,5,-20.547113263958217,NA,-Inf,NA,-23.1711421973128,NA,1.2268410034005357,NA,1.2267195786230238,NA,1.0039829073988151,NA,1.0039769766982811,NA
9872222,0,d͡ʒ o ʒ a ʒ,5,-22.732617383645024,NA,-22.660226857866917,NA,-22.815874697194054,NA,1.2757020818759344,NA,1.275491702476653,NA,1.001992869903803,NA,1.002093919802276,NA
9872222,1,ɟ y ɟ i c,5,-28.504374274105167,NA,-34.0614415135249,NA,-32.63139034186276,NA,1.1857372598822993,NA,1.1856897559125137,NA,1.0003805593107542,NA,1.0005751782641632,NA
9872222,1,p ɯ h i c,5,-20.565900791151996,NA,-23.40671397169415,NA,-23.24817306184844,NA,1.2307563842740858,NA,1.2306306880145006,NA,1.0085929357767276,NA,1.008342931175454,NA
9872222,0,ʃ i ʒ a z,5,-19.04980356239507,NA,-19.97037085869323,NA,-19.99831106394273,NA,1.315532256051761,NA,1.315247063807122,NA,1.0098413554752772,NA,1.009482109892058,NA
9872222,1,l y g u v,5,-21.054989139720988,NA,-Inf,NA,-29.442333739145383,NA,1.1391300728302185,NA,1.139165406989077,NA,1.0012517628678057,NA,1.0013973759000716,NA
9872222,0,ɟ i f o ʒ,5,-24.780676297755964,NA,-25.425443803693742,NA,-25.116310217920844,NA,1.1272633513846158,NA,1.1273248298147074,NA,1.0025592701523314,NA,1.0026389458748235,NA
9872222,1,n ɯ ʒ a j,5,-18.361255868590177,NA,-Inf,NA,-24.42370924182812,NA,1.2862284449438637,NA,1.2859931705589396,NA,1.0083293699708047,NA,1.0080300149841257,NA
9872222,50,n y n a j,5,-15.538878453846433,NA,-19.248648600763232,NA,-19.252973283175265,NA,1.375893401023051,NA,1.3755021898241135,NA,1.025399913127838,NA,1.024174835275507,NA
9872222,1,v i ɟ ø ʒ,5,-26.08508432555531,NA,-Inf,NA,-26.573834589061327,NA,1.1072439154231664,NA,1.107341952591128,NA,1.002221233960113,NA,1.002322393863214,NA
9872222,0,z ɯ f ø ʒ,5,-23.017882079075772,NA,-Inf,NA,-25.118736995317576,NA,1.0902439638685273,NA,1.090371213824056,NA,1.0024969451408785,NA,1.00258336556017,NA
9872222,0,h a ɟ y ʒ,5,-23.863657450841075,NA,-22.624553381069926,NA,-22.344510460590467,NA,1.3349575084723493,NA,1.334659755521368,NA,1.0247789272681185,NA,1.023693209239092,NA
9872222,0,t͡ʃ u ɫ a ʒ,5,-19.237587515269706,NA,-18.130207686087324,NA,-18.26240532798674,NA,1.3722130475752563,NA,1.3718347547581715,NA,1.0249011247841782,NA,1.0237533348136263,NA
9872222,1,v ɯ c e c,5,-23.291319549211504,NA,-Inf,NA,-31.131139803939128,NA,1.1800904532909162,NA,1.1800533352853768,NA,1.0009229002593154,NA,1.0010857623367058,NA
9872222,1,n u ʒ u v,5,-20.80128833604193,NA,-25.0331577171281,NA,-24.8916465105402,NA,1.1410317248052262,NA,1.1410638524210197,NA,1.0012699088513268,NA,1.001416451124873,NA
9872222,1,b o ɟ ø z,5,-24.218032064305415,NA,-Inf,NA,-19.98603714014059,NA,1.1508993555127225,NA,1.1509159963499356,NA,1.0076706794235104,NA,1.0074835137562206,NA
9872222,0,k ɯ ɾ u ɾ,5,-15.318955962420556,NA,-13.211802908261404,NA,-13.235619449577031,NA,1.4222960802280702,NA,1.4218174189805863,NA,1.0464229248539447,NA,1.04410490580885,NA
9872222,44,n o t u s,5,-16.47465512035086,NA,-19.735328187133018,NA,-19.743774110963223,NA,1.2269920276179962,NA,1.226868358906597,NA,1.0080817305580838,NA,1.0078462760915818,NA
9872222,1,b o ʒ ø z,5,-22.86665396829175,NA,-18.017128955938706,NA,-17.902257196862156,NA,1.1512809100750248,NA,1.1512968865447335,NA,1.0076706794235104,NA,1.0074835137562206,NA
9872222,1,b o ʒ o j,5,-21.245057054178083,NA,-20.13244875835492,NA,-20.046431822915014,NA,1.1725304838846882,NA,1.1725072015915694,NA,1.0075402588170546,NA,1.0073612568945542,NA
9872222,89,l i ɾ a ɫ,5,-15.3609350799713,NA,-19.8361902836386,NA,-19.591438837393905,NA,1.4834033363849624,NA,1.482810949290984,NA,1.052665896370704,NA,1.049897439309165,NA
9872222,1,f i f ø c,5,-22.934346180129452,NA,-Inf,NA,-24.81560530960652,NA,1.1324703057575094,NA,1.132524760714353,NA,1.00781397621939,NA,1.0076205413173758,NA
9872222,2,b y ɟ y ʒ,5,-25.505444268865332,NA,-25.45365748559964,NA,-24.547852043511448,NA,1.1609339687930145,NA,1.1609373105847451,NA,1.0030582028661408,NA,1.0031139432724736,NA
9872222,72,l i l e c,5,-21.536362523929785,NA,-31.083984388924055,NA,-30.331424169322283,NA,1.2119594300984098,NA,1.2118670410071015,NA,1.002450860254562,NA,1.002532859654261,NA
9872222,1,l e g u j,5,-19.01681077838631,NA,-26.364507293773418,NA,-25.975664718831844,NA,1.2483428858636896,NA,1.248186398979058,NA,1.0016771227161092,NA,1.0018008835043444,NA
9872222,2,m y d͡ʒ ɯ z,5,-18.55322100222074,NA,-14.44026579065542,NA,-14.47667494038302,NA,1.2502923637098795,NA,1.2501324054364051,NA,1.0311610225528094,NA,1.029724802800534,NA
9872222,1,t͡ʃ ø z i z,5,-19.95205038921768,NA,-16.53019953976399,NA,-16.57507613525408,NA,1.2189898868089024,NA,1.21887829147456,NA,1.012754830804793,NA,1.0122417488420343,NA
9872222,50,t e m y ɾ,5,-15.097011485226544,NA,-13.149158478430715,NA,-13.17506319379305,NA,1.3952910296657324,NA,1.3948618624207878,NA,1.043610721726628,NA,1.0414893151040772,NA
9872222,0,g ɯ ʒ u ɫ,5,-20.705303097683913,NA,-Inf,NA,-21.48584727527315,NA,1.1930536885026797,NA,1.19297852493055,NA,1.0065343732888652,NA,1.006368299524924,NA
9872222,0,z a ʒ a ʒ,5,-20.65156820085194,NA,-20.88415273374731,NA,-21.111799773330873,NA,1.473656473289835,NA,1.4731036094504746,NA,1.005674667143876,NA,1.0055823087757958,NA
9872222,88,k o ɾ e n,5,-14.885879129991546,NA,-12.897900518277458,NA,-12.921968836319405,NA,1.4935674111675834,NA,1.492960755870561,NA,1.051458107409831,NA,1.0487970966537057,NA
9872222,1,l y g o v,5,-21.24168388132717,NA,-Inf,NA,-29.53360238566332,NA,1.1177613338707335,NA,1.117835562270347,NA,1.0014227127794817,NA,1.0015589006941277,NA
9872222,0,v ø g a v,5,-20.10445696792307,NA,-Inf,NA,-26.10524817310064,NA,1.247357754390403,NA,1.247192526866456,NA,1.0083186036664065,NA,1.0080374911419787,NA
9872222,0,f a m o ʒ,5,-19.525006628199367,NA,-18.562521006783637,NA,-18.678545352468166,NA,1.3639122810041675,NA,1.3635640039359638,NA,1.0205395864056823,NA,1.0196690224611438,NA
9872222,2,h a ʒ u ʒ,5,-22.22459728237563,NA,-20.574734095421434,NA,-20.57980325185485,NA,1.3552832193968376,NA,1.354948500786981,NA,1.024100953206239,NA,1.0230524747443015,NA
9872222,0,d͡ʒ o ʒ ɯ ʒ,5,-24.079143338267087,NA,-Inf,NA,-28.009801950877545,NA,1.137517569937932,NA,1.1375587066288628,NA,1.0007051178379167,NA,1.0008859248512416,NA
9872222,71,b e v i z,5,-17.164705407397012,NA,-14.3441056545888,NA,-14.386834265478743,NA,1.3998179501932546,NA,1.3993936154387292,NA,1.0313640525417127,NA,1.029874405398718,NA
9872222,0,v ø l ø c,5,-25.90689728386676,NA,-Inf,NA,-35.34511196131538,NA,1.053370077665239,NA,1.0535614319623523,NA,1,1,1.0002179098838746,1
9872222,1,l ø ʒ a v,5,-22.61577681077505,NA,-Inf,NA,-27.92410669629761,NA,1.2294482612194106,NA,1.2293140831342488,NA,1.0055264217757005,NA,1.0053992528390658,NA
9872222,0,ɟ y ʒ a ʒ,5,-26.24714392218317,NA,-27.701633339060944,NA,-27.35192869335266,NA,1.264390404377066,NA,1.2641995821532814,NA,1.0013967676551154,NA,1.0015291572871547,NA
9872222,1,b u t͡ʃ ø z,5,-20.64528675679707,NA,-16.726730678422822,NA,-16.76182039023128,NA,1.1627803129926748,NA,1.1627762695685162,NA,1.0077814367587763,NA,1.0075883291945815,NA
9872222,82,ɫ o t a ɫ,5,-14.65850607845412,NA,-17.671672662841534,NA,-17.682535023707715,NA,1.3973781624522024,NA,1.3969353956490551,NA,1.0300127259382086,NA,1.0284804983759424,NA
9872222,10,ɫ o c i c,5,-22.598154704161175,NA,-Inf,NA,-30.38087562282667,NA,1.192024700888065,NA,1.1919663103397642,NA,1.0024386182362308,NA,1.002525096162357,NA
9872222,0,m y ʒ u z,5,-20.83024908437445,NA,-18.018790953182332,NA,-17.957196378821674,NA,1.2281724738575563,NA,1.228051804655265,NA,1.028797989001621,NA,1.027484318333768,NA
9872222,1,l e m ø c,5,-22.135268586336817,NA,-Inf,NA,-30.8974573340183,NA,1.2302737214773412,NA,1.230158604762022,NA,1.0104704475845636,NA,1.010134576043257,NA
9872222,1,k ɯ ɾ y ɾ,5,-15.606638034872336,NA,-13.90445119214018,NA,-13.927432452108098,NA,1.4023519238658844,NA,1.4019095639097712,NA,1.0403132444979513,NA,1.0383564043662596,NA
9872222,53,n e m o h,5,-16.32924773528244,NA,-20.77206130453725,NA,-20.726772496747454,NA,1.276400178714621,NA,1.2761991218991138,NA,1.016692629955233,NA,1.016027305212858,NA
9872391,65,k o ɾ e n,5,-14.885879129991546,NA,-12.897900518277458,NA,-12.921968836319405,NA,1.4935674111675834,NA,1.492960755870561,NA,1.051458107409831,NA,1.0487970966537057,NA
9872391,41,t͡ʃ u ɫ a ʒ,5,-19.237587515269706,NA,-18.130207686087324,NA,-18.26240532798674,NA,1.3722130475752563,NA,1.3718347547581715,NA,1.0249011247841782,NA,1.0237533348136263,NA
9872391,32,ɫ o c i v,5,-20.32154509757039,NA,-Inf,NA,-28.655330256748375,NA,1.203566924559405,NA,1.203484498665397,NA,1.003612403694333,NA,1.0036254079173543,NA
9872391,88,l e l e c,5,-21.338527197603927,NA,-31.45089604529384,NA,-30.582591541482635,NA,1.2981271077413907,NA,1.2978856396230185,NA,1.0037045395306985,NA,1.0037202628550872,NA
9872391,28,ʃ i ʒ a z,5,-19.04980356239507,NA,-19.97037085869323,NA,-19.99831106394273,NA,1.315532256051761,NA,1.315247063807122,NA,1.0098413554752772,NA,1.009482109892058,NA
9872391,47,k ɯ ɾ u ɾ,5,-15.318955962420556,NA,-13.211802908261404,NA,-13.235619449577031,NA,1.4222960802280702,NA,1.4218174189805863,NA,1.0464229248539447,NA,1.04410490580885,NA
9872391,45,k ɯ ɾ y ɾ,5,-15.606638034872336,NA,-13.90445119214018,NA,-13.927432452108098,NA,1.4023519238658844,NA,1.4019095639097712,NA,1.0403132444979513,NA,1.0383564043662596,NA
9872391,64,n y n a j,5,-15.538878453846433,NA,-19.248648600763232,NA,-19.252973283175265,NA,1.375893401023051,NA,1.3755021898241135,NA,1.025399913127838,NA,1.024174835275507,NA
9872391,32,n e m o h,5,-16.32924773528244,NA,-20.77206130453725,NA,-20.726772496747454,NA,1.276400178714621,NA,1.2761991218991138,NA,1.016692629955233,NA,1.016027305212858,NA
9872391,17,m y ɟ ø z,5,-23.67800700689448,NA,-Inf,NA,-19.812441326740707,NA,1.1873897568358545,NA,1.1873432880455872,NA,1.0271132236263087,NA,1.0259044813368154,NA
9872391,69,z a c i c,5,-21.79076817824873,NA,-Inf,NA,-28.16360280521193,NA,1.396529547044278,NA,1.3961173439888992,NA,1.0049309977725878,NA,1.0048864608834187,NA
9872391,75,n ø t i v,5,-17.944154892120544,NA,-23.2961730088594,NA,-23.250097222909492,NA,1.2347006964889633,NA,1.2345636665208823,NA,1.0201890138444885,NA,1.019285545598672,NA
9872391,53,l e g u j,5,-19.01681077838631,NA,-26.364507293773418,NA,-25.975664718831844,NA,1.2483428858636896,NA,1.248186398979058,NA,1.0016771227161092,NA,1.0018008835043444,NA
9872391,17,ɟ ø ʒ u ʒ,5,-29.01723460133465,NA,-Inf,NA,-30.01521454529064,NA,1.0652782477051752,NA,1.0654452352440962,NA,1,1,1.0002179098838746,1
9872391,24,g ɯ ɟ i ʒ,5,-24.50361657158009,NA,-25.49963744384403,NA,-24.94700242135446,NA,1.20317522888439,NA,1.2030973279498365,NA,1.0026110525865772,NA,1.002691091470223,NA
9872391,96,m u ɾ u ɾ,5,-15.78366637936518,NA,-13.562188301724916,NA,-13.588096170629813,NA,1.419431610850839,NA,1.418957895106949,NA,1.0416730830399104,NA,1.0396065469972535,NA
9872391,11,v ø h u v,5,-21.19584626377422,NA,-Inf,NA,-27.14453973692883,NA,1.12204735674267,NA,1.1221120023890112,NA,1.0019306114959543,NA,1.0020390443325038,NA
9872391,17,f u ʒ o ʒ,5,-24.318186592419305,NA,-24.076093804584303,NA,-23.89378841031736,NA,1.113926858532862,NA,1.1140116216965557,NA,1.0011715459746369,NA,1.0013258782882402,NA
9872391,78,l i l e c,5,-21.536362523929785,NA,-31.083984388924055,NA,-30.331424169322283,NA,1.2119594300984098,NA,1.2118670410071015,NA,1.002450860254562,NA,1.002532859654261,NA
9872391,41,g a h a n,5,-15.424795057512029,NA,-12.671136251120728,NA,-12.713594601335702,NA,1.5950046496787846,NA,1.5942160548671798,NA,1.0568362269206326,NA,1.0537746821415517,NA
9872391,38,v i c i t͡ʃ,5,-20.547113263958217,NA,-Inf,NA,-23.1711421973128,NA,1.2268410034005357,NA,1.2267195786230238,NA,1.0039829073988151,NA,1.0039769766982811,NA
9872391,22,g ɯ ʒ u ɫ,5,-20.705303097683913,NA,-Inf,NA,-21.48584727527315,NA,1.1930536885026797,NA,1.19297852493055,NA,1.0065343732888652,NA,1.006368299524924,NA
9872391,89,ɟ ø c y c,5,-29.771612116763333,NA,-Inf,NA,-33.918015159012405,NA,1.0457614416943897,NA,1.0459642311442183,NA,1.000065210303228,NA,1.0002790383147078,NA
9872391,89,b o ɟ ø z,5,-24.218032064305415,NA,-Inf,NA,-19.98603714014059,NA,1.1508993555127225,NA,1.1509159963499356,NA,1.0076706794235104,NA,1.0074835137562206,NA
9872391,59,b i j u z,5,-17.587656552519828,NA,-14.901222365010376,NA,-14.934988048180376,NA,1.2542839912465815,NA,1.2541176642790226,NA,1.0211939364547036,NA,1.0202725415610168,NA
9872391,82,n o t u s,5,-16.47465512035086,NA,-19.735328187133018,NA,-19.743774110963223,NA,1.2269920276179962,NA,1.226868358906597,NA,1.0080817305580838,NA,1.0078462760915818,NA
9872391,14,h a ɟ y ʒ,5,-23.863657450841075,NA,-22.624553381069926,NA,-22.344510460590467,NA,1.3349575084723493,NA,1.334659755521368,NA,1.0247789272681185,NA,1.023693209239092,NA
9872391,92,m u ɾ e ɾ,5,-14.696942662362323,NA,-12.765770122828249,NA,-12.78886990036498,NA,1.4829679946903738,NA,1.482378633403974,NA,1.0554645066457835,NA,1.052583586591879,NA
9872391,24,b e v i z,5,-17.164705407397012,NA,-14.3441056545888,NA,-14.386834265478743,NA,1.3998179501932546,NA,1.3993936154387292,NA,1.0313640525417127,NA,1.029874405398718,NA
9872391,16,ɫ a v ø c,5,-20.9587256480507,NA,-Inf,NA,-27.741190815322057,NA,1.3120436196337373,NA,1.311787239641347,NA,1.0128467704178925,NA,1.0123863819849432,NA
9872391,65,l i ɾ a ɫ,5,-15.3609350799713,NA,-19.8361902836386,NA,-19.591438837393905,NA,1.4834033363849624,NA,1.482810949290984,NA,1.052665896370704,NA,1.049897439309165,NA
9872391,32,m y ʒ u z,5,-20.83024908437445,NA,-18.018790953182332,NA,-17.957196378821674,NA,1.2281724738575563,NA,1.228051804655265,NA,1.028797989001621,NA,1.027484318333768,NA
9872391,53,t͡ʃ ø z i z,5,-19.95205038921768,NA,-16.53019953976399,NA,-16.57507613525408,NA,1.2189898868089024,NA,1.21887829147456,NA,1.012754830804793,NA,1.0122417488420343,NA
9872391,9,l i ʒ ɯ h,5,-21.236809961973975,NA,-30.679339934133328,NA,-29.742273739726983,NA,1.158327478084528,NA,1.1583284213199998,NA,1.0005226776773717,NA,1.000711052533111,NA
9872391,10,v ø l ø c,5,-25.90689728386676,NA,-Inf,NA,-35.34511196131538,NA,1.053370077665239,NA,1.0535614319623523,NA,1,1,1.0002179098838746,1
9872391,73,ɫ a m ø s,5,-16.4448878098927,NA,-21.700506185311,NA,-21.560223247833047,NA,1.3597787878886536,NA,1.359429234768754,NA,1.0166672670594712,NA,1.0160046485573355,NA
9872391,36,b e d͡ʒ ɯ z,5,-17.81982760102264,NA,-14.454949896520516,NA,-14.498099044664276,NA,1.3212001426293818,NA,1.3209174839829685,NA,1.018554063995171,NA,1.0177796681696785,NA
9872391,94,s ø ɾ e ɾ,5,-16.33314456534291,NA,-14.679954878983413,NA,-14.714425131840436,NA,1.4153867644354674,NA,1.4149143088475702,NA,1.032928769087306,NA,1.0312349764733082,NA
9872391,10,g o ʒ u ʒ,5,-24.442688578324432,NA,-22.033985445786712,NA,-22.016202405684076,NA,1.1437948305814645,NA,1.1438260015087924,NA,1.001138393401175,NA,1.0012964338824402,NA
9872391,32,b u z i z,5,-17.899568381733303,NA,-15.168587722623604,NA,-15.20544673192982,NA,1.300321658423705,NA,1.3000693778122003,NA,1.018878679977096,NA,1.0180436274771694,NA
9872391,75,ɫ o t a ɫ,5,-14.65850607845412,NA,-17.671672662841534,NA,-17.682535023707715,NA,1.3973781624522024,NA,1.3969353956490551,NA,1.0300127259382086,NA,1.0284804983759424,NA
9872391,20,f i m y z,5,-17.903375865695956,NA,-14.742633621324917,NA,-14.786764221872444,NA,1.201636639433986,NA,1.2015630839111278,NA,1.0120057633303254,NA,1.0115817861902552,NA
9872391,20,t͡ʃ ø z ɯ z,5,-20.62607180941986,NA,-16.976091075060026,NA,-17.019424912474907,NA,1.1583596514678574,NA,1.1583584120592822,NA,1.0080045227428704,NA,1.0077781589190764,NA
9872391,10,ɟ y ʒ a ʒ,5,-26.24714392218317,NA,-27.701633339060944,NA,-27.35192869335266,NA,1.264390404377066,NA,1.2641995821532814,NA,1.0013967676551154,NA,1.0015291572871547,NA
9872391,47,d͡ʒ o ʒ a ʒ,5,-22.732617383645024,NA,-22.660226857866917,NA,-22.815874697194054,NA,1.2757020818759344,NA,1.275491702476653,NA,1.001992869903803,NA,1.002093919802276,NA
9872391,44,z a g u ʒ,5,-20.29947828385247,NA,-22.63081735331332,NA,-22.558066597039417,NA,1.3322117684361712,NA,1.331916871021566,NA,1.0060543305370335,NA,1.005951900443092,NA
9872391,60,t͡ʃ ø t͡ʃ ø z,5,-22.697768764281445,NA,-19.14014982771973,NA,-19.125549383488163,NA,1.0814485413778725,NA,1.0815851832308758,NA,1.0021481577380047,NA,1.0022510865945526,NA
9872391,35,l y g o v,5,-21.24168388132717,NA,-Inf,NA,-29.53360238566332,NA,1.1177613338707335,NA,1.117835562270347,NA,1.0014227127794817,NA,1.0015589006941277,NA
9872391,10,b y ɟ y ʒ,5,-25.505444268865332,NA,-25.45365748559964,NA,-24.547852043511448,NA,1.1609339687930145,NA,1.1609373105847451,NA,1.0030582028661408,NA,1.0031139432724736,NA
9872391,76,k o m y ɾ,5,-16.353424337993484,NA,-13.883195970862252,NA,-13.910528361180043,NA,1.3227564267292913,NA,1.3224527779546218,NA,1.0242905957012058,NA,1.0231863397295329,NA
9872391,23,h a v e ʒ,5,-19.09461168027044,NA,-16.910155513317502,NA,-17.0401322477831,NA,1.4491259370421068,NA,1.448622803127972,NA,1.0389424664117677,NA,1.0370968958000453,NA
9872391,72,g ɯ ɟ ø z,5,-24.493762160994564,NA,-Inf,NA,-21.039008141833634,NA,1.1091017507441014,NA,1.109190682492799,NA,1.002741473193033,NA,1.0028133483318893,NA
9872391,40,t e m y ɾ,5,-15.097011485226544,NA,-13.149158478430715,NA,-13.17506319379305,NA,1.3952910296657324,NA,1.3948618624207878,NA,1.043610721726628,NA,1.0414893151040772,NA
9872391,89,ɫ a c i c,5,-20.85006703745811,NA,-Inf,NA,-28.268360365160696,NA,1.393714475584772,NA,1.393307140789591,NA,1.0031978955195548,NA,1.003244424758624,NA
9872391,41,n u t y j,5,-16.96057295686292,NA,-21.57828825775384,NA,-21.566459081067514,NA,1.1975371229986602,NA,1.1974696560083582,NA,1.0083526736746993,NA,1.008122409607921,NA
9872391,25,n u ʒ a v,5,-19.23989541094505,NA,-24.070092646118187,NA,-23.96757799454814,NA,1.2890173650126455,NA,1.2887801370464675,NA,1.0063398585044316,NA,1.0061698950642324,NA
9872391,13,ɫ a ʒ ɯ v,5,-19.01413112958105,NA,-25.27309072876929,NA,-24.70218102731933,NA,1.3434818002281597,NA,1.3431627791155516,NA,1.0027190231281846,NA,1.0027934061307997,NA
9872391,28,d͡ʒ o ʒ ɯ ʒ,5,-24.079143338267087,NA,-Inf,NA,-28.009801950877545,NA,1.137517569937932,NA,1.1375587066288628,NA,1.0007051178379167,NA,1.0008859248512416,NA
9872391,41,g u d͡ʒ ɯ z,5,-19.58384312679565,NA,-16.662080926911877,NA,-16.69599102385458,NA,1.1829445655903972,NA,1.1829010801604336,NA,1.004072591118986,NA,1.0040601734200405,NA
9872391,13,l y v ø c,5,-24.69819952981217,NA,-Inf,NA,-33.84418076589204,NA,1.1109520851514574,NA,1.1110436100959913,NA,1.0013626948653658,NA,1.0015085655369462,NA
9872391,42,n u ʒ u v,5,-20.80128833604193,NA,-25.0331577171281,NA,-24.8916465105402,NA,1.1410317248052262,NA,1.1410638524210197,NA,1.0012699088513268,NA,1.001416451124873,NA
9872391,69,n ɯ t a j,5,-14.896630988839425,NA,-19.401787788498176,NA,-19.40541509478784,NA,1.354526711595995,NA,1.3541725154278046,NA,1.021234920433465,NA,1.0202283613160217,NA
9872391,33,ɟ e ʒ a ʒ,5,-24.872738132728532,NA,-Inf,NA,-27.982487602910396,NA,1.3654519295070486,NA,1.3650862603539733,NA,1.0018873378066473,NA,1.0019937933222605,NA
9872391,54,p ɯ h i c,5,-20.565900791151996,NA,-23.40671397169415,NA,-23.24817306184844,NA,1.2307563842740858,NA,1.2306306880145006,NA,1.0085929357767276,NA,1.008342931175454,NA
9872391,15,ɟ i f o ʒ,5,-24.780676297755964,NA,-25.425443803693742,NA,-25.116310217920844,NA,1.1272633513846158,NA,1.1273248298147074,NA,1.0025592701523314,NA,1.0026389458748235,NA
9872391,23,v i ɟ ø ʒ,5,-26.08508432555531,NA,-Inf,NA,-26.573834589061327,NA,1.1072439154231664,NA,1.107341952591128,NA,1.002221233960113,NA,1.002322393863214,NA
9872391,78,b e v a z,5,-16.49220087297713,NA,-13.608243420111007,NA,-13.653196067821916,NA,1.477372226790212,NA,1.4768067318712417,NA,1.039668977985646,NA,1.0377122037388582,NA
9872391,26,f i f ø c,5,-22.934346180129452,NA,-Inf,NA,-24.81560530960652,NA,1.1324703057575094,NA,1.132524760714353,NA,1.00781397621939,NA,1.0076205413173758,NA
9872391,17,v ɯ ʒ ɯ ʒ,5,-23.69648085276263,NA,-Inf,NA,-31.00943562503508,NA,1.125927847369398,NA,1.1259890347950725,NA,1.0002707972270364,NA,1.000474478028374,NA
9872391,23,n ɯ ʒ o h,5,-20.43289152093352,NA,-Inf,NA,-27.681960708161636,NA,1.1097661427251175,NA,1.1098539195905015,NA,1.0003249566724437,NA,1.0005257916572736,NA
9872391,69,l e l i v,5,-19.259752917338997,NA,-29.576825325610375,NA,-28.93865942698328,NA,1.3165643111836578,NA,1.316286257844561,NA,1.004552273472661,NA,1.0045149324559184,NA
9872391,13,v ɯ c e c,5,-23.291319549211504,NA,-Inf,NA,-31.131139803939128,NA,1.1800904532909162,NA,1.1800533352853768,NA,1.0009229002593154,NA,1.0010857623367058,NA
9872391,88,m y d͡ʒ i z,5,-17.879199582018565,NA,-14.393898283796569,NA,-14.429259306354858,NA,1.3109225990509248,NA,1.3106522848516828,NA,1.0375068631237063,NA,1.0356959574680136,NA
9872391,11,l y g u v,5,-21.054989139720988,NA,-Inf,NA,-29.442333739145383,NA,1.1391300728302185,NA,1.139165406989077,NA,1.0012517628678057,NA,1.0013973759000716,NA
9872391,15,z a ʒ a ʒ,5,-20.65156820085194,NA,-20.88415273374731,NA,-21.111799773330873,NA,1.473656473289835,NA,1.4731036094504746,NA,1.005674667143876,NA,1.0055823087757958,NA
9872391,54,t i ɾ i n,5,-14.025136929876307,NA,-13.29622096087098,NA,-13.31495014679013,NA,1.4868293162319706,NA,1.4862336716167204,NA,1.0380836476564423,NA,1.036141119098454,NA
9872391,9,l ø ʒ a v,5,-22.61577681077505,NA,-Inf,NA,-27.92410669629761,NA,1.2294482612194106,NA,1.2293140831342488,NA,1.0055264217757005,NA,1.0053992528390658,NA
9872391,90,m u ɟ ø z,5,-23.390324934442702,NA,-Inf,NA,-20.024930764116053,NA,1.1813238989502393,NA,1.1812879247237875,NA,1.0153068128767293,NA,1.0147184228338744,NA
9872391,91,ɟ e ɟ ø c,5,-29.515236701833903,NA,-Inf,NA,-35.387903759308166,NA,1.1759662589424205,NA,1.1759456395053902,NA,1.0001090155892292,NA,1.0003211623361203,NA
9872391,79,ɟ y ɟ i c,5,-28.504374274105167,NA,-34.0614415135249,NA,-32.63139034186276,NA,1.1857372598822993,NA,1.1856897559125137,NA,1.0003805593107542,NA,1.0005751782641632,NA
9872391,66,ɫ o c i c,5,-22.598154704161175,NA,-Inf,NA,-30.38087562282667,NA,1.192024700888065,NA,1.1919663103397642,NA,1.0024386182362308,NA,1.002525096162357,NA
9872391,15,n ɯ ʒ a j,5,-18.361255868590177,NA,-Inf,NA,-24.42370924182812,NA,1.2862284449438637,NA,1.2859931705589396,NA,1.0083293699708047,NA,1.0080300149841257,NA
9872391,13,n u c i c,5,-22.422357273444163,NA,-Inf,NA,-30.604841117870382,NA,1.2010655284312557,NA,1.2009915028727167,NA,1.0010304726556416,NA,1.0011909418109612,NA
9872391,29,f a m o ʒ,5,-19.525006628199367,NA,-18.562521006783637,NA,-18.678545352468166,NA,1.3639122810041675,NA,1.3635640039359638,NA,1.0205395864056823,NA,1.0196690224611438,NA
9872391,17,l ø ʒ o h,5,-24.023639891238354,NA,-Inf,NA,-30.04919461281527,NA,1.0611372469041531,NA,1.0613091459550994,NA,1,1,1.0002179098838746,1
9872391,48,b o ʒ o j,5,-21.245057054178083,NA,-20.13244875835492,NA,-20.046431822915014,NA,1.1725304838846882,NA,1.1725072015915694,NA,1.0075402588170546,NA,1.0073612568945542,NA
9872391,59,l e m ø c,5,-22.135268586336817,NA,-Inf,NA,-30.8974573340183,NA,1.2302737214773412,NA,1.230158604762022,NA,1.0104704475845636,NA,1.010134576043257,NA
9872391,19,b e ʒ u z,5,-20.09685568317635,NA,-17.616675465865157,NA,-17.692227901481022,NA,1.2990802527770584,NA,1.298836883201828,NA,1.0147738277840022,NA,1.0141969018237178,NA
9872391,53,v ø g a v,5,-20.10445696792307,NA,-Inf,NA,-26.10524817310064,NA,1.247357754390403,NA,1.247192526866456,NA,1.0083186036664065,NA,1.0080374911419787,NA
9872391,40,z ɯ f ø ʒ,5,-23.017882079075772,NA,-Inf,NA,-25.118736995317576,NA,1.0902439638685273,NA,1.090371213824056,NA,1.0024969451408785,NA,1.00258336556017,NA
9872391,62,h a ʒ u ʒ,5,-22.22459728237563,NA,-20.574734095421434,NA,-20.57980325185485,NA,1.3552832193968376,NA,1.354948500786981,NA,1.024100953206239,NA,1.0230524747443015,NA
9872391,37,z i ʃ u ʒ,5,-20.611196487491956,NA,-21.50834429121576,NA,-21.43777842049785,NA,1.1722474271142185,NA,1.1722290569471934,NA,1.0065648677878622,NA,1.0064344360939144,NA
9872391,66,c y f e f,5,-21.527813099749014,NA,-Inf,NA,-22.664539480096867,NA,1.2118743211486604,NA,1.2117773135384928,NA,1.0071295794804112,NA,1.0069463406784327,NA
9872391,60,m y d͡ʒ ɯ z,5,-18.55322100222074,NA,-14.44026579065542,NA,-14.47667494038302,NA,1.2502923637098795,NA,1.2501324054364051,NA,1.0311610225528094,NA,1.029724802800534,NA
9872391,42,b o ʒ ø z,5,-22.86665396829175,NA,-18.017128955938706,NA,-17.902257196862156,NA,1.1512809100750248,NA,1.1512968865447335,NA,1.0076706794235104,NA,1.0074835137562206,NA
9872391,64,b u t͡ʃ ø z,5,-20.64528675679707,NA,-16.726730678422822,NA,-16.76182039023128,NA,1.1627803129926748,NA,1.1627762695685162,NA,1.0077814367587763,NA,1.0075883291945815,NA
9872818,22,l ø ʒ o h,5,-24.023639891238354,NA,-Inf,NA,-30.04919461281527,NA,1.0611372469041531,NA,1.0613091459550994,NA,1,1,1.0002179098838746,1
9872818,53,ɫ o c i v,5,-20.32154509757039,NA,-Inf,NA,-28.655330256748375,NA,1.203566924559405,NA,1.203484498665397,NA,1.003612403694333,NA,1.0036254079173543,NA
9872818,70,ɟ e ɟ ø c,5,-29.515236701833903,NA,-Inf,NA,-35.387903759308166,NA,1.1759662589424205,NA,1.1759456395053902,NA,1.0001090155892292,NA,1.0003211623361203,NA
9872818,41,z a ʒ a ʒ,5,-20.65156820085194,NA,-20.88415273374731,NA,-21.111799773330873,NA,1.473656473289835,NA,1.4731036094504746,NA,1.005674667143876,NA,1.0055823087757958,NA
9872818,70,h a ʒ u ʒ,5,-22.22459728237563,NA,-20.574734095421434,NA,-20.57980325185485,NA,1.3552832193968376,NA,1.354948500786981,NA,1.024100953206239,NA,1.0230524747443015,NA
9872818,72,b e d͡ʒ ɯ z,5,-17.81982760102264,NA,-14.454949896520516,NA,-14.498099044664276,NA,1.3212001426293818,NA,1.3209174839829685,NA,1.018554063995171,NA,1.0177796681696785,NA
9872818,12,l y v ø c,5,-24.69819952981217,NA,-Inf,NA,-33.84418076589204,NA,1.1109520851514574,NA,1.1110436100959913,NA,1.0013626948653658,NA,1.0015085655369462,NA
9872818,48,m y d͡ʒ ɯ z,5,-18.55322100222074,NA,-14.44026579065542,NA,-14.47667494038302,NA,1.2502923637098795,NA,1.2501324054364051,NA,1.0311610225528094,NA,1.029724802800534,NA
9872818,10,z i ʃ u ʒ,5,-20.611196487491956,NA,-21.50834429121576,NA,-21.43777842049785,NA,1.1722474271142185,NA,1.1722290569471934,NA,1.0065648677878622,NA,1.0064344360939144,NA
9872818,81,f a m o ʒ,5,-19.525006628199367,NA,-18.562521006783637,NA,-18.678545352468166,NA,1.3639122810041675,NA,1.3635640039359638,NA,1.0205395864056823,NA,1.0196690224611438,NA
9872818,45,v ø h u v,5,-21.19584626377422,NA,-Inf,NA,-27.14453973692883,NA,1.12204735674267,NA,1.1221120023890112,NA,1.0019306114959543,NA,1.0020390443325038,NA
9872818,83,l e l e c,5,-21.338527197603927,NA,-31.45089604529384,NA,-30.582591541482635,NA,1.2981271077413907,NA,1.2978856396230185,NA,1.0037045395306985,NA,1.0037202628550872,NA
9872818,78,t͡ʃ ø t͡ʃ ø z,5,-22.697768764281445,NA,-19.14014982771973,NA,-19.125549383488163,NA,1.0814485413778725,NA,1.0815851832308758,NA,1.0021481577380047,NA,1.0022510865945526,NA
9872818,79,m u ɾ e ɾ,5,-14.696942662362323,NA,-12.765770122828249,NA,-12.78886990036498,NA,1.4829679946903738,NA,1.482378633403974,NA,1.0554645066457835,NA,1.052583586591879,NA
9872818,76,ɟ y ʒ a ʒ,5,-26.24714392218317,NA,-27.701633339060944,NA,-27.35192869335266,NA,1.264390404377066,NA,1.2641995821532814,NA,1.0013967676551154,NA,1.0015291572871547,NA
9872818,20,n ɯ ʒ o h,5,-20.43289152093352,NA,-Inf,NA,-27.681960708161636,NA,1.1097661427251175,NA,1.1098539195905015,NA,1.0003249566724437,NA,1.0005257916572736,NA
9872818,75,v ø l ø c,5,-25.90689728386676,NA,-Inf,NA,-35.34511196131538,NA,1.053370077665239,NA,1.0535614319623523,NA,1,1,1.0002179098838746,1
9872818,15,ɟ i f o ʒ,5,-24.780676297755964,NA,-25.425443803693742,NA,-25.116310217920844,NA,1.1272633513846158,NA,1.1273248298147074,NA,1.0025592701523314,NA,1.0026389458748235,NA
9872818,84,n y n a j,5,-15.538878453846433,NA,-19.248648600763232,NA,-19.252973283175265,NA,1.375893401023051,NA,1.3755021898241135,NA,1.025399913127838,NA,1.024174835275507,NA
9872818,15,d͡ʒ o ʒ ɯ ʒ,5,-24.079143338267087,NA,-Inf,NA,-28.009801950877545,NA,1.137517569937932,NA,1.1375587066288628,NA,1.0007051178379167,NA,1.0008859248512416,NA
9872818,79,p ɯ h i c,5,-20.565900791151996,NA,-23.40671397169415,NA,-23.24817306184844,NA,1.2307563842740858,NA,1.2306306880145006,NA,1.0085929357767276,NA,1.008342931175454,NA
9872818,83,z a g u ʒ,5,-20.29947828385247,NA,-22.63081735331332,NA,-22.558066597039417,NA,1.3322117684361712,NA,1.331916871021566,NA,1.0060543305370335,NA,1.005951900443092,NA
9872818,79,n e m o h,5,-16.32924773528244,NA,-20.77206130453725,NA,-20.726772496747454,NA,1.276400178714621,NA,1.2761991218991138,NA,1.016692629955233,NA,1.016027305212858,NA
9872818,74,c y f e f,5,-21.527813099749014,NA,-Inf,NA,-22.664539480096867,NA,1.2118743211486604,NA,1.2117773135384928,NA,1.0071295794804112,NA,1.0069463406784327,NA
9872818,13,h a v e ʒ,5,-19.09461168027044,NA,-16.910155513317502,NA,-17.0401322477831,NA,1.4491259370421068,NA,1.448622803127972,NA,1.0389424664117677,NA,1.0370968958000453,NA
9872818,15,v ɯ c e c,5,-23.291319549211504,NA,-Inf,NA,-31.131139803939128,NA,1.1800904532909162,NA,1.1800533352853768,NA,1.0009229002593154,NA,1.0010857623367058,NA
9872818,78,m u ɾ u ɾ,5,-15.78366637936518,NA,-13.562188301724916,NA,-13.588096170629813,NA,1.419431610850839,NA,1.418957895106949,NA,1.0416730830399104,NA,1.0396065469972535,NA
9872818,79,n u t y j,5,-16.96057295686292,NA,-21.57828825775384,NA,-21.566459081067514,NA,1.1975371229986602,NA,1.1974696560083582,NA,1.0083526736746993,NA,1.008122409607921,NA
9872818,77,t͡ʃ ø z ɯ z,5,-20.62607180941986,NA,-16.976091075060026,NA,-17.019424912474907,NA,1.1583596514678574,NA,1.1583584120592822,NA,1.0080045227428704,NA,1.0077781589190764,NA
9872818,77,n u ʒ a v,5,-19.23989541094505,NA,-24.070092646118187,NA,-23.96757799454814,NA,1.2890173650126455,NA,1.2887801370464675,NA,1.0063398585044316,NA,1.0061698950642324,NA
9872818,77,n ɯ t a j,5,-14.896630988839425,NA,-19.401787788498176,NA,-19.40541509478784,NA,1.354526711595995,NA,1.3541725154278046,NA,1.021234920433465,NA,1.0202283613160217,NA
9872818,78,b o ɟ ø z,5,-24.218032064305415,NA,-Inf,NA,-19.98603714014059,NA,1.1508993555127225,NA,1.1509159963499356,NA,1.0076706794235104,NA,1.0074835137562206,NA
9872818,13,z ɯ f ø ʒ,5,-23.017882079075772,NA,-Inf,NA,-25.118736995317576,NA,1.0902439638685273,NA,1.090371213824056,NA,1.0024969451408785,NA,1.00258336556017,NA
9872818,79,m y ɟ ø z,5,-23.67800700689448,NA,-Inf,NA,-19.812441326740707,NA,1.1873897568358545,NA,1.1873432880455872,NA,1.0271132236263087,NA,1.0259044813368154,NA
9872818,77,l e m ø c,5,-22.135268586336817,NA,-Inf,NA,-30.8974573340183,NA,1.2302737214773412,NA,1.230158604762022,NA,1.0104704475845636,NA,1.010134576043257,NA
9872818,81,m y ʒ u z,5,-20.83024908437445,NA,-18.018790953182332,NA,-17.957196378821674,NA,1.2281724738575563,NA,1.228051804655265,NA,1.028797989001621,NA,1.027484318333768,NA
9872818,78,ɟ y ɟ i c,5,-28.504374274105167,NA,-34.0614415135249,NA,-32.63139034186276,NA,1.1857372598822993,NA,1.1856897559125137,NA,1.0003805593107542,NA,1.0005751782641632,NA
9872818,8,ɫ a ʒ ɯ v,5,-19.01413112958105,NA,-25.27309072876929,NA,-24.70218102731933,NA,1.3434818002281597,NA,1.3431627791155516,NA,1.0027190231281846,NA,1.0027934061307997,NA
9872818,57,g ɯ ɟ i ʒ,5,-24.50361657158009,NA,-25.49963744384403,NA,-24.94700242135446,NA,1.20317522888439,NA,1.2030973279498365,NA,1.0026110525865772,NA,1.002691091470223,NA
9872818,55,h a ɟ y ʒ,5,-23.863657450841075,NA,-22.624553381069926,NA,-22.344510460590467,NA,1.3349575084723493,NA,1.334659755521368,NA,1.0247789272681185,NA,1.023693209239092,NA
9872818,11,l ø ʒ a v,5,-22.61577681077505,NA,-Inf,NA,-27.92410669629761,NA,1.2294482612194106,NA,1.2293140831342488,NA,1.0055264217757005,NA,1.0053992528390658,NA
9872818,81,b u t͡ʃ ø z,5,-20.64528675679707,NA,-16.726730678422822,NA,-16.76182039023128,NA,1.1627803129926748,NA,1.1627762695685162,NA,1.0077814367587763,NA,1.0075883291945815,NA
9872818,78,t i ɾ i n,5,-14.025136929876307,NA,-13.29622096087098,NA,-13.31495014679013,NA,1.4868293162319706,NA,1.4862336716167204,NA,1.0380836476564423,NA,1.036141119098454,NA
9872818,77,k ɯ ɾ y ɾ,5,-15.606638034872336,NA,-13.90445119214018,NA,-13.927432452108098,NA,1.4023519238658844,NA,1.4019095639097712,NA,1.0403132444979513,NA,1.0383564043662596,NA
9872818,78,s ø ɾ e ɾ,5,-16.33314456534291,NA,-14.679954878983413,NA,-14.714425131840436,NA,1.4153867644354674,NA,1.4149143088475702,NA,1.032928769087306,NA,1.0312349764733082,NA
9872818,82,ɫ a m ø s,5,-16.4448878098927,NA,-21.700506185311,NA,-21.560223247833047,NA,1.3597787878886536,NA,1.359429234768754,NA,1.0166672670594712,NA,1.0160046485573355,NA
9872818,78,g ɯ ɟ ø z,5,-24.493762160994564,NA,-Inf,NA,-21.039008141833634,NA,1.1091017507441014,NA,1.109190682492799,NA,1.002741473193033,NA,1.0028133483318893,NA
9872818,7,ʃ i ʒ a z,5,-19.04980356239507,NA,-19.97037085869323,NA,-19.99831106394273,NA,1.315532256051761,NA,1.315247063807122,NA,1.0098413554752772,NA,1.009482109892058,NA
9872818,9,d͡ʒ o ʒ a ʒ,5,-22.732617383645024,NA,-22.660226857866917,NA,-22.815874697194054,NA,1.2757020818759344,NA,1.275491702476653,NA,1.001992869903803,NA,1.002093919802276,NA
9872818,76,t͡ʃ u ɫ a ʒ,5,-19.237587515269706,NA,-18.130207686087324,NA,-18.26240532798674,NA,1.3722130475752563,NA,1.3718347547581715,NA,1.0249011247841782,NA,1.0237533348136263,NA
9872818,80,v ø g a v,5,-20.10445696792307,NA,-Inf,NA,-26.10524817310064,NA,1.247357754390403,NA,1.247192526866456,NA,1.0083186036664065,NA,1.0080374911419787,NA
9872818,16,v i ɟ ø ʒ,5,-26.08508432555531,NA,-Inf,NA,-26.573834589061327,NA,1.1072439154231664,NA,1.107341952591128,NA,1.002221233960113,NA,1.002322393863214,NA
9872818,73,g u d͡ʒ ɯ z,5,-19.58384312679565,NA,-16.662080926911877,NA,-16.69599102385458,NA,1.1829445655903972,NA,1.1829010801604336,NA,1.004072591118986,NA,1.0040601734200405,NA
9872818,52,b o ʒ o j,5,-21.245057054178083,NA,-20.13244875835492,NA,-20.046431822915014,NA,1.1725304838846882,NA,1.1725072015915694,NA,1.0075402588170546,NA,1.0073612568945542,NA
9872818,76,n o t u s,5,-16.47465512035086,NA,-19.735328187133018,NA,-19.743774110963223,NA,1.2269920276179962,NA,1.226868358906597,NA,1.0080817305580838,NA,1.0078462760915818,NA
9872818,81,t e m y ɾ,5,-15.097011485226544,NA,-13.149158478430715,NA,-13.17506319379305,NA,1.3952910296657324,NA,1.3948618624207878,NA,1.043610721726628,NA,1.0414893151040772,NA
9872818,10,ɫ o t a ɫ,5,-14.65850607845412,NA,-17.671672662841534,NA,-17.682535023707715,NA,1.3973781624522024,NA,1.3969353956490551,NA,1.0300127259382086,NA,1.0284804983759424,NA
9872818,47,m y d͡ʒ i z,5,-17.879199582018565,NA,-14.393898283796569,NA,-14.429259306354858,NA,1.3109225990509248,NA,1.3106522848516828,NA,1.0375068631237063,NA,1.0356959574680136,NA
9872818,81,k ɯ ɾ u ɾ,5,-15.318955962420556,NA,-13.211802908261404,NA,-13.235619449577031,NA,1.4222960802280702,NA,1.4218174189805863,NA,1.0464229248539447,NA,1.04410490580885,NA
9872818,78,k o m y ɾ,5,-16.353424337993484,NA,-13.883195970862252,NA,-13.910528361180043,NA,1.3227564267292913,NA,1.3224527779546218,NA,1.0242905957012058,NA,1.0231863397295329,NA
9872818,52,l e l i v,5,-19.259752917338997,NA,-29.576825325610375,NA,-28.93865942698328,NA,1.3165643111836578,NA,1.316286257844561,NA,1.004552273472661,NA,1.0045149324559184,NA
9872818,84,b u z i z,5,-17.899568381733303,NA,-15.168587722623604,NA,-15.20544673192982,NA,1.300321658423705,NA,1.3000693778122003,NA,1.018878679977096,NA,1.0180436274771694,NA
9872818,82,f i m y z,5,-17.903375865695956,NA,-14.742633621324917,NA,-14.786764221872444,NA,1.201636639433986,NA,1.2015630839111278,NA,1.0120057633303254,NA,1.0115817861902552,NA
9872818,11,b y ɟ y ʒ,5,-25.505444268865332,NA,-25.45365748559964,NA,-24.547852043511448,NA,1.1609339687930145,NA,1.1609373105847451,NA,1.0030582028661408,NA,1.0031139432724736,NA
9872818,77,t͡ʃ ø z i z,5,-19.95205038921768,NA,-16.53019953976399,NA,-16.57507613525408,NA,1.2189898868089024,NA,1.21887829147456,NA,1.012754830804793,NA,1.0122417488420343,NA
9872818,78,ɟ ø ʒ u ʒ,5,-29.01723460133465,NA,-Inf,NA,-30.01521454529064,NA,1.0652782477051752,NA,1.0654452352440962,NA,1,1,1.0002179098838746,1
9872818,80,n ø t i v,5,-17.944154892120544,NA,-23.2961730088594,NA,-23.250097222909492,NA,1.2347006964889633,NA,1.2345636665208823,NA,1.0201890138444885,NA,1.019285545598672,NA
9872818,9,l y g o v,5,-21.24168388132717,NA,-Inf,NA,-29.53360238566332,NA,1.1177613338707335,NA,1.117835562270347,NA,1.0014227127794817,NA,1.0015589006941277,NA
9872818,13,b e ʒ u z,5,-20.09685568317635,NA,-17.616675465865157,NA,-17.692227901481022,NA,1.2990802527770584,NA,1.298836883201828,NA,1.0147738277840022,NA,1.0141969018237178,NA
9872818,70,g a h a n,5,-15.424795057512029,NA,-12.671136251120728,NA,-12.713594601335702,NA,1.5950046496787846,NA,1.5942160548671798,NA,1.0568362269206326,NA,1.0537746821415517,NA
9872818,73,b i j u z,5,-17.587656552519828,NA,-14.901222365010376,NA,-14.934988048180376,NA,1.2542839912465815,NA,1.2541176642790226,NA,1.0211939364547036,NA,1.0202725415610168,NA
9872818,75,ɫ a c i c,5,-20.85006703745811,NA,-Inf,NA,-28.268360365160696,NA,1.393714475584772,NA,1.393307140789591,NA,1.0031978955195548,NA,1.003244424758624,NA
9872818,80,b e v i z,5,-17.164705407397012,NA,-14.3441056545888,NA,-14.386834265478743,NA,1.3998179501932546,NA,1.3993936154387292,NA,1.0313640525417127,NA,1.029874405398718,NA
9872818,80,n u c i c,5,-22.422357273444163,NA,-Inf,NA,-30.604841117870382,NA,1.2010655284312557,NA,1.2009915028727167,NA,1.0010304726556416,NA,1.0011909418109612,NA
9872818,13,l i ʒ ɯ h,5,-21.236809961973975,NA,-30.679339934133328,NA,-29.742273739726983,NA,1.158327478084528,NA,1.1583284213199998,NA,1.0005226776773717,NA,1.000711052533111,NA
9872818,75,k o ɾ e n,5,-14.885879129991546,NA,-12.897900518277458,NA,-12.921968836319405,NA,1.4935674111675834,NA,1.492960755870561,NA,1.051458107409831,NA,1.0487970966537057,NA
9872818,81,n ɯ ʒ a j,5,-18.361255868590177,NA,-Inf,NA,-24.42370924182812,NA,1.2862284449438637,NA,1.2859931705589396,NA,1.0083293699708047,NA,1.0080300149841257,NA
9872818,73,ɫ o c i c,5,-22.598154704161175,NA,-Inf,NA,-30.38087562282667,NA,1.192024700888065,NA,1.1919663103397642,NA,1.0024386182362308,NA,1.002525096162357,NA
9872818,77,m u ɟ ø z,5,-23.390324934442702,NA,-Inf,NA,-20.024930764116053,NA,1.1813238989502393,NA,1.1812879247237875,NA,1.0153068128767293,NA,1.0147184228338744,NA
9872818,11,f u ʒ o ʒ,5,-24.318186592419305,NA,-24.076093804584303,NA,-23.89378841031736,NA,1.113926858532862,NA,1.1140116216965557,NA,1.0011715459746369,NA,1.0013258782882402,NA
9872818,77,ɟ ø c y c,5,-29.771612116763333,NA,-Inf,NA,-33.918015159012405,NA,1.0457614416943897,NA,1.0459642311442183,NA,1.000065210303228,NA,1.0002790383147078,NA
9872818,75,l y g u v,5,-21.054989139720988,NA,-Inf,NA,-29.442333739145383,NA,1.1391300728302185,NA,1.139165406989077,NA,1.0012517628678057,NA,1.0013973759000716,NA
9872818,74,l i ɾ a ɫ,5,-15.3609350799713,NA,-19.8361902836386,NA,-19.591438837393905,NA,1.4834033363849624,NA,1.482810949290984,NA,1.052665896370704,NA,1.049897439309165,NA
9872818,9,g o ʒ u ʒ,5,-24.442688578324432,NA,-22.033985445786712,NA,-22.016202405684076,NA,1.1437948305814645,NA,1.1438260015087924,NA,1.001138393401175,NA,1.0012964338824402,NA
9872818,70,v i c i t͡ʃ,5,-20.547113263958217,NA,-Inf,NA,-23.1711421973128,NA,1.2268410034005357,NA,1.2267195786230238,NA,1.0039829073988151,NA,1.0039769766982811,NA
9872818,51,f i f ø c,5,-22.934346180129452,NA,-Inf,NA,-24.81560530960652,NA,1.1324703057575094,NA,1.132524760714353,NA,1.00781397621939,NA,1.0076205413173758,NA
9872818,53,ɟ e ʒ a ʒ,5,-24.872738132728532,NA,-Inf,NA,-27.982487602910396,NA,1.3654519295070486,NA,1.3650862603539733,NA,1.0018873378066473,NA,1.0019937933222605,NA
9872818,75,ɫ a v ø c,5,-20.9587256480507,NA,-Inf,NA,-27.741190815322057,NA,1.3120436196337373,NA,1.311787239641347,NA,1.0128467704178925,NA,1.0123863819849432,NA
9872818,80,z a c i c,5,-21.79076817824873,NA,-Inf,NA,-28.16360280521193,NA,1.396529547044278,NA,1.3961173439888992,NA,1.0049309977725878,NA,1.0048864608834187,NA
9872818,75,l i l e c,5,-21.536362523929785,NA,-31.083984388924055,NA,-30.331424169322283,NA,1.2119594300984098,NA,1.2118670410071015,NA,1.002450860254562,NA,1.002532859654261,NA
9872818,80,b o ʒ ø z,5,-22.86665396829175,NA,-18.017128955938706,NA,-17.902257196862156,NA,1.1512809100750248,NA,1.1512968865447335,NA,1.0076706794235104,NA,1.0074835137562206,NA
9872818,9,v ɯ ʒ ɯ ʒ,5,-23.69648085276263,NA,-Inf,NA,-31.00943562503508,NA,1.125927847369398,NA,1.1259890347950725,NA,1.0002707972270364,NA,1.000474478028374,NA
9872818,78,b e v a z,5,-16.49220087297713,NA,-13.608243420111007,NA,-13.653196067821916,NA,1.477372226790212,NA,1.4768067318712417,NA,1.039668977985646,NA,1.0377122037388582,NA
9872818,68,l e g u j,5,-19.01681077838631,NA,-26.364507293773418,NA,-25.975664718831844,NA,1.2483428858636896,NA,1.248186398979058,NA,1.0016771227161092,NA,1.0018008835043444,NA
9872818,69,g ɯ ʒ u ɫ,5,-20.705303097683913,NA,-Inf,NA,-21.48584727527315,NA,1.1930536885026797,NA,1.19297852493055,NA,1.0065343732888652,NA,1.006368299524924,NA
9872818,76,n u ʒ u v,5,-20.80128833604193,NA,-25.0331577171281,NA,-24.8916465105402,NA,1.1410317248052262,NA,1.1410638524210197,NA,1.0012699088513268,NA,1.001416451124873,NA
9872980,38,h a v e ʒ,5,-19.09461168027044,NA,-16.910155513317502,NA,-17.0401322477831,NA,1.4491259370421068,NA,1.448622803127972,NA,1.0389424664117677,NA,1.0370968958000453,NA
9872980,40,t͡ʃ u ɫ a ʒ,5,-19.237587515269706,NA,-18.130207686087324,NA,-18.26240532798674,NA,1.3722130475752563,NA,1.3718347547581715,NA,1.0249011247841782,NA,1.0237533348136263,NA
9872980,38,b u z i z,5,-17.899568381733303,NA,-15.168587722623604,NA,-15.20544673192982,NA,1.300321658423705,NA,1.3000693778122003,NA,1.018878679977096,NA,1.0180436274771694,NA
9872980,33,n u ʒ u v,5,-20.80128833604193,NA,-25.0331577171281,NA,-24.8916465105402,NA,1.1410317248052262,NA,1.1410638524210197,NA,1.0012699088513268,NA,1.001416451124873,NA
9872980,22,b y ɟ y ʒ,5,-25.505444268865332,NA,-25.45365748559964,NA,-24.547852043511448,NA,1.1609339687930145,NA,1.1609373105847451,NA,1.0030582028661408,NA,1.0031139432724736,NA
9872980,31,ɟ y ɟ i c,5,-28.504374274105167,NA,-34.0614415135249,NA,-32.63139034186276,NA,1.1857372598822993,NA,1.1856897559125137,NA,1.0003805593107542,NA,1.0005751782641632,NA
9872980,27,g a h a n,5,-15.424795057512029,NA,-12.671136251120728,NA,-12.713594601335702,NA,1.5950046496787846,NA,1.5942160548671798,NA,1.0568362269206326,NA,1.0537746821415517,NA
9872980,28,v ø g a v,5,-20.10445696792307,NA,-Inf,NA,-26.10524817310064,NA,1.247357754390403,NA,1.247192526866456,NA,1.0083186036664065,NA,1.0080374911419787,NA
9872980,54,ɫ a c i c,5,-20.85006703745811,NA,-Inf,NA,-28.268360365160696,NA,1.393714475584772,NA,1.393307140789591,NA,1.0031978955195548,NA,1.003244424758624,NA
9872980,31,g o ʒ u ʒ,5,-24.442688578324432,NA,-22.033985445786712,NA,-22.016202405684076,NA,1.1437948305814645,NA,1.1438260015087924,NA,1.001138393401175,NA,1.0012964338824402,NA
9872980,15,l e g u j,5,-19.01681077838631,NA,-26.364507293773418,NA,-25.975664718831844,NA,1.2483428858636896,NA,1.248186398979058,NA,1.0016771227161092,NA,1.0018008835043444,NA
9872980,31,h a ɟ y ʒ,5,-23.863657450841075,NA,-22.624553381069926,NA,-22.344510460590467,NA,1.3349575084723493,NA,1.334659755521368,NA,1.0247789272681185,NA,1.023693209239092,NA
9872980,35,z a c i c,5,-21.79076817824873,NA,-Inf,NA,-28.16360280521193,NA,1.396529547044278,NA,1.3961173439888992,NA,1.0049309977725878,NA,1.0048864608834187,NA
9872980,53,v i c i t͡ʃ,5,-20.547113263958217,NA,-Inf,NA,-23.1711421973128,NA,1.2268410034005357,NA,1.2267195786230238,NA,1.0039829073988151,NA,1.0039769766982811,NA
9872980,52,t i ɾ i n,5,-14.025136929876307,NA,-13.29622096087098,NA,-13.31495014679013,NA,1.4868293162319706,NA,1.4862336716167204,NA,1.0380836476564423,NA,1.036141119098454,NA
9872980,26,b o ʒ o j,5,-21.245057054178083,NA,-20.13244875835492,NA,-20.046431822915014,NA,1.1725304838846882,NA,1.1725072015915694,NA,1.0075402588170546,NA,1.0073612568945542,NA
9872980,27,m y d͡ʒ ɯ z,5,-18.55322100222074,NA,-14.44026579065542,NA,-14.47667494038302,NA,1.2502923637098795,NA,1.2501324054364051,NA,1.0311610225528094,NA,1.029724802800534,NA
9872980,23,v ø l ø c,5,-25.90689728386676,NA,-Inf,NA,-35.34511196131538,NA,1.053370077665239,NA,1.0535614319623523,NA,1,1,1.0002179098838746,1
9872980,26,f i f ø c,5,-22.934346180129452,NA,-Inf,NA,-24.81560530960652,NA,1.1324703057575094,NA,1.132524760714353,NA,1.00781397621939,NA,1.0076205413173758,NA
9872980,37,n y n a j,5,-15.538878453846433,NA,-19.248648600763232,NA,-19.252973283175265,NA,1.375893401023051,NA,1.3755021898241135,NA,1.025399913127838,NA,1.024174835275507,NA
9872980,20,ɫ a ʒ ɯ v,5,-19.01413112958105,NA,-25.27309072876929,NA,-24.70218102731933,NA,1.3434818002281597,NA,1.3431627791155516,NA,1.0027190231281846,NA,1.0027934061307997,NA
9872980,23,ɫ a v ø c,5,-20.9587256480507,NA,-Inf,NA,-27.741190815322057,NA,1.3120436196337373,NA,1.311787239641347,NA,1.0128467704178925,NA,1.0123863819849432,NA
9872980,31,b i j u z,5,-17.587656552519828,NA,-14.901222365010376,NA,-14.934988048180376,NA,1.2542839912465815,NA,1.2541176642790226,NA,1.0211939364547036,NA,1.0202725415610168,NA
9872980,21,m y ɟ ø z,5,-23.67800700689448,NA,-Inf,NA,-19.812441326740707,NA,1.1873897568358545,NA,1.1873432880455872,NA,1.0271132236263087,NA,1.0259044813368154,NA
9872980,43,l e m ø c,5,-22.135268586336817,NA,-Inf,NA,-30.8974573340183,NA,1.2302737214773412,NA,1.230158604762022,NA,1.0104704475845636,NA,1.010134576043257,NA
9872980,9,z ɯ f ø ʒ,5,-23.017882079075772,NA,-Inf,NA,-25.118736995317576,NA,1.0902439638685273,NA,1.090371213824056,NA,1.0024969451408785,NA,1.00258336556017,NA
9872980,0,b e ʒ u z,5,-20.09685568317635,NA,-17.616675465865157,NA,-17.692227901481022,NA,1.2990802527770584,NA,1.298836883201828,NA,1.0147738277840022,NA,1.0141969018237178,NA
9872980,35,m u ɾ u ɾ,5,-15.78366637936518,NA,-13.562188301724916,NA,-13.588096170629813,NA,1.419431610850839,NA,1.418957895106949,NA,1.0416730830399104,NA,1.0396065469972535,NA
9872980,39,b o ʒ ø z,5,-22.86665396829175,NA,-18.017128955938706,NA,-17.902257196862156,NA,1.1512809100750248,NA,1.1512968865447335,NA,1.0076706794235104,NA,1.0074835137562206,NA
9872980,20,v i ɟ ø ʒ,5,-26.08508432555531,NA,-Inf,NA,-26.573834589061327,NA,1.1072439154231664,NA,1.107341952591128,NA,1.002221233960113,NA,1.002322393863214,NA
9872980,55,k o ɾ e n,5,-14.885879129991546,NA,-12.897900518277458,NA,-12.921968836319405,NA,1.4935674111675834,NA,1.492960755870561,NA,1.051458107409831,NA,1.0487970966537057,NA
9872980,31,ɟ e ʒ a ʒ,5,-24.872738132728532,NA,-Inf,NA,-27.982487602910396,NA,1.3654519295070486,NA,1.3650862603539733,NA,1.0018873378066473,NA,1.0019937933222605,NA
9872980,30,k ɯ ɾ u ɾ,5,-15.318955962420556,NA,-13.211802908261404,NA,-13.235619449577031,NA,1.4222960802280702,NA,1.4218174189805863,NA,1.0464229248539447,NA,1.04410490580885,NA
9872980,57,b e v a z,5,-16.49220087297713,NA,-13.608243420111007,NA,-13.653196067821916,NA,1.477372226790212,NA,1.4768067318712417,NA,1.039668977985646,NA,1.0377122037388582,NA
9872980,31,l y g o v,5,-21.24168388132717,NA,-Inf,NA,-29.53360238566332,NA,1.1177613338707335,NA,1.117835562270347,NA,1.0014227127794817,NA,1.0015589006941277,NA
9872980,0,n u ʒ a v,5,-19.23989541094505,NA,-24.070092646118187,NA,-23.96757799454814,NA,1.2890173650126455,NA,1.2887801370464675,NA,1.0063398585044316,NA,1.0061698950642324,NA
9872980,31,v ɯ c e c,5,-23.291319549211504,NA,-Inf,NA,-31.131139803939128,NA,1.1800904532909162,NA,1.1800533352853768,NA,1.0009229002593154,NA,1.0010857623367058,NA
9872980,16,z a ʒ a ʒ,5,-20.65156820085194,NA,-20.88415273374731,NA,-21.111799773330873,NA,1.473656473289835,NA,1.4731036094504746,NA,1.005674667143876,NA,1.0055823087757958,NA
9872980,63,ɫ o t a ɫ,5,-14.65850607845412,NA,-17.671672662841534,NA,-17.682535023707715,NA,1.3973781624522024,NA,1.3969353956490551,NA,1.0300127259382086,NA,1.0284804983759424,NA
9872980,0,h a ʒ u ʒ,5,-22.22459728237563,NA,-20.574734095421434,NA,-20.57980325185485,NA,1.3552832193968376,NA,1.354948500786981,NA,1.024100953206239,NA,1.0230524747443015,NA
9872980,42,g u d͡ʒ ɯ z,5,-19.58384312679565,NA,-16.662080926911877,NA,-16.69599102385458,NA,1.1829445655903972,NA,1.1829010801604336,NA,1.004072591118986,NA,1.0040601734200405,NA
9872980,46,f a m o ʒ,5,-19.525006628199367,NA,-18.562521006783637,NA,-18.678545352468166,NA,1.3639122810041675,NA,1.3635640039359638,NA,1.0205395864056823,NA,1.0196690224611438,NA
9872980,0,g ɯ ɟ i ʒ,5,-24.50361657158009,NA,-25.49963744384403,NA,-24.94700242135446,NA,1.20317522888439,NA,1.2030973279498365,NA,1.0026110525865772,NA,1.002691091470223,NA
9872980,15,g ɯ ʒ u ɫ,5,-20.705303097683913,NA,-Inf,NA,-21.48584727527315,NA,1.1930536885026797,NA,1.19297852493055,NA,1.0065343732888652,NA,1.006368299524924,NA
9872980,54,t͡ʃ ø t͡ʃ ø z,5,-22.697768764281445,NA,-19.14014982771973,NA,-19.125549383488163,NA,1.0814485413778725,NA,1.0815851832308758,NA,1.0021481577380047,NA,1.0022510865945526,NA
9872980,54,m u ɟ ø z,5,-23.390324934442702,NA,-Inf,NA,-20.024930764116053,NA,1.1813238989502393,NA,1.1812879247237875,NA,1.0153068128767293,NA,1.0147184228338744,NA
9872980,52,t͡ʃ ø z i z,5,-19.95205038921768,NA,-16.53019953976399,NA,-16.57507613525408,NA,1.2189898868089024,NA,1.21887829147456,NA,1.012754830804793,NA,1.0122417488420343,NA
9872980,32,l y v ø c,5,-24.69819952981217,NA,-Inf,NA,-33.84418076589204,NA,1.1109520851514574,NA,1.1110436100959913,NA,1.0013626948653658,NA,1.0015085655369462,NA
9872980,34,z i ʃ u ʒ,5,-20.611196487491956,NA,-21.50834429121576,NA,-21.43777842049785,NA,1.1722474271142185,NA,1.1722290569471934,NA,1.0065648677878622,NA,1.0064344360939144,NA
9872980,40,n ø t i v,5,-17.944154892120544,NA,-23.2961730088594,NA,-23.250097222909492,NA,1.2347006964889633,NA,1.2345636665208823,NA,1.0201890138444885,NA,1.019285545598672,NA
9872980,26,l i l e c,5,-21.536362523929785,NA,-31.083984388924055,NA,-30.331424169322283,NA,1.2119594300984098,NA,1.2118670410071015,NA,1.002450860254562,NA,1.002532859654261,NA
9872980,32,b e d͡ʒ ɯ z,5,-17.81982760102264,NA,-14.454949896520516,NA,-14.498099044664276,NA,1.3212001426293818,NA,1.3209174839829685,NA,1.018554063995171,NA,1.0177796681696785,NA
9872980,32,b e v i z,5,-17.164705407397012,NA,-14.3441056545888,NA,-14.386834265478743,NA,1.3998179501932546,NA,1.3993936154387292,NA,1.0313640525417127,NA,1.029874405398718,NA
9872980,33,b u t͡ʃ ø z,5,-20.64528675679707,NA,-16.726730678422822,NA,-16.76182039023128,NA,1.1627803129926748,NA,1.1627762695685162,NA,1.0077814367587763,NA,1.0075883291945815,NA
9872980,10,v ɯ ʒ ɯ ʒ,5,-23.69648085276263,NA,-Inf,NA,-31.00943562503508,NA,1.125927847369398,NA,1.1259890347950725,NA,1.0002707972270364,NA,1.000474478028374,NA
9872980,35,n ɯ ʒ a j,5,-18.361255868590177,NA,-Inf,NA,-24.42370924182812,NA,1.2862284449438637,NA,1.2859931705589396,NA,1.0083293699708047,NA,1.0080300149841257,NA
9872980,23,ɟ e ɟ ø c,5,-29.515236701833903,NA,-Inf,NA,-35.387903759308166,NA,1.1759662589424205,NA,1.1759456395053902,NA,1.0001090155892292,NA,1.0003211623361203,NA
9872980,29,ɫ a m ø s,5,-16.4448878098927,NA,-21.700506185311,NA,-21.560223247833047,NA,1.3597787878886536,NA,1.359429234768754,NA,1.0166672670594712,NA,1.0160046485573355,NA
9872980,24,s ø ɾ e ɾ,5,-16.33314456534291,NA,-14.679954878983413,NA,-14.714425131840436,NA,1.4153867644354674,NA,1.4149143088475702,NA,1.032928769087306,NA,1.0312349764733082,NA
9872980,16,m y d͡ʒ i z,5,-17.879199582018565,NA,-14.393898283796569,NA,-14.429259306354858,NA,1.3109225990509248,NA,1.3106522848516828,NA,1.0375068631237063,NA,1.0356959574680136,NA
9872980,25,n u c i c,5,-22.422357273444163,NA,-Inf,NA,-30.604841117870382,NA,1.2010655284312557,NA,1.2009915028727167,NA,1.0010304726556416,NA,1.0011909418109612,NA
9872980,41,ʃ i ʒ a z,5,-19.04980356239507,NA,-19.97037085869323,NA,-19.99831106394273,NA,1.315532256051761,NA,1.315247063807122,NA,1.0098413554752772,NA,1.009482109892058,NA
9872980,40,f i m y z,5,-17.903375865695956,NA,-14.742633621324917,NA,-14.786764221872444,NA,1.201636639433986,NA,1.2015630839111278,NA,1.0120057633303254,NA,1.0115817861902552,NA
9872980,19,n e m o h,5,-16.32924773528244,NA,-20.77206130453725,NA,-20.726772496747454,NA,1.276400178714621,NA,1.2761991218991138,NA,1.016692629955233,NA,1.016027305212858,NA
9872980,0,d͡ʒ o ʒ a ʒ,5,-22.732617383645024,NA,-22.660226857866917,NA,-22.815874697194054,NA,1.2757020818759344,NA,1.275491702476653,NA,1.001992869903803,NA,1.002093919802276,NA
9872980,54,ɫ o c i c,5,-22.598154704161175,NA,-Inf,NA,-30.38087562282667,NA,1.192024700888065,NA,1.1919663103397642,NA,1.0024386182362308,NA,1.002525096162357,NA
9872980,58,t͡ʃ ø z ɯ z,5,-20.62607180941986,NA,-16.976091075060026,NA,-17.019424912474907,NA,1.1583596514678574,NA,1.1583584120592822,NA,1.0080045227428704,NA,1.0077781589190764,NA
9872980,56,m y ʒ u z,5,-20.83024908437445,NA,-18.018790953182332,NA,-17.957196378821674,NA,1.2281724738575563,NA,1.228051804655265,NA,1.028797989001621,NA,1.027484318333768,NA
9872980,0,n ɯ ʒ o h,5,-20.43289152093352,NA,-Inf,NA,-27.681960708161636,NA,1.1097661427251175,NA,1.1098539195905015,NA,1.0003249566724437,NA,1.0005257916572736,NA
9872980,13,l ø ʒ o h,5,-24.023639891238354,NA,-Inf,NA,-30.04919461281527,NA,1.0611372469041531,NA,1.0613091459550994,NA,1,1,1.0002179098838746,1
9872980,63,k o m y ɾ,5,-16.353424337993484,NA,-13.883195970862252,NA,-13.910528361180043,NA,1.3227564267292913,NA,1.3224527779546218,NA,1.0242905957012058,NA,1.0231863397295329,NA
9872980,1,n ɯ t a j,5,-14.896630988839425,NA,-19.401787788498176,NA,-19.40541509478784,NA,1.354526711595995,NA,1.3541725154278046,NA,1.021234920433465,NA,1.0202283613160217,NA
9872980,56,k ɯ ɾ y ɾ,5,-15.606638034872336,NA,-13.90445119214018,NA,-13.927432452108098,NA,1.4023519238658844,NA,1.4019095639097712,NA,1.0403132444979513,NA,1.0383564043662596,NA
9872980,37,g ɯ ɟ ø z,5,-24.493762160994564,NA,-Inf,NA,-21.039008141833634,NA,1.1091017507441014,NA,1.109190682492799,NA,1.002741473193033,NA,1.0028133483318893,NA
9872980,41,v ø h u v,5,-21.19584626377422,NA,-Inf,NA,-27.14453973692883,NA,1.12204735674267,NA,1.1221120023890112,NA,1.0019306114959543,NA,1.0020390443325038,NA
9872980,41,ɫ o c i v,5,-20.32154509757039,NA,-Inf,NA,-28.655330256748375,NA,1.203566924559405,NA,1.203484498665397,NA,1.003612403694333,NA,1.0036254079173543,NA
9872980,33,ɟ ø c y c,5,-29.771612116763333,NA,-Inf,NA,-33.918015159012405,NA,1.0457614416943897,NA,1.0459642311442183,NA,1.000065210303228,NA,1.0002790383147078,NA
9872980,34,t e m y ɾ,5,-15.097011485226544,NA,-13.149158478430715,NA,-13.17506319379305,NA,1.3952910296657324,NA,1.3948618624207878,NA,1.043610721726628,NA,1.0414893151040772,NA
9872980,36,z a g u ʒ,5,-20.29947828385247,NA,-22.63081735331332,NA,-22.558066597039417,NA,1.3322117684361712,NA,1.331916871021566,NA,1.0060543305370335,NA,1.005951900443092,NA
9872980,37,ɟ i f o ʒ,5,-24.780676297755964,NA,-25.425443803693742,NA,-25.116310217920844,NA,1.1272633513846158,NA,1.1273248298147074,NA,1.0025592701523314,NA,1.0026389458748235,NA
9872980,41,b o ɟ ø z,5,-24.218032064305415,NA,-Inf,NA,-19.98603714014059,NA,1.1508993555127225,NA,1.1509159963499356,NA,1.0076706794235104,NA,1.0074835137562206,NA
9872980,38,d͡ʒ o ʒ ɯ ʒ,5,-24.079143338267087,NA,-Inf,NA,-28.009801950877545,NA,1.137517569937932,NA,1.1375587066288628,NA,1.0007051178379167,NA,1.0008859248512416,NA
9872980,31,f u ʒ o ʒ,5,-24.318186592419305,NA,-24.076093804584303,NA,-23.89378841031736,NA,1.113926858532862,NA,1.1140116216965557,NA,1.0011715459746369,NA,1.0013258782882402,NA
9872980,30,ɟ ø ʒ u ʒ,5,-29.01723460133465,NA,-Inf,NA,-30.01521454529064,NA,1.0652782477051752,NA,1.0654452352440962,NA,1,1,1.0002179098838746,1
9872980,42,l ø ʒ a v,5,-22.61577681077505,NA,-Inf,NA,-27.92410669629761,NA,1.2294482612194106,NA,1.2293140831342488,NA,1.0055264217757005,NA,1.0053992528390658,NA
9872980,46,m u ɾ e ɾ,5,-14.696942662362323,NA,-12.765770122828249,NA,-12.78886990036498,NA,1.4829679946903738,NA,1.482378633403974,NA,1.0554645066457835,NA,1.052583586591879,NA
9872980,40,ɟ y ʒ a ʒ,5,-26.24714392218317,NA,-27.701633339060944,NA,-27.35192869335266,NA,1.264390404377066,NA,1.2641995821532814,NA,1.0013967676551154,NA,1.0015291572871547,NA
9872980,57,l i ɾ a ɫ,5,-15.3609350799713,NA,-19.8361902836386,NA,-19.591438837393905,NA,1.4834033363849624,NA,1.482810949290984,NA,1.052665896370704,NA,1.049897439309165,NA
9872980,0,l i ʒ ɯ h,5,-21.236809961973975,NA,-30.679339934133328,NA,-29.742273739726983,NA,1.158327478084528,NA,1.1583284213199998,NA,1.0005226776773717,NA,1.000711052533111,NA
9872980,41,n u t y j,5,-16.96057295686292,NA,-21.57828825775384,NA,-21.566459081067514,NA,1.1975371229986602,NA,1.1974696560083582,NA,1.0083526736746993,NA,1.008122409607921,NA
9872980,55,n o t u s,5,-16.47465512035086,NA,-19.735328187133018,NA,-19.743774110963223,NA,1.2269920276179962,NA,1.226868358906597,NA,1.0080817305580838,NA,1.0078462760915818,NA
9872980,43,l y g u v,5,-21.054989139720988,NA,-Inf,NA,-29.442333739145383,NA,1.1391300728302185,NA,1.139165406989077,NA,1.0012517628678057,NA,1.0013973759000716,NA
9872980,41,l e l i v,5,-19.259752917338997,NA,-29.576825325610375,NA,-28.93865942698328,NA,1.3165643111836578,NA,1.316286257844561,NA,1.004552273472661,NA,1.0045149324559184,NA
9872980,45,p ɯ h i c,5,-20.565900791151996,NA,-23.40671397169415,NA,-23.24817306184844,NA,1.2307563842740858,NA,1.2306306880145006,NA,1.0085929357767276,NA,1.008342931175454,NA
9872980,44,l e l e c,5,-21.338527197603927,NA,-31.45089604529384,NA,-30.582591541482635,NA,1.2981271077413907,NA,1.2978856396230185,NA,1.0037045395306985,NA,1.0037202628550872,NA
9872980,44,c y f e f,5,-21.527813099749014,NA,-Inf,NA,-22.664539480096867,NA,1.2118743211486604,NA,1.2117773135384928,NA,1.0071295794804112,NA,1.0069463406784327,NA
9873021,73,t e m y ɾ,5,-15.097011485226544,NA,-13.149158478430715,NA,-13.17506319379305,NA,1.3952910296657324,NA,1.3948618624207878,NA,1.043610721726628,NA,1.0414893151040772,NA
9873021,21,f a m o ʒ,5,-19.525006628199367,NA,-18.562521006783637,NA,-18.678545352468166,NA,1.3639122810041675,NA,1.3635640039359638,NA,1.0205395864056823,NA,1.0196690224611438,NA
9873021,25,l i l e c,5,-21.536362523929785,NA,-31.083984388924055,NA,-30.331424169322283,NA,1.2119594300984098,NA,1.2118670410071015,NA,1.002450860254562,NA,1.002532859654261,NA
9873021,22,t͡ʃ ø t͡ʃ ø z,5,-22.697768764281445,NA,-19.14014982771973,NA,-19.125549383488163,NA,1.0814485413778725,NA,1.0815851832308758,NA,1.0021481577380047,NA,1.0022510865945526,NA
9873021,15,t͡ʃ u ɫ a ʒ,5,-19.237587515269706,NA,-18.130207686087324,NA,-18.26240532798674,NA,1.3722130475752563,NA,1.3718347547581715,NA,1.0249011247841782,NA,1.0237533348136263,NA
9873021,8,v i ɟ ø ʒ,5,-26.08508432555531,NA,-Inf,NA,-26.573834589061327,NA,1.1072439154231664,NA,1.107341952591128,NA,1.002221233960113,NA,1.002322393863214,NA
9873021,36,g u d͡ʒ ɯ z,5,-19.58384312679565,NA,-16.662080926911877,NA,-16.69599102385458,NA,1.1829445655903972,NA,1.1829010801604336,NA,1.004072591118986,NA,1.0040601734200405,NA
9873021,58,b i j u z,5,-17.587656552519828,NA,-14.901222365010376,NA,-14.934988048180376,NA,1.2542839912465815,NA,1.2541176642790226,NA,1.0211939364547036,NA,1.0202725415610168,NA
9873021,78,k o ɾ e n,5,-14.885879129991546,NA,-12.897900518277458,NA,-12.921968836319405,NA,1.4935674111675834,NA,1.492960755870561,NA,1.051458107409831,NA,1.0487970966537057,NA
9873021,16,ɟ y ʒ a ʒ,5,-26.24714392218317,NA,-27.701633339060944,NA,-27.35192869335266,NA,1.264390404377066,NA,1.2641995821532814,NA,1.0013967676551154,NA,1.0015291572871547,NA
9873021,50,l e m ø c,5,-22.135268586336817,NA,-Inf,NA,-30.8974573340183,NA,1.2302737214773412,NA,1.230158604762022,NA,1.0104704475845636,NA,1.010134576043257,NA
9873021,98,l e l e c,5,-21.338527197603927,NA,-31.45089604529384,NA,-30.582591541482635,NA,1.2981271077413907,NA,1.2978856396230185,NA,1.0037045395306985,NA,1.0037202628550872,NA
9873021,40,b e v a z,5,-16.49220087297713,NA,-13.608243420111007,NA,-13.653196067821916,NA,1.477372226790212,NA,1.4768067318712417,NA,1.039668977985646,NA,1.0377122037388582,NA
9873021,14,m y d͡ʒ ɯ z,5,-18.55322100222074,NA,-14.44026579065542,NA,-14.47667494038302,NA,1.2502923637098795,NA,1.2501324054364051,NA,1.0311610225528094,NA,1.029724802800534,NA
9873021,8,b e ʒ u z,5,-20.09685568317635,NA,-17.616675465865157,NA,-17.692227901481022,NA,1.2990802527770584,NA,1.298836883201828,NA,1.0147738277840022,NA,1.0141969018237178,NA
9873021,51,b o ɟ ø z,5,-24.218032064305415,NA,-Inf,NA,-19.98603714014059,NA,1.1508993555127225,NA,1.1509159963499356,NA,1.0076706794235104,NA,1.0074835137562206,NA
9873021,98,t i ɾ i n,5,-14.025136929876307,NA,-13.29622096087098,NA,-13.31495014679013,NA,1.4868293162319706,NA,1.4862336716167204,NA,1.0380836476564423,NA,1.036141119098454,NA
9873021,67,n u t y j,5,-16.96057295686292,NA,-21.57828825775384,NA,-21.566459081067514,NA,1.1975371229986602,NA,1.1974696560083582,NA,1.0083526736746993,NA,1.008122409607921,NA
9873021,39,n ø t i v,5,-17.944154892120544,NA,-23.2961730088594,NA,-23.250097222909492,NA,1.2347006964889633,NA,1.2345636665208823,NA,1.0201890138444885,NA,1.019285545598672,NA
9873021,8,ɫ a ʒ ɯ v,5,-19.01413112958105,NA,-25.27309072876929,NA,-24.70218102731933,NA,1.3434818002281597,NA,1.3431627791155516,NA,1.0027190231281846,NA,1.0027934061307997,NA
9873021,1,v ɯ ʒ ɯ ʒ,5,-23.69648085276263,NA,-Inf,NA,-31.00943562503508,NA,1.125927847369398,NA,1.1259890347950725,NA,1.0002707972270364,NA,1.000474478028374,NA
9873021,28,n u ʒ a v,5,-19.23989541094505,NA,-24.070092646118187,NA,-23.96757799454814,NA,1.2890173650126455,NA,1.2887801370464675,NA,1.0063398585044316,NA,1.0061698950642324,NA
9873021,4,z i ʃ u ʒ,5,-20.611196487491956,NA,-21.50834429121576,NA,-21.43777842049785,NA,1.1722474271142185,NA,1.1722290569471934,NA,1.0065648677878622,NA,1.0064344360939144,NA
9873021,2,n ɯ ʒ a j,5,-18.361255868590177,NA,-Inf,NA,-24.42370924182812,NA,1.2862284449438637,NA,1.2859931705589396,NA,1.0083293699708047,NA,1.0080300149841257,NA
9873021,15,z a ʒ a ʒ,5,-20.65156820085194,NA,-20.88415273374731,NA,-21.111799773330873,NA,1.473656473289835,NA,1.4731036094504746,NA,1.005674667143876,NA,1.0055823087757958,NA
9873021,46,p ɯ h i c,5,-20.565900791151996,NA,-23.40671397169415,NA,-23.24817306184844,NA,1.2307563842740858,NA,1.2306306880145006,NA,1.0085929357767276,NA,1.008342931175454,NA
9873021,3,ɟ i f o ʒ,5,-24.780676297755964,NA,-25.425443803693742,NA,-25.116310217920844,NA,1.1272633513846158,NA,1.1273248298147074,NA,1.0025592701523314,NA,1.0026389458748235,NA
9873021,55,ɫ a v ø c,5,-20.9587256480507,NA,-Inf,NA,-27.741190815322057,NA,1.3120436196337373,NA,1.311787239641347,NA,1.0128467704178925,NA,1.0123863819849432,NA
9873021,14,g ɯ ʒ u ɫ,5,-20.705303097683913,NA,-Inf,NA,-21.48584727527315,NA,1.1930536885026797,NA,1.19297852493055,NA,1.0065343732888652,NA,1.006368299524924,NA
9873021,11,v ø h u v,5,-21.19584626377422,NA,-Inf,NA,-27.14453973692883,NA,1.12204735674267,NA,1.1221120023890112,NA,1.0019306114959543,NA,1.0020390443325038,NA
9873021,9,ɟ e ʒ a ʒ,5,-24.872738132728532,NA,-Inf,NA,-27.982487602910396,NA,1.3654519295070486,NA,1.3650862603539733,NA,1.0018873378066473,NA,1.0019937933222605,NA
9873021,30,t͡ʃ ø z ɯ z,5,-20.62607180941986,NA,-16.976091075060026,NA,-17.019424912474907,NA,1.1583596514678574,NA,1.1583584120592822,NA,1.0080045227428704,NA,1.0077781589190764,NA
9873021,13,b u z i z,5,-17.899568381733303,NA,-15.168587722623604,NA,-15.20544673192982,NA,1.300321658423705,NA,1.3000693778122003,NA,1.018878679977096,NA,1.0180436274771694,NA
9873021,7,h a ɟ y ʒ,5,-23.863657450841075,NA,-22.624553381069926,NA,-22.344510460590467,NA,1.3349575084723493,NA,1.334659755521368,NA,1.0247789272681185,NA,1.023693209239092,NA
9873021,56,l e l i v,5,-19.259752917338997,NA,-29.576825325610375,NA,-28.93865942698328,NA,1.3165643111836578,NA,1.316286257844561,NA,1.004552273472661,NA,1.0045149324559184,NA
9873021,2,g ɯ ɟ i ʒ,5,-24.50361657158009,NA,-25.49963744384403,NA,-24.94700242135446,NA,1.20317522888439,NA,1.2030973279498365,NA,1.0026110525865772,NA,1.002691091470223,NA
9873021,51,f i m y z,5,-17.903375865695956,NA,-14.742633621324917,NA,-14.786764221872444,NA,1.201636639433986,NA,1.2015630839111278,NA,1.0120057633303254,NA,1.0115817861902552,NA
9873021,72,k ɯ ɾ u ɾ,5,-15.318955962420556,NA,-13.211802908261404,NA,-13.235619449577031,NA,1.4222960802280702,NA,1.4218174189805863,NA,1.0464229248539447,NA,1.04410490580885,NA
9873021,86,m y d͡ʒ i z,5,-17.879199582018565,NA,-14.393898283796569,NA,-14.429259306354858,NA,1.3109225990509248,NA,1.3106522848516828,NA,1.0375068631237063,NA,1.0356959574680136,NA
9873021,29,ɟ y ɟ i c,5,-28.504374274105167,NA,-34.0614415135249,NA,-32.63139034186276,NA,1.1857372598822993,NA,1.1856897559125137,NA,1.0003805593107542,NA,1.0005751782641632,NA
9873021,12,v i c i t͡ʃ,5,-20.547113263958217,NA,-Inf,NA,-23.1711421973128,NA,1.2268410034005357,NA,1.2267195786230238,NA,1.0039829073988151,NA,1.0039769766982811,NA
9873021,23,g ɯ ɟ ø z,5,-24.493762160994564,NA,-Inf,NA,-21.039008141833634,NA,1.1091017507441014,NA,1.109190682492799,NA,1.002741473193033,NA,1.0028133483318893,NA
9873021,12,v ɯ c e c,5,-23.291319549211504,NA,-Inf,NA,-31.131139803939128,NA,1.1800904532909162,NA,1.1800533352853768,NA,1.0009229002593154,NA,1.0010857623367058,NA
9873021,98,n o t u s,5,-16.47465512035086,NA,-19.735328187133018,NA,-19.743774110963223,NA,1.2269920276179962,NA,1.226868358906597,NA,1.0080817305580838,NA,1.0078462760915818,NA
9873021,60,k ɯ ɾ y ɾ,5,-15.606638034872336,NA,-13.90445119214018,NA,-13.927432452108098,NA,1.4023519238658844,NA,1.4019095639097712,NA,1.0403132444979513,NA,1.0383564043662596,NA
9873021,18,ɟ ø ʒ u ʒ,5,-29.01723460133465,NA,-Inf,NA,-30.01521454529064,NA,1.0652782477051752,NA,1.0654452352440962,NA,1,1,1.0002179098838746,1
9873021,50,b e v i z,5,-17.164705407397012,NA,-14.3441056545888,NA,-14.386834265478743,NA,1.3998179501932546,NA,1.3993936154387292,NA,1.0313640525417127,NA,1.029874405398718,NA
9873021,28,b o ʒ ø z,5,-22.86665396829175,NA,-18.017128955938706,NA,-17.902257196862156,NA,1.1512809100750248,NA,1.1512968865447335,NA,1.0076706794235104,NA,1.0074835137562206,NA
9873021,17,b o ʒ o j,5,-21.245057054178083,NA,-20.13244875835492,NA,-20.046431822915014,NA,1.1725304838846882,NA,1.1725072015915694,NA,1.0075402588170546,NA,1.0073612568945542,NA
9873021,50,b u t͡ʃ ø z,5,-20.64528675679707,NA,-16.726730678422822,NA,-16.76182039023128,NA,1.1627803129926748,NA,1.1627762695685162,NA,1.0077814367587763,NA,1.0075883291945815,NA
9873021,98,l i ɾ a ɫ,5,-15.3609350799713,NA,-19.8361902836386,NA,-19.591438837393905,NA,1.4834033363849624,NA,1.482810949290984,NA,1.052665896370704,NA,1.049897439309165,NA
9873021,39,l y g u v,5,-21.054989139720988,NA,-Inf,NA,-29.442333739145383,NA,1.1391300728302185,NA,1.139165406989077,NA,1.0012517628678057,NA,1.0013973759000716,NA
9873021,13,g o ʒ u ʒ,5,-24.442688578324432,NA,-22.033985445786712,NA,-22.016202405684076,NA,1.1437948305814645,NA,1.1438260015087924,NA,1.001138393401175,NA,1.0012964338824402,NA
9873021,9,n ɯ ʒ o h,5,-20.43289152093352,NA,-Inf,NA,-27.681960708161636,NA,1.1097661427251175,NA,1.1098539195905015,NA,1.0003249566724437,NA,1.0005257916572736,NA
9873021,9,l ø ʒ o h,5,-24.023639891238354,NA,-Inf,NA,-30.04919461281527,NA,1.0611372469041531,NA,1.0613091459550994,NA,1,1,1.0002179098838746,1
9873021,0,v ø g a v,5,-20.10445696792307,NA,-Inf,NA,-26.10524817310064,NA,1.247357754390403,NA,1.247192526866456,NA,1.0083186036664065,NA,1.0080374911419787,NA
9873021,14,ɟ e ɟ ø c,5,-29.515236701833903,NA,-Inf,NA,-35.387903759308166,NA,1.1759662589424205,NA,1.1759456395053902,NA,1.0001090155892292,NA,1.0003211623361203,NA
9873021,1,f i f ø c,5,-22.934346180129452,NA,-Inf,NA,-24.81560530960652,NA,1.1324703057575094,NA,1.132524760714353,NA,1.00781397621939,NA,1.0076205413173758,NA
9873021,0,d͡ʒ o ʒ ɯ ʒ,5,-24.079143338267087,NA,-Inf,NA,-28.009801950877545,NA,1.137517569937932,NA,1.1375587066288628,NA,1.0007051178379167,NA,1.0008859248512416,NA
9873021,17,l y v ø c,5,-24.69819952981217,NA,-Inf,NA,-33.84418076589204,NA,1.1109520851514574,NA,1.1110436100959913,NA,1.0013626948653658,NA,1.0015085655369462,NA
9873021,2,l ø ʒ a v,5,-22.61577681077505,NA,-Inf,NA,-27.92410669629761,NA,1.2294482612194106,NA,1.2293140831342488,NA,1.0055264217757005,NA,1.0053992528390658,NA
9873021,50,b e d͡ʒ ɯ z,5,-17.81982760102264,NA,-14.454949896520516,NA,-14.498099044664276,NA,1.3212001426293818,NA,1.3209174839829685,NA,1.018554063995171,NA,1.0177796681696785,NA
9873021,1,l i ʒ ɯ h,5,-21.236809961973975,NA,-30.679339934133328,NA,-29.742273739726983,NA,1.158327478084528,NA,1.1583284213199998,NA,1.0005226776773717,NA,1.000711052533111,NA
9873021,31,n ɯ t a j,5,-14.896630988839425,NA,-19.401787788498176,NA,-19.40541509478784,NA,1.354526711595995,NA,1.3541725154278046,NA,1.021234920433465,NA,1.0202283613160217,NA
9873021,23,l e g u j,5,-19.01681077838631,NA,-26.364507293773418,NA,-25.975664718831844,NA,1.2483428858636896,NA,1.248186398979058,NA,1.0016771227161092,NA,1.0018008835043444,NA
9873021,1,z ɯ f ø ʒ,5,-23.017882079075772,NA,-Inf,NA,-25.118736995317576,NA,1.0902439638685273,NA,1.090371213824056,NA,1.0024969451408785,NA,1.00258336556017,NA
9873021,100,m u ɾ u ɾ,5,-15.78366637936518,NA,-13.562188301724916,NA,-13.588096170629813,NA,1.419431610850839,NA,1.418957895106949,NA,1.0416730830399104,NA,1.0396065469972535,NA
9873021,70,m u ɾ e ɾ,5,-14.696942662362323,NA,-12.765770122828249,NA,-12.78886990036498,NA,1.4829679946903738,NA,1.482378633403974,NA,1.0554645066457835,NA,1.052583586591879,NA
9873021,59,k o m y ɾ,5,-16.353424337993484,NA,-13.883195970862252,NA,-13.910528361180043,NA,1.3227564267292913,NA,1.3224527779546218,NA,1.0242905957012058,NA,1.0231863397295329,NA
9873021,7,m y ʒ u z,5,-20.83024908437445,NA,-18.018790953182332,NA,-17.957196378821674,NA,1.2281724738575563,NA,1.228051804655265,NA,1.028797989001621,NA,1.027484318333768,NA
9873021,32,ɫ o c i v,5,-20.32154509757039,NA,-Inf,NA,-28.655330256748375,NA,1.203566924559405,NA,1.203484498665397,NA,1.003612403694333,NA,1.0036254079173543,NA
9873021,99,ɫ a c i c,5,-20.85006703745811,NA,-Inf,NA,-28.268360365160696,NA,1.393714475584772,NA,1.393307140789591,NA,1.0031978955195548,NA,1.003244424758624,NA
9873021,50,m u ɟ ø z,5,-23.390324934442702,NA,-Inf,NA,-20.024930764116053,NA,1.1813238989502393,NA,1.1812879247237875,NA,1.0153068128767293,NA,1.0147184228338744,NA
9873021,60,m y ɟ ø z,5,-23.67800700689448,NA,-Inf,NA,-19.812441326740707,NA,1.1873897568358545,NA,1.1873432880455872,NA,1.0271132236263087,NA,1.0259044813368154,NA
9873021,4,b y ɟ y ʒ,5,-25.505444268865332,NA,-25.45365748559964,NA,-24.547852043511448,NA,1.1609339687930145,NA,1.1609373105847451,NA,1.0030582028661408,NA,1.0031139432724736,NA
9873021,72,ɫ a m ø s,5,-16.4448878098927,NA,-21.700506185311,NA,-21.560223247833047,NA,1.3597787878886536,NA,1.359429234768754,NA,1.0166672670594712,NA,1.0160046485573355,NA
9873021,4,v ø l ø c,5,-25.90689728386676,NA,-Inf,NA,-35.34511196131538,NA,1.053370077665239,NA,1.0535614319623523,NA,1,1,1.0002179098838746,1
9873021,79,s ø ɾ e ɾ,5,-16.33314456534291,NA,-14.679954878983413,NA,-14.714425131840436,NA,1.4153867644354674,NA,1.4149143088475702,NA,1.032928769087306,NA,1.0312349764733082,NA
9873021,50,n e m o h,5,-16.32924773528244,NA,-20.77206130453725,NA,-20.726772496747454,NA,1.276400178714621,NA,1.2761991218991138,NA,1.016692629955233,NA,1.016027305212858,NA
9873021,70,g a h a n,5,-15.424795057512029,NA,-12.671136251120728,NA,-12.713594601335702,NA,1.5950046496787846,NA,1.5942160548671798,NA,1.0568362269206326,NA,1.0537746821415517,NA
9873021,22,l y g o v,5,-21.24168388132717,NA,-Inf,NA,-29.53360238566332,NA,1.1177613338707335,NA,1.117835562270347,NA,1.0014227127794817,NA,1.0015589006941277,NA
9873021,88,ɟ ø c y c,5,-29.771612116763333,NA,-Inf,NA,-33.918015159012405,NA,1.0457614416943897,NA,1.0459642311442183,NA,1.000065210303228,NA,1.0002790383147078,NA
9873021,18,ʃ i ʒ a z,5,-19.04980356239507,NA,-19.97037085869323,NA,-19.99831106394273,NA,1.315532256051761,NA,1.315247063807122,NA,1.0098413554752772,NA,1.009482109892058,NA
9873021,4,h a ʒ u ʒ,5,-22.22459728237563,NA,-20.574734095421434,NA,-20.57980325185485,NA,1.3552832193968376,NA,1.354948500786981,NA,1.024100953206239,NA,1.0230524747443015,NA
9873021,3,n u ʒ u v,5,-20.80128833604193,NA,-25.0331577171281,NA,-24.8916465105402,NA,1.1410317248052262,NA,1.1410638524210197,NA,1.0012699088513268,NA,1.001416451124873,NA
9873021,14,h a v e ʒ,5,-19.09461168027044,NA,-16.910155513317502,NA,-17.0401322477831,NA,1.4491259370421068,NA,1.448622803127972,NA,1.0389424664117677,NA,1.0370968958000453,NA
9873021,64,ɫ o t a ɫ,5,-14.65850607845412,NA,-17.671672662841534,NA,-17.682535023707715,NA,1.3973781624522024,NA,1.3969353956490551,NA,1.0300127259382086,NA,1.0284804983759424,NA
9873021,79,n u c i c,5,-22.422357273444163,NA,-Inf,NA,-30.604841117870382,NA,1.2010655284312557,NA,1.2009915028727167,NA,1.0010304726556416,NA,1.0011909418109612,NA
9873021,82,n y n a j,5,-15.538878453846433,NA,-19.248648600763232,NA,-19.252973283175265,NA,1.375893401023051,NA,1.3755021898241135,NA,1.025399913127838,NA,1.024174835275507,NA
9873021,17,f u ʒ o ʒ,5,-24.318186592419305,NA,-24.076093804584303,NA,-23.89378841031736,NA,1.113926858532862,NA,1.1140116216965557,NA,1.0011715459746369,NA,1.0013258782882402,NA
9873021,6,d͡ʒ o ʒ a ʒ,5,-22.732617383645024,NA,-22.660226857866917,NA,-22.815874697194054,NA,1.2757020818759344,NA,1.275491702476653,NA,1.001992869903803,NA,1.002093919802276,NA
9873021,2,z a g u ʒ,5,-20.29947828385247,NA,-22.63081735331332,NA,-22.558066597039417,NA,1.3322117684361712,NA,1.331916871021566,NA,1.0060543305370335,NA,1.005951900443092,NA
9873021,52,z a c i c,5,-21.79076817824873,NA,-Inf,NA,-28.16360280521193,NA,1.396529547044278,NA,1.3961173439888992,NA,1.0049309977725878,NA,1.0048864608834187,NA
9873021,44,ɫ o c i c,5,-22.598154704161175,NA,-Inf,NA,-30.38087562282667,NA,1.192024700888065,NA,1.1919663103397642,NA,1.0024386182362308,NA,1.002525096162357,NA
9873021,12,t͡ʃ ø z i z,5,-19.95205038921768,NA,-16.53019953976399,NA,-16.57507613525408,NA,1.2189898868089024,NA,1.21887829147456,NA,1.012754830804793,NA,1.0122417488420343,NA
9873021,95,c y f e f,5,-21.527813099749014,NA,-Inf,NA,-22.664539480096867,NA,1.2118743211486604,NA,1.2117773135384928,NA,1.0071295794804112,NA,1.0069463406784327,NA
9873678,7,b e ʒ u z,5,-20.09685568317635,NA,-17.616675465865157,NA,-17.692227901481022,NA,1.2990802527770584,NA,1.298836883201828,NA,1.0147738277840022,NA,1.0141969018237178,NA
9873678,58,ɟ y ʒ a ʒ,5,-26.24714392218317,NA,-27.701633339060944,NA,-27.35192869335266,NA,1.264390404377066,NA,1.2641995821532814,NA,1.0013967676551154,NA,1.0015291572871547,NA
9873678,54,f i m y z,5,-17.903375865695956,NA,-14.742633621324917,NA,-14.786764221872444,NA,1.201636639433986,NA,1.2015630839111278,NA,1.0120057633303254,NA,1.0115817861902552,NA
9873678,84,z a g u ʒ,5,-20.29947828385247,NA,-22.63081735331332,NA,-22.558066597039417,NA,1.3322117684361712,NA,1.331916871021566,NA,1.0060543305370335,NA,1.005951900443092,NA
9873678,14,m y ʒ u z,5,-20.83024908437445,NA,-18.018790953182332,NA,-17.957196378821674,NA,1.2281724738575563,NA,1.228051804655265,NA,1.028797989001621,NA,1.027484318333768,NA
9873678,100,n y n a j,5,-15.538878453846433,NA,-19.248648600763232,NA,-19.252973283175265,NA,1.375893401023051,NA,1.3755021898241135,NA,1.025399913127838,NA,1.024174835275507,NA
9873678,35,k ɯ ɾ u ɾ,5,-15.318955962420556,NA,-13.211802908261404,NA,-13.235619449577031,NA,1.4222960802280702,NA,1.4218174189805863,NA,1.0464229248539447,NA,1.04410490580885,NA
9873678,5,v ɯ ʒ ɯ ʒ,5,-23.69648085276263,NA,-Inf,NA,-31.00943562503508,NA,1.125927847369398,NA,1.1259890347950725,NA,1.0002707972270364,NA,1.000474478028374,NA
9873678,56,v i c i t͡ʃ,5,-20.547113263958217,NA,-Inf,NA,-23.1711421973128,NA,1.2268410034005357,NA,1.2267195786230238,NA,1.0039829073988151,NA,1.0039769766982811,NA
9873678,87,ɟ ø c y c,5,-29.771612116763333,NA,-Inf,NA,-33.918015159012405,NA,1.0457614416943897,NA,1.0459642311442183,NA,1.000065210303228,NA,1.0002790383147078,NA
9873678,78,b y ɟ y ʒ,5,-25.505444268865332,NA,-25.45365748559964,NA,-24.547852043511448,NA,1.1609339687930145,NA,1.1609373105847451,NA,1.0030582028661408,NA,1.0031139432724736,NA
9873678,85,g o ʒ u ʒ,5,-24.442688578324432,NA,-22.033985445786712,NA,-22.016202405684076,NA,1.1437948305814645,NA,1.1438260015087924,NA,1.001138393401175,NA,1.0012964338824402,NA
9873678,25,b e d͡ʒ ɯ z,5,-17.81982760102264,NA,-14.454949896520516,NA,-14.498099044664276,NA,1.3212001426293818,NA,1.3209174839829685,NA,1.018554063995171,NA,1.0177796681696785,NA
9873678,97,t͡ʃ ø z ɯ z,5,-20.62607180941986,NA,-16.976091075060026,NA,-17.019424912474907,NA,1.1583596514678574,NA,1.1583584120592822,NA,1.0080045227428704,NA,1.0077781589190764,NA
9873678,100,b u t͡ʃ ø z,5,-20.64528675679707,NA,-16.726730678422822,NA,-16.76182039023128,NA,1.1627803129926748,NA,1.1627762695685162,NA,1.0077814367587763,NA,1.0075883291945815,NA
9873678,0,g ɯ ɟ i ʒ,5,-24.50361657158009,NA,-25.49963744384403,NA,-24.94700242135446,NA,1.20317522888439,NA,1.2030973279498365,NA,1.0026110525865772,NA,1.002691091470223,NA
9873678,18,g ɯ ʒ u ɫ,5,-20.705303097683913,NA,-Inf,NA,-21.48584727527315,NA,1.1930536885026797,NA,1.19297852493055,NA,1.0065343732888652,NA,1.006368299524924,NA
9873678,100,k o m y ɾ,5,-16.353424337993484,NA,-13.883195970862252,NA,-13.910528361180043,NA,1.3227564267292913,NA,1.3224527779546218,NA,1.0242905957012058,NA,1.0231863397295329,NA
9873678,33,f i f ø c,5,-22.934346180129452,NA,-Inf,NA,-24.81560530960652,NA,1.1324703057575094,NA,1.132524760714353,NA,1.00781397621939,NA,1.0076205413173758,NA
9873678,4,n ɯ t a j,5,-14.896630988839425,NA,-19.401787788498176,NA,-19.40541509478784,NA,1.354526711595995,NA,1.3541725154278046,NA,1.021234920433465,NA,1.0202283613160217,NA
9873678,42,l ø ʒ a v,5,-22.61577681077505,NA,-Inf,NA,-27.92410669629761,NA,1.2294482612194106,NA,1.2293140831342488,NA,1.0055264217757005,NA,1.0053992528390658,NA
9873678,0,z i ʃ u ʒ,5,-20.611196487491956,NA,-21.50834429121576,NA,-21.43777842049785,NA,1.1722474271142185,NA,1.1722290569471934,NA,1.0065648677878622,NA,1.0064344360939144,NA
9873678,11,g u d͡ʒ ɯ z,5,-19.58384312679565,NA,-16.662080926911877,NA,-16.69599102385458,NA,1.1829445655903972,NA,1.1829010801604336,NA,1.004072591118986,NA,1.0040601734200405,NA
9873678,75,ɫ o t a ɫ,5,-14.65850607845412,NA,-17.671672662841534,NA,-17.682535023707715,NA,1.3973781624522024,NA,1.3969353956490551,NA,1.0300127259382086,NA,1.0284804983759424,NA
9873678,36,b u z i z,5,-17.899568381733303,NA,-15.168587722623604,NA,-15.20544673192982,NA,1.300321658423705,NA,1.3000693778122003,NA,1.018878679977096,NA,1.0180436274771694,NA
9873678,16,p ɯ h i c,5,-20.565900791151996,NA,-23.40671397169415,NA,-23.24817306184844,NA,1.2307563842740858,NA,1.2306306880145006,NA,1.0085929357767276,NA,1.008342931175454,NA
9873678,66,m u ɾ e ɾ,5,-14.696942662362323,NA,-12.765770122828249,NA,-12.78886990036498,NA,1.4829679946903738,NA,1.482378633403974,NA,1.0554645066457835,NA,1.052583586591879,NA
9873678,84,m u ɟ ø z,5,-23.390324934442702,NA,-Inf,NA,-20.024930764116053,NA,1.1813238989502393,NA,1.1812879247237875,NA,1.0153068128767293,NA,1.0147184228338744,NA
9873678,7,n u c i c,5,-22.422357273444163,NA,-Inf,NA,-30.604841117870382,NA,1.2010655284312557,NA,1.2009915028727167,NA,1.0010304726556416,NA,1.0011909418109612,NA
9873678,6,v ø h u v,5,-21.19584626377422,NA,-Inf,NA,-27.14453973692883,NA,1.12204735674267,NA,1.1221120023890112,NA,1.0019306114959543,NA,1.0020390443325038,NA
9873678,0,l e l i v,5,-19.259752917338997,NA,-29.576825325610375,NA,-28.93865942698328,NA,1.3165643111836578,NA,1.316286257844561,NA,1.004552273472661,NA,1.0045149324559184,NA
9873678,0,h a ɟ y ʒ,5,-23.863657450841075,NA,-22.624553381069926,NA,-22.344510460590467,NA,1.3349575084723493,NA,1.334659755521368,NA,1.0247789272681185,NA,1.023693209239092,NA
9873678,96,m y d͡ʒ ɯ z,5,-18.55322100222074,NA,-14.44026579065542,NA,-14.47667494038302,NA,1.2502923637098795,NA,1.2501324054364051,NA,1.0311610225528094,NA,1.029724802800534,NA
9873678,39,b o ʒ o j,5,-21.245057054178083,NA,-20.13244875835492,NA,-20.046431822915014,NA,1.1725304838846882,NA,1.1725072015915694,NA,1.0075402588170546,NA,1.0073612568945542,NA
9873678,62,n u t y j,5,-16.96057295686292,NA,-21.57828825775384,NA,-21.566459081067514,NA,1.1975371229986602,NA,1.1974696560083582,NA,1.0083526736746993,NA,1.008122409607921,NA
9873678,100,g ɯ ɟ ø z,5,-24.493762160994564,NA,-Inf,NA,-21.039008141833634,NA,1.1091017507441014,NA,1.109190682492799,NA,1.002741473193033,NA,1.0028133483318893,NA
9873678,30,h a ʒ u ʒ,5,-22.22459728237563,NA,-20.574734095421434,NA,-20.57980325185485,NA,1.3552832193968376,NA,1.354948500786981,NA,1.024100953206239,NA,1.0230524747443015,NA
9873678,29,z a c i c,5,-21.79076817824873,NA,-Inf,NA,-28.16360280521193,NA,1.396529547044278,NA,1.3961173439888992,NA,1.0049309977725878,NA,1.0048864608834187,NA
9873678,71,b i j u z,5,-17.587656552519828,NA,-14.901222365010376,NA,-14.934988048180376,NA,1.2542839912465815,NA,1.2541176642790226,NA,1.0211939364547036,NA,1.0202725415610168,NA
9873678,0,ɟ y ɟ i c,5,-28.504374274105167,NA,-34.0614415135249,NA,-32.63139034186276,NA,1.1857372598822993,NA,1.1856897559125137,NA,1.0003805593107542,NA,1.0005751782641632,NA
9873678,76,b o ɟ ø z,5,-24.218032064305415,NA,-Inf,NA,-19.98603714014059,NA,1.1508993555127225,NA,1.1509159963499356,NA,1.0076706794235104,NA,1.0074835137562206,NA
9873678,84,t͡ʃ u ɫ a ʒ,5,-19.237587515269706,NA,-18.130207686087324,NA,-18.26240532798674,NA,1.3722130475752563,NA,1.3718347547581715,NA,1.0249011247841782,NA,1.0237533348136263,NA
9873678,94,m u ɾ u ɾ,5,-15.78366637936518,NA,-13.562188301724916,NA,-13.588096170629813,NA,1.419431610850839,NA,1.418957895106949,NA,1.0416730830399104,NA,1.0396065469972535,NA
9873678,100,k o ɾ e n,5,-14.885879129991546,NA,-12.897900518277458,NA,-12.921968836319405,NA,1.4935674111675834,NA,1.492960755870561,NA,1.051458107409831,NA,1.0487970966537057,NA
9873678,8,ɫ a ʒ ɯ v,5,-19.01413112958105,NA,-25.27309072876929,NA,-24.70218102731933,NA,1.3434818002281597,NA,1.3431627791155516,NA,1.0027190231281846,NA,1.0027934061307997,NA
9873678,39,v i ɟ ø ʒ,5,-26.08508432555531,NA,-Inf,NA,-26.573834589061327,NA,1.1072439154231664,NA,1.107341952591128,NA,1.002221233960113,NA,1.002322393863214,NA
9873678,86,v ø g a v,5,-20.10445696792307,NA,-Inf,NA,-26.10524817310064,NA,1.247357754390403,NA,1.247192526866456,NA,1.0083186036664065,NA,1.0080374911419787,NA
9873678,0,ɫ a v ø c,5,-20.9587256480507,NA,-Inf,NA,-27.741190815322057,NA,1.3120436196337373,NA,1.311787239641347,NA,1.0128467704178925,NA,1.0123863819849432,NA
9873678,100,l e l e c,5,-21.338527197603927,NA,-31.45089604529384,NA,-30.582591541482635,NA,1.2981271077413907,NA,1.2978856396230185,NA,1.0037045395306985,NA,1.0037202628550872,NA
9873678,100,l i ɾ a ɫ,5,-15.3609350799713,NA,-19.8361902836386,NA,-19.591438837393905,NA,1.4834033363849624,NA,1.482810949290984,NA,1.052665896370704,NA,1.049897439309165,NA
9873678,2,k ɯ ɾ y ɾ,5,-15.606638034872336,NA,-13.90445119214018,NA,-13.927432452108098,NA,1.4023519238658844,NA,1.4019095639097712,NA,1.0403132444979513,NA,1.0383564043662596,NA
9873678,0,l i ʒ ɯ h,5,-21.236809961973975,NA,-30.679339934133328,NA,-29.742273739726983,NA,1.158327478084528,NA,1.1583284213199998,NA,1.0005226776773717,NA,1.000711052533111,NA
9873678,0,l e g u j,5,-19.01681077838631,NA,-26.364507293773418,NA,-25.975664718831844,NA,1.2483428858636896,NA,1.248186398979058,NA,1.0016771227161092,NA,1.0018008835043444,NA
9873678,5,d͡ʒ o ʒ ɯ ʒ,5,-24.079143338267087,NA,-Inf,NA,-28.009801950877545,NA,1.137517569937932,NA,1.1375587066288628,NA,1.0007051178379167,NA,1.0008859248512416,NA
9873678,93,b e v a z,5,-16.49220087297713,NA,-13.608243420111007,NA,-13.653196067821916,NA,1.477372226790212,NA,1.4768067318712417,NA,1.039668977985646,NA,1.0377122037388582,NA
9873678,86,c y f e f,5,-21.527813099749014,NA,-Inf,NA,-22.664539480096867,NA,1.2118743211486604,NA,1.2117773135384928,NA,1.0071295794804112,NA,1.0069463406784327,NA
9873678,86,s ø ɾ e ɾ,5,-16.33314456534291,NA,-14.679954878983413,NA,-14.714425131840436,NA,1.4153867644354674,NA,1.4149143088475702,NA,1.032928769087306,NA,1.0312349764733082,NA
9873678,93,ʃ i ʒ a z,5,-19.04980356239507,NA,-19.97037085869323,NA,-19.99831106394273,NA,1.315532256051761,NA,1.315247063807122,NA,1.0098413554752772,NA,1.009482109892058,NA
9873678,100,t͡ʃ ø t͡ʃ ø z,5,-22.697768764281445,NA,-19.14014982771973,NA,-19.125549383488163,NA,1.0814485413778725,NA,1.0815851832308758,NA,1.0021481577380047,NA,1.0022510865945526,NA
9873678,16,v ø l ø c,5,-25.90689728386676,NA,-Inf,NA,-35.34511196131538,NA,1.053370077665239,NA,1.0535614319623523,NA,1,1,1.0002179098838746,1
9873678,14,ɟ e ɟ ø c,5,-29.515236701833903,NA,-Inf,NA,-35.387903759308166,NA,1.1759662589424205,NA,1.1759456395053902,NA,1.0001090155892292,NA,1.0003211623361203,NA
9873678,19,l y g u v,5,-21.054989139720988,NA,-Inf,NA,-29.442333739145383,NA,1.1391300728302185,NA,1.139165406989077,NA,1.0012517628678057,NA,1.0013973759000716,NA
9873678,100,ɫ o c i v,5,-20.32154509757039,NA,-Inf,NA,-28.655330256748375,NA,1.203566924559405,NA,1.203484498665397,NA,1.003612403694333,NA,1.0036254079173543,NA
9873678,0,f u ʒ o ʒ,5,-24.318186592419305,NA,-24.076093804584303,NA,-23.89378841031736,NA,1.113926858532862,NA,1.1140116216965557,NA,1.0011715459746369,NA,1.0013258782882402,NA
9873678,0,z ɯ f ø ʒ,5,-23.017882079075772,NA,-Inf,NA,-25.118736995317576,NA,1.0902439638685273,NA,1.090371213824056,NA,1.0024969451408785,NA,1.00258336556017,NA
9873678,17,d͡ʒ o ʒ a ʒ,5,-22.732617383645024,NA,-22.660226857866917,NA,-22.815874697194054,NA,1.2757020818759344,NA,1.275491702476653,NA,1.001992869903803,NA,1.002093919802276,NA
9873678,19,t i ɾ i n,5,-14.025136929876307,NA,-13.29622096087098,NA,-13.31495014679013,NA,1.4868293162319706,NA,1.4862336716167204,NA,1.0380836476564423,NA,1.036141119098454,NA
9873678,15,n u ʒ a v,5,-19.23989541094505,NA,-24.070092646118187,NA,-23.96757799454814,NA,1.2890173650126455,NA,1.2887801370464675,NA,1.0063398585044316,NA,1.0061698950642324,NA
9873678,91,h a v e ʒ,5,-19.09461168027044,NA,-16.910155513317502,NA,-17.0401322477831,NA,1.4491259370421068,NA,1.448622803127972,NA,1.0389424664117677,NA,1.0370968958000453,NA
9873678,74,ɟ ø ʒ u ʒ,5,-29.01723460133465,NA,-Inf,NA,-30.01521454529064,NA,1.0652782477051752,NA,1.0654452352440962,NA,1,1,1.0002179098838746,1
9873678,19,l y v ø c,5,-24.69819952981217,NA,-Inf,NA,-33.84418076589204,NA,1.1109520851514574,NA,1.1110436100959913,NA,1.0013626948653658,NA,1.0015085655369462,NA
9873678,7,n ɯ ʒ o h,5,-20.43289152093352,NA,-Inf,NA,-27.681960708161636,NA,1.1097661427251175,NA,1.1098539195905015,NA,1.0003249566724437,NA,1.0005257916572736,NA
9873678,95,ɫ a c i c,5,-20.85006703745811,NA,-Inf,NA,-28.268360365160696,NA,1.393714475584772,NA,1.393307140789591,NA,1.0031978955195548,NA,1.003244424758624,NA
9873678,66,l e m ø c,5,-22.135268586336817,NA,-Inf,NA,-30.8974573340183,NA,1.2302737214773412,NA,1.230158604762022,NA,1.0104704475845636,NA,1.010134576043257,NA
9873678,92,n e m o h,5,-16.32924773528244,NA,-20.77206130453725,NA,-20.726772496747454,NA,1.276400178714621,NA,1.2761991218991138,NA,1.016692629955233,NA,1.016027305212858,NA
9873678,87,n ø t i v,5,-17.944154892120544,NA,-23.2961730088594,NA,-23.250097222909492,NA,1.2347006964889633,NA,1.2345636665208823,NA,1.0201890138444885,NA,1.019285545598672,NA
9873678,16,ɟ i f o ʒ,5,-24.780676297755964,NA,-25.425443803693742,NA,-25.116310217920844,NA,1.1272633513846158,NA,1.1273248298147074,NA,1.0025592701523314,NA,1.0026389458748235,NA
9873678,26,b o ʒ ø z,5,-22.86665396829175,NA,-18.017128955938706,NA,-17.902257196862156,NA,1.1512809100750248,NA,1.1512968865447335,NA,1.0076706794235104,NA,1.0074835137562206,NA
9873678,87,l i l e c,5,-21.536362523929785,NA,-31.083984388924055,NA,-30.331424169322283,NA,1.2119594300984098,NA,1.2118670410071015,NA,1.002450860254562,NA,1.002532859654261,NA
9873678,78,v ɯ c e c,5,-23.291319549211504,NA,-Inf,NA,-31.131139803939128,NA,1.1800904532909162,NA,1.1800533352853768,NA,1.0009229002593154,NA,1.0010857623367058,NA
9873678,92,n o t u s,5,-16.47465512035086,NA,-19.735328187133018,NA,-19.743774110963223,NA,1.2269920276179962,NA,1.226868358906597,NA,1.0080817305580838,NA,1.0078462760915818,NA
9873678,24,ɫ o c i c,5,-22.598154704161175,NA,-Inf,NA,-30.38087562282667,NA,1.192024700888065,NA,1.1919663103397642,NA,1.0024386182362308,NA,1.002525096162357,NA
9873678,15,m y ɟ ø z,5,-23.67800700689448,NA,-Inf,NA,-19.812441326740707,NA,1.1873897568358545,NA,1.1873432880455872,NA,1.0271132236263087,NA,1.0259044813368154,NA
9873678,13,ɟ e ʒ a ʒ,5,-24.872738132728532,NA,-Inf,NA,-27.982487602910396,NA,1.3654519295070486,NA,1.3650862603539733,NA,1.0018873378066473,NA,1.0019937933222605,NA
9873678,16,f a m o ʒ,5,-19.525006628199367,NA,-18.562521006783637,NA,-18.678545352468166,NA,1.3639122810041675,NA,1.3635640039359638,NA,1.0205395864056823,NA,1.0196690224611438,NA
9873678,12,l ø ʒ o h,5,-24.023639891238354,NA,-Inf,NA,-30.04919461281527,NA,1.0611372469041531,NA,1.0613091459550994,NA,1,1,1.0002179098838746,1
9873678,100,t͡ʃ ø z i z,5,-19.95205038921768,NA,-16.53019953976399,NA,-16.57507613525408,NA,1.2189898868089024,NA,1.21887829147456,NA,1.012754830804793,NA,1.0122417488420343,NA
9873678,76,n u ʒ u v,5,-20.80128833604193,NA,-25.0331577171281,NA,-24.8916465105402,NA,1.1410317248052262,NA,1.1410638524210197,NA,1.0012699088513268,NA,1.001416451124873,NA
9873678,92,b e v i z,5,-17.164705407397012,NA,-14.3441056545888,NA,-14.386834265478743,NA,1.3998179501932546,NA,1.3993936154387292,NA,1.0313640525417127,NA,1.029874405398718,NA
9873678,93,m y d͡ʒ i z,5,-17.879199582018565,NA,-14.393898283796569,NA,-14.429259306354858,NA,1.3109225990509248,NA,1.3106522848516828,NA,1.0375068631237063,NA,1.0356959574680136,NA
9873678,6,n ɯ ʒ a j,5,-18.361255868590177,NA,-Inf,NA,-24.42370924182812,NA,1.2862284449438637,NA,1.2859931705589396,NA,1.0083293699708047,NA,1.0080300149841257,NA
9873678,11,ɫ a m ø s,5,-16.4448878098927,NA,-21.700506185311,NA,-21.560223247833047,NA,1.3597787878886536,NA,1.359429234768754,NA,1.0166672670594712,NA,1.0160046485573355,NA
9873678,0,g a h a n,5,-15.424795057512029,NA,-12.671136251120728,NA,-12.713594601335702,NA,1.5950046496787846,NA,1.5942160548671798,NA,1.0568362269206326,NA,1.0537746821415517,NA
9873678,0,l y g o v,5,-21.24168388132717,NA,-Inf,NA,-29.53360238566332,NA,1.1177613338707335,NA,1.117835562270347,NA,1.0014227127794817,NA,1.0015589006941277,NA
9873678,66,t e m y ɾ,5,-15.097011485226544,NA,-13.149158478430715,NA,-13.17506319379305,NA,1.3952910296657324,NA,1.3948618624207878,NA,1.043610721726628,NA,1.0414893151040772,NA
9873678,12,z a ʒ a ʒ,5,-20.65156820085194,NA,-20.88415273374731,NA,-21.111799773330873,NA,1.473656473289835,NA,1.4731036094504746,NA,1.005674667143876,NA,1.0055823087757958,NA
9873685,21,p ɯ h i c,5,-20.565900791151996,NA,-23.40671397169415,NA,-23.24817306184844,NA,1.2307563842740858,NA,1.2306306880145006,NA,1.0085929357767276,NA,1.008342931175454,NA
9873685,1,l e m ø c,5,-22.135268586336817,NA,-Inf,NA,-30.8974573340183,NA,1.2302737214773412,NA,1.230158604762022,NA,1.0104704475845636,NA,1.010134576043257,NA
9873685,74,l i l e c,5,-21.536362523929785,NA,-31.083984388924055,NA,-30.331424169322283,NA,1.2119594300984098,NA,1.2118670410071015,NA,1.002450860254562,NA,1.002532859654261,NA
9873685,28,l ø ʒ a v,5,-22.61577681077505,NA,-Inf,NA,-27.92410669629761,NA,1.2294482612194106,NA,1.2293140831342488,NA,1.0055264217757005,NA,1.0053992528390658,NA
9873685,61,c y f e f,5,-21.527813099749014,NA,-Inf,NA,-22.664539480096867,NA,1.2118743211486604,NA,1.2117773135384928,NA,1.0071295794804112,NA,1.0069463406784327,NA
9873685,61,n u ʒ a v,5,-19.23989541094505,NA,-24.070092646118187,NA,-23.96757799454814,NA,1.2890173650126455,NA,1.2887801370464675,NA,1.0063398585044316,NA,1.0061698950642324,NA
9873685,66,m u ɟ ø z,5,-23.390324934442702,NA,-Inf,NA,-20.024930764116053,NA,1.1813238989502393,NA,1.1812879247237875,NA,1.0153068128767293,NA,1.0147184228338744,NA
9873685,89,b u t͡ʃ ø z,5,-20.64528675679707,NA,-16.726730678422822,NA,-16.76182039023128,NA,1.1627803129926748,NA,1.1627762695685162,NA,1.0077814367587763,NA,1.0075883291945815,NA
9873685,2,v ø h u v,5,-21.19584626377422,NA,-Inf,NA,-27.14453973692883,NA,1.12204735674267,NA,1.1221120023890112,NA,1.0019306114959543,NA,1.0020390443325038,NA
9873685,64,b o ʒ o j,5,-21.245057054178083,NA,-20.13244875835492,NA,-20.046431822915014,NA,1.1725304838846882,NA,1.1725072015915694,NA,1.0075402588170546,NA,1.0073612568945542,NA
9873685,66,ɟ y ʒ a ʒ,5,-26.24714392218317,NA,-27.701633339060944,NA,-27.35192869335266,NA,1.264390404377066,NA,1.2641995821532814,NA,1.0013967676551154,NA,1.0015291572871547,NA
9873685,98,ɫ a c i c,5,-20.85006703745811,NA,-Inf,NA,-28.268360365160696,NA,1.393714475584772,NA,1.393307140789591,NA,1.0031978955195548,NA,1.003244424758624,NA
9873685,32,f u ʒ o ʒ,5,-24.318186592419305,NA,-24.076093804584303,NA,-23.89378841031736,NA,1.113926858532862,NA,1.1140116216965557,NA,1.0011715459746369,NA,1.0013258782882402,NA
9873685,66,m y ɟ ø z,5,-23.67800700689448,NA,-Inf,NA,-19.812441326740707,NA,1.1873897568358545,NA,1.1873432880455872,NA,1.0271132236263087,NA,1.0259044813368154,NA
9873685,75,v i c i t͡ʃ,5,-20.547113263958217,NA,-Inf,NA,-23.1711421973128,NA,1.2268410034005357,NA,1.2267195786230238,NA,1.0039829073988151,NA,1.0039769766982811,NA
9873685,99,t e m y ɾ,5,-15.097011485226544,NA,-13.149158478430715,NA,-13.17506319379305,NA,1.3952910296657324,NA,1.3948618624207878,NA,1.043610721726628,NA,1.0414893151040772,NA
9873685,91,t͡ʃ ø z i z,5,-19.95205038921768,NA,-16.53019953976399,NA,-16.57507613525408,NA,1.2189898868089024,NA,1.21887829147456,NA,1.012754830804793,NA,1.0122417488420343,NA
9873685,39,h a v e ʒ,5,-19.09461168027044,NA,-16.910155513317502,NA,-17.0401322477831,NA,1.4491259370421068,NA,1.448622803127972,NA,1.0389424664117677,NA,1.0370968958000453,NA
9873685,22,v ɯ c e c,5,-23.291319549211504,NA,-Inf,NA,-31.131139803939128,NA,1.1800904532909162,NA,1.1800533352853768,NA,1.0009229002593154,NA,1.0010857623367058,NA
9873685,37,ɫ o c i v,5,-20.32154509757039,NA,-Inf,NA,-28.655330256748375,NA,1.203566924559405,NA,1.203484498665397,NA,1.003612403694333,NA,1.0036254079173543,NA
9873685,43,ʃ i ʒ a z,5,-19.04980356239507,NA,-19.97037085869323,NA,-19.99831106394273,NA,1.315532256051761,NA,1.315247063807122,NA,1.0098413554752772,NA,1.009482109892058,NA
9873685,68,b i j u z,5,-17.587656552519828,NA,-14.901222365010376,NA,-14.934988048180376,NA,1.2542839912465815,NA,1.2541176642790226,NA,1.0211939364547036,NA,1.0202725415610168,NA
9873685,67,d͡ʒ o ʒ a ʒ,5,-22.732617383645024,NA,-22.660226857866917,NA,-22.815874697194054,NA,1.2757020818759344,NA,1.275491702476653,NA,1.001992869903803,NA,1.002093919802276,NA
9873685,93,k o ɾ e n,5,-14.885879129991546,NA,-12.897900518277458,NA,-12.921968836319405,NA,1.4935674111675834,NA,1.492960755870561,NA,1.051458107409831,NA,1.0487970966537057,NA
9873685,11,n ɯ ʒ a j,5,-18.361255868590177,NA,-Inf,NA,-24.42370924182812,NA,1.2862284449438637,NA,1.2859931705589396,NA,1.0083293699708047,NA,1.0080300149841257,NA
9873685,25,ɫ a v ø c,5,-20.9587256480507,NA,-Inf,NA,-27.741190815322057,NA,1.3120436196337373,NA,1.311787239641347,NA,1.0128467704178925,NA,1.0123863819849432,NA
9873685,59,g a h a n,5,-15.424795057512029,NA,-12.671136251120728,NA,-12.713594601335702,NA,1.5950046496787846,NA,1.5942160548671798,NA,1.0568362269206326,NA,1.0537746821415517,NA
9873685,63,l y g u v,5,-21.054989139720988,NA,-Inf,NA,-29.442333739145383,NA,1.1391300728302185,NA,1.139165406989077,NA,1.0012517628678057,NA,1.0013973759000716,NA
9873685,62,v ɯ ʒ ɯ ʒ,5,-23.69648085276263,NA,-Inf,NA,-31.00943562503508,NA,1.125927847369398,NA,1.1259890347950725,NA,1.0002707972270364,NA,1.000474478028374,NA
9873685,66,t͡ʃ ø z ɯ z,5,-20.62607180941986,NA,-16.976091075060026,NA,-17.019424912474907,NA,1.1583596514678574,NA,1.1583584120592822,NA,1.0080045227428704,NA,1.0077781589190764,NA
9873685,65,n ɯ ʒ o h,5,-20.43289152093352,NA,-Inf,NA,-27.681960708161636,NA,1.1097661427251175,NA,1.1098539195905015,NA,1.0003249566724437,NA,1.0005257916572736,NA
9873685,90,n o t u s,5,-16.47465512035086,NA,-19.735328187133018,NA,-19.743774110963223,NA,1.2269920276179962,NA,1.226868358906597,NA,1.0080817305580838,NA,1.0078462760915818,NA
9873685,67,m y ʒ u z,5,-20.83024908437445,NA,-18.018790953182332,NA,-17.957196378821674,NA,1.2281724738575563,NA,1.228051804655265,NA,1.028797989001621,NA,1.027484318333768,NA
9873685,62,n u t y j,5,-16.96057295686292,NA,-21.57828825775384,NA,-21.566459081067514,NA,1.1975371229986602,NA,1.1974696560083582,NA,1.0083526736746993,NA,1.008122409607921,NA
9873685,61,ɟ e ɟ ø c,5,-29.515236701833903,NA,-Inf,NA,-35.387903759308166,NA,1.1759662589424205,NA,1.1759456395053902,NA,1.0001090155892292,NA,1.0003211623361203,NA
9873685,94,s ø ɾ e ɾ,5,-16.33314456534291,NA,-14.679954878983413,NA,-14.714425131840436,NA,1.4153867644354674,NA,1.4149143088475702,NA,1.032928769087306,NA,1.0312349764733082,NA
9873685,57,l y g o v,5,-21.24168388132717,NA,-Inf,NA,-29.53360238566332,NA,1.1177613338707335,NA,1.117835562270347,NA,1.0014227127794817,NA,1.0015589006941277,NA
9873685,58,g ɯ ɟ ø z,5,-24.493762160994564,NA,-Inf,NA,-21.039008141833634,NA,1.1091017507441014,NA,1.109190682492799,NA,1.002741473193033,NA,1.0028133483318893,NA
9873685,92,z a c i c,5,-21.79076817824873,NA,-Inf,NA,-28.16360280521193,NA,1.396529547044278,NA,1.3961173439888992,NA,1.0049309977725878,NA,1.0048864608834187,NA
9873685,58,ɟ e ʒ a ʒ,5,-24.872738132728532,NA,-Inf,NA,-27.982487602910396,NA,1.3654519295070486,NA,1.3650862603539733,NA,1.0018873378066473,NA,1.0019937933222605,NA
9873685,36,l i ʒ ɯ h,5,-21.236809961973975,NA,-30.679339934133328,NA,-29.742273739726983,NA,1.158327478084528,NA,1.1583284213199998,NA,1.0005226776773717,NA,1.000711052533111,NA
9873685,43,v i ɟ ø ʒ,5,-26.08508432555531,NA,-Inf,NA,-26.573834589061327,NA,1.1072439154231664,NA,1.107341952591128,NA,1.002221233960113,NA,1.002322393863214,NA
9873685,61,h a ɟ y ʒ,5,-23.863657450841075,NA,-22.624553381069926,NA,-22.344510460590467,NA,1.3349575084723493,NA,1.334659755521368,NA,1.0247789272681185,NA,1.023693209239092,NA
9873685,99,t i ɾ i n,5,-14.025136929876307,NA,-13.29622096087098,NA,-13.31495014679013,NA,1.4868293162319706,NA,1.4862336716167204,NA,1.0380836476564423,NA,1.036141119098454,NA
9873685,72,ɫ a m ø s,5,-16.4448878098927,NA,-21.700506185311,NA,-21.560223247833047,NA,1.3597787878886536,NA,1.359429234768754,NA,1.0166672670594712,NA,1.0160046485573355,NA
9873685,70,v ø l ø c,5,-25.90689728386676,NA,-Inf,NA,-35.34511196131538,NA,1.053370077665239,NA,1.0535614319623523,NA,1,1,1.0002179098838746,1
9873685,79,t͡ʃ ø t͡ʃ ø z,5,-22.697768764281445,NA,-19.14014982771973,NA,-19.125549383488163,NA,1.0814485413778725,NA,1.0815851832308758,NA,1.0021481577380047,NA,1.0022510865945526,NA
9873685,67,k ɯ ɾ y ɾ,5,-15.606638034872336,NA,-13.90445119214018,NA,-13.927432452108098,NA,1.4023519238658844,NA,1.4019095639097712,NA,1.0403132444979513,NA,1.0383564043662596,NA
9873685,98,ɫ o t a ɫ,5,-14.65850607845412,NA,-17.671672662841534,NA,-17.682535023707715,NA,1.3973781624522024,NA,1.3969353956490551,NA,1.0300127259382086,NA,1.0284804983759424,NA
9873685,81,n y n a j,5,-15.538878453846433,NA,-19.248648600763232,NA,-19.252973283175265,NA,1.375893401023051,NA,1.3755021898241135,NA,1.025399913127838,NA,1.024174835275507,NA
9873685,63,l ø ʒ o h,5,-24.023639891238354,NA,-Inf,NA,-30.04919461281527,NA,1.0611372469041531,NA,1.0613091459550994,NA,1,1,1.0002179098838746,1
9873685,80,m u ɾ u ɾ,5,-15.78366637936518,NA,-13.562188301724916,NA,-13.588096170629813,NA,1.419431610850839,NA,1.418957895106949,NA,1.0416730830399104,NA,1.0396065469972535,NA
9873685,86,n e m o h,5,-16.32924773528244,NA,-20.77206130453725,NA,-20.726772496747454,NA,1.276400178714621,NA,1.2761991218991138,NA,1.016692629955233,NA,1.016027305212858,NA
9873685,72,b u z i z,5,-17.899568381733303,NA,-15.168587722623604,NA,-15.20544673192982,NA,1.300321658423705,NA,1.3000693778122003,NA,1.018878679977096,NA,1.0180436274771694,NA
9873685,68,g o ʒ u ʒ,5,-24.442688578324432,NA,-22.033985445786712,NA,-22.016202405684076,NA,1.1437948305814645,NA,1.1438260015087924,NA,1.001138393401175,NA,1.0012964338824402,NA
9873685,58,b e ʒ u z,5,-20.09685568317635,NA,-17.616675465865157,NA,-17.692227901481022,NA,1.2990802527770584,NA,1.298836883201828,NA,1.0147738277840022,NA,1.0141969018237178,NA
9873685,39,z a ʒ a ʒ,5,-20.65156820085194,NA,-20.88415273374731,NA,-21.111799773330873,NA,1.473656473289835,NA,1.4731036094504746,NA,1.005674667143876,NA,1.0055823087757958,NA
9873685,61,l y v ø c,5,-24.69819952981217,NA,-Inf,NA,-33.84418076589204,NA,1.1109520851514574,NA,1.1110436100959913,NA,1.0013626948653658,NA,1.0015085655369462,NA
9873685,61,v ø g a v,5,-20.10445696792307,NA,-Inf,NA,-26.10524817310064,NA,1.247357754390403,NA,1.247192526866456,NA,1.0083186036664065,NA,1.0080374911419787,NA
9873685,57,g u d͡ʒ ɯ z,5,-19.58384312679565,NA,-16.662080926911877,NA,-16.69599102385458,NA,1.1829445655903972,NA,1.1829010801604336,NA,1.004072591118986,NA,1.0040601734200405,NA
9873685,66,k ɯ ɾ u ɾ,5,-15.318955962420556,NA,-13.211802908261404,NA,-13.235619449577031,NA,1.4222960802280702,NA,1.4218174189805863,NA,1.0464229248539447,NA,1.04410490580885,NA
9873685,80,b e v i z,5,-17.164705407397012,NA,-14.3441056545888,NA,-14.386834265478743,NA,1.3998179501932546,NA,1.3993936154387292,NA,1.0313640525417127,NA,1.029874405398718,NA
9873685,73,l i ɾ a ɫ,5,-15.3609350799713,NA,-19.8361902836386,NA,-19.591438837393905,NA,1.4834033363849624,NA,1.482810949290984,NA,1.052665896370704,NA,1.049897439309165,NA
9873685,72,l e l i v,5,-19.259752917338997,NA,-29.576825325610375,NA,-28.93865942698328,NA,1.3165643111836578,NA,1.316286257844561,NA,1.004552273472661,NA,1.0045149324559184,NA
9873685,70,n u c i c,5,-22.422357273444163,NA,-Inf,NA,-30.604841117870382,NA,1.2010655284312557,NA,1.2009915028727167,NA,1.0010304726556416,NA,1.0011909418109612,NA
9873685,84,b o ɟ ø z,5,-24.218032064305415,NA,-Inf,NA,-19.98603714014059,NA,1.1508993555127225,NA,1.1509159963499356,NA,1.0076706794235104,NA,1.0074835137562206,NA
9873685,71,ɟ ø c y c,5,-29.771612116763333,NA,-Inf,NA,-33.918015159012405,NA,1.0457614416943897,NA,1.0459642311442183,NA,1.000065210303228,NA,1.0002790383147078,NA
9873685,41,b e d͡ʒ ɯ z,5,-17.81982760102264,NA,-14.454949896520516,NA,-14.498099044664276,NA,1.3212001426293818,NA,1.3209174839829685,NA,1.018554063995171,NA,1.0177796681696785,NA
9873685,56,f a m o ʒ,5,-19.525006628199367,NA,-18.562521006783637,NA,-18.678545352468166,NA,1.3639122810041675,NA,1.3635640039359638,NA,1.0205395864056823,NA,1.0196690224611438,NA
9873685,57,l e g u j,5,-19.01681077838631,NA,-26.364507293773418,NA,-25.975664718831844,NA,1.2483428858636896,NA,1.248186398979058,NA,1.0016771227161092,NA,1.0018008835043444,NA
9873685,42,g ɯ ʒ u ɫ,5,-20.705303097683913,NA,-Inf,NA,-21.48584727527315,NA,1.1930536885026797,NA,1.19297852493055,NA,1.0065343732888652,NA,1.006368299524924,NA
9873685,37,z ɯ f ø ʒ,5,-23.017882079075772,NA,-Inf,NA,-25.118736995317576,NA,1.0902439638685273,NA,1.090371213824056,NA,1.0024969451408785,NA,1.00258336556017,NA
9873685,58,m y d͡ʒ ɯ z,5,-18.55322100222074,NA,-14.44026579065542,NA,-14.47667494038302,NA,1.2502923637098795,NA,1.2501324054364051,NA,1.0311610225528094,NA,1.029724802800534,NA
9873685,44,n u ʒ u v,5,-20.80128833604193,NA,-25.0331577171281,NA,-24.8916465105402,NA,1.1410317248052262,NA,1.1410638524210197,NA,1.0012699088513268,NA,1.001416451124873,NA
9873685,44,ɟ ø ʒ u ʒ,5,-29.01723460133465,NA,-Inf,NA,-30.01521454529064,NA,1.0652782477051752,NA,1.0654452352440962,NA,1,1,1.0002179098838746,1
9873685,41,z a g u ʒ,5,-20.29947828385247,NA,-22.63081735331332,NA,-22.558066597039417,NA,1.3322117684361712,NA,1.331916871021566,NA,1.0060543305370335,NA,1.005951900443092,NA
9873685,41,b o ʒ ø z,5,-22.86665396829175,NA,-18.017128955938706,NA,-17.902257196862156,NA,1.1512809100750248,NA,1.1512968865447335,NA,1.0076706794235104,NA,1.0074835137562206,NA
9873685,60,m u ɾ e ɾ,5,-14.696942662362323,NA,-12.765770122828249,NA,-12.78886990036498,NA,1.4829679946903738,NA,1.482378633403974,NA,1.0554645066457835,NA,1.052583586591879,NA
9873685,41,ɫ a ʒ ɯ v,5,-19.01413112958105,NA,-25.27309072876929,NA,-24.70218102731933,NA,1.3434818002281597,NA,1.3431627791155516,NA,1.0027190231281846,NA,1.0027934061307997,NA
9873685,39,z i ʃ u ʒ,5,-20.611196487491956,NA,-21.50834429121576,NA,-21.43777842049785,NA,1.1722474271142185,NA,1.1722290569471934,NA,1.0065648677878622,NA,1.0064344360939144,NA
9873685,58,f i m y z,5,-17.903375865695956,NA,-14.742633621324917,NA,-14.786764221872444,NA,1.201636639433986,NA,1.2015630839111278,NA,1.0120057633303254,NA,1.0115817861902552,NA
9873685,63,ɟ y ɟ i c,5,-28.504374274105167,NA,-34.0614415135249,NA,-32.63139034186276,NA,1.1857372598822993,NA,1.1856897559125137,NA,1.0003805593107542,NA,1.0005751782641632,NA
9873685,59,f i f ø c,5,-22.934346180129452,NA,-Inf,NA,-24.81560530960652,NA,1.1324703057575094,NA,1.132524760714353,NA,1.00781397621939,NA,1.0076205413173758,NA
9873685,71,n ø t i v,5,-17.944154892120544,NA,-23.2961730088594,NA,-23.250097222909492,NA,1.2347006964889633,NA,1.2345636665208823,NA,1.0201890138444885,NA,1.019285545598672,NA
9873685,74,g ɯ ɟ i ʒ,5,-24.50361657158009,NA,-25.49963744384403,NA,-24.94700242135446,NA,1.20317522888439,NA,1.2030973279498365,NA,1.0026110525865772,NA,1.002691091470223,NA
9873685,89,m y d͡ʒ i z,5,-17.879199582018565,NA,-14.393898283796569,NA,-14.429259306354858,NA,1.3109225990509248,NA,1.3106522848516828,NA,1.0375068631237063,NA,1.0356959574680136,NA
9873685,43,d͡ʒ o ʒ ɯ ʒ,5,-24.079143338267087,NA,-Inf,NA,-28.009801950877545,NA,1.137517569937932,NA,1.1375587066288628,NA,1.0007051178379167,NA,1.0008859248512416,NA
9873685,55,ɟ i f o ʒ,5,-24.780676297755964,NA,-25.425443803693742,NA,-25.116310217920844,NA,1.1272633513846158,NA,1.1273248298147074,NA,1.0025592701523314,NA,1.0026389458748235,NA
9873685,96,k o m y ɾ,5,-16.353424337993484,NA,-13.883195970862252,NA,-13.910528361180043,NA,1.3227564267292913,NA,1.3224527779546218,NA,1.0242905957012058,NA,1.0231863397295329,NA
9873685,97,l e l e c,5,-21.338527197603927,NA,-31.45089604529384,NA,-30.582591541482635,NA,1.2981271077413907,NA,1.2978856396230185,NA,1.0037045395306985,NA,1.0037202628550872,NA
9873685,96,ɫ o c i c,5,-22.598154704161175,NA,-Inf,NA,-30.38087562282667,NA,1.192024700888065,NA,1.1919663103397642,NA,1.0024386182362308,NA,1.002525096162357,NA
9873685,97,b e v a z,5,-16.49220087297713,NA,-13.608243420111007,NA,-13.653196067821916,NA,1.477372226790212,NA,1.4768067318712417,NA,1.039668977985646,NA,1.0377122037388582,NA
9873685,46,h a ʒ u ʒ,5,-22.22459728237563,NA,-20.574734095421434,NA,-20.57980325185485,NA,1.3552832193968376,NA,1.354948500786981,NA,1.024100953206239,NA,1.0230524747443015,NA
9873685,74,n ɯ t a j,5,-14.896630988839425,NA,-19.401787788498176,NA,-19.40541509478784,NA,1.354526711595995,NA,1.3541725154278046,NA,1.021234920433465,NA,1.0202283613160217,NA
9873685,57,t͡ʃ u ɫ a ʒ,5,-19.237587515269706,NA,-18.130207686087324,NA,-18.26240532798674,NA,1.3722130475752563,NA,1.3718347547581715,NA,1.0249011247841782,NA,1.0237533348136263,NA
9873685,55,b y ɟ y ʒ,5,-25.505444268865332,NA,-25.45365748559964,NA,-24.547852043511448,NA,1.1609339687930145,NA,1.1609373105847451,NA,1.0030582028661408,NA,1.0031139432724736,NA
9874574,56,t͡ʃ ø t͡ʃ ø z,5,-22.697768764281445,NA,-19.14014982771973,NA,-19.125549383488163,NA,1.0814485413778725,NA,1.0815851832308758,NA,1.0021481577380047,NA,1.0022510865945526,NA
9874574,77,b e v a z,5,-16.49220087297713,NA,-13.608243420111007,NA,-13.653196067821916,NA,1.477372226790212,NA,1.4768067318712417,NA,1.039668977985646,NA,1.0377122037388582,NA
9874574,29,h a v e ʒ,5,-19.09461168027044,NA,-16.910155513317502,NA,-17.0401322477831,NA,1.4491259370421068,NA,1.448622803127972,NA,1.0389424664117677,NA,1.0370968958000453,NA
9874574,22,g ɯ ʒ u ɫ,5,-20.705303097683913,NA,-Inf,NA,-21.48584727527315,NA,1.1930536885026797,NA,1.19297852493055,NA,1.0065343732888652,NA,1.006368299524924,NA
9874574,25,m y ʒ u z,5,-20.83024908437445,NA,-18.018790953182332,NA,-17.957196378821674,NA,1.2281724738575563,NA,1.228051804655265,NA,1.028797989001621,NA,1.027484318333768,NA
9874574,33,ɫ o c i c,5,-22.598154704161175,NA,-Inf,NA,-30.38087562282667,NA,1.192024700888065,NA,1.1919663103397642,NA,1.0024386182362308,NA,1.002525096162357,NA
9874574,68,ɫ o c i v,5,-20.32154509757039,NA,-Inf,NA,-28.655330256748375,NA,1.203566924559405,NA,1.203484498665397,NA,1.003612403694333,NA,1.0036254079173543,NA
9874574,25,v ɯ ʒ ɯ ʒ,5,-23.69648085276263,NA,-Inf,NA,-31.00943562503508,NA,1.125927847369398,NA,1.1259890347950725,NA,1.0002707972270364,NA,1.000474478028374,NA
9874574,49,g a h a n,5,-15.424795057512029,NA,-12.671136251120728,NA,-12.713594601335702,NA,1.5950046496787846,NA,1.5942160548671798,NA,1.0568362269206326,NA,1.0537746821415517,NA
9874574,58,v i c i t͡ʃ,5,-20.547113263958217,NA,-Inf,NA,-23.1711421973128,NA,1.2268410034005357,NA,1.2267195786230238,NA,1.0039829073988151,NA,1.0039769766982811,NA
9874574,67,t i ɾ i n,5,-14.025136929876307,NA,-13.29622096087098,NA,-13.31495014679013,NA,1.4868293162319706,NA,1.4862336716167204,NA,1.0380836476564423,NA,1.036141119098454,NA
9874574,68,n ø t i v,5,-17.944154892120544,NA,-23.2961730088594,NA,-23.250097222909492,NA,1.2347006964889633,NA,1.2345636665208823,NA,1.0201890138444885,NA,1.019285545598672,NA
9874574,69,ɫ a c i c,5,-20.85006703745811,NA,-Inf,NA,-28.268360365160696,NA,1.393714475584772,NA,1.393307140789591,NA,1.0031978955195548,NA,1.003244424758624,NA
9874574,69,ɟ ø c y c,5,-29.771612116763333,NA,-Inf,NA,-33.918015159012405,NA,1.0457614416943897,NA,1.0459642311442183,NA,1.000065210303228,NA,1.0002790383147078,NA
9874574,74,v ø g a v,5,-20.10445696792307,NA,-Inf,NA,-26.10524817310064,NA,1.247357754390403,NA,1.247192526866456,NA,1.0083186036664065,NA,1.0080374911419787,NA
9874574,68,f i m y z,5,-17.903375865695956,NA,-14.742633621324917,NA,-14.786764221872444,NA,1.201636639433986,NA,1.2015630839111278,NA,1.0120057633303254,NA,1.0115817861902552,NA
9874574,69,m y d͡ʒ ɯ z,5,-18.55322100222074,NA,-14.44026579065542,NA,-14.47667494038302,NA,1.2502923637098795,NA,1.2501324054364051,NA,1.0311610225528094,NA,1.029724802800534,NA
9874574,61,ɟ y ɟ i c,5,-28.504374274105167,NA,-34.0614415135249,NA,-32.63139034186276,NA,1.1857372598822993,NA,1.1856897559125137,NA,1.0003805593107542,NA,1.0005751782641632,NA
9874574,22,ɟ e ʒ a ʒ,5,-24.872738132728532,NA,-Inf,NA,-27.982487602910396,NA,1.3654519295070486,NA,1.3650862603539733,NA,1.0018873378066473,NA,1.0019937933222605,NA
9874574,67,m y ɟ ø z,5,-23.67800700689448,NA,-Inf,NA,-19.812441326740707,NA,1.1873897568358545,NA,1.1873432880455872,NA,1.0271132236263087,NA,1.0259044813368154,NA
9874574,27,l ø ʒ a v,5,-22.61577681077505,NA,-Inf,NA,-27.92410669629761,NA,1.2294482612194106,NA,1.2293140831342488,NA,1.0055264217757005,NA,1.0053992528390658,NA
9874574,29,p ɯ h i c,5,-20.565900791151996,NA,-23.40671397169415,NA,-23.24817306184844,NA,1.2307563842740858,NA,1.2306306880145006,NA,1.0085929357767276,NA,1.008342931175454,NA
9874574,29,ɟ ø ʒ u ʒ,5,-29.01723460133465,NA,-Inf,NA,-30.01521454529064,NA,1.0652782477051752,NA,1.0654452352440962,NA,1,1,1.0002179098838746,1
9874574,22,g o ʒ u ʒ,5,-24.442688578324432,NA,-22.033985445786712,NA,-22.016202405684076,NA,1.1437948305814645,NA,1.1438260015087924,NA,1.001138393401175,NA,1.0012964338824402,NA
9874574,18,ɟ i f o ʒ,5,-24.780676297755964,NA,-25.425443803693742,NA,-25.116310217920844,NA,1.1272633513846158,NA,1.1273248298147074,NA,1.0025592701523314,NA,1.0026389458748235,NA
9874574,71,ɫ o t a ɫ,5,-14.65850607845412,NA,-17.671672662841534,NA,-17.682535023707715,NA,1.3973781624522024,NA,1.3969353956490551,NA,1.0300127259382086,NA,1.0284804983759424,NA
9874574,54,b o ʒ o j,5,-21.245057054178083,NA,-20.13244875835492,NA,-20.046431822915014,NA,1.1725304838846882,NA,1.1725072015915694,NA,1.0075402588170546,NA,1.0073612568945542,NA
9874574,29,f a m o ʒ,5,-19.525006628199367,NA,-18.562521006783637,NA,-18.678545352468166,NA,1.3639122810041675,NA,1.3635640039359638,NA,1.0205395864056823,NA,1.0196690224611438,NA
9874574,72,l e m ø c,5,-22.135268586336817,NA,-Inf,NA,-30.8974573340183,NA,1.2302737214773412,NA,1.230158604762022,NA,1.0104704475845636,NA,1.010134576043257,NA
9874574,17,d͡ʒ o ʒ ɯ ʒ,5,-24.079143338267087,NA,-Inf,NA,-28.009801950877545,NA,1.137517569937932,NA,1.1375587066288628,NA,1.0007051178379167,NA,1.0008859248512416,NA
9874574,69,b i j u z,5,-17.587656552519828,NA,-14.901222365010376,NA,-14.934988048180376,NA,1.2542839912465815,NA,1.2541176642790226,NA,1.0211939364547036,NA,1.0202725415610168,NA
9874574,64,v ɯ c e c,5,-23.291319549211504,NA,-Inf,NA,-31.131139803939128,NA,1.1800904532909162,NA,1.1800533352853768,NA,1.0009229002593154,NA,1.0010857623367058,NA
9874574,26,h a ɟ y ʒ,5,-23.863657450841075,NA,-22.624553381069926,NA,-22.344510460590467,NA,1.3349575084723493,NA,1.334659755521368,NA,1.0247789272681185,NA,1.023693209239092,NA
9874574,69,ɟ e ɟ ø c,5,-29.515236701833903,NA,-Inf,NA,-35.387903759308166,NA,1.1759662589424205,NA,1.1759456395053902,NA,1.0001090155892292,NA,1.0003211623361203,NA
9874574,69,n u c i c,5,-22.422357273444163,NA,-Inf,NA,-30.604841117870382,NA,1.2010655284312557,NA,1.2009915028727167,NA,1.0010304726556416,NA,1.0011909418109612,NA
9874574,20,ɫ a ʒ ɯ v,5,-19.01413112958105,NA,-25.27309072876929,NA,-24.70218102731933,NA,1.3434818002281597,NA,1.3431627791155516,NA,1.0027190231281846,NA,1.0027934061307997,NA
9874574,27,v ø l ø c,5,-25.90689728386676,NA,-Inf,NA,-35.34511196131538,NA,1.053370077665239,NA,1.0535614319623523,NA,1,1,1.0002179098838746,1
9874574,57,t͡ʃ u ɫ a ʒ,5,-19.237587515269706,NA,-18.130207686087324,NA,-18.26240532798674,NA,1.3722130475752563,NA,1.3718347547581715,NA,1.0249011247841782,NA,1.0237533348136263,NA
9874574,15,d͡ʒ o ʒ a ʒ,5,-22.732617383645024,NA,-22.660226857866917,NA,-22.815874697194054,NA,1.2757020818759344,NA,1.275491702476653,NA,1.001992869903803,NA,1.002093919802276,NA
9874574,70,n u t y j,5,-16.96057295686292,NA,-21.57828825775384,NA,-21.566459081067514,NA,1.1975371229986602,NA,1.1974696560083582,NA,1.0083526736746993,NA,1.008122409607921,NA
9874574,94,b o ɟ ø z,5,-24.218032064305415,NA,-Inf,NA,-19.98603714014059,NA,1.1508993555127225,NA,1.1509159963499356,NA,1.0076706794235104,NA,1.0074835137562206,NA
9874574,10,ʃ i ʒ a z,5,-19.04980356239507,NA,-19.97037085869323,NA,-19.99831106394273,NA,1.315532256051761,NA,1.315247063807122,NA,1.0098413554752772,NA,1.009482109892058,NA
9874574,13,b y ɟ y ʒ,5,-25.505444268865332,NA,-25.45365748559964,NA,-24.547852043511448,NA,1.1609339687930145,NA,1.1609373105847451,NA,1.0030582028661408,NA,1.0031139432724736,NA
9874574,30,n y n a j,5,-15.538878453846433,NA,-19.248648600763232,NA,-19.252973283175265,NA,1.375893401023051,NA,1.3755021898241135,NA,1.025399913127838,NA,1.024174835275507,NA
9874574,23,t͡ʃ ø z ɯ z,5,-20.62607180941986,NA,-16.976091075060026,NA,-17.019424912474907,NA,1.1583596514678574,NA,1.1583584120592822,NA,1.0080045227428704,NA,1.0077781589190764,NA
9874574,64,k o m y ɾ,5,-16.353424337993484,NA,-13.883195970862252,NA,-13.910528361180043,NA,1.3227564267292913,NA,1.3224527779546218,NA,1.0242905957012058,NA,1.0231863397295329,NA
9874574,65,l e l i v,5,-19.259752917338997,NA,-29.576825325610375,NA,-28.93865942698328,NA,1.3165643111836578,NA,1.316286257844561,NA,1.004552273472661,NA,1.0045149324559184,NA
9874574,25,v i ɟ ø ʒ,5,-26.08508432555531,NA,-Inf,NA,-26.573834589061327,NA,1.1072439154231664,NA,1.107341952591128,NA,1.002221233960113,NA,1.002322393863214,NA
9874574,67,m y d͡ʒ i z,5,-17.879199582018565,NA,-14.393898283796569,NA,-14.429259306354858,NA,1.3109225990509248,NA,1.3106522848516828,NA,1.0375068631237063,NA,1.0356959574680136,NA
9874574,14,z i ʃ u ʒ,5,-20.611196487491956,NA,-21.50834429121576,NA,-21.43777842049785,NA,1.1722474271142185,NA,1.1722290569471934,NA,1.0065648677878622,NA,1.0064344360939144,NA
9874574,65,c y f e f,5,-21.527813099749014,NA,-Inf,NA,-22.664539480096867,NA,1.2118743211486604,NA,1.2117773135384928,NA,1.0071295794804112,NA,1.0069463406784327,NA
9874574,52,f i f ø c,5,-22.934346180129452,NA,-Inf,NA,-24.81560530960652,NA,1.1324703057575094,NA,1.132524760714353,NA,1.00781397621939,NA,1.0076205413173758,NA
9874574,13,z a g u ʒ,5,-20.29947828385247,NA,-22.63081735331332,NA,-22.558066597039417,NA,1.3322117684361712,NA,1.331916871021566,NA,1.0060543305370335,NA,1.005951900443092,NA
9874574,96,s ø ɾ e ɾ,5,-16.33314456534291,NA,-14.679954878983413,NA,-14.714425131840436,NA,1.4153867644354674,NA,1.4149143088475702,NA,1.032928769087306,NA,1.0312349764733082,NA
9874574,8,g ɯ ɟ i ʒ,5,-24.50361657158009,NA,-25.49963744384403,NA,-24.94700242135446,NA,1.20317522888439,NA,1.2030973279498365,NA,1.0026110525865772,NA,1.002691091470223,NA
9874574,10,z ɯ f ø ʒ,5,-23.017882079075772,NA,-Inf,NA,-25.118736995317576,NA,1.0902439638685273,NA,1.090371213824056,NA,1.0024969451408785,NA,1.00258336556017,NA
9874574,72,n e m o h,5,-16.32924773528244,NA,-20.77206130453725,NA,-20.726772496747454,NA,1.276400178714621,NA,1.2761991218991138,NA,1.016692629955233,NA,1.016027305212858,NA
9874574,12,h a ʒ u ʒ,5,-22.22459728237563,NA,-20.574734095421434,NA,-20.57980325185485,NA,1.3552832193968376,NA,1.354948500786981,NA,1.024100953206239,NA,1.0230524747443015,NA
9874574,4,ɟ y ʒ a ʒ,5,-26.24714392218317,NA,-27.701633339060944,NA,-27.35192869335266,NA,1.264390404377066,NA,1.2641995821532814,NA,1.0013967676551154,NA,1.0015291572871547,NA
9874574,72,b e d͡ʒ ɯ z,5,-17.81982760102264,NA,-14.454949896520516,NA,-14.498099044664276,NA,1.3212001426293818,NA,1.3209174839829685,NA,1.018554063995171,NA,1.0177796681696785,NA
9874574,100,k o ɾ e n,5,-14.885879129991546,NA,-12.897900518277458,NA,-12.921968836319405,NA,1.4935674111675834,NA,1.492960755870561,NA,1.051458107409831,NA,1.0487970966537057,NA
9874574,73,b u t͡ʃ ø z,5,-20.64528675679707,NA,-16.726730678422822,NA,-16.76182039023128,NA,1.1627803129926748,NA,1.1627762695685162,NA,1.0077814367587763,NA,1.0075883291945815,NA
9874574,64,n u ʒ u v,5,-20.80128833604193,NA,-25.0331577171281,NA,-24.8916465105402,NA,1.1410317248052262,NA,1.1410638524210197,NA,1.0012699088513268,NA,1.001416451124873,NA
9874574,60,b u z i z,5,-17.899568381733303,NA,-15.168587722623604,NA,-15.20544673192982,NA,1.300321658423705,NA,1.3000693778122003,NA,1.018878679977096,NA,1.0180436274771694,NA
9874574,65,n ɯ t a j,5,-14.896630988839425,NA,-19.401787788498176,NA,-19.40541509478784,NA,1.354526711595995,NA,1.3541725154278046,NA,1.021234920433465,NA,1.0202283613160217,NA
9874574,65,n u ʒ a v,5,-19.23989541094505,NA,-24.070092646118187,NA,-23.96757799454814,NA,1.2890173650126455,NA,1.2887801370464675,NA,1.0063398585044316,NA,1.0061698950642324,NA
9874574,73,l y v ø c,5,-24.69819952981217,NA,-Inf,NA,-33.84418076589204,NA,1.1109520851514574,NA,1.1110436100959913,NA,1.0013626948653658,NA,1.0015085655369462,NA
9874574,71,b e v i z,5,-17.164705407397012,NA,-14.3441056545888,NA,-14.386834265478743,NA,1.3998179501932546,NA,1.3993936154387292,NA,1.0313640525417127,NA,1.029874405398718,NA
9874574,73,g ɯ ɟ ø z,5,-24.493762160994564,NA,-Inf,NA,-21.039008141833634,NA,1.1091017507441014,NA,1.109190682492799,NA,1.002741473193033,NA,1.0028133483318893,NA
9874574,59,n ɯ ʒ a j,5,-18.361255868590177,NA,-Inf,NA,-24.42370924182812,NA,1.2862284449438637,NA,1.2859931705589396,NA,1.0083293699708047,NA,1.0080300149841257,NA
9874574,7,f u ʒ o ʒ,5,-24.318186592419305,NA,-24.076093804584303,NA,-23.89378841031736,NA,1.113926858532862,NA,1.1140116216965557,NA,1.0011715459746369,NA,1.0013258782882402,NA
9874574,79,m u ɟ ø z,5,-23.390324934442702,NA,-Inf,NA,-20.024930764116053,NA,1.1813238989502393,NA,1.1812879247237875,NA,1.0153068128767293,NA,1.0147184228338744,NA
9874574,32,b e ʒ u z,5,-20.09685568317635,NA,-17.616675465865157,NA,-17.692227901481022,NA,1.2990802527770584,NA,1.298836883201828,NA,1.0147738277840022,NA,1.0141969018237178,NA
9874574,28,g u d͡ʒ ɯ z,5,-19.58384312679565,NA,-16.662080926911877,NA,-16.69599102385458,NA,1.1829445655903972,NA,1.1829010801604336,NA,1.004072591118986,NA,1.0040601734200405,NA
9874574,31,l y g u v,5,-21.054989139720988,NA,-Inf,NA,-29.442333739145383,NA,1.1391300728302185,NA,1.139165406989077,NA,1.0012517628678057,NA,1.0013973759000716,NA
9874574,71,t͡ʃ ø z i z,5,-19.95205038921768,NA,-16.53019953976399,NA,-16.57507613525408,NA,1.2189898868089024,NA,1.21887829147456,NA,1.012754830804793,NA,1.0122417488420343,NA
9874574,70,l i l e c,5,-21.536362523929785,NA,-31.083984388924055,NA,-30.331424169322283,NA,1.2119594300984098,NA,1.2118670410071015,NA,1.002450860254562,NA,1.002532859654261,NA
9874574,73,t e m y ɾ,5,-15.097011485226544,NA,-13.149158478430715,NA,-13.17506319379305,NA,1.3952910296657324,NA,1.3948618624207878,NA,1.043610721726628,NA,1.0414893151040772,NA
9874574,31,n ɯ ʒ o h,5,-20.43289152093352,NA,-Inf,NA,-27.681960708161636,NA,1.1097661427251175,NA,1.1098539195905015,NA,1.0003249566724437,NA,1.0005257916572736,NA
9874574,11,z a ʒ a ʒ,5,-20.65156820085194,NA,-20.88415273374731,NA,-21.111799773330873,NA,1.473656473289835,NA,1.4731036094504746,NA,1.005674667143876,NA,1.0055823087757958,NA
9874574,16,l e l e c,5,-21.338527197603927,NA,-31.45089604529384,NA,-30.582591541482635,NA,1.2981271077413907,NA,1.2978856396230185,NA,1.0037045395306985,NA,1.0037202628550872,NA
9874574,74,k ɯ ɾ u ɾ,5,-15.318955962420556,NA,-13.211802908261404,NA,-13.235619449577031,NA,1.4222960802280702,NA,1.4218174189805863,NA,1.0464229248539447,NA,1.04410490580885,NA
9874574,77,m u ɾ u ɾ,5,-15.78366637936518,NA,-13.562188301724916,NA,-13.588096170629813,NA,1.419431610850839,NA,1.418957895106949,NA,1.0416730830399104,NA,1.0396065469972535,NA
9874574,75,l i ɾ a ɫ,5,-15.3609350799713,NA,-19.8361902836386,NA,-19.591438837393905,NA,1.4834033363849624,NA,1.482810949290984,NA,1.052665896370704,NA,1.049897439309165,NA
9874574,67,b o ʒ ø z,5,-22.86665396829175,NA,-18.017128955938706,NA,-17.902257196862156,NA,1.1512809100750248,NA,1.1512968865447335,NA,1.0076706794235104,NA,1.0074835137562206,NA
9874574,17,ɫ a m ø s,5,-16.4448878098927,NA,-21.700506185311,NA,-21.560223247833047,NA,1.3597787878886536,NA,1.359429234768754,NA,1.0166672670594712,NA,1.0160046485573355,NA
9874574,76,z a c i c,5,-21.79076817824873,NA,-Inf,NA,-28.16360280521193,NA,1.396529547044278,NA,1.3961173439888992,NA,1.0049309977725878,NA,1.0048864608834187,NA
9874574,73,k ɯ ɾ y ɾ,5,-15.606638034872336,NA,-13.90445119214018,NA,-13.927432452108098,NA,1.4023519238658844,NA,1.4019095639097712,NA,1.0403132444979513,NA,1.0383564043662596,NA
9874574,20,l e g u j,5,-19.01681077838631,NA,-26.364507293773418,NA,-25.975664718831844,NA,1.2483428858636896,NA,1.248186398979058,NA,1.0016771227161092,NA,1.0018008835043444,NA
9874574,21,l i ʒ ɯ h,5,-21.236809961973975,NA,-30.679339934133328,NA,-29.742273739726983,NA,1.158327478084528,NA,1.1583284213199998,NA,1.0005226776773717,NA,1.000711052533111,NA
9874574,62,ɫ a v ø c,5,-20.9587256480507,NA,-Inf,NA,-27.741190815322057,NA,1.3120436196337373,NA,1.311787239641347,NA,1.0128467704178925,NA,1.0123863819849432,NA
9874574,19,l ø ʒ o h,5,-24.023639891238354,NA,-Inf,NA,-30.04919461281527,NA,1.0611372469041531,NA,1.0613091459550994,NA,1,1,1.0002179098838746,1
9874574,88,m u ɾ e ɾ,5,-14.696942662362323,NA,-12.765770122828249,NA,-12.78886990036498,NA,1.4829679946903738,NA,1.482378633403974,NA,1.0554645066457835,NA,1.052583586591879,NA
9874574,86,l y g o v,5,-21.24168388132717,NA,-Inf,NA,-29.53360238566332,NA,1.1177613338707335,NA,1.117835562270347,NA,1.0014227127794817,NA,1.0015589006941277,NA
9874574,12,v ø h u v,5,-21.19584626377422,NA,-Inf,NA,-27.14453973692883,NA,1.12204735674267,NA,1.1221120023890112,NA,1.0019306114959543,NA,1.0020390443325038,NA
9874574,92,n o t u s,5,-16.47465512035086,NA,-19.735328187133018,NA,-19.743774110963223,NA,1.2269920276179962,NA,1.226868358906597,NA,1.0080817305580838,NA,1.0078462760915818,NA
9876376,9,h a ʒ u ʒ,5,-22.22459728237563,NA,-20.574734095421434,NA,-20.57980325185485,NA,1.3552832193968376,NA,1.354948500786981,NA,1.024100953206239,NA,1.0230524747443015,NA
9876376,60,t͡ʃ ø z i z,5,-19.95205038921768,NA,-16.53019953976399,NA,-16.57507613525408,NA,1.2189898868089024,NA,1.21887829147456,NA,1.012754830804793,NA,1.0122417488420343,NA
9876376,18,b o ʒ o j,5,-21.245057054178083,NA,-20.13244875835492,NA,-20.046431822915014,NA,1.1725304838846882,NA,1.1725072015915694,NA,1.0075402588170546,NA,1.0073612568945542,NA
9876376,41,t͡ʃ ø t͡ʃ ø z,5,-22.697768764281445,NA,-19.14014982771973,NA,-19.125549383488163,NA,1.0814485413778725,NA,1.0815851832308758,NA,1.0021481577380047,NA,1.0022510865945526,NA
9876376,62,f i m y z,5,-17.903375865695956,NA,-14.742633621324917,NA,-14.786764221872444,NA,1.201636639433986,NA,1.2015630839111278,NA,1.0120057633303254,NA,1.0115817861902552,NA
9876376,73,t e m y ɾ,5,-15.097011485226544,NA,-13.149158478430715,NA,-13.17506319379305,NA,1.3952910296657324,NA,1.3948618624207878,NA,1.043610721726628,NA,1.0414893151040772,NA
9876376,0,z i ʃ u ʒ,5,-20.611196487491956,NA,-21.50834429121576,NA,-21.43777842049785,NA,1.1722474271142185,NA,1.1722290569471934,NA,1.0065648677878622,NA,1.0064344360939144,NA
9876376,19,ɟ y ɟ i c,5,-28.504374274105167,NA,-34.0614415135249,NA,-32.63139034186276,NA,1.1857372598822993,NA,1.1856897559125137,NA,1.0003805593107542,NA,1.0005751782641632,NA
9876376,57,b i j u z,5,-17.587656552519828,NA,-14.901222365010376,NA,-14.934988048180376,NA,1.2542839912465815,NA,1.2541176642790226,NA,1.0211939364547036,NA,1.0202725415610168,NA
9876376,0,z ɯ f ø ʒ,5,-23.017882079075772,NA,-Inf,NA,-25.118736995317576,NA,1.0902439638685273,NA,1.090371213824056,NA,1.0024969451408785,NA,1.00258336556017,NA
9876376,30,l y v ø c,5,-24.69819952981217,NA,-Inf,NA,-33.84418076589204,NA,1.1109520851514574,NA,1.1110436100959913,NA,1.0013626948653658,NA,1.0015085655369462,NA
9876376,42,ʃ i ʒ a z,5,-19.04980356239507,NA,-19.97037085869323,NA,-19.99831106394273,NA,1.315532256051761,NA,1.315247063807122,NA,1.0098413554752772,NA,1.009482109892058,NA
9876376,29,l y g o v,5,-21.24168388132717,NA,-Inf,NA,-29.53360238566332,NA,1.1177613338707335,NA,1.117835562270347,NA,1.0014227127794817,NA,1.0015589006941277,NA
9876376,11,n u ʒ u v,5,-20.80128833604193,NA,-25.0331577171281,NA,-24.8916465105402,NA,1.1410317248052262,NA,1.1410638524210197,NA,1.0012699088513268,NA,1.001416451124873,NA
9876376,37,b e v i z,5,-17.164705407397012,NA,-14.3441056545888,NA,-14.386834265478743,NA,1.3998179501932546,NA,1.3993936154387292,NA,1.0313640525417127,NA,1.029874405398718,NA
9876376,35,ɫ o c i v,5,-20.32154509757039,NA,-Inf,NA,-28.655330256748375,NA,1.203566924559405,NA,1.203484498665397,NA,1.003612403694333,NA,1.0036254079173543,NA
9876376,91,s ø ɾ e ɾ,5,-16.33314456534291,NA,-14.679954878983413,NA,-14.714425131840436,NA,1.4153867644354674,NA,1.4149143088475702,NA,1.032928769087306,NA,1.0312349764733082,NA
9876376,0,l i ʒ ɯ h,5,-21.236809961973975,NA,-30.679339934133328,NA,-29.742273739726983,NA,1.158327478084528,NA,1.1583284213199998,NA,1.0005226776773717,NA,1.000711052533111,NA
9876376,88,n o t u s,5,-16.47465512035086,NA,-19.735328187133018,NA,-19.743774110963223,NA,1.2269920276179962,NA,1.226868358906597,NA,1.0080817305580838,NA,1.0078462760915818,NA
9876376,0,p ɯ h i c,5,-20.565900791151996,NA,-23.40671397169415,NA,-23.24817306184844,NA,1.2307563842740858,NA,1.2306306880145006,NA,1.0085929357767276,NA,1.008342931175454,NA
9876376,15,ɟ ø ʒ u ʒ,5,-29.01723460133465,NA,-Inf,NA,-30.01521454529064,NA,1.0652782477051752,NA,1.0654452352440962,NA,1,1,1.0002179098838746,1
9876376,78,c y f e f,5,-21.527813099749014,NA,-Inf,NA,-22.664539480096867,NA,1.2118743211486604,NA,1.2117773135384928,NA,1.0071295794804112,NA,1.0069463406784327,NA
9876376,70,g a h a n,5,-15.424795057512029,NA,-12.671136251120728,NA,-12.713594601335702,NA,1.5950046496787846,NA,1.5942160548671798,NA,1.0568362269206326,NA,1.0537746821415517,NA
9876376,59,m y d͡ʒ i z,5,-17.879199582018565,NA,-14.393898283796569,NA,-14.429259306354858,NA,1.3109225990509248,NA,1.3106522848516828,NA,1.0375068631237063,NA,1.0356959574680136,NA
9876376,29,v ø l ø c,5,-25.90689728386676,NA,-Inf,NA,-35.34511196131538,NA,1.053370077665239,NA,1.0535614319623523,NA,1,1,1.0002179098838746,1
9876376,20,z a g u ʒ,5,-20.29947828385247,NA,-22.63081735331332,NA,-22.558066597039417,NA,1.3322117684361712,NA,1.331916871021566,NA,1.0060543305370335,NA,1.005951900443092,NA
9876376,64,m y d͡ʒ ɯ z,5,-18.55322100222074,NA,-14.44026579065542,NA,-14.47667494038302,NA,1.2502923637098795,NA,1.2501324054364051,NA,1.0311610225528094,NA,1.029724802800534,NA
9876376,25,b e ʒ u z,5,-20.09685568317635,NA,-17.616675465865157,NA,-17.692227901481022,NA,1.2990802527770584,NA,1.298836883201828,NA,1.0147738277840022,NA,1.0141969018237178,NA
9876376,14,t͡ʃ u ɫ a ʒ,5,-19.237587515269706,NA,-18.130207686087324,NA,-18.26240532798674,NA,1.3722130475752563,NA,1.3718347547581715,NA,1.0249011247841782,NA,1.0237533348136263,NA
9876376,68,l e m ø c,5,-22.135268586336817,NA,-Inf,NA,-30.8974573340183,NA,1.2302737214773412,NA,1.230158604762022,NA,1.0104704475845636,NA,1.010134576043257,NA
9876376,0,n ɯ ʒ o h,5,-20.43289152093352,NA,-Inf,NA,-27.681960708161636,NA,1.1097661427251175,NA,1.1098539195905015,NA,1.0003249566724437,NA,1.0005257916572736,NA
9876376,67,ɟ ø c y c,5,-29.771612116763333,NA,-Inf,NA,-33.918015159012405,NA,1.0457614416943897,NA,1.0459642311442183,NA,1.000065210303228,NA,1.0002790383147078,NA
9876376,4,v ø g a v,5,-20.10445696792307,NA,-Inf,NA,-26.10524817310064,NA,1.247357754390403,NA,1.247192526866456,NA,1.0083186036664065,NA,1.0080374911419787,NA
9876376,13,n u ʒ a v,5,-19.23989541094505,NA,-24.070092646118187,NA,-23.96757799454814,NA,1.2890173650126455,NA,1.2887801370464675,NA,1.0063398585044316,NA,1.0061698950642324,NA
9876376,32,b o ʒ ø z,5,-22.86665396829175,NA,-18.017128955938706,NA,-17.902257196862156,NA,1.1512809100750248,NA,1.1512968865447335,NA,1.0076706794235104,NA,1.0074835137562206,NA
9876376,64,b o ɟ ø z,5,-24.218032064305415,NA,-Inf,NA,-19.98603714014059,NA,1.1508993555127225,NA,1.1509159963499356,NA,1.0076706794235104,NA,1.0074835137562206,NA
9876376,60,m u ɾ e ɾ,5,-14.696942662362323,NA,-12.765770122828249,NA,-12.78886990036498,NA,1.4829679946903738,NA,1.482378633403974,NA,1.0554645066457835,NA,1.052583586591879,NA
9876376,80,ɫ a c i c,5,-20.85006703745811,NA,-Inf,NA,-28.268360365160696,NA,1.393714475584772,NA,1.393307140789591,NA,1.0031978955195548,NA,1.003244424758624,NA
9876376,71,l i ɾ a ɫ,5,-15.3609350799713,NA,-19.8361902836386,NA,-19.591438837393905,NA,1.4834033363849624,NA,1.482810949290984,NA,1.052665896370704,NA,1.049897439309165,NA
9876376,0,g ɯ ɟ i ʒ,5,-24.50361657158009,NA,-25.49963744384403,NA,-24.94700242135446,NA,1.20317522888439,NA,1.2030973279498365,NA,1.0026110525865772,NA,1.002691091470223,NA
9876376,15,ɟ y ʒ a ʒ,5,-26.24714392218317,NA,-27.701633339060944,NA,-27.35192869335266,NA,1.264390404377066,NA,1.2641995821532814,NA,1.0013967676551154,NA,1.0015291572871547,NA
9876376,44,k ɯ ɾ y ɾ,5,-15.606638034872336,NA,-13.90445119214018,NA,-13.927432452108098,NA,1.4023519238658844,NA,1.4019095639097712,NA,1.0403132444979513,NA,1.0383564043662596,NA
9876376,30,k ɯ ɾ u ɾ,5,-15.318955962420556,NA,-13.211802908261404,NA,-13.235619449577031,NA,1.4222960802280702,NA,1.4218174189805863,NA,1.0464229248539447,NA,1.04410490580885,NA
9876376,72,ɫ o c i c,5,-22.598154704161175,NA,-Inf,NA,-30.38087562282667,NA,1.192024700888065,NA,1.1919663103397642,NA,1.0024386182362308,NA,1.002525096162357,NA
9876376,17,g u d͡ʒ ɯ z,5,-19.58384312679565,NA,-16.662080926911877,NA,-16.69599102385458,NA,1.1829445655903972,NA,1.1829010801604336,NA,1.004072591118986,NA,1.0040601734200405,NA
9876376,7,h a v e ʒ,5,-19.09461168027044,NA,-16.910155513317502,NA,-17.0401322477831,NA,1.4491259370421068,NA,1.448622803127972,NA,1.0389424664117677,NA,1.0370968958000453,NA
9876376,68,b u z i z,5,-17.899568381733303,NA,-15.168587722623604,NA,-15.20544673192982,NA,1.300321658423705,NA,1.3000693778122003,NA,1.018878679977096,NA,1.0180436274771694,NA
9876376,17,v i c i t͡ʃ,5,-20.547113263958217,NA,-Inf,NA,-23.1711421973128,NA,1.2268410034005357,NA,1.2267195786230238,NA,1.0039829073988151,NA,1.0039769766982811,NA
9876376,25,f i f ø c,5,-22.934346180129452,NA,-Inf,NA,-24.81560530960652,NA,1.1324703057575094,NA,1.132524760714353,NA,1.00781397621939,NA,1.0076205413173758,NA
9876376,67,k o m y ɾ,5,-16.353424337993484,NA,-13.883195970862252,NA,-13.910528361180043,NA,1.3227564267292913,NA,1.3224527779546218,NA,1.0242905957012058,NA,1.0231863397295329,NA
9876376,7,h a ɟ y ʒ,5,-23.863657450841075,NA,-22.624553381069926,NA,-22.344510460590467,NA,1.3349575084723493,NA,1.334659755521368,NA,1.0247789272681185,NA,1.023693209239092,NA
9876376,2,ɫ a ʒ ɯ v,5,-19.01413112958105,NA,-25.27309072876929,NA,-24.70218102731933,NA,1.3434818002281597,NA,1.3431627791155516,NA,1.0027190231281846,NA,1.0027934061307997,NA
9876376,11,b e d͡ʒ ɯ z,5,-17.81982760102264,NA,-14.454949896520516,NA,-14.498099044664276,NA,1.3212001426293818,NA,1.3209174839829685,NA,1.018554063995171,NA,1.0177796681696785,NA
9876376,75,k o ɾ e n,5,-14.885879129991546,NA,-12.897900518277458,NA,-12.921968836319405,NA,1.4935674111675834,NA,1.492960755870561,NA,1.051458107409831,NA,1.0487970966537057,NA
9876376,35,n u c i c,5,-22.422357273444163,NA,-Inf,NA,-30.604841117870382,NA,1.2010655284312557,NA,1.2009915028727167,NA,1.0010304726556416,NA,1.0011909418109612,NA
9876376,94,t i ɾ i n,5,-14.025136929876307,NA,-13.29622096087098,NA,-13.31495014679013,NA,1.4868293162319706,NA,1.4862336716167204,NA,1.0380836476564423,NA,1.036141119098454,NA
9876376,63,b u t͡ʃ ø z,5,-20.64528675679707,NA,-16.726730678422822,NA,-16.76182039023128,NA,1.1627803129926748,NA,1.1627762695685162,NA,1.0077814367587763,NA,1.0075883291945815,NA
9876376,70,l i l e c,5,-21.536362523929785,NA,-31.083984388924055,NA,-30.331424169322283,NA,1.2119594300984098,NA,1.2118670410071015,NA,1.002450860254562,NA,1.002532859654261,NA
9876376,23,l e g u j,5,-19.01681077838631,NA,-26.364507293773418,NA,-25.975664718831844,NA,1.2483428858636896,NA,1.248186398979058,NA,1.0016771227161092,NA,1.0018008835043444,NA
9876376,6,g ɯ ʒ u ɫ,5,-20.705303097683913,NA,-Inf,NA,-21.48584727527315,NA,1.1930536885026797,NA,1.19297852493055,NA,1.0065343732888652,NA,1.006368299524924,NA
9876376,64,b e v a z,5,-16.49220087297713,NA,-13.608243420111007,NA,-13.653196067821916,NA,1.477372226790212,NA,1.4768067318712417,NA,1.039668977985646,NA,1.0377122037388582,NA
9876376,51,m u ɾ u ɾ,5,-15.78366637936518,NA,-13.562188301724916,NA,-13.588096170629813,NA,1.419431610850839,NA,1.418957895106949,NA,1.0416730830399104,NA,1.0396065469972535,NA
9876376,29,l y g u v,5,-21.054989139720988,NA,-Inf,NA,-29.442333739145383,NA,1.1391300728302185,NA,1.139165406989077,NA,1.0012517628678057,NA,1.0013973759000716,NA
9876376,61,l e l i v,5,-19.259752917338997,NA,-29.576825325610375,NA,-28.93865942698328,NA,1.3165643111836578,NA,1.316286257844561,NA,1.004552273472661,NA,1.0045149324559184,NA
9876376,32,n ɯ t a j,5,-14.896630988839425,NA,-19.401787788498176,NA,-19.40541509478784,NA,1.354526711595995,NA,1.3541725154278046,NA,1.021234920433465,NA,1.0202283613160217,NA
9876376,9,v i ɟ ø ʒ,5,-26.08508432555531,NA,-Inf,NA,-26.573834589061327,NA,1.1072439154231664,NA,1.107341952591128,NA,1.002221233960113,NA,1.002322393863214,NA
9876376,47,n e m o h,5,-16.32924773528244,NA,-20.77206130453725,NA,-20.726772496747454,NA,1.276400178714621,NA,1.2761991218991138,NA,1.016692629955233,NA,1.016027305212858,NA
9876376,5,ɟ i f o ʒ,5,-24.780676297755964,NA,-25.425443803693742,NA,-25.116310217920844,NA,1.1272633513846158,NA,1.1273248298147074,NA,1.0025592701523314,NA,1.0026389458748235,NA
9876376,34,n ø t i v,5,-17.944154892120544,NA,-23.2961730088594,NA,-23.250097222909492,NA,1.2347006964889633,NA,1.2345636665208823,NA,1.0201890138444885,NA,1.019285545598672,NA
9876376,19,ɟ e ʒ a ʒ,5,-24.872738132728532,NA,-Inf,NA,-27.982487602910396,NA,1.3654519295070486,NA,1.3650862603539733,NA,1.0018873378066473,NA,1.0019937933222605,NA
9876376,61,m y ɟ ø z,5,-23.67800700689448,NA,-Inf,NA,-19.812441326740707,NA,1.1873897568358545,NA,1.1873432880455872,NA,1.0271132236263087,NA,1.0259044813368154,NA
9876376,30,n u t y j,5,-16.96057295686292,NA,-21.57828825775384,NA,-21.566459081067514,NA,1.1975371229986602,NA,1.1974696560083582,NA,1.0083526736746993,NA,1.008122409607921,NA
9876376,12,b y ɟ y ʒ,5,-25.505444268865332,NA,-25.45365748559964,NA,-24.547852043511448,NA,1.1609339687930145,NA,1.1609373105847451,NA,1.0030582028661408,NA,1.0031139432724736,NA
9876376,24,l ø ʒ a v,5,-22.61577681077505,NA,-Inf,NA,-27.92410669629761,NA,1.2294482612194106,NA,1.2293140831342488,NA,1.0055264217757005,NA,1.0053992528390658,NA
9876376,3,n ɯ ʒ a j,5,-18.361255868590177,NA,-Inf,NA,-24.42370924182812,NA,1.2862284449438637,NA,1.2859931705589396,NA,1.0083293699708047,NA,1.0080300149841257,NA
9876376,82,l e l e c,5,-21.338527197603927,NA,-31.45089604529384,NA,-30.582591541482635,NA,1.2981271077413907,NA,1.2978856396230185,NA,1.0037045395306985,NA,1.0037202628550872,NA
9876376,39,g ɯ ɟ ø z,5,-24.493762160994564,NA,-Inf,NA,-21.039008141833634,NA,1.1091017507441014,NA,1.109190682492799,NA,1.002741473193033,NA,1.0028133483318893,NA
9876376,24,v ɯ c e c,5,-23.291319549211504,NA,-Inf,NA,-31.131139803939128,NA,1.1800904532909162,NA,1.1800533352853768,NA,1.0009229002593154,NA,1.0010857623367058,NA
9876376,86,z a c i c,5,-21.79076817824873,NA,-Inf,NA,-28.16360280521193,NA,1.396529547044278,NA,1.3961173439888992,NA,1.0049309977725878,NA,1.0048864608834187,NA
9876376,41,n y n a j,5,-15.538878453846433,NA,-19.248648600763232,NA,-19.252973283175265,NA,1.375893401023051,NA,1.3755021898241135,NA,1.025399913127838,NA,1.024174835275507,NA
9876376,9,l ø ʒ o h,5,-24.023639891238354,NA,-Inf,NA,-30.04919461281527,NA,1.0611372469041531,NA,1.0613091459550994,NA,1,1,1.0002179098838746,1
9876376,17,m y ʒ u z,5,-20.83024908437445,NA,-18.018790953182332,NA,-17.957196378821674,NA,1.2281724738575563,NA,1.228051804655265,NA,1.028797989001621,NA,1.027484318333768,NA
9876376,9,d͡ʒ o ʒ a ʒ,5,-22.732617383645024,NA,-22.660226857866917,NA,-22.815874697194054,NA,1.2757020818759344,NA,1.275491702476653,NA,1.001992869903803,NA,1.002093919802276,NA
9876376,73,ɫ o t a ɫ,5,-14.65850607845412,NA,-17.671672662841534,NA,-17.682535023707715,NA,1.3973781624522024,NA,1.3969353956490551,NA,1.0300127259382086,NA,1.0284804983759424,NA
9876376,40,m u ɟ ø z,5,-23.390324934442702,NA,-Inf,NA,-20.024930764116053,NA,1.1813238989502393,NA,1.1812879247237875,NA,1.0153068128767293,NA,1.0147184228338744,NA
9876376,0,d͡ʒ o ʒ ɯ ʒ,5,-24.079143338267087,NA,-Inf,NA,-28.009801950877545,NA,1.137517569937932,NA,1.1375587066288628,NA,1.0007051178379167,NA,1.0008859248512416,NA
9876376,23,z a ʒ a ʒ,5,-20.65156820085194,NA,-20.88415273374731,NA,-21.111799773330873,NA,1.473656473289835,NA,1.4731036094504746,NA,1.005674667143876,NA,1.0055823087757958,NA
9876376,63,ɫ a m ø s,5,-16.4448878098927,NA,-21.700506185311,NA,-21.560223247833047,NA,1.3597787878886536,NA,1.359429234768754,NA,1.0166672670594712,NA,1.0160046485573355,NA
9876376,34,ɟ e ɟ ø c,5,-29.515236701833903,NA,-Inf,NA,-35.387903759308166,NA,1.1759662589424205,NA,1.1759456395053902,NA,1.0001090155892292,NA,1.0003211623361203,NA
9876376,42,ɫ a v ø c,5,-20.9587256480507,NA,-Inf,NA,-27.741190815322057,NA,1.3120436196337373,NA,1.311787239641347,NA,1.0128467704178925,NA,1.0123863819849432,NA
9876376,25,g o ʒ u ʒ,5,-24.442688578324432,NA,-22.033985445786712,NA,-22.016202405684076,NA,1.1437948305814645,NA,1.1438260015087924,NA,1.001138393401175,NA,1.0012964338824402,NA
9876376,0,v ɯ ʒ ɯ ʒ,5,-23.69648085276263,NA,-Inf,NA,-31.00943562503508,NA,1.125927847369398,NA,1.1259890347950725,NA,1.0002707972270364,NA,1.000474478028374,NA
9876376,34,t͡ʃ ø z ɯ z,5,-20.62607180941986,NA,-16.976091075060026,NA,-17.019424912474907,NA,1.1583596514678574,NA,1.1583584120592822,NA,1.0080045227428704,NA,1.0077781589190764,NA
9876376,38,f a m o ʒ,5,-19.525006628199367,NA,-18.562521006783637,NA,-18.678545352468166,NA,1.3639122810041675,NA,1.3635640039359638,NA,1.0205395864056823,NA,1.0196690224611438,NA
9876376,23,f u ʒ o ʒ,5,-24.318186592419305,NA,-24.076093804584303,NA,-23.89378841031736,NA,1.113926858532862,NA,1.1140116216965557,NA,1.0011715459746369,NA,1.0013258782882402,NA
9876376,9,v ø h u v,5,-21.19584626377422,NA,-Inf,NA,-27.14453973692883,NA,1.12204735674267,NA,1.1221120023890112,NA,1.0019306114959543,NA,1.0020390443325038,NA
9877321,26,f u ʒ o ʒ,5,-24.318186592419305,NA,-24.076093804584303,NA,-23.89378841031736,NA,1.113926858532862,NA,1.1140116216965557,NA,1.0011715459746369,NA,1.0013258782882402,NA
9877321,22,l e l i v,5,-19.259752917338997,NA,-29.576825325610375,NA,-28.93865942698328,NA,1.3165643111836578,NA,1.316286257844561,NA,1.004552273472661,NA,1.0045149324559184,NA
9877321,78,b e v i z,5,-17.164705407397012,NA,-14.3441056545888,NA,-14.386834265478743,NA,1.3998179501932546,NA,1.3993936154387292,NA,1.0313640525417127,NA,1.029874405398718,NA
9877321,20,g ɯ ʒ u ɫ,5,-20.705303097683913,NA,-Inf,NA,-21.48584727527315,NA,1.1930536885026797,NA,1.19297852493055,NA,1.0065343732888652,NA,1.006368299524924,NA
9877321,74,ɫ o c i c,5,-22.598154704161175,NA,-Inf,NA,-30.38087562282667,NA,1.192024700888065,NA,1.1919663103397642,NA,1.0024386182362308,NA,1.002525096162357,NA
9877321,93,n o t u s,5,-16.47465512035086,NA,-19.735328187133018,NA,-19.743774110963223,NA,1.2269920276179962,NA,1.226868358906597,NA,1.0080817305580838,NA,1.0078462760915818,NA
9877321,34,t͡ʃ ø z ɯ z,5,-20.62607180941986,NA,-16.976091075060026,NA,-17.019424912474907,NA,1.1583596514678574,NA,1.1583584120592822,NA,1.0080045227428704,NA,1.0077781589190764,NA
9877321,27,p ɯ h i c,5,-20.565900791151996,NA,-23.40671397169415,NA,-23.24817306184844,NA,1.2307563842740858,NA,1.2306306880145006,NA,1.0085929357767276,NA,1.008342931175454,NA
9877321,15,b o ʒ o j,5,-21.245057054178083,NA,-20.13244875835492,NA,-20.046431822915014,NA,1.1725304838846882,NA,1.1725072015915694,NA,1.0075402588170546,NA,1.0073612568945542,NA
9877321,37,h a v e ʒ,5,-19.09461168027044,NA,-16.910155513317502,NA,-17.0401322477831,NA,1.4491259370421068,NA,1.448622803127972,NA,1.0389424664117677,NA,1.0370968958000453,NA
9877321,84,ɫ a c i c,5,-20.85006703745811,NA,-Inf,NA,-28.268360365160696,NA,1.393714475584772,NA,1.393307140789591,NA,1.0031978955195548,NA,1.003244424758624,NA
9877321,25,n ø t i v,5,-17.944154892120544,NA,-23.2961730088594,NA,-23.250097222909492,NA,1.2347006964889633,NA,1.2345636665208823,NA,1.0201890138444885,NA,1.019285545598672,NA
9877321,100,t i ɾ i n,5,-14.025136929876307,NA,-13.29622096087098,NA,-13.31495014679013,NA,1.4868293162319706,NA,1.4862336716167204,NA,1.0380836476564423,NA,1.036141119098454,NA
9877321,12,v i ɟ ø ʒ,5,-26.08508432555531,NA,-Inf,NA,-26.573834589061327,NA,1.1072439154231664,NA,1.107341952591128,NA,1.002221233960113,NA,1.002322393863214,NA
9877321,78,k o m y ɾ,5,-16.353424337993484,NA,-13.883195970862252,NA,-13.910528361180043,NA,1.3227564267292913,NA,1.3224527779546218,NA,1.0242905957012058,NA,1.0231863397295329,NA
9877321,66,t͡ʃ ø z i z,5,-19.95205038921768,NA,-16.53019953976399,NA,-16.57507613525408,NA,1.2189898868089024,NA,1.21887829147456,NA,1.012754830804793,NA,1.0122417488420343,NA
9877321,18,b i j u z,5,-17.587656552519828,NA,-14.901222365010376,NA,-14.934988048180376,NA,1.2542839912465815,NA,1.2541176642790226,NA,1.0211939364547036,NA,1.0202725415610168,NA
9877321,89,ɟ ø c y c,5,-29.771612116763333,NA,-Inf,NA,-33.918015159012405,NA,1.0457614416943897,NA,1.0459642311442183,NA,1.000065210303228,NA,1.0002790383147078,NA
9877321,14,l i ʒ ɯ h,5,-21.236809961973975,NA,-30.679339934133328,NA,-29.742273739726983,NA,1.158327478084528,NA,1.1583284213199998,NA,1.0005226776773717,NA,1.000711052533111,NA
9877321,61,g ɯ ɟ ø z,5,-24.493762160994564,NA,-Inf,NA,-21.039008141833634,NA,1.1091017507441014,NA,1.109190682492799,NA,1.002741473193033,NA,1.0028133483318893,NA
9877321,89,s ø ɾ e ɾ,5,-16.33314456534291,NA,-14.679954878983413,NA,-14.714425131840436,NA,1.4153867644354674,NA,1.4149143088475702,NA,1.032928769087306,NA,1.0312349764733082,NA
9877321,27,f i f ø c,5,-22.934346180129452,NA,-Inf,NA,-24.81560530960652,NA,1.1324703057575094,NA,1.132524760714353,NA,1.00781397621939,NA,1.0076205413173758,NA
9877321,27,z a g u ʒ,5,-20.29947828385247,NA,-22.63081735331332,NA,-22.558066597039417,NA,1.3322117684361712,NA,1.331916871021566,NA,1.0060543305370335,NA,1.005951900443092,NA
9877321,17,n y n a j,5,-15.538878453846433,NA,-19.248648600763232,NA,-19.252973283175265,NA,1.375893401023051,NA,1.3755021898241135,NA,1.025399913127838,NA,1.024174835275507,NA
9877321,75,m y ɟ ø z,5,-23.67800700689448,NA,-Inf,NA,-19.812441326740707,NA,1.1873897568358545,NA,1.1873432880455872,NA,1.0271132236263087,NA,1.0259044813368154,NA
9877321,26,b o ʒ ø z,5,-22.86665396829175,NA,-18.017128955938706,NA,-17.902257196862156,NA,1.1512809100750248,NA,1.1512968865447335,NA,1.0076706794235104,NA,1.0074835137562206,NA
9877321,19,z a ʒ a ʒ,5,-20.65156820085194,NA,-20.88415273374731,NA,-21.111799773330873,NA,1.473656473289835,NA,1.4731036094504746,NA,1.005674667143876,NA,1.0055823087757958,NA
9877321,82,ɫ o t a ɫ,5,-14.65850607845412,NA,-17.671672662841534,NA,-17.682535023707715,NA,1.3973781624522024,NA,1.3969353956490551,NA,1.0300127259382086,NA,1.0284804983759424,NA
9877321,33,b e ʒ u z,5,-20.09685568317635,NA,-17.616675465865157,NA,-17.692227901481022,NA,1.2990802527770584,NA,1.298836883201828,NA,1.0147738277840022,NA,1.0141969018237178,NA
9877321,24,ɟ y ʒ a ʒ,5,-26.24714392218317,NA,-27.701633339060944,NA,-27.35192869335266,NA,1.264390404377066,NA,1.2641995821532814,NA,1.0013967676551154,NA,1.0015291572871547,NA
9877321,90,g a h a n,5,-15.424795057512029,NA,-12.671136251120728,NA,-12.713594601335702,NA,1.5950046496787846,NA,1.5942160548671798,NA,1.0568362269206326,NA,1.0537746821415517,NA
9877321,17,g ɯ ɟ i ʒ,5,-24.50361657158009,NA,-25.49963744384403,NA,-24.94700242135446,NA,1.20317522888439,NA,1.2030973279498365,NA,1.0026110525865772,NA,1.002691091470223,NA
9877321,35,b e d͡ʒ ɯ z,5,-17.81982760102264,NA,-14.454949896520516,NA,-14.498099044664276,NA,1.3212001426293818,NA,1.3209174839829685,NA,1.018554063995171,NA,1.0177796681696785,NA
9877321,20,l y v ø c,5,-24.69819952981217,NA,-Inf,NA,-33.84418076589204,NA,1.1109520851514574,NA,1.1110436100959913,NA,1.0013626948653658,NA,1.0015085655369462,NA
9877321,80,b e v a z,5,-16.49220087297713,NA,-13.608243420111007,NA,-13.653196067821916,NA,1.477372226790212,NA,1.4768067318712417,NA,1.039668977985646,NA,1.0377122037388582,NA
9877321,29,ɫ a ʒ ɯ v,5,-19.01413112958105,NA,-25.27309072876929,NA,-24.70218102731933,NA,1.3434818002281597,NA,1.3431627791155516,NA,1.0027190231281846,NA,1.0027934061307997,NA
9877321,20,v ø h u v,5,-21.19584626377422,NA,-Inf,NA,-27.14453973692883,NA,1.12204735674267,NA,1.1221120023890112,NA,1.0019306114959543,NA,1.0020390443325038,NA
9877321,29,z ɯ f ø ʒ,5,-23.017882079075772,NA,-Inf,NA,-25.118736995317576,NA,1.0902439638685273,NA,1.090371213824056,NA,1.0024969451408785,NA,1.00258336556017,NA
9877321,37,n e m o h,5,-16.32924773528244,NA,-20.77206130453725,NA,-20.726772496747454,NA,1.276400178714621,NA,1.2761991218991138,NA,1.016692629955233,NA,1.016027305212858,NA
9877321,59,n u c i c,5,-22.422357273444163,NA,-Inf,NA,-30.604841117870382,NA,1.2010655284312557,NA,1.2009915028727167,NA,1.0010304726556416,NA,1.0011909418109612,NA
9877321,29,ɫ o c i v,5,-20.32154509757039,NA,-Inf,NA,-28.655330256748375,NA,1.203566924559405,NA,1.203484498665397,NA,1.003612403694333,NA,1.0036254079173543,NA
9877321,88,k o ɾ e n,5,-14.885879129991546,NA,-12.897900518277458,NA,-12.921968836319405,NA,1.4935674111675834,NA,1.492960755870561,NA,1.051458107409831,NA,1.0487970966537057,NA
9877321,73,m y d͡ʒ ɯ z,5,-18.55322100222074,NA,-14.44026579065542,NA,-14.47667494038302,NA,1.2502923637098795,NA,1.2501324054364051,NA,1.0311610225528094,NA,1.029724802800534,NA
9877321,46,l y g u v,5,-21.054989139720988,NA,-Inf,NA,-29.442333739145383,NA,1.1391300728302185,NA,1.139165406989077,NA,1.0012517628678057,NA,1.0013973759000716,NA
9877321,38,m y ʒ u z,5,-20.83024908437445,NA,-18.018790953182332,NA,-17.957196378821674,NA,1.2281724738575563,NA,1.228051804655265,NA,1.028797989001621,NA,1.027484318333768,NA
9877321,69,m u ɟ ø z,5,-23.390324934442702,NA,-Inf,NA,-20.024930764116053,NA,1.1813238989502393,NA,1.1812879247237875,NA,1.0153068128767293,NA,1.0147184228338744,NA
9877321,21,d͡ʒ o ʒ a ʒ,5,-22.732617383645024,NA,-22.660226857866917,NA,-22.815874697194054,NA,1.2757020818759344,NA,1.275491702476653,NA,1.001992869903803,NA,1.002093919802276,NA
9877321,74,l i l e c,5,-21.536362523929785,NA,-31.083984388924055,NA,-30.331424169322283,NA,1.2119594300984098,NA,1.2118670410071015,NA,1.002450860254562,NA,1.002532859654261,NA
9877321,89,m u ɾ e ɾ,5,-14.696942662362323,NA,-12.765770122828249,NA,-12.78886990036498,NA,1.4829679946903738,NA,1.482378633403974,NA,1.0554645066457835,NA,1.052583586591879,NA
9877321,24,l ø ʒ o h,5,-24.023639891238354,NA,-Inf,NA,-30.04919461281527,NA,1.0611372469041531,NA,1.0613091459550994,NA,1,1,1.0002179098838746,1
9877321,34,l y g o v,5,-21.24168388132717,NA,-Inf,NA,-29.53360238566332,NA,1.1177613338707335,NA,1.117835562270347,NA,1.0014227127794817,NA,1.0015589006941277,NA
9877321,28,n ɯ ʒ o h,5,-20.43289152093352,NA,-Inf,NA,-27.681960708161636,NA,1.1097661427251175,NA,1.1098539195905015,NA,1.0003249566724437,NA,1.0005257916572736,NA
9877321,31,f a m o ʒ,5,-19.525006628199367,NA,-18.562521006783637,NA,-18.678545352468166,NA,1.3639122810041675,NA,1.3635640039359638,NA,1.0205395864056823,NA,1.0196690224611438,NA
9877321,26,n u ʒ a v,5,-19.23989541094505,NA,-24.070092646118187,NA,-23.96757799454814,NA,1.2890173650126455,NA,1.2887801370464675,NA,1.0063398585044316,NA,1.0061698950642324,NA
9877321,19,l e g u j,5,-19.01681077838631,NA,-26.364507293773418,NA,-25.975664718831844,NA,1.2483428858636896,NA,1.248186398979058,NA,1.0016771227161092,NA,1.0018008835043444,NA
9877321,77,m y d͡ʒ i z,5,-17.879199582018565,NA,-14.393898283796569,NA,-14.429259306354858,NA,1.3109225990509248,NA,1.3106522848516828,NA,1.0375068631237063,NA,1.0356959574680136,NA
9877321,80,k ɯ ɾ y ɾ,5,-15.606638034872336,NA,-13.90445119214018,NA,-13.927432452108098,NA,1.4023519238658844,NA,1.4019095639097712,NA,1.0403132444979513,NA,1.0383564043662596,NA
9877321,81,l e l e c,5,-21.338527197603927,NA,-31.45089604529384,NA,-30.582591541482635,NA,1.2981271077413907,NA,1.2978856396230185,NA,1.0037045395306985,NA,1.0037202628550872,NA
9877321,22,g u d͡ʒ ɯ z,5,-19.58384312679565,NA,-16.662080926911877,NA,-16.69599102385458,NA,1.1829445655903972,NA,1.1829010801604336,NA,1.004072591118986,NA,1.0040601734200405,NA
9877321,29,t͡ʃ u ɫ a ʒ,5,-19.237587515269706,NA,-18.130207686087324,NA,-18.26240532798674,NA,1.3722130475752563,NA,1.3718347547581715,NA,1.0249011247841782,NA,1.0237533348136263,NA
9877321,78,t͡ʃ ø t͡ʃ ø z,5,-22.697768764281445,NA,-19.14014982771973,NA,-19.125549383488163,NA,1.0814485413778725,NA,1.0815851832308758,NA,1.0021481577380047,NA,1.0022510865945526,NA
9877321,67,z a c i c,5,-21.79076817824873,NA,-Inf,NA,-28.16360280521193,NA,1.396529547044278,NA,1.3961173439888992,NA,1.0049309977725878,NA,1.0048864608834187,NA
9877321,25,g o ʒ u ʒ,5,-24.442688578324432,NA,-22.033985445786712,NA,-22.016202405684076,NA,1.1437948305814645,NA,1.1438260015087924,NA,1.001138393401175,NA,1.0012964338824402,NA
9877321,22,f i m y z,5,-17.903375865695956,NA,-14.742633621324917,NA,-14.786764221872444,NA,1.201636639433986,NA,1.2015630839111278,NA,1.0120057633303254,NA,1.0115817861902552,NA
9877321,40,v ø g a v,5,-20.10445696792307,NA,-Inf,NA,-26.10524817310064,NA,1.247357754390403,NA,1.247192526866456,NA,1.0083186036664065,NA,1.0080374911419787,NA
9877321,15,h a ʒ u ʒ,5,-22.22459728237563,NA,-20.574734095421434,NA,-20.57980325185485,NA,1.3552832193968376,NA,1.354948500786981,NA,1.024100953206239,NA,1.0230524747443015,NA
9877321,56,c y f e f,5,-21.527813099749014,NA,-Inf,NA,-22.664539480096867,NA,1.2118743211486604,NA,1.2117773135384928,NA,1.0071295794804112,NA,1.0069463406784327,NA
9877321,13,n u ʒ u v,5,-20.80128833604193,NA,-25.0331577171281,NA,-24.8916465105402,NA,1.1410317248052262,NA,1.1410638524210197,NA,1.0012699088513268,NA,1.001416451124873,NA
9877321,36,n u t y j,5,-16.96057295686292,NA,-21.57828825775384,NA,-21.566459081067514,NA,1.1975371229986602,NA,1.1974696560083582,NA,1.0083526736746993,NA,1.008122409607921,NA
9877321,17,ɫ a m ø s,5,-16.4448878098927,NA,-21.700506185311,NA,-21.560223247833047,NA,1.3597787878886536,NA,1.359429234768754,NA,1.0166672670594712,NA,1.0160046485573355,NA
9877321,75,b o ɟ ø z,5,-24.218032064305415,NA,-Inf,NA,-19.98603714014059,NA,1.1508993555127225,NA,1.1509159963499356,NA,1.0076706794235104,NA,1.0074835137562206,NA
9877321,17,ʃ i ʒ a z,5,-19.04980356239507,NA,-19.97037085869323,NA,-19.99831106394273,NA,1.315532256051761,NA,1.315247063807122,NA,1.0098413554752772,NA,1.009482109892058,NA
9877321,31,ɫ a v ø c,5,-20.9587256480507,NA,-Inf,NA,-27.741190815322057,NA,1.3120436196337373,NA,1.311787239641347,NA,1.0128467704178925,NA,1.0123863819849432,NA
9877321,23,n ɯ ʒ a j,5,-18.361255868590177,NA,-Inf,NA,-24.42370924182812,NA,1.2862284449438637,NA,1.2859931705589396,NA,1.0083293699708047,NA,1.0080300149841257,NA
9877321,25,ɟ i f o ʒ,5,-24.780676297755964,NA,-25.425443803693742,NA,-25.116310217920844,NA,1.1272633513846158,NA,1.1273248298147074,NA,1.0025592701523314,NA,1.0026389458748235,NA
9877321,58,ɟ e ɟ ø c,5,-29.515236701833903,NA,-Inf,NA,-35.387903759308166,NA,1.1759662589424205,NA,1.1759456395053902,NA,1.0001090155892292,NA,1.0003211623361203,NA
9877321,19,b u t͡ʃ ø z,5,-20.64528675679707,NA,-16.726730678422822,NA,-16.76182039023128,NA,1.1627803129926748,NA,1.1627762695685162,NA,1.0077814367587763,NA,1.0075883291945815,NA
9877321,77,k ɯ ɾ u ɾ,5,-15.318955962420556,NA,-13.211802908261404,NA,-13.235619449577031,NA,1.4222960802280702,NA,1.4218174189805863,NA,1.0464229248539447,NA,1.04410490580885,NA
9877321,22,ɟ e ʒ a ʒ,5,-24.872738132728532,NA,-Inf,NA,-27.982487602910396,NA,1.3654519295070486,NA,1.3650862603539733,NA,1.0018873378066473,NA,1.0019937933222605,NA
9877321,89,t e m y ɾ,5,-15.097011485226544,NA,-13.149158478430715,NA,-13.17506319379305,NA,1.3952910296657324,NA,1.3948618624207878,NA,1.043610721726628,NA,1.0414893151040772,NA
9877321,43,ɟ y ɟ i c,5,-28.504374274105167,NA,-34.0614415135249,NA,-32.63139034186276,NA,1.1857372598822993,NA,1.1856897559125137,NA,1.0003805593107542,NA,1.0005751782641632,NA
9877321,31,b y ɟ y ʒ,5,-25.505444268865332,NA,-25.45365748559964,NA,-24.547852043511448,NA,1.1609339687930145,NA,1.1609373105847451,NA,1.0030582028661408,NA,1.0031139432724736,NA
9877321,91,m u ɾ u ɾ,5,-15.78366637936518,NA,-13.562188301724916,NA,-13.588096170629813,NA,1.419431610850839,NA,1.418957895106949,NA,1.0416730830399104,NA,1.0396065469972535,NA
9877321,25,v ɯ c e c,5,-23.291319549211504,NA,-Inf,NA,-31.131139803939128,NA,1.1800904532909162,NA,1.1800533352853768,NA,1.0009229002593154,NA,1.0010857623367058,NA
9877321,74,v ø l ø c,5,-25.90689728386676,NA,-Inf,NA,-35.34511196131538,NA,1.053370077665239,NA,1.0535614319623523,NA,1,1,1.0002179098838746,1
9877321,16,h a ɟ y ʒ,5,-23.863657450841075,NA,-22.624553381069926,NA,-22.344510460590467,NA,1.3349575084723493,NA,1.334659755521368,NA,1.0247789272681185,NA,1.023693209239092,NA
9877321,22,v ɯ ʒ ɯ ʒ,5,-23.69648085276263,NA,-Inf,NA,-31.00943562503508,NA,1.125927847369398,NA,1.1259890347950725,NA,1.0002707972270364,NA,1.000474478028374,NA
9877321,91,l i ɾ a ɫ,5,-15.3609350799713,NA,-19.8361902836386,NA,-19.591438837393905,NA,1.4834033363849624,NA,1.482810949290984,NA,1.052665896370704,NA,1.049897439309165,NA
9877321,17,l ø ʒ a v,5,-22.61577681077505,NA,-Inf,NA,-27.92410669629761,NA,1.2294482612194106,NA,1.2293140831342488,NA,1.0055264217757005,NA,1.0053992528390658,NA
9877321,21,d͡ʒ o ʒ ɯ ʒ,5,-24.079143338267087,NA,-Inf,NA,-28.009801950877545,NA,1.137517569937932,NA,1.1375587066288628,NA,1.0007051178379167,NA,1.0008859248512416,NA
9877321,24,ɟ ø ʒ u ʒ,5,-29.01723460133465,NA,-Inf,NA,-30.01521454529064,NA,1.0652782477051752,NA,1.0654452352440962,NA,1,1,1.0002179098838746,1
9877321,91,v i c i t͡ʃ,5,-20.547113263958217,NA,-Inf,NA,-23.1711421973128,NA,1.2268410034005357,NA,1.2267195786230238,NA,1.0039829073988151,NA,1.0039769766982811,NA
9877321,71,n ɯ t a j,5,-14.896630988839425,NA,-19.401787788498176,NA,-19.40541509478784,NA,1.354526711595995,NA,1.3541725154278046,NA,1.021234920433465,NA,1.0202283613160217,NA
9877321,21,z i ʃ u ʒ,5,-20.611196487491956,NA,-21.50834429121576,NA,-21.43777842049785,NA,1.1722474271142185,NA,1.1722290569471934,NA,1.0065648677878622,NA,1.0064344360939144,NA
9877321,74,b u z i z,5,-17.899568381733303,NA,-15.168587722623604,NA,-15.20544673192982,NA,1.300321658423705,NA,1.3000693778122003,NA,1.018878679977096,NA,1.0180436274771694,NA
9877321,73,l e m ø c,5,-22.135268586336817,NA,-Inf,NA,-30.8974573340183,NA,1.2302737214773412,NA,1.230158604762022,NA,1.0104704475845636,NA,1.010134576043257,NA
9877561,38,n u ʒ a v,5,-19.23989541094505,NA,-24.070092646118187,NA,-23.96757799454814,NA,1.2890173650126455,NA,1.2887801370464675,NA,1.0063398585044316,NA,1.0061698950642324,NA
9877561,64,b e d͡ʒ ɯ z,5,-17.81982760102264,NA,-14.454949896520516,NA,-14.498099044664276,NA,1.3212001426293818,NA,1.3209174839829685,NA,1.018554063995171,NA,1.0177796681696785,NA
9877561,23,n u ʒ u v,5,-20.80128833604193,NA,-25.0331577171281,NA,-24.8916465105402,NA,1.1410317248052262,NA,1.1410638524210197,NA,1.0012699088513268,NA,1.001416451124873,NA
9877561,21,ɫ o c i v,5,-20.32154509757039,NA,-Inf,NA,-28.655330256748375,NA,1.203566924559405,NA,1.203484498665397,NA,1.003612403694333,NA,1.0036254079173543,NA
9877561,62,k o ɾ e n,5,-14.885879129991546,NA,-12.897900518277458,NA,-12.921968836319405,NA,1.4935674111675834,NA,1.492960755870561,NA,1.051458107409831,NA,1.0487970966537057,NA
9877561,65,m u ɟ ø z,5,-23.390324934442702,NA,-Inf,NA,-20.024930764116053,NA,1.1813238989502393,NA,1.1812879247237875,NA,1.0153068128767293,NA,1.0147184228338744,NA
9877561,70,b o ɟ ø z,5,-24.218032064305415,NA,-Inf,NA,-19.98603714014059,NA,1.1508993555127225,NA,1.1509159963499356,NA,1.0076706794235104,NA,1.0074835137562206,NA
9877561,22,ɫ a m ø s,5,-16.4448878098927,NA,-21.700506185311,NA,-21.560223247833047,NA,1.3597787878886536,NA,1.359429234768754,NA,1.0166672670594712,NA,1.0160046485573355,NA
9877561,67,m y ɟ ø z,5,-23.67800700689448,NA,-Inf,NA,-19.812441326740707,NA,1.1873897568358545,NA,1.1873432880455872,NA,1.0271132236263087,NA,1.0259044813368154,NA
9877561,22,l y g o v,5,-21.24168388132717,NA,-Inf,NA,-29.53360238566332,NA,1.1177613338707335,NA,1.117835562270347,NA,1.0014227127794817,NA,1.0015589006941277,NA
9877561,24,ɟ i f o ʒ,5,-24.780676297755964,NA,-25.425443803693742,NA,-25.116310217920844,NA,1.1272633513846158,NA,1.1273248298147074,NA,1.0025592701523314,NA,1.0026389458748235,NA
9877561,63,l i l e c,5,-21.536362523929785,NA,-31.083984388924055,NA,-30.331424169322283,NA,1.2119594300984098,NA,1.2118670410071015,NA,1.002450860254562,NA,1.002532859654261,NA
9877561,63,ʃ i ʒ a z,5,-19.04980356239507,NA,-19.97037085869323,NA,-19.99831106394273,NA,1.315532256051761,NA,1.315247063807122,NA,1.0098413554752772,NA,1.009482109892058,NA
9877561,66,b u t͡ʃ ø z,5,-20.64528675679707,NA,-16.726730678422822,NA,-16.76182039023128,NA,1.1627803129926748,NA,1.1627762695685162,NA,1.0077814367587763,NA,1.0075883291945815,NA
9877561,66,b o ʒ ø z,5,-22.86665396829175,NA,-18.017128955938706,NA,-17.902257196862156,NA,1.1512809100750248,NA,1.1512968865447335,NA,1.0076706794235104,NA,1.0074835137562206,NA
9877561,57,n ø t i v,5,-17.944154892120544,NA,-23.2961730088594,NA,-23.250097222909492,NA,1.2347006964889633,NA,1.2345636665208823,NA,1.0201890138444885,NA,1.019285545598672,NA
9877561,92,n ɯ ʒ a j,5,-18.361255868590177,NA,-Inf,NA,-24.42370924182812,NA,1.2862284449438637,NA,1.2859931705589396,NA,1.0083293699708047,NA,1.0080300149841257,NA
9877561,66,ɟ y ɟ i c,5,-28.504374274105167,NA,-34.0614415135249,NA,-32.63139034186276,NA,1.1857372598822993,NA,1.1856897559125137,NA,1.0003805593107542,NA,1.0005751782641632,NA
9877561,69,t i ɾ i n,5,-14.025136929876307,NA,-13.29622096087098,NA,-13.31495014679013,NA,1.4868293162319706,NA,1.4862336716167204,NA,1.0380836476564423,NA,1.036141119098454,NA
9877561,55,k ɯ ɾ y ɾ,5,-15.606638034872336,NA,-13.90445119214018,NA,-13.927432452108098,NA,1.4023519238658844,NA,1.4019095639097712,NA,1.0403132444979513,NA,1.0383564043662596,NA
9877561,63,ɟ e ʒ a ʒ,5,-24.872738132728532,NA,-Inf,NA,-27.982487602910396,NA,1.3654519295070486,NA,1.3650862603539733,NA,1.0018873378066473,NA,1.0019937933222605,NA
9877561,62,l e g u j,5,-19.01681077838631,NA,-26.364507293773418,NA,-25.975664718831844,NA,1.2483428858636896,NA,1.248186398979058,NA,1.0016771227161092,NA,1.0018008835043444,NA
9877561,63,g ɯ ɟ i ʒ,5,-24.50361657158009,NA,-25.49963744384403,NA,-24.94700242135446,NA,1.20317522888439,NA,1.2030973279498365,NA,1.0026110525865772,NA,1.002691091470223,NA
9877561,67,n u t y j,5,-16.96057295686292,NA,-21.57828825775384,NA,-21.566459081067514,NA,1.1975371229986602,NA,1.1974696560083582,NA,1.0083526736746993,NA,1.008122409607921,NA
9877561,33,v ø h u v,5,-21.19584626377422,NA,-Inf,NA,-27.14453973692883,NA,1.12204735674267,NA,1.1221120023890112,NA,1.0019306114959543,NA,1.0020390443325038,NA
9877561,60,n e m o h,5,-16.32924773528244,NA,-20.77206130453725,NA,-20.726772496747454,NA,1.276400178714621,NA,1.2761991218991138,NA,1.016692629955233,NA,1.016027305212858,NA
9877561,24,z ɯ f ø ʒ,5,-23.017882079075772,NA,-Inf,NA,-25.118736995317576,NA,1.0902439638685273,NA,1.090371213824056,NA,1.0024969451408785,NA,1.00258336556017,NA
9877561,61,g ɯ ɟ ø z,5,-24.493762160994564,NA,-Inf,NA,-21.039008141833634,NA,1.1091017507441014,NA,1.109190682492799,NA,1.002741473193033,NA,1.0028133483318893,NA
9877561,60,t͡ʃ ø z i z,5,-19.95205038921768,NA,-16.53019953976399,NA,-16.57507613525408,NA,1.2189898868089024,NA,1.21887829147456,NA,1.012754830804793,NA,1.0122417488420343,NA
9877561,63,k ɯ ɾ u ɾ,5,-15.318955962420556,NA,-13.211802908261404,NA,-13.235619449577031,NA,1.4222960802280702,NA,1.4218174189805863,NA,1.0464229248539447,NA,1.04410490580885,NA
9877561,24,n ɯ ʒ o h,5,-20.43289152093352,NA,-Inf,NA,-27.681960708161636,NA,1.1097661427251175,NA,1.1098539195905015,NA,1.0003249566724437,NA,1.0005257916572736,NA
9877561,59,ɟ ø c y c,5,-29.771612116763333,NA,-Inf,NA,-33.918015159012405,NA,1.0457614416943897,NA,1.0459642311442183,NA,1.000065210303228,NA,1.0002790383147078,NA
9877561,63,c y f e f,5,-21.527813099749014,NA,-Inf,NA,-22.664539480096867,NA,1.2118743211486604,NA,1.2117773135384928,NA,1.0071295794804112,NA,1.0069463406784327,NA
9877561,36,ɟ ø ʒ u ʒ,5,-29.01723460133465,NA,-Inf,NA,-30.01521454529064,NA,1.0652782477051752,NA,1.0654452352440962,NA,1,1,1.0002179098838746,1
9877561,61,m y d͡ʒ ɯ z,5,-18.55322100222074,NA,-14.44026579065542,NA,-14.47667494038302,NA,1.2502923637098795,NA,1.2501324054364051,NA,1.0311610225528094,NA,1.029724802800534,NA
9877561,31,l y g u v,5,-21.054989139720988,NA,-Inf,NA,-29.442333739145383,NA,1.1391300728302185,NA,1.139165406989077,NA,1.0012517628678057,NA,1.0013973759000716,NA
9877561,28,v ø l ø c,5,-25.90689728386676,NA,-Inf,NA,-35.34511196131538,NA,1.053370077665239,NA,1.0535614319623523,NA,1,1,1.0002179098838746,1
9877561,63,m y d͡ʒ i z,5,-17.879199582018565,NA,-14.393898283796569,NA,-14.429259306354858,NA,1.3109225990509248,NA,1.3106522848516828,NA,1.0375068631237063,NA,1.0356959574680136,NA
9877561,59,f i m y z,5,-17.903375865695956,NA,-14.742633621324917,NA,-14.786764221872444,NA,1.201636639433986,NA,1.2015630839111278,NA,1.0120057633303254,NA,1.0115817861902552,NA
9877561,92,d͡ʒ o ʒ ɯ ʒ,5,-24.079143338267087,NA,-Inf,NA,-28.009801950877545,NA,1.137517569937932,NA,1.1375587066288628,NA,1.0007051178379167,NA,1.0008859248512416,NA
9877561,59,b u z i z,5,-17.899568381733303,NA,-15.168587722623604,NA,-15.20544673192982,NA,1.300321658423705,NA,1.3000693778122003,NA,1.018878679977096,NA,1.0180436274771694,NA
9877561,60,z a c i c,5,-21.79076817824873,NA,-Inf,NA,-28.16360280521193,NA,1.396529547044278,NA,1.3961173439888992,NA,1.0049309977725878,NA,1.0048864608834187,NA
9877561,18,z i ʃ u ʒ,5,-20.611196487491956,NA,-21.50834429121576,NA,-21.43777842049785,NA,1.1722474271142185,NA,1.1722290569471934,NA,1.0065648677878622,NA,1.0064344360939144,NA
9877561,79,g u d͡ʒ ɯ z,5,-19.58384312679565,NA,-16.662080926911877,NA,-16.69599102385458,NA,1.1829445655903972,NA,1.1829010801604336,NA,1.004072591118986,NA,1.0040601734200405,NA
9877561,63,t e m y ɾ,5,-15.097011485226544,NA,-13.149158478430715,NA,-13.17506319379305,NA,1.3952910296657324,NA,1.3948618624207878,NA,1.043610721726628,NA,1.0414893151040772,NA
9877561,73,ɫ a c i c,5,-20.85006703745811,NA,-Inf,NA,-28.268360365160696,NA,1.393714475584772,NA,1.393307140789591,NA,1.0031978955195548,NA,1.003244424758624,NA
9877561,65,v i c i t͡ʃ,5,-20.547113263958217,NA,-Inf,NA,-23.1711421973128,NA,1.2268410034005357,NA,1.2267195786230238,NA,1.0039829073988151,NA,1.0039769766982811,NA
9877561,73,v ɯ c e c,5,-23.291319549211504,NA,-Inf,NA,-31.131139803939128,NA,1.1800904532909162,NA,1.1800533352853768,NA,1.0009229002593154,NA,1.0010857623367058,NA
9877561,67,l ø ʒ a v,5,-22.61577681077505,NA,-Inf,NA,-27.92410669629761,NA,1.2294482612194106,NA,1.2293140831342488,NA,1.0055264217757005,NA,1.0053992528390658,NA
9877561,69,m y ʒ u z,5,-20.83024908437445,NA,-18.018790953182332,NA,-17.957196378821674,NA,1.2281724738575563,NA,1.228051804655265,NA,1.028797989001621,NA,1.027484318333768,NA
9877561,78,ɫ a v ø c,5,-20.9587256480507,NA,-Inf,NA,-27.741190815322057,NA,1.3120436196337373,NA,1.311787239641347,NA,1.0128467704178925,NA,1.0123863819849432,NA
9877561,66,m u ɾ u ɾ,5,-15.78366637936518,NA,-13.562188301724916,NA,-13.588096170629813,NA,1.419431610850839,NA,1.418957895106949,NA,1.0416730830399104,NA,1.0396065469972535,NA
9877561,18,f i f ø c,5,-22.934346180129452,NA,-Inf,NA,-24.81560530960652,NA,1.1324703057575094,NA,1.132524760714353,NA,1.00781397621939,NA,1.0076205413173758,NA
9877561,90,z a ʒ a ʒ,5,-20.65156820085194,NA,-20.88415273374731,NA,-21.111799773330873,NA,1.473656473289835,NA,1.4731036094504746,NA,1.005674667143876,NA,1.0055823087757958,NA
9877561,86,t͡ʃ u ɫ a ʒ,5,-19.237587515269706,NA,-18.130207686087324,NA,-18.26240532798674,NA,1.3722130475752563,NA,1.3718347547581715,NA,1.0249011247841782,NA,1.0237533348136263,NA
9877561,37,l y v ø c,5,-24.69819952981217,NA,-Inf,NA,-33.84418076589204,NA,1.1109520851514574,NA,1.1110436100959913,NA,1.0013626948653658,NA,1.0015085655369462,NA
9877561,86,b e v a z,5,-16.49220087297713,NA,-13.608243420111007,NA,-13.653196067821916,NA,1.477372226790212,NA,1.4768067318712417,NA,1.039668977985646,NA,1.0377122037388582,NA
9877561,71,g ɯ ʒ u ɫ,5,-20.705303097683913,NA,-Inf,NA,-21.48584727527315,NA,1.1930536885026797,NA,1.19297852493055,NA,1.0065343732888652,NA,1.006368299524924,NA
9877561,68,l i ɾ a ɫ,5,-15.3609350799713,NA,-19.8361902836386,NA,-19.591438837393905,NA,1.4834033363849624,NA,1.482810949290984,NA,1.052665896370704,NA,1.049897439309165,NA
9877561,66,s ø ɾ e ɾ,5,-16.33314456534291,NA,-14.679954878983413,NA,-14.714425131840436,NA,1.4153867644354674,NA,1.4149143088475702,NA,1.032928769087306,NA,1.0312349764733082,NA
9877561,22,g o ʒ u ʒ,5,-24.442688578324432,NA,-22.033985445786712,NA,-22.016202405684076,NA,1.1437948305814645,NA,1.1438260015087924,NA,1.001138393401175,NA,1.0012964338824402,NA
9877561,89,l i ʒ ɯ h,5,-21.236809961973975,NA,-30.679339934133328,NA,-29.742273739726983,NA,1.158327478084528,NA,1.1583284213199998,NA,1.0005226776773717,NA,1.000711052533111,NA
9877561,72,n y n a j,5,-15.538878453846433,NA,-19.248648600763232,NA,-19.252973283175265,NA,1.375893401023051,NA,1.3755021898241135,NA,1.025399913127838,NA,1.024174835275507,NA
9877561,79,v ɯ ʒ ɯ ʒ,5,-23.69648085276263,NA,-Inf,NA,-31.00943562503508,NA,1.125927847369398,NA,1.1259890347950725,NA,1.0002707972270364,NA,1.000474478028374,NA
9877561,67,t͡ʃ ø z ɯ z,5,-20.62607180941986,NA,-16.976091075060026,NA,-17.019424912474907,NA,1.1583596514678574,NA,1.1583584120592822,NA,1.0080045227428704,NA,1.0077781589190764,NA
9877561,33,ɫ a ʒ ɯ v,5,-19.01413112958105,NA,-25.27309072876929,NA,-24.70218102731933,NA,1.3434818002281597,NA,1.3431627791155516,NA,1.0027190231281846,NA,1.0027934061307997,NA
9877561,60,p ɯ h i c,5,-20.565900791151996,NA,-23.40671397169415,NA,-23.24817306184844,NA,1.2307563842740858,NA,1.2306306880145006,NA,1.0085929357767276,NA,1.008342931175454,NA
9877561,66,t͡ʃ ø t͡ʃ ø z,5,-22.697768764281445,NA,-19.14014982771973,NA,-19.125549383488163,NA,1.0814485413778725,NA,1.0815851832308758,NA,1.0021481577380047,NA,1.0022510865945526,NA
9877561,37,l ø ʒ o h,5,-24.023639891238354,NA,-Inf,NA,-30.04919461281527,NA,1.0611372469041531,NA,1.0613091459550994,NA,1,1,1.0002179098838746,1
9877561,61,h a v e ʒ,5,-19.09461168027044,NA,-16.910155513317502,NA,-17.0401322477831,NA,1.4491259370421068,NA,1.448622803127972,NA,1.0389424664117677,NA,1.0370968958000453,NA
9877561,79,h a ʒ u ʒ,5,-22.22459728237563,NA,-20.574734095421434,NA,-20.57980325185485,NA,1.3552832193968376,NA,1.354948500786981,NA,1.024100953206239,NA,1.0230524747443015,NA
9877561,63,ɫ o t a ɫ,5,-14.65850607845412,NA,-17.671672662841534,NA,-17.682535023707715,NA,1.3973781624522024,NA,1.3969353956490551,NA,1.0300127259382086,NA,1.0284804983759424,NA
9877561,76,z a g u ʒ,5,-20.29947828385247,NA,-22.63081735331332,NA,-22.558066597039417,NA,1.3322117684361712,NA,1.331916871021566,NA,1.0060543305370335,NA,1.005951900443092,NA
9877561,60,g a h a n,5,-15.424795057512029,NA,-12.671136251120728,NA,-12.713594601335702,NA,1.5950046496787846,NA,1.5942160548671798,NA,1.0568362269206326,NA,1.0537746821415517,NA
9877561,61,n ɯ t a j,5,-14.896630988839425,NA,-19.401787788498176,NA,-19.40541509478784,NA,1.354526711595995,NA,1.3541725154278046,NA,1.021234920433465,NA,1.0202283613160217,NA
9877561,20,b y ɟ y ʒ,5,-25.505444268865332,NA,-25.45365748559964,NA,-24.547852043511448,NA,1.1609339687930145,NA,1.1609373105847451,NA,1.0030582028661408,NA,1.0031139432724736,NA
9877561,63,n o t u s,5,-16.47465512035086,NA,-19.735328187133018,NA,-19.743774110963223,NA,1.2269920276179962,NA,1.226868358906597,NA,1.0080817305580838,NA,1.0078462760915818,NA
9877561,65,l e m ø c,5,-22.135268586336817,NA,-Inf,NA,-30.8974573340183,NA,1.2302737214773412,NA,1.230158604762022,NA,1.0104704475845636,NA,1.010134576043257,NA
9877561,23,f a m o ʒ,5,-19.525006628199367,NA,-18.562521006783637,NA,-18.678545352468166,NA,1.3639122810041675,NA,1.3635640039359638,NA,1.0205395864056823,NA,1.0196690224611438,NA
9877561,63,m u ɾ e ɾ,5,-14.696942662362323,NA,-12.765770122828249,NA,-12.78886990036498,NA,1.4829679946903738,NA,1.482378633403974,NA,1.0554645066457835,NA,1.052583586591879,NA
9877561,34,f u ʒ o ʒ,5,-24.318186592419305,NA,-24.076093804584303,NA,-23.89378841031736,NA,1.113926858532862,NA,1.1140116216965557,NA,1.0011715459746369,NA,1.0013258782882402,NA
9877561,31,v ø g a v,5,-20.10445696792307,NA,-Inf,NA,-26.10524817310064,NA,1.247357754390403,NA,1.247192526866456,NA,1.0083186036664065,NA,1.0080374911419787,NA
9877561,61,l e l e c,5,-21.338527197603927,NA,-31.45089604529384,NA,-30.582591541482635,NA,1.2981271077413907,NA,1.2978856396230185,NA,1.0037045395306985,NA,1.0037202628550872,NA
9877561,63,l e l i v,5,-19.259752917338997,NA,-29.576825325610375,NA,-28.93865942698328,NA,1.3165643111836578,NA,1.316286257844561,NA,1.004552273472661,NA,1.0045149324559184,NA
9877561,64,b e v i z,5,-17.164705407397012,NA,-14.3441056545888,NA,-14.386834265478743,NA,1.3998179501932546,NA,1.3993936154387292,NA,1.0313640525417127,NA,1.029874405398718,NA
9877561,63,h a ɟ y ʒ,5,-23.863657450841075,NA,-22.624553381069926,NA,-22.344510460590467,NA,1.3349575084723493,NA,1.334659755521368,NA,1.0247789272681185,NA,1.023693209239092,NA
9877561,68,ɫ o c i c,5,-22.598154704161175,NA,-Inf,NA,-30.38087562282667,NA,1.192024700888065,NA,1.1919663103397642,NA,1.0024386182362308,NA,1.002525096162357,NA
9877561,33,d͡ʒ o ʒ a ʒ,5,-22.732617383645024,NA,-22.660226857866917,NA,-22.815874697194054,NA,1.2757020818759344,NA,1.275491702476653,NA,1.001992869903803,NA,1.002093919802276,NA
9877561,59,b i j u z,5,-17.587656552519828,NA,-14.901222365010376,NA,-14.934988048180376,NA,1.2542839912465815,NA,1.2541176642790226,NA,1.0211939364547036,NA,1.0202725415610168,NA
9877561,77,b e ʒ u z,5,-20.09685568317635,NA,-17.616675465865157,NA,-17.692227901481022,NA,1.2990802527770584,NA,1.298836883201828,NA,1.0147738277840022,NA,1.0141969018237178,NA
9877561,58,n u c i c,5,-22.422357273444163,NA,-Inf,NA,-30.604841117870382,NA,1.2010655284312557,NA,1.2009915028727167,NA,1.0010304726556416,NA,1.0011909418109612,NA
9877561,40,v i ɟ ø ʒ,5,-26.08508432555531,NA,-Inf,NA,-26.573834589061327,NA,1.1072439154231664,NA,1.107341952591128,NA,1.002221233960113,NA,1.002322393863214,NA
9877561,61,b o ʒ o j,5,-21.245057054178083,NA,-20.13244875835492,NA,-20.046431822915014,NA,1.1725304838846882,NA,1.1725072015915694,NA,1.0075402588170546,NA,1.0073612568945542,NA
9877561,33,ɟ e ɟ ø c,5,-29.515236701833903,NA,-Inf,NA,-35.387903759308166,NA,1.1759662589424205,NA,1.1759456395053902,NA,1.0001090155892292,NA,1.0003211623361203,NA
9877561,77,ɟ y ʒ a ʒ,5,-26.24714392218317,NA,-27.701633339060944,NA,-27.35192869335266,NA,1.264390404377066,NA,1.2641995821532814,NA,1.0013967676551154,NA,1.0015291572871547,NA
9877561,63,k o m y ɾ,5,-16.353424337993484,NA,-13.883195970862252,NA,-13.910528361180043,NA,1.3227564267292913,NA,1.3224527779546218,NA,1.0242905957012058,NA,1.0231863397295329,NA
9879902,0,v ø h u v,5,-21.19584626377422,NA,-Inf,NA,-27.14453973692883,NA,1.12204735674267,NA,1.1221120023890112,NA,1.0019306114959543,NA,1.0020390443325038,NA
9879902,90,n ɯ ʒ a j,5,-18.361255868590177,NA,-Inf,NA,-24.42370924182812,NA,1.2862284449438637,NA,1.2859931705589396,NA,1.0083293699708047,NA,1.0080300149841257,NA
9879902,89,v i ɟ ø ʒ,5,-26.08508432555531,NA,-Inf,NA,-26.573834589061327,NA,1.1072439154231664,NA,1.107341952591128,NA,1.002221233960113,NA,1.002322393863214,NA
9879902,7,b o ʒ o j,5,-21.245057054178083,NA,-20.13244875835492,NA,-20.046431822915014,NA,1.1725304838846882,NA,1.1725072015915694,NA,1.0075402588170546,NA,1.0073612568945542,NA
9879902,89,d͡ʒ o ʒ a ʒ,5,-22.732617383645024,NA,-22.660226857866917,NA,-22.815874697194054,NA,1.2757020818759344,NA,1.275491702476653,NA,1.001992869903803,NA,1.002093919802276,NA
9879902,91,g a h a n,5,-15.424795057512029,NA,-12.671136251120728,NA,-12.713594601335702,NA,1.5950046496787846,NA,1.5942160548671798,NA,1.0568362269206326,NA,1.0537746821415517,NA
9879902,5,z ɯ f ø ʒ,5,-23.017882079075772,NA,-Inf,NA,-25.118736995317576,NA,1.0902439638685273,NA,1.090371213824056,NA,1.0024969451408785,NA,1.00258336556017,NA
9879902,15,n ɯ ʒ o h,5,-20.43289152093352,NA,-Inf,NA,-27.681960708161636,NA,1.1097661427251175,NA,1.1098539195905015,NA,1.0003249566724437,NA,1.0005257916572736,NA
9879902,95,z a c i c,5,-21.79076817824873,NA,-Inf,NA,-28.16360280521193,NA,1.396529547044278,NA,1.3961173439888992,NA,1.0049309977725878,NA,1.0048864608834187,NA
9879902,55,ɟ e ɟ ø c,5,-29.515236701833903,NA,-Inf,NA,-35.387903759308166,NA,1.1759662589424205,NA,1.1759456395053902,NA,1.0001090155892292,NA,1.0003211623361203,NA
9879902,69,c y f e f,5,-21.527813099749014,NA,-Inf,NA,-22.664539480096867,NA,1.2118743211486604,NA,1.2117773135384928,NA,1.0071295794804112,NA,1.0069463406784327,NA
9879902,69,l e m ø c,5,-22.135268586336817,NA,-Inf,NA,-30.8974573340183,NA,1.2302737214773412,NA,1.230158604762022,NA,1.0104704475845636,NA,1.010134576043257,NA
9879902,82,m u ɟ ø z,5,-23.390324934442702,NA,-Inf,NA,-20.024930764116053,NA,1.1813238989502393,NA,1.1812879247237875,NA,1.0153068128767293,NA,1.0147184228338744,NA
9879902,7,g ɯ ʒ u ɫ,5,-20.705303097683913,NA,-Inf,NA,-21.48584727527315,NA,1.1930536885026797,NA,1.19297852493055,NA,1.0065343732888652,NA,1.006368299524924,NA
9879902,12,t͡ʃ u ɫ a ʒ,5,-19.237587515269706,NA,-18.130207686087324,NA,-18.26240532798674,NA,1.3722130475752563,NA,1.3718347547581715,NA,1.0249011247841782,NA,1.0237533348136263,NA
9879902,92,k o m y ɾ,5,-16.353424337993484,NA,-13.883195970862252,NA,-13.910528361180043,NA,1.3227564267292913,NA,1.3224527779546218,NA,1.0242905957012058,NA,1.0231863397295329,NA
9879902,91,ɫ a m ø s,5,-16.4448878098927,NA,-21.700506185311,NA,-21.560223247833047,NA,1.3597787878886536,NA,1.359429234768754,NA,1.0166672670594712,NA,1.0160046485573355,NA
9879902,83,ɟ e ʒ a ʒ,5,-24.872738132728532,NA,-Inf,NA,-27.982487602910396,NA,1.3654519295070486,NA,1.3650862603539733,NA,1.0018873378066473,NA,1.0019937933222605,NA
9879902,56,b o ʒ ø z,5,-22.86665396829175,NA,-18.017128955938706,NA,-17.902257196862156,NA,1.1512809100750248,NA,1.1512968865447335,NA,1.0076706794235104,NA,1.0074835137562206,NA
9879902,18,l e g u j,5,-19.01681077838631,NA,-26.364507293773418,NA,-25.975664718831844,NA,1.2483428858636896,NA,1.248186398979058,NA,1.0016771227161092,NA,1.0018008835043444,NA
9879902,17,z a ʒ a ʒ,5,-20.65156820085194,NA,-20.88415273374731,NA,-21.111799773330873,NA,1.473656473289835,NA,1.4731036094504746,NA,1.005674667143876,NA,1.0055823087757958,NA
9879902,4,l y v ø c,5,-24.69819952981217,NA,-Inf,NA,-33.84418076589204,NA,1.1109520851514574,NA,1.1110436100959913,NA,1.0013626948653658,NA,1.0015085655369462,NA
9879902,10,d͡ʒ o ʒ ɯ ʒ,5,-24.079143338267087,NA,-Inf,NA,-28.009801950877545,NA,1.137517569937932,NA,1.1375587066288628,NA,1.0007051178379167,NA,1.0008859248512416,NA
9879902,96,l i ɾ a ɫ,5,-15.3609350799713,NA,-19.8361902836386,NA,-19.591438837393905,NA,1.4834033363849624,NA,1.482810949290984,NA,1.052665896370704,NA,1.049897439309165,NA
9879902,91,l y g u v,5,-21.054989139720988,NA,-Inf,NA,-29.442333739145383,NA,1.1391300728302185,NA,1.139165406989077,NA,1.0012517628678057,NA,1.0013973759000716,NA
9879902,55,b u z i z,5,-17.899568381733303,NA,-15.168587722623604,NA,-15.20544673192982,NA,1.300321658423705,NA,1.3000693778122003,NA,1.018878679977096,NA,1.0180436274771694,NA
9879902,30,ɟ i f o ʒ,5,-24.780676297755964,NA,-25.425443803693742,NA,-25.116310217920844,NA,1.1272633513846158,NA,1.1273248298147074,NA,1.0025592701523314,NA,1.0026389458748235,NA
9879902,21,ʃ i ʒ a z,5,-19.04980356239507,NA,-19.97037085869323,NA,-19.99831106394273,NA,1.315532256051761,NA,1.315247063807122,NA,1.0098413554752772,NA,1.009482109892058,NA
9879902,2,f a m o ʒ,5,-19.525006628199367,NA,-18.562521006783637,NA,-18.678545352468166,NA,1.3639122810041675,NA,1.3635640039359638,NA,1.0205395864056823,NA,1.0196690224611438,NA
9879902,82,l y g o v,5,-21.24168388132717,NA,-Inf,NA,-29.53360238566332,NA,1.1177613338707335,NA,1.117835562270347,NA,1.0014227127794817,NA,1.0015589006941277,NA
9879902,11,l ø ʒ o h,5,-24.023639891238354,NA,-Inf,NA,-30.04919461281527,NA,1.0611372469041531,NA,1.0613091459550994,NA,1,1,1.0002179098838746,1
9879902,68,b e v a z,5,-16.49220087297713,NA,-13.608243420111007,NA,-13.653196067821916,NA,1.477372226790212,NA,1.4768067318712417,NA,1.039668977985646,NA,1.0377122037388582,NA
9879902,91,m y d͡ʒ i z,5,-17.879199582018565,NA,-14.393898283796569,NA,-14.429259306354858,NA,1.3109225990509248,NA,1.3106522848516828,NA,1.0375068631237063,NA,1.0356959574680136,NA
9879902,13,p ɯ h i c,5,-20.565900791151996,NA,-23.40671397169415,NA,-23.24817306184844,NA,1.2307563842740858,NA,1.2306306880145006,NA,1.0085929357767276,NA,1.008342931175454,NA
9879902,85,m u ɾ e ɾ,5,-14.696942662362323,NA,-12.765770122828249,NA,-12.78886990036498,NA,1.4829679946903738,NA,1.482378633403974,NA,1.0554645066457835,NA,1.052583586591879,NA
9879902,18,b o ɟ ø z,5,-24.218032064305415,NA,-Inf,NA,-19.98603714014059,NA,1.1508993555127225,NA,1.1509159963499356,NA,1.0076706794235104,NA,1.0074835137562206,NA
9879902,93,k ɯ ɾ u ɾ,5,-15.318955962420556,NA,-13.211802908261404,NA,-13.235619449577031,NA,1.4222960802280702,NA,1.4218174189805863,NA,1.0464229248539447,NA,1.04410490580885,NA
9879902,96,b e v i z,5,-17.164705407397012,NA,-14.3441056545888,NA,-14.386834265478743,NA,1.3998179501932546,NA,1.3993936154387292,NA,1.0313640525417127,NA,1.029874405398718,NA
9879902,8,v ø l ø c,5,-25.90689728386676,NA,-Inf,NA,-35.34511196131538,NA,1.053370077665239,NA,1.0535614319623523,NA,1,1,1.0002179098838746,1
9879902,20,g ɯ ɟ i ʒ,5,-24.50361657158009,NA,-25.49963744384403,NA,-24.94700242135446,NA,1.20317522888439,NA,1.2030973279498365,NA,1.0026110525865772,NA,1.002691091470223,NA
9879902,81,k ɯ ɾ y ɾ,5,-15.606638034872336,NA,-13.90445119214018,NA,-13.927432452108098,NA,1.4023519238658844,NA,1.4019095639097712,NA,1.0403132444979513,NA,1.0383564043662596,NA
9879902,100,s ø ɾ e ɾ,5,-16.33314456534291,NA,-14.679954878983413,NA,-14.714425131840436,NA,1.4153867644354674,NA,1.4149143088475702,NA,1.032928769087306,NA,1.0312349764733082,NA
9879902,91,b u t͡ʃ ø z,5,-20.64528675679707,NA,-16.726730678422822,NA,-16.76182039023128,NA,1.1627803129926748,NA,1.1627762695685162,NA,1.0077814367587763,NA,1.0075883291945815,NA
9879902,17,h a ʒ u ʒ,5,-22.22459728237563,NA,-20.574734095421434,NA,-20.57980325185485,NA,1.3552832193968376,NA,1.354948500786981,NA,1.024100953206239,NA,1.0230524747443015,NA
9879902,76,n u c i c,5,-22.422357273444163,NA,-Inf,NA,-30.604841117870382,NA,1.2010655284312557,NA,1.2009915028727167,NA,1.0010304726556416,NA,1.0011909418109612,NA
9879902,87,k o ɾ e n,5,-14.885879129991546,NA,-12.897900518277458,NA,-12.921968836319405,NA,1.4935674111675834,NA,1.492960755870561,NA,1.051458107409831,NA,1.0487970966537057,NA
9879902,27,ɟ ø ʒ u ʒ,5,-29.01723460133465,NA,-Inf,NA,-30.01521454529064,NA,1.0652782477051752,NA,1.0654452352440962,NA,1,1,1.0002179098838746,1
9879902,95,t͡ʃ ø t͡ʃ ø z,5,-22.697768764281445,NA,-19.14014982771973,NA,-19.125549383488163,NA,1.0814485413778725,NA,1.0815851832308758,NA,1.0021481577380047,NA,1.0022510865945526,NA
9879902,27,t͡ʃ ø z ɯ z,5,-20.62607180941986,NA,-16.976091075060026,NA,-17.019424912474907,NA,1.1583596514678574,NA,1.1583584120592822,NA,1.0080045227428704,NA,1.0077781589190764,NA
9879902,79,ɫ a ʒ ɯ v,5,-19.01413112958105,NA,-25.27309072876929,NA,-24.70218102731933,NA,1.3434818002281597,NA,1.3431627791155516,NA,1.0027190231281846,NA,1.0027934061307997,NA
9879902,80,ɫ a v ø c,5,-20.9587256480507,NA,-Inf,NA,-27.741190815322057,NA,1.3120436196337373,NA,1.311787239641347,NA,1.0128467704178925,NA,1.0123863819849432,NA
9879902,72,ɫ o c i v,5,-20.32154509757039,NA,-Inf,NA,-28.655330256748375,NA,1.203566924559405,NA,1.203484498665397,NA,1.003612403694333,NA,1.0036254079173543,NA
9879902,26,n u ʒ u v,5,-20.80128833604193,NA,-25.0331577171281,NA,-24.8916465105402,NA,1.1410317248052262,NA,1.1410638524210197,NA,1.0012699088513268,NA,1.001416451124873,NA
9879902,31,m y ʒ u z,5,-20.83024908437445,NA,-18.018790953182332,NA,-17.957196378821674,NA,1.2281724738575563,NA,1.228051804655265,NA,1.028797989001621,NA,1.027484318333768,NA
9879902,24,f i f ø c,5,-22.934346180129452,NA,-Inf,NA,-24.81560530960652,NA,1.1324703057575094,NA,1.132524760714353,NA,1.00781397621939,NA,1.0076205413173758,NA
9879902,23,l ø ʒ a v,5,-22.61577681077505,NA,-Inf,NA,-27.92410669629761,NA,1.2294482612194106,NA,1.2293140831342488,NA,1.0055264217757005,NA,1.0053992528390658,NA
9879902,26,ɟ y ɟ i c,5,-28.504374274105167,NA,-34.0614415135249,NA,-32.63139034186276,NA,1.1857372598822993,NA,1.1856897559125137,NA,1.0003805593107542,NA,1.0005751782641632,NA
9879902,95,ɫ a c i c,5,-20.85006703745811,NA,-Inf,NA,-28.268360365160696,NA,1.393714475584772,NA,1.393307140789591,NA,1.0031978955195548,NA,1.003244424758624,NA
9879902,85,g u d͡ʒ ɯ z,5,-19.58384312679565,NA,-16.662080926911877,NA,-16.69599102385458,NA,1.1829445655903972,NA,1.1829010801604336,NA,1.004072591118986,NA,1.0040601734200405,NA
9879902,22,v ɯ ʒ ɯ ʒ,5,-23.69648085276263,NA,-Inf,NA,-31.00943562503508,NA,1.125927847369398,NA,1.1259890347950725,NA,1.0002707972270364,NA,1.000474478028374,NA
9879902,12,f u ʒ o ʒ,5,-24.318186592419305,NA,-24.076093804584303,NA,-23.89378841031736,NA,1.113926858532862,NA,1.1140116216965557,NA,1.0011715459746369,NA,1.0013258782882402,NA
9879902,22,ɟ y ʒ a ʒ,5,-26.24714392218317,NA,-27.701633339060944,NA,-27.35192869335266,NA,1.264390404377066,NA,1.2641995821532814,NA,1.0013967676551154,NA,1.0015291572871547,NA
9879902,24,ɫ o t a ɫ,5,-14.65850607845412,NA,-17.671672662841534,NA,-17.682535023707715,NA,1.3973781624522024,NA,1.3969353956490551,NA,1.0300127259382086,NA,1.0284804983759424,NA
9879902,21,n e m o h,5,-16.32924773528244,NA,-20.77206130453725,NA,-20.726772496747454,NA,1.276400178714621,NA,1.2761991218991138,NA,1.016692629955233,NA,1.016027305212858,NA
9879902,2,v ɯ c e c,5,-23.291319549211504,NA,-Inf,NA,-31.131139803939128,NA,1.1800904532909162,NA,1.1800533352853768,NA,1.0009229002593154,NA,1.0010857623367058,NA
9879902,0,l i ʒ ɯ h,5,-21.236809961973975,NA,-30.679339934133328,NA,-29.742273739726983,NA,1.158327478084528,NA,1.1583284213199998,NA,1.0005226776773717,NA,1.000711052533111,NA
9879902,74,n u ʒ a v,5,-19.23989541094505,NA,-24.070092646118187,NA,-23.96757799454814,NA,1.2890173650126455,NA,1.2887801370464675,NA,1.0063398585044316,NA,1.0061698950642324,NA
9879902,77,b y ɟ y ʒ,5,-25.505444268865332,NA,-25.45365748559964,NA,-24.547852043511448,NA,1.1609339687930145,NA,1.1609373105847451,NA,1.0030582028661408,NA,1.0031139432724736,NA
9879902,92,ɟ ø c y c,5,-29.771612116763333,NA,-Inf,NA,-33.918015159012405,NA,1.0457614416943897,NA,1.0459642311442183,NA,1.000065210303228,NA,1.0002790383147078,NA
9879902,100,t i ɾ i n,5,-14.025136929876307,NA,-13.29622096087098,NA,-13.31495014679013,NA,1.4868293162319706,NA,1.4862336716167204,NA,1.0380836476564423,NA,1.036141119098454,NA
9879902,75,t͡ʃ ø z i z,5,-19.95205038921768,NA,-16.53019953976399,NA,-16.57507613525408,NA,1.2189898868089024,NA,1.21887829147456,NA,1.012754830804793,NA,1.0122417488420343,NA
9879902,14,h a v e ʒ,5,-19.09461168027044,NA,-16.910155513317502,NA,-17.0401322477831,NA,1.4491259370421068,NA,1.448622803127972,NA,1.0389424664117677,NA,1.0370968958000453,NA
9879902,33,l e l i v,5,-19.259752917338997,NA,-29.576825325610375,NA,-28.93865942698328,NA,1.3165643111836578,NA,1.316286257844561,NA,1.004552273472661,NA,1.0045149324559184,NA
9879902,88,m u ɾ u ɾ,5,-15.78366637936518,NA,-13.562188301724916,NA,-13.588096170629813,NA,1.419431610850839,NA,1.418957895106949,NA,1.0416730830399104,NA,1.0396065469972535,NA
9879902,82,v i c i t͡ʃ,5,-20.547113263958217,NA,-Inf,NA,-23.1711421973128,NA,1.2268410034005357,NA,1.2267195786230238,NA,1.0039829073988151,NA,1.0039769766982811,NA
9879902,24,n o t u s,5,-16.47465512035086,NA,-19.735328187133018,NA,-19.743774110963223,NA,1.2269920276179962,NA,1.226868358906597,NA,1.0080817305580838,NA,1.0078462760915818,NA
9879902,30,ɫ o c i c,5,-22.598154704161175,NA,-Inf,NA,-30.38087562282667,NA,1.192024700888065,NA,1.1919663103397642,NA,1.0024386182362308,NA,1.002525096162357,NA
9879902,97,t e m y ɾ,5,-15.097011485226544,NA,-13.149158478430715,NA,-13.17506319379305,NA,1.3952910296657324,NA,1.3948618624207878,NA,1.043610721726628,NA,1.0414893151040772,NA
9879902,97,l i l e c,5,-21.536362523929785,NA,-31.083984388924055,NA,-30.331424169322283,NA,1.2119594300984098,NA,1.2118670410071015,NA,1.002450860254562,NA,1.002532859654261,NA
9879902,86,b e d͡ʒ ɯ z,5,-17.81982760102264,NA,-14.454949896520516,NA,-14.498099044664276,NA,1.3212001426293818,NA,1.3209174839829685,NA,1.018554063995171,NA,1.0177796681696785,NA
9879902,13,n u t y j,5,-16.96057295686292,NA,-21.57828825775384,NA,-21.566459081067514,NA,1.1975371229986602,NA,1.1974696560083582,NA,1.0083526736746993,NA,1.008122409607921,NA
9879902,10,g o ʒ u ʒ,5,-24.442688578324432,NA,-22.033985445786712,NA,-22.016202405684076,NA,1.1437948305814645,NA,1.1438260015087924,NA,1.001138393401175,NA,1.0012964338824402,NA
9879902,89,m y d͡ʒ ɯ z,5,-18.55322100222074,NA,-14.44026579065542,NA,-14.47667494038302,NA,1.2502923637098795,NA,1.2501324054364051,NA,1.0311610225528094,NA,1.029724802800534,NA
9879902,92,n y n a j,5,-15.538878453846433,NA,-19.248648600763232,NA,-19.252973283175265,NA,1.375893401023051,NA,1.3755021898241135,NA,1.025399913127838,NA,1.024174835275507,NA
9879902,95,l e l e c,5,-21.338527197603927,NA,-31.45089604529384,NA,-30.582591541482635,NA,1.2981271077413907,NA,1.2978856396230185,NA,1.0037045395306985,NA,1.0037202628550872,NA
9879902,84,n ɯ t a j,5,-14.896630988839425,NA,-19.401787788498176,NA,-19.40541509478784,NA,1.354526711595995,NA,1.3541725154278046,NA,1.021234920433465,NA,1.0202283613160217,NA
9879902,17,b e ʒ u z,5,-20.09685568317635,NA,-17.616675465865157,NA,-17.692227901481022,NA,1.2990802527770584,NA,1.298836883201828,NA,1.0147738277840022,NA,1.0141969018237178,NA
9879902,24,z i ʃ u ʒ,5,-20.611196487491956,NA,-21.50834429121576,NA,-21.43777842049785,NA,1.1722474271142185,NA,1.1722290569471934,NA,1.0065648677878622,NA,1.0064344360939144,NA
9879902,81,f i m y z,5,-17.903375865695956,NA,-14.742633621324917,NA,-14.786764221872444,NA,1.201636639433986,NA,1.2015630839111278,NA,1.0120057633303254,NA,1.0115817861902552,NA
9879902,71,h a ɟ y ʒ,5,-23.863657450841075,NA,-22.624553381069926,NA,-22.344510460590467,NA,1.3349575084723493,NA,1.334659755521368,NA,1.0247789272681185,NA,1.023693209239092,NA
9879902,62,g ɯ ɟ ø z,5,-24.493762160994564,NA,-Inf,NA,-21.039008141833634,NA,1.1091017507441014,NA,1.109190682492799,NA,1.002741473193033,NA,1.0028133483318893,NA
9879902,17,z a g u ʒ,5,-20.29947828385247,NA,-22.63081735331332,NA,-22.558066597039417,NA,1.3322117684361712,NA,1.331916871021566,NA,1.0060543305370335,NA,1.005951900443092,NA
9879902,19,b i j u z,5,-17.587656552519828,NA,-14.901222365010376,NA,-14.934988048180376,NA,1.2542839912465815,NA,1.2541176642790226,NA,1.0211939364547036,NA,1.0202725415610168,NA
9879902,69,m y ɟ ø z,5,-23.67800700689448,NA,-Inf,NA,-19.812441326740707,NA,1.1873897568358545,NA,1.1873432880455872,NA,1.0271132236263087,NA,1.0259044813368154,NA
9879902,25,v ø g a v,5,-20.10445696792307,NA,-Inf,NA,-26.10524817310064,NA,1.247357754390403,NA,1.247192526866456,NA,1.0083186036664065,NA,1.0080374911419787,NA
9879902,100,n ø t i v,5,-17.944154892120544,NA,-23.2961730088594,NA,-23.250097222909492,NA,1.2347006964889633,NA,1.2345636665208823,NA,1.0201890138444885,NA,1.019285545598672,NA
9871903,1,h e ʒ o ʃ,5,-20.611692059199083,NA,-21.352021945146213,NA,-21.261716898107,NA,1.2591859769516531,NA,1.2590125489549313,NA,1.0061370897175157,NA,1.006025124082477,NA
9871903,61,t i k o n,5,-15.196101206729836,NA,-13.240996547523356,NA,-13.26604749315664,NA,1.31822773105001,NA,1.3179329037806882,NA,1.0146171328879905,NA,1.0140073512575454,NA
9871903,14,b e ɟ i ʒ,5,-22.954468016281908,NA,-24.634615074769357,NA,-24.189436304001077,NA,1.352371013895645,NA,1.3520350120491875,NA,1.0125225794453168,NA,1.012081798156116,NA
9871903,7,f u c i c,5,-23.709298903113027,NA,-Inf,NA,-29.70602713063263,NA,1.206154311454209,NA,1.2060714855791586,NA,1.0011929509918631,NA,1.0013448826976608,NA
9871903,68,g ɯ ɾ a ʒ,5,-18.902722310983343,NA,-16.198481439042656,NA,-16.34403605221776,NA,1.419942412927112,NA,1.419480952598695,NA,1.0501716213082088,NA,1.0476633593333955,NA
9871903,36,ɫ o h o h,5,-18.44006945078326,NA,-24.54133724676997,NA,-24.433813499665337,NA,1.140881701067639,NA,1.140915313678908,NA,1.0026601201755148,NA,1.0027379316413156,NA
9871903,51,b a d͡ʒ ɯ z,5,-17.34515839292861,NA,-14.26280182945655,NA,-14.306332778850988,NA,1.4154917370834543,NA,1.4150459441905807,NA,1.0246087747061503,NA,1.023516791495323,NA
9871903,12,b u ʒ a ʒ,5,-22.017309102851215,NA,-20.97270040380033,NA,-21.003650352513297,NA,1.323179462039307,NA,1.3228869771540068,NA,1.0084920033526763,NA,1.0082515552702562,NA
9871903,65,b u m e l,5,-17.814766387475487,NA,-15.347656861812922,NA,-15.39559611789573,NA,1.295187097363635,NA,1.2949473270829202,NA,1.01977328294233,NA,1.0189224624213549,NA
9871903,60,d͡ʒ o c e c,5,-23.67398203471596,NA,-Inf,NA,-30.529401402579964,NA,1.1916801758594504,NA,1.1916230071191674,NA,1.0012482052809664,NA,1.0013939567073278,NA
9871903,6,g o ɟ ø ʒ,5,-27.290446500844467,NA,-Inf,NA,-25.568532573095965,NA,1.1030121135597626,NA,1.1031174848991148,NA,1.001138393401175,NA,1.0012964338824402,NA
9871903,60,t͡ʃ ø z e z,5,-19.754215062891827,NA,-16.895697183378992,NA,-16.939241023440918,NA,1.2120949070379754,NA,1.2119958615786497,NA,1.009437938030965,NA,1.0091286519340401,NA
9871903,58,z a ɟ ø c,5,-25.29406676995731,NA,-Inf,NA,-27.908409897602446,NA,1.2841708027252068,NA,1.2839629886018915,NA,1.0048774852295213,NA,1.004838949859867,NA
9871903,56,ɟ y s y f,5,-22.96626912908152,NA,-23.65293144228456,NA,-23.26150177793404,NA,1.162474537561398,NA,1.1624701118447611,NA,1.007526105518591,NA,1.0073429378505647,NA
9871903,30,g ɯ k o p,5,-18.396509345599615,NA,-15.155469592030345,NA,-15.199246251117556,NA,1.1896978651358043,NA,1.189645248846842,NA,1.0101186670128863,NA,1.0097904273217253,NA
9871903,60,ɟ ø ɟ ø t͡ʃ,5,-29.830320053966172,NA,-Inf,NA,-28.770426831168702,NA,1.0317338743417712,NA,1.0319599892793068,NA,1.0000545077946146,NA,1.0002695361099974,NA
9871903,39,z a ɟ e c,5,-22.710963226448087,NA,-Inf,NA,-26.8402764213242,NA,1.3881083490241413,NA,1.3877113533137964,NA,1.0055295882618005,NA,1.005450234168199,NA
9871903,15,h a ʒ a ʒ,5,-20.66320435727874,NA,-18.991359167803843,NA,-19.22316769797684,NA,1.503268859604257,NA,1.502664785412429,NA,1.0253887052721251,NA,1.024260469695336,NA
9871903,51,k a ɾ e t,5,-12.998093041208076,NA,-11.97346206217353,NA,-11.990829041411471,NA,1.6697599573021775,NA,1.6688574527874926,NA,1.110223784834866,NA,1.1044830661891687,NA
9871903,42,ɟ e ɟ y c,5,-28.30653894777932,NA,-Inf,NA,-33.570427837482214,NA,1.196423265039634,NA,1.1963654108494548,NA,1.000231209196349,NA,1.000436132364972,NA
9871903,7,v ɯ m o ʒ,5,-20.866255525720582,NA,-21.52786979559882,NA,-21.609613266696552,NA,1.1433244251421313,NA,1.1433577818079883,NA,1.0025302512137306,NA,1.002610125753439,NA
9871903,56,ɟ i ɟ e c,5,-27.129968484650533,NA,-Inf,NA,-33.71720502403168,NA,1.193736127598374,NA,1.1936754056013783,NA,1.0007611186215082,NA,1.0009324466444522,NA
9871903,16,h a ʒ o ʒ,5,-22.411292023981808,NA,-19.98257424570709,NA,-20.012146466153983,NA,1.3339144804373528,NA,1.3336186560682508,NA,1.0242965841159228,NA,1.023235860036801,NA
9871903,52,ɟ e ɟ e c,5,-26.93213315832468,NA,-Inf,NA,-34.31977028302991,NA,1.279903805241355,NA,1.279694004217295,NA,1.0007611186215082,NA,1.0009324466444522,NA
9871903,15,d͡ʒ o h ɯ ʒ,5,-21.695656866924992,NA,-Inf,NA,-27.095777081000016,NA,1.1667337478513735,NA,1.1667240129734051,NA,1.001314605615787,NA,1.0014626748261763,NA
9871903,18,g ɯ ɟ y ʒ,5,-25.680187034708876,NA,-24.79307060996098,NA,-24.185039595714763,NA,1.112799708911742,NA,1.112886304686086,NA,1.002733246193697,NA,1.0028060614990746,NA
9871903,65,n y n y j,5,-17.387953451395102,NA,-22.84121056217028,NA,-22.81293712937672,NA,1.207963604453446,NA,1.2078780501278503,NA,1.0079609523814197,NA,1.0077547671760057,NA
9871903,64,n ø n y j,5,-18.59665120544969,NA,-23.859590348601593,NA,-23.813870098081395,NA,1.1568370879889744,NA,1.1568399878441131,NA,1.0032243478372642,NA,1.0032682870588847,NA
9871903,39,b o ʒ i n,5,-19.551581921206928,NA,-15.34865531235195,NA,-15.46250667001904,NA,1.3176726144950657,NA,1.3173711639403407,NA,1.0201904519518092,NA,1.019223006244508,NA
9871903,51,l e k a ɾ,5,-15.017293036612118,NA,-19.407834498130676,NA,-19.044786274829686,NA,1.5080939526744883,NA,1.5074543029063974,NA,1.045194852222235,NA,1.0427811490211962,NA
9871903,45,c i t͡ʃ e f,5,-20.35455499473321,NA,-Inf,NA,-23.19101449988911,NA,1.2206632956388237,NA,1.2205511500064978,NA,1.0041193198207332,NA,1.0040987094266125,NA
9871903,51,m e ɾ u ɾ,5,-14.696942662362323,NA,-13.023558297137315,NA,-13.045322398545368,NA,1.5265589938664366,NA,1.5258999366294403,NA,1.061050686684545,NA,1.0579611009135987,NA
9871903,28,g o ɟ y ʒ,5,-26.081748746789877,NA,-24.756749204677632,NA,-24.261882275036,NA,1.1234691196569762,NA,1.1235372562431791,NA,1.0013257973115228,NA,1.001472532342125,NA
9871903,25,m e ɾ ɯ ɾ,5,-14.482075691887497,NA,-12.618518906214195,NA,-12.639743620026252,NA,1.5363601221358536,NA,1.535683225407098,NA,1.0643340657695692,NA,1.061047884258652,NA
9871903,52,k o k u ɾ,5,-15.81589881907191,NA,-14.164787591245988,NA,-14.189177293546392,NA,1.3561640083612907,NA,1.3558006156133138,NA,1.0309577781402457,NA,1.029465068337247,NA
9871903,52,k a k o n,5,-14.50659106646786,NA,-12.17321902001452,NA,-12.197940719744937,NA,1.533550580453257,NA,1.532883248380266,NA,1.0716980709170678,NA,1.0680836932215294,NA
9871903,25,l y g u j,5,-20.39121656784095,NA,-Inf,NA,-28.45058894678722,NA,1.147281360733707,NA,1.147299720778366,NA,1.0011865525645776,NA,1.0013362474692384,NA
9871903,13,t͡ʃ o ɫ a ʒ,5,-19.424282256875884,NA,-18.005456232553836,NA,-18.13605719361724,NA,1.37194225034822,NA,1.3715644260384483,NA,1.027293545810697,NA,1.0260195746102412,NA
9871903,13,d ø z i ʒ,5,-21.70542391051496,NA,-19.545489240999224,NA,-19.60431392431074,NA,1.2249679545138032,NA,1.2248519373951183,NA,1.009262247629164,NA,1.008979216459775,NA
9871903,3,n ɯ d͡ʒ ɯ ʒ,5,-20.35265516851573,NA,-Inf,NA,-23.177728006252813,NA,1.141386496349446,NA,1.1414208042131675,NA,1.0016727518916322,NA,1.0018002670345545,NA
9871903,52,l y l e c,5,-22.712932987058565,NA,-Inf,NA,-32.3160745795191,NA,1.197065582611408,NA,1.1969989614223264,NA,1.0011971809784252,NA,1.0013454564534352,NA
9871903,18,ɟ y ʒ o ʒ,5,-27.99523158888624,NA,-28.69284841696419,NA,-28.14090746152981,NA,1.095036025210162,NA,1.095153452809103,NA,1.000304646498913,NA,1.0005045476286198,NA
9871903,51,ɫ a c i v,5,-18.573457430867325,NA,-Inf,NA,-26.542814999082395,NA,1.405256699256112,NA,1.4048253291152235,NA,1.004371680977657,NA,1.004344736513621,NA
9871903,29,n ɯ c e h,5,-19.392820783812937,NA,-Inf,NA,-28.037484047969727,NA,1.1958159292110446,NA,1.1957471731906515,NA,1.001629162737002,NA,1.0017483602739372,NA
9871903,40,f y c ø v,5,-24.105639586157395,NA,-Inf,NA,-24.665973193548194,NA,1.1129298669413028,NA,1.1130142426187757,NA,1.0013678237866614,NA,1.0015130661860885,NA
9871903,9,d͡ʒ o ʒ o h,5,-22.097218579005993,NA,-25.099219589381008,NA,-24.904916978881896,NA,1.11821597789651,NA,1.118289134009679,NA,1.0007051178379167,NA,1.0008859248512416,NA
9871903,35,n ɯ t u j,5,-16.458023913936312,NA,-21.523380072352197,NA,-21.520724492736264,NA,1.2065410713885756,NA,1.2064562308023568,NA,1.0047893568512176,NA,1.0047454608812807,NA
9871903,57,t i k ɯ ɾ,5,-14.54245432215599,NA,-13.212451852990958,NA,-13.233651743758994,NA,1.352332061924168,NA,1.3519743902412205,NA,1.0240330562526363,NA,1.0228729978485829,NA
9871903,64,k ɯ ɾ ɯ ɾ,5,-15.10408899194573,NA,-12.806763517338286,NA,-12.830040671057915,NA,1.4320972084974872,NA,1.431600707758244,NA,1.049706303938969,NA,1.0471916891539033,NA
9871903,27,h ø ʒ ɯ ʃ,5,-22.793233890627302,NA,-Inf,NA,-24.383373092781312,NA,1.1381678025861008,NA,1.13820094196689,NA,1.006410521744585,NA,1.0062326049478594,NA
9871903,45,z a c y c,5,-22.967338641377513,NA,-Inf,NA,-27.738112216193443,NA,1.30615402707163,NA,1.305906320725149,NA,1.004670156559676,NA,1.004641947160086,NA
9871903,41,t͡ʃ y f i c,5,-21.728960784187848,NA,-22.716786973512093,NA,-22.5853234924357,NA,1.2320360956439638,NA,1.2319083144749632,NA,1.006182387818063,NA,1.006063337860201,NA
9871903,22,ɫ o m ɯ t,5,-16.10906876251265,NA,-20.463295386477544,NA,-20.459024896790748,NA,1.226354557914894,NA,1.2262249588685283,NA,1.0089687051569078,NA,1.008691414558396,NA
9871903,6,b u ɟ ø ʒ,5,-26.42645995046814,NA,-Inf,NA,-24.718693605330763,NA,1.1344111048101857,NA,1.134462175918881,NA,1.0071497434921757,NA,1.006991934093099,NA
9871903,0,h a ʒ y z,5,-20.11715672705851,NA,-17.4716328950729,NA,-17.489616749544957,NA,1.3520981109642247,NA,1.3517647948669438,NA,1.0246878459352902,NA,1.0236026306218002,NA
9871903,22,n ɯ t i v,5,-16.232908095139347,NA,-21.96802980566556,NA,-21.957749241597252,NA,1.268821147095549,NA,1.2686250852060037,NA,1.0211694574491372,NA,1.0202141924744377,NA
9871903,14,b i h a ʒ,5,-18.744934240832112,NA,-16.24298849238163,NA,-16.385096205880032,NA,1.3733553453253655,NA,1.372975726405124,NA,1.0233784812990958,NA,1.0223335961608893,NA
9871903,9,n u c y j,5,-20.658545558102126,NA,-Inf,NA,-27.875256524586018,NA,1.1303835200334362,NA,1.1304329817238876,NA,1.0009000520491858,NA,1.001068684949295,NA
9871903,9,l y g ɯ h,5,-20.4998975830064,NA,-Inf,NA,-29.036115755256105,NA,1.149974565951282,NA,1.149989887931764,NA,1.00059203852765,NA,1.0007759709906086,NA
9871903,39,m a f ɯ ʒ,5,-19.123444916118363,NA,-Inf,NA,-20.272463690019514,NA,1.433901152468908,NA,1.4334293801112787,NA,1.028327685373242,NA,1.0270542242358425,NA
9871903,38,ɫ o c y c,5,-23.77472516728996,NA,-Inf,NA,-29.95538503380819,NA,1.101649180915417,NA,1.1017552870760137,NA,1.0021777770233191,NA,1.0022805824390244,NA
9871903,39,b i ʒ i ʃ,5,-19.526656073717337,NA,-17.97370132018528,NA,-18.017836365125127,NA,1.2861479817833397,NA,1.285919656722362,NA,1.0177954456980225,NA,1.017025230789646,NA
9871903,40,l i v ø c,5,-23.521629066683385,NA,-Inf,NA,-33.078770632151944,NA,1.1258459326384591,NA,1.1259116896807664,NA,1.0021258039899703,NA,1.0022313327026664,NA
9871903,68,k u k o n,5,-16.067983991564752,NA,-13.63563902211114,NA,-13.66252219216208,NA,1.3321316029835863,NA,1.331812746650162,NA,1.022135193672589,NA,1.0211308803551549,NA
9871903,72,k u ɾ ɯ ɾ,5,-15.318955962420556,NA,-13.370493909747877,NA,-13.394216805421626,NA,1.4430374164697577,NA,1.4425219880350606,NA,1.0417068954004978,NA,1.0396145126083167,NA
9871903,58,v ø l y c,5,-24.69819952981217,NA,-Inf,NA,-34.22078322004938,NA,1.0738270837624526,NA,1.0739812033064169,NA,1.000065210303228,NA,1.0002790383147078,NA
9871903,73,b u p o n,5,-18.090788535226785,NA,-14.871571711459897,NA,-14.898543975468526,NA,1.2534517142540844,NA,1.2532693351189497,NA,1.0146087672669268,NA,1.014002641902062,NA
9871903,70,l e l y c,5,-22.712932987058565,NA,-Inf,NA,-31.625008565162982,NA,1.2146465675396698,NA,1.214557046255178,NA,1.0031176468016472,NA,1.0031701069775885,NA
9871903,53,n u n u ɫ,5,-16.1837999949144,NA,-19.621241364005783,NA,-19.623919938160853,NA,1.262793973357144,NA,1.262597334354253,NA,1.0096134601254851,NA,1.0092804006803462,NA
9871903,58,m y ɾ o n,5,-16.510128365915982,NA,-13.311535765675442,NA,-13.341581660625684,NA,1.4011942661317132,NA,1.400755060745874,NA,1.0445744785123534,NA,1.0423874508376312,NA
9871903,40,l e l e h,5,-18.72169300477338,NA,-28.452981385838587,NA,-27.71152573039103,NA,1.3107126962643774,NA,1.31044502011368,NA,1.0043566425629775,NA,1.0043315471634189,NA
9871903,24,g u g ɯ ʒ,5,-22.12764402414707,NA,-Inf,NA,-23.62799403133488,NA,1.1604076914316734,NA,1.1604091652027129,NA,1.002296865096124,NA,1.0023929390707258,NA
9871903,56,b i j o p,5,-17.819792145237756,NA,-14.411741791563118,NA,-14.44982851725279,NA,1.2320675183451335,NA,1.231941850926206,NA,1.019116645133666,NA,1.018318051070536,NA
9871903,17,n ø m ɯ j,5,-18.18724158107039,NA,-23.99488997807466,NA,-23.947971790620024,NA,1.1624899274009108,NA,1.1624806365353328,NA,1.0028689545306988,NA,1.002926864143793,NA
9871903,48,l y g a s,5,-18.444893137077603,NA,-Inf,NA,-26.067538150583637,NA,1.3050485464253128,NA,1.3047771819509606,NA,1.0127422017772911,NA,1.0121847222339244,NA
9871903,47,ɟ y f e ʒ,5,-24.68382830227571,NA,-25.22823350958293,NA,-24.924911824073703,NA,1.197274626696634,NA,1.197207333245688,NA,1.005629742506169,NA,1.0055403867692694,NA
9871903,48,v ø l e j,5,-20.38341156188671,NA,-Inf,NA,-29.973439994045172,NA,1.1770011355390022,NA,1.1769622987891786,NA,1.0039778284969023,NA,1.0039467441646983,NA
9871903,56,k ɯ ɾ ø ɾ,5,-16.815335788926927,NA,-15.47207327845282,NA,-15.47290521159459,NA,1.3818949177686708,NA,1.3814897925657066,NA,1.0336014287971542,NA,1.032037505843908,NA
9871903,0,h i ʒ u ʒ,5,-22.897101816795516,NA,-22.812369904220137,NA,-22.719046165604528,NA,1.174823947299784,NA,1.1748014419634516,NA,1.005038918518121,NA,1.0049919529548976,NA
9871903,0,f i b ɯ ʒ,5,-20.436961838794783,NA,-Inf,NA,-22.999633738347892,NA,1.1898218295863592,NA,1.1897722159469446,NA,1.0083986623139738,NA,1.0081722495289367,NA
9871903,46,n i v y j,5,-17.493047560834334,NA,-22.47616192556484,NA,-22.44275508862507,NA,1.18050489552488,NA,1.1804673180900334,NA,1.0055738254825757,NA,1.0054960636982748,NA
9871903,43,l i l y j,5,-19.970386134913596,NA,-Inf,NA,-29.06974718873675,NA,1.1481724014715176,NA,1.148190949754183,NA,1.0019943881319666,NA,1.002104960638429,NA
9871903,57,g ɯ ɟ y z,5,-23.285064406939977,NA,-21.353497172991236,NA,-20.799421774706857,NA,1.129558756841315,NA,1.1296104538368636,NA,1.0031897183162923,NA,1.003233960514907,NA
9871903,54,k ɯ ɾ e t,5,-14.34461899583014,NA,-12.379643812608151,NA,-12.401069233681326,NA,1.4574007718602364,NA,1.4568656707805725,NA,1.0575407260274738,NA,1.054575679739315,NA
9871903,17,ɟ e ʒ o ʒ,5,-26.6208257994316,NA,-Inf,NA,-28.771466371087545,NA,1.1960975503401443,NA,1.196040131009795,NA,1.0007952166504448,NA,1.0009691836637256,NA
9871903,33,ʃ o ʃ e ʒ,5,-20.72090935766442,NA,-22.109244486171928,NA,-22.17599288318765,NA,1.2201293152835069,NA,1.2200223876473202,NA,1.0053494657208828,NA,1.005275324117079,NA
9871903,20,g u ɟ e ʒ,5,-24.520648215729064,NA,-Inf,NA,-25.12589588220793,NA,1.2072204570857334,NA,1.2071361783307428,NA,1.0015072051556937,NA,1.0016432622663496,NA
9871903,52,b a b u z,5,-17.031411824215805,NA,-14.580740364522184,NA,-14.616442917521326,NA,1.4171372456831095,NA,1.4166893612568667,NA,1.0339474952511396,NA,1.0323546619528714,NA
9871903,39,n u c y c,5,-23.59892773657295,NA,-Inf,NA,-30.1793505288519,NA,1.1106900084586075,NA,1.1107804796089662,NA,1.00076963144273,NA,1.0009464280876286,NA
9871903,21,ɟ ø j o ʒ,5,-26.49689488595845,NA,-Inf,NA,-23.932703542616142,NA,1.0852809248581945,NA,1.085414770218477,NA,1.0023189127998635,NA,1.002409614578854,NA
9871903,31,d ø ʒ u ʒ,5,-24.98943492896086,NA,-Inf,NA,-24.22776906482711,NA,1.1165991658515588,NA,1.116677401262255,NA,1.0026538128249567,NA,1.0027322776999663,NA
9871903,63,ɟ e d͡ʒ ɯ ʃ,5,-21.882833802794956,NA,-Inf,NA,-23.003164237882388,NA,1.2591492701203255,NA,1.2589729296039585,NA,1.0107052213650367,NA,1.0102980225080054,NA
9871903,26,b y t͡ʃ ɯ ʒ,5,-21.616844660036552,NA,-Inf,NA,-22.629276208594433,NA,1.2022894136775335,NA,1.2022183989320754,NA,1.0049370975420808,NA,1.00489232261725,NA
9871903,29,v e ɟ ø ʒ,5,-25.88724899922946,NA,-Inf,NA,-26.13349816640546,NA,1.1934115930661473,NA,1.1933605512070449,NA,1.0050916845666988,NA,1.0050420161949054,NA
9871903,20,v ø d͡ʒ o h,5,-21.363641778803853,NA,-Inf,NA,-28.344098104475098,NA,1.0848245663042964,NA,1.0849553554942497,NA,1.0002254577062906,NA,1.0004310609040532,NA
9871903,59,t ø ɾ a n,5,-15.737900612639798,NA,-14.053612751333944,NA,-14.0900146594381,NA,1.4983632288774549,NA,1.4977406461807206,NA,1.0585320936609162,NA,1.055335124686371,NA
9872070,18,ɟ ø j o ʒ,5,-26.49689488595845,NA,-Inf,NA,-23.932703542616142,NA,1.0852809248581945,NA,1.085414770218477,NA,1.0023189127998635,NA,1.002409614578854,NA
9872070,70,v ø l y c,5,-24.69819952981217,NA,-Inf,NA,-34.22078322004938,NA,1.0738270837624526,NA,1.0739812033064169,NA,1.000065210303228,NA,1.0002790383147078,NA
9872070,83,b u p o n,5,-18.090788535226785,NA,-14.871571711459897,NA,-14.898543975468526,NA,1.2534517142540844,NA,1.2532693351189497,NA,1.0146087672669268,NA,1.014002641902062,NA
9872070,39,g ɯ ɟ y z,5,-23.285064406939977,NA,-21.353497172991236,NA,-20.799421774706857,NA,1.129558756841315,NA,1.1296104538368636,NA,1.0031897183162923,NA,1.003233960514907,NA
9872070,100,l y l e c,5,-22.712932987058565,NA,-Inf,NA,-32.3160745795191,NA,1.197065582611408,NA,1.1969989614223264,NA,1.0011971809784252,NA,1.0013454564534352,NA
9872070,75,k a k o n,5,-14.50659106646786,NA,-12.17321902001452,NA,-12.197940719744937,NA,1.533550580453257,NA,1.532883248380266,NA,1.0716980709170678,NA,1.0680836932215294,NA
9872070,71,k o k u ɾ,5,-15.81589881907191,NA,-14.164787591245988,NA,-14.189177293546392,NA,1.3561640083612907,NA,1.3558006156133138,NA,1.0309577781402457,NA,1.029465068337247,NA
9872070,26,v e ɟ ø ʒ,5,-25.88724899922946,NA,-Inf,NA,-26.13349816640546,NA,1.1934115930661473,NA,1.1933605512070449,NA,1.0050916845666988,NA,1.0050420161949054,NA
9872070,73,k ɯ ɾ ɯ ɾ,5,-15.10408899194573,NA,-12.806763517338286,NA,-12.830040671057915,NA,1.4320972084974872,NA,1.431600707758244,NA,1.049706303938969,NA,1.0471916891539033,NA
9872070,71,t i k o n,5,-15.196101206729836,NA,-13.240996547523356,NA,-13.26604749315664,NA,1.31822773105001,NA,1.3179329037806882,NA,1.0146171328879905,NA,1.0140073512575454,NA
9872070,55,l y g a s,5,-18.444893137077603,NA,-Inf,NA,-26.067538150583637,NA,1.3050485464253128,NA,1.3047771819509606,NA,1.0127422017772911,NA,1.0121847222339244,NA
9872070,68,m e ɾ u ɾ,5,-14.696942662362323,NA,-13.023558297137315,NA,-13.045322398545368,NA,1.5265589938664366,NA,1.5258999366294403,NA,1.061050686684545,NA,1.0579611009135987,NA
9872070,60,n u c y c,5,-23.59892773657295,NA,-Inf,NA,-30.1793505288519,NA,1.1106900084586075,NA,1.1107804796089662,NA,1.00076963144273,NA,1.0009464280876286,NA
9872070,56,m e ɾ ɯ ɾ,5,-14.482075691887497,NA,-12.618518906214195,NA,-12.639743620026252,NA,1.5363601221358536,NA,1.535683225407098,NA,1.0643340657695692,NA,1.061047884258652,NA
9872070,55,ɟ e d͡ʒ ɯ ʃ,5,-21.882833802794956,NA,-Inf,NA,-23.003164237882388,NA,1.2591492701203255,NA,1.2589729296039585,NA,1.0107052213650367,NA,1.0102980225080054,NA
9872070,36,l y g ɯ h,5,-20.4998975830064,NA,-Inf,NA,-29.036115755256105,NA,1.149974565951282,NA,1.149989887931764,NA,1.00059203852765,NA,1.0007759709906086,NA
9872070,28,f i b ɯ ʒ,5,-20.436961838794783,NA,-Inf,NA,-22.999633738347892,NA,1.1898218295863592,NA,1.1897722159469446,NA,1.0083986623139738,NA,1.0081722495289367,NA
9872070,76,b a d͡ʒ ɯ z,5,-17.34515839292861,NA,-14.26280182945655,NA,-14.306332778850988,NA,1.4154917370834543,NA,1.4150459441905807,NA,1.0246087747061503,NA,1.023516791495323,NA
9872070,79,c i t͡ʃ e f,5,-20.35455499473321,NA,-Inf,NA,-23.19101449988911,NA,1.2206632956388237,NA,1.2205511500064978,NA,1.0041193198207332,NA,1.0040987094266125,NA
9872070,65,t i k ɯ ɾ,5,-14.54245432215599,NA,-13.212451852990958,NA,-13.233651743758994,NA,1.352332061924168,NA,1.3519743902412205,NA,1.0240330562526363,NA,1.0228729978485829,NA
9872070,46,n ɯ d͡ʒ ɯ ʒ,5,-20.35265516851573,NA,-Inf,NA,-23.177728006252813,NA,1.141386496349446,NA,1.1414208042131675,NA,1.0016727518916322,NA,1.0018002670345545,NA
9872070,60,b u m e l,5,-17.814766387475487,NA,-15.347656861812922,NA,-15.39559611789573,NA,1.295187097363635,NA,1.2949473270829202,NA,1.01977328294233,NA,1.0189224624213549,NA
9872070,34,n ɯ c e h,5,-19.392820783812937,NA,-Inf,NA,-28.037484047969727,NA,1.1958159292110446,NA,1.1957471731906515,NA,1.001629162737002,NA,1.0017483602739372,NA
9872070,10,h i ʒ u ʒ,5,-22.897101816795516,NA,-22.812369904220137,NA,-22.719046165604528,NA,1.174823947299784,NA,1.1748014419634516,NA,1.005038918518121,NA,1.0049919529548976,NA
9872070,32,h a ʒ o ʒ,5,-22.411292023981808,NA,-19.98257424570709,NA,-20.012146466153983,NA,1.3339144804373528,NA,1.3336186560682508,NA,1.0242965841159228,NA,1.023235860036801,NA
9872070,28,d͡ʒ o h ɯ ʒ,5,-21.695656866924992,NA,-Inf,NA,-27.095777081000016,NA,1.1667337478513735,NA,1.1667240129734051,NA,1.001314605615787,NA,1.0014626748261763,NA
9872070,83,k u k o n,5,-16.067983991564752,NA,-13.63563902211114,NA,-13.66252219216208,NA,1.3321316029835863,NA,1.331812746650162,NA,1.022135193672589,NA,1.0211308803551549,NA
9872070,26,n i v y j,5,-17.493047560834334,NA,-22.47616192556484,NA,-22.44275508862507,NA,1.18050489552488,NA,1.1804673180900334,NA,1.0055738254825757,NA,1.0054960636982748,NA
9872070,27,v ɯ m o ʒ,5,-20.866255525720582,NA,-21.52786979559882,NA,-21.609613266696552,NA,1.1433244251421313,NA,1.1433577818079883,NA,1.0025302512137306,NA,1.002610125753439,NA
9872070,14,b u ɟ ø ʒ,5,-26.42645995046814,NA,-Inf,NA,-24.718693605330763,NA,1.1344111048101857,NA,1.134462175918881,NA,1.0071497434921757,NA,1.006991934093099,NA
9872070,0,m a f ɯ ʒ,5,-19.123444916118363,NA,-Inf,NA,-20.272463690019514,NA,1.433901152468908,NA,1.4334293801112787,NA,1.028327685373242,NA,1.0270542242358425,NA
9872070,76,b o ʒ i n,5,-19.551581921206928,NA,-15.34865531235195,NA,-15.46250667001904,NA,1.3176726144950657,NA,1.3173711639403407,NA,1.0201904519518092,NA,1.019223006244508,NA
9872070,62,b e ɟ i ʒ,5,-22.954468016281908,NA,-24.634615074769357,NA,-24.189436304001077,NA,1.352371013895645,NA,1.3520350120491875,NA,1.0125225794453168,NA,1.012081798156116,NA
9872070,89,t͡ʃ y f i c,5,-21.728960784187848,NA,-22.716786973512093,NA,-22.5853234924357,NA,1.2320360956439638,NA,1.2319083144749632,NA,1.006182387818063,NA,1.006063337860201,NA
9872070,39,g ɯ k o p,5,-18.396509345599615,NA,-15.155469592030345,NA,-15.199246251117556,NA,1.1896978651358043,NA,1.189645248846842,NA,1.0101186670128863,NA,1.0097904273217253,NA
9872070,34,b y t͡ʃ ɯ ʒ,5,-21.616844660036552,NA,-Inf,NA,-22.629276208594433,NA,1.2022894136775335,NA,1.2022183989320754,NA,1.0049370975420808,NA,1.00489232261725,NA
9872070,85,n y n y j,5,-17.387953451395102,NA,-22.84121056217028,NA,-22.81293712937672,NA,1.207963604453446,NA,1.2078780501278503,NA,1.0079609523814197,NA,1.0077547671760057,NA
9872070,33,l y g u j,5,-20.39121656784095,NA,-Inf,NA,-28.45058894678722,NA,1.147281360733707,NA,1.147299720778366,NA,1.0011865525645776,NA,1.0013362474692384,NA
9872070,30,l i l y j,5,-19.970386134913596,NA,-Inf,NA,-29.06974718873675,NA,1.1481724014715176,NA,1.148190949754183,NA,1.0019943881319666,NA,1.002104960638429,NA
9872070,23,n u c y j,5,-20.658545558102126,NA,-Inf,NA,-27.875256524586018,NA,1.1303835200334362,NA,1.1304329817238876,NA,1.0009000520491858,NA,1.001068684949295,NA
9872070,83,z a ɟ ø c,5,-25.29406676995731,NA,-Inf,NA,-27.908409897602446,NA,1.2841708027252068,NA,1.2839629886018915,NA,1.0048774852295213,NA,1.004838949859867,NA
9872070,69,b u ʒ a ʒ,5,-22.017309102851215,NA,-20.97270040380033,NA,-21.003650352513297,NA,1.323179462039307,NA,1.3228869771540068,NA,1.0084920033526763,NA,1.0082515552702562,NA
9872070,90,ɫ a c i v,5,-18.573457430867325,NA,-Inf,NA,-26.542814999082395,NA,1.405256699256112,NA,1.4048253291152235,NA,1.004371680977657,NA,1.004344736513621,NA
9872070,21,f u c i c,5,-23.709298903113027,NA,-Inf,NA,-29.70602713063263,NA,1.206154311454209,NA,1.2060714855791586,NA,1.0011929509918631,NA,1.0013448826976608,NA
9872070,63,g u ɟ e ʒ,5,-24.520648215729064,NA,-Inf,NA,-25.12589588220793,NA,1.2072204570857334,NA,1.2071361783307428,NA,1.0015072051556937,NA,1.0016432622663496,NA
9872070,94,m y ɾ o n,5,-16.510128365915982,NA,-13.311535765675442,NA,-13.341581660625684,NA,1.4011942661317132,NA,1.400755060745874,NA,1.0445744785123534,NA,1.0423874508376312,NA
9872070,63,ɟ ø ɟ ø t͡ʃ,5,-29.830320053966172,NA,-Inf,NA,-28.770426831168702,NA,1.0317338743417712,NA,1.0319599892793068,NA,1.0000545077946146,NA,1.0002695361099974,NA
9872070,30,g ɯ ɟ y ʒ,5,-25.680187034708876,NA,-24.79307060996098,NA,-24.185039595714763,NA,1.112799708911742,NA,1.112886304686086,NA,1.002733246193697,NA,1.0028060614990746,NA
9872070,94,z a ɟ e c,5,-22.710963226448087,NA,-Inf,NA,-26.8402764213242,NA,1.3881083490241413,NA,1.3877113533137964,NA,1.0055295882618005,NA,1.005450234168199,NA
9872070,31,ɟ y ʒ o ʒ,5,-27.99523158888624,NA,-28.69284841696419,NA,-28.14090746152981,NA,1.095036025210162,NA,1.095153452809103,NA,1.000304646498913,NA,1.0005045476286198,NA
9872070,66,ɟ e ɟ y c,5,-28.30653894777932,NA,-Inf,NA,-33.570427837482214,NA,1.196423265039634,NA,1.1963654108494548,NA,1.000231209196349,NA,1.000436132364972,NA
9872070,86,b i h a ʒ,5,-18.744934240832112,NA,-16.24298849238163,NA,-16.385096205880032,NA,1.3733553453253655,NA,1.372975726405124,NA,1.0233784812990958,NA,1.0223335961608893,NA
9872070,90,n ɯ t i v,5,-16.232908095139347,NA,-21.96802980566556,NA,-21.957749241597252,NA,1.268821147095549,NA,1.2686250852060037,NA,1.0211694574491372,NA,1.0202141924744377,NA
9872070,80,t͡ʃ o ɫ a ʒ,5,-19.424282256875884,NA,-18.005456232553836,NA,-18.13605719361724,NA,1.37194225034822,NA,1.3715644260384483,NA,1.027293545810697,NA,1.0260195746102412,NA
9872070,58,v ø l e j,5,-20.38341156188671,NA,-Inf,NA,-29.973439994045172,NA,1.1770011355390022,NA,1.1769622987891786,NA,1.0039778284969023,NA,1.0039467441646983,NA
9872070,91,b i j o p,5,-17.819792145237756,NA,-14.411741791563118,NA,-14.44982851725279,NA,1.2320675183451335,NA,1.231941850926206,NA,1.019116645133666,NA,1.018318051070536,NA
9872070,15,g u g ɯ ʒ,5,-22.12764402414707,NA,-Inf,NA,-23.62799403133488,NA,1.1604076914316734,NA,1.1604091652027129,NA,1.002296865096124,NA,1.0023929390707258,NA
9872070,17,h ø ʒ ɯ ʃ,5,-22.793233890627302,NA,-Inf,NA,-24.383373092781312,NA,1.1381678025861008,NA,1.13820094196689,NA,1.006410521744585,NA,1.0062326049478594,NA
9872070,71,f y c ø v,5,-24.105639586157395,NA,-Inf,NA,-24.665973193548194,NA,1.1129298669413028,NA,1.1130142426187757,NA,1.0013678237866614,NA,1.0015130661860885,NA
9872070,72,k u ɾ ɯ ɾ,5,-15.318955962420556,NA,-13.370493909747877,NA,-13.394216805421626,NA,1.4430374164697577,NA,1.4425219880350606,NA,1.0417068954004978,NA,1.0396145126083167,NA
9872070,94,k ɯ ɾ e t,5,-14.34461899583014,NA,-12.379643812608151,NA,-12.401069233681326,NA,1.4574007718602364,NA,1.4568656707805725,NA,1.0575407260274738,NA,1.054575679739315,NA
9872070,29,h a ʒ a ʒ,5,-20.66320435727874,NA,-18.991359167803843,NA,-19.22316769797684,NA,1.503268859604257,NA,1.502664785412429,NA,1.0253887052721251,NA,1.024260469695336,NA
9872070,25,g o ɟ y ʒ,5,-26.081748746789877,NA,-24.756749204677632,NA,-24.261882275036,NA,1.1234691196569762,NA,1.1235372562431791,NA,1.0013257973115228,NA,1.001472532342125,NA
9872070,12,ɫ o h o h,5,-18.44006945078326,NA,-24.54133724676997,NA,-24.433813499665337,NA,1.140881701067639,NA,1.140915313678908,NA,1.0026601201755148,NA,1.0027379316413156,NA
9872070,58,ɟ y s y f,5,-22.96626912908152,NA,-23.65293144228456,NA,-23.26150177793404,NA,1.162474537561398,NA,1.1624701118447611,NA,1.007526105518591,NA,1.0073429378505647,NA
9872070,59,d͡ʒ o c e c,5,-23.67398203471596,NA,-Inf,NA,-30.529401402579964,NA,1.1916801758594504,NA,1.1916230071191674,NA,1.0012482052809664,NA,1.0013939567073278,NA
9872070,72,n ɯ t u j,5,-16.458023913936312,NA,-21.523380072352197,NA,-21.520724492736264,NA,1.2065410713885756,NA,1.2064562308023568,NA,1.0047893568512176,NA,1.0047454608812807,NA
9872070,69,ɫ o m ɯ t,5,-16.10906876251265,NA,-20.463295386477544,NA,-20.459024896790748,NA,1.226354557914894,NA,1.2262249588685283,NA,1.0089687051569078,NA,1.008691414558396,NA
9872070,69,h a ʒ y z,5,-20.11715672705851,NA,-17.4716328950729,NA,-17.489616749544957,NA,1.3520981109642247,NA,1.3517647948669438,NA,1.0246878459352902,NA,1.0236026306218002,NA
9872070,37,h e ʒ o ʃ,5,-20.611692059199083,NA,-21.352021945146213,NA,-21.261716898107,NA,1.2591859769516531,NA,1.2590125489549313,NA,1.0061370897175157,NA,1.006025124082477,NA
9872070,85,l e k a ɾ,5,-15.017293036612118,NA,-19.407834498130676,NA,-19.044786274829686,NA,1.5080939526744883,NA,1.5074543029063974,NA,1.045194852222235,NA,1.0427811490211962,NA
9872070,27,d͡ʒ o ʒ o h,5,-22.097218579005993,NA,-25.099219589381008,NA,-24.904916978881896,NA,1.11821597789651,NA,1.118289134009679,NA,1.0007051178379167,NA,1.0008859248512416,NA
9872070,30,v ø d͡ʒ o h,5,-21.363641778803853,NA,-Inf,NA,-28.344098104475098,NA,1.0848245663042964,NA,1.0849553554942497,NA,1.0002254577062906,NA,1.0004310609040532,NA
9872070,30,g ɯ ɾ a ʒ,5,-18.902722310983343,NA,-16.198481439042656,NA,-16.34403605221776,NA,1.419942412927112,NA,1.419480952598695,NA,1.0501716213082088,NA,1.0476633593333955,NA
9872070,28,d ø z i ʒ,5,-21.70542391051496,NA,-19.545489240999224,NA,-19.60431392431074,NA,1.2249679545138032,NA,1.2248519373951183,NA,1.009262247629164,NA,1.008979216459775,NA
9872070,68,t͡ʃ ø z e z,5,-19.754215062891827,NA,-16.895697183378992,NA,-16.939241023440918,NA,1.2120949070379754,NA,1.2119958615786497,NA,1.009437938030965,NA,1.0091286519340401,NA
9872070,27,n ø m ɯ j,5,-18.18724158107039,NA,-23.99488997807466,NA,-23.947971790620024,NA,1.1624899274009108,NA,1.1624806365353328,NA,1.0028689545306988,NA,1.002926864143793,NA
9872070,22,ɫ o c y c,5,-23.77472516728996,NA,-Inf,NA,-29.95538503380819,NA,1.101649180915417,NA,1.1017552870760137,NA,1.0021777770233191,NA,1.0022805824390244,NA
9872070,63,z a c y c,5,-22.967338641377513,NA,-Inf,NA,-27.738112216193443,NA,1.30615402707163,NA,1.305906320725149,NA,1.004670156559676,NA,1.004641947160086,NA
9872070,62,l e l e h,5,-18.72169300477338,NA,-28.452981385838587,NA,-27.71152573039103,NA,1.3107126962643774,NA,1.31044502011368,NA,1.0043566425629775,NA,1.0043315471634189,NA
9872070,64,n ø n y j,5,-18.59665120544969,NA,-23.859590348601593,NA,-23.813870098081395,NA,1.1568370879889744,NA,1.1568399878441131,NA,1.0032243478372642,NA,1.0032682870588847,NA
9872070,70,k ɯ ɾ ø ɾ,5,-16.815335788926927,NA,-15.47207327845282,NA,-15.47290521159459,NA,1.3818949177686708,NA,1.3814897925657066,NA,1.0336014287971542,NA,1.032037505843908,NA
9872070,18,g o ɟ ø ʒ,5,-27.290446500844467,NA,-Inf,NA,-25.568532573095965,NA,1.1030121135597626,NA,1.1031174848991148,NA,1.001138393401175,NA,1.0012964338824402,NA
9872070,100,k a ɾ e t,5,-12.998093041208076,NA,-11.97346206217353,NA,-11.990829041411471,NA,1.6697599573021775,NA,1.6688574527874926,NA,1.110223784834866,NA,1.1044830661891687,NA
9872070,100,b a b u z,5,-17.031411824215805,NA,-14.580740364522184,NA,-14.616442917521326,NA,1.4171372456831095,NA,1.4166893612568667,NA,1.0339474952511396,NA,1.0323546619528714,NA
9872070,27,b i ʒ i ʃ,5,-19.526656073717337,NA,-17.97370132018528,NA,-18.017836365125127,NA,1.2861479817833397,NA,1.285919656722362,NA,1.0177954456980225,NA,1.017025230789646,NA
9872070,0,d ø ʒ u ʒ,5,-24.98943492896086,NA,-Inf,NA,-24.22776906482711,NA,1.1165991658515588,NA,1.116677401262255,NA,1.0026538128249567,NA,1.0027322776999663,NA
9872070,75,n u n u ɫ,5,-16.1837999949144,NA,-19.621241364005783,NA,-19.623919938160853,NA,1.262793973357144,NA,1.262597334354253,NA,1.0096134601254851,NA,1.0092804006803462,NA
9872070,80,ɟ i ɟ e c,5,-27.129968484650533,NA,-Inf,NA,-33.71720502403168,NA,1.193736127598374,NA,1.1936754056013783,NA,1.0007611186215082,NA,1.0009324466444522,NA
9872070,27,ɟ e ʒ o ʒ,5,-26.6208257994316,NA,-Inf,NA,-28.771466371087545,NA,1.1960975503401443,NA,1.196040131009795,NA,1.0007952166504448,NA,1.0009691836637256,NA
9872070,69,l i v ø c,5,-23.521629066683385,NA,-Inf,NA,-33.078770632151944,NA,1.1258459326384591,NA,1.1259116896807664,NA,1.0021258039899703,NA,1.0022313327026664,NA
9872070,66,ɟ y f e ʒ,5,-24.68382830227571,NA,-25.22823350958293,NA,-24.924911824073703,NA,1.197274626696634,NA,1.197207333245688,NA,1.005629742506169,NA,1.0055403867692694,NA
9872070,73,t ø ɾ a n,5,-15.737900612639798,NA,-14.053612751333944,NA,-14.0900146594381,NA,1.4983632288774549,NA,1.4977406461807206,NA,1.0585320936609162,NA,1.055335124686371,NA
9872070,0,ʃ o ʃ e ʒ,5,-20.72090935766442,NA,-22.109244486171928,NA,-22.17599288318765,NA,1.2201293152835069,NA,1.2200223876473202,NA,1.0053494657208828,NA,1.005275324117079,NA
9872070,72,l e l y c,5,-22.712932987058565,NA,-Inf,NA,-31.625008565162982,NA,1.2146465675396698,NA,1.214557046255178,NA,1.0031176468016472,NA,1.0031701069775885,NA
9872070,74,ɟ e ɟ e c,5,-26.93213315832468,NA,-Inf,NA,-34.31977028302991,NA,1.279903805241355,NA,1.279694004217295,NA,1.0007611186215082,NA,1.0009324466444522,NA
9872289,34,b u m e l,5,-17.814766387475487,NA,-15.347656861812922,NA,-15.39559611789573,NA,1.295187097363635,NA,1.2949473270829202,NA,1.01977328294233,NA,1.0189224624213549,NA
9872289,74,n u n u ɫ,5,-16.1837999949144,NA,-19.621241364005783,NA,-19.623919938160853,NA,1.262793973357144,NA,1.262597334354253,NA,1.0096134601254851,NA,1.0092804006803462,NA
9872289,46,v e ɟ ø ʒ,5,-25.88724899922946,NA,-Inf,NA,-26.13349816640546,NA,1.1934115930661473,NA,1.1933605512070449,NA,1.0050916845666988,NA,1.0050420161949054,NA
9872289,13,ɫ o c y c,5,-23.77472516728996,NA,-Inf,NA,-29.95538503380819,NA,1.101649180915417,NA,1.1017552870760137,NA,1.0021777770233191,NA,1.0022805824390244,NA
9872289,75,b a b u z,5,-17.031411824215805,NA,-14.580740364522184,NA,-14.616442917521326,NA,1.4171372456831095,NA,1.4166893612568667,NA,1.0339474952511396,NA,1.0323546619528714,NA
9872289,38,t͡ʃ y f i c,5,-21.728960784187848,NA,-22.716786973512093,NA,-22.5853234924357,NA,1.2320360956439638,NA,1.2319083144749632,NA,1.006182387818063,NA,1.006063337860201,NA
9872289,41,d͡ʒ o h ɯ ʒ,5,-21.695656866924992,NA,-Inf,NA,-27.095777081000016,NA,1.1667337478513735,NA,1.1667240129734051,NA,1.001314605615787,NA,1.0014626748261763,NA
9872289,82,t i k o n,5,-15.196101206729836,NA,-13.240996547523356,NA,-13.26604749315664,NA,1.31822773105001,NA,1.3179329037806882,NA,1.0146171328879905,NA,1.0140073512575454,NA
9872289,23,l y g a s,5,-18.444893137077603,NA,-Inf,NA,-26.067538150583637,NA,1.3050485464253128,NA,1.3047771819509606,NA,1.0127422017772911,NA,1.0121847222339244,NA
9872289,81,n ɯ c e h,5,-19.392820783812937,NA,-Inf,NA,-28.037484047969727,NA,1.1958159292110446,NA,1.1957471731906515,NA,1.001629162737002,NA,1.0017483602739372,NA
9872289,47,ɟ ø ɟ ø t͡ʃ,5,-29.830320053966172,NA,-Inf,NA,-28.770426831168702,NA,1.0317338743417712,NA,1.0319599892793068,NA,1.0000545077946146,NA,1.0002695361099974,NA
9872289,61,l y l e c,5,-22.712932987058565,NA,-Inf,NA,-32.3160745795191,NA,1.197065582611408,NA,1.1969989614223264,NA,1.0011971809784252,NA,1.0013454564534352,NA
9872289,24,b i ʒ i ʃ,5,-19.526656073717337,NA,-17.97370132018528,NA,-18.017836365125127,NA,1.2861479817833397,NA,1.285919656722362,NA,1.0177954456980225,NA,1.017025230789646,NA
9872289,17,t͡ʃ o ɫ a ʒ,5,-19.424282256875884,NA,-18.005456232553836,NA,-18.13605719361724,NA,1.37194225034822,NA,1.3715644260384483,NA,1.027293545810697,NA,1.0260195746102412,NA
9872289,34,h a ʒ a ʒ,5,-20.66320435727874,NA,-18.991359167803843,NA,-19.22316769797684,NA,1.503268859604257,NA,1.502664785412429,NA,1.0253887052721251,NA,1.024260469695336,NA
9872289,68,k u k o n,5,-16.067983991564752,NA,-13.63563902211114,NA,-13.66252219216208,NA,1.3321316029835863,NA,1.331812746650162,NA,1.022135193672589,NA,1.0211308803551549,NA
9872289,40,l i l y j,5,-19.970386134913596,NA,-Inf,NA,-29.06974718873675,NA,1.1481724014715176,NA,1.148190949754183,NA,1.0019943881319666,NA,1.002104960638429,NA
9872289,19,z a ɟ e c,5,-22.710963226448087,NA,-Inf,NA,-26.8402764213242,NA,1.3881083490241413,NA,1.3877113533137964,NA,1.0055295882618005,NA,1.005450234168199,NA
9872289,65,z a c y c,5,-22.967338641377513,NA,-Inf,NA,-27.738112216193443,NA,1.30615402707163,NA,1.305906320725149,NA,1.004670156559676,NA,1.004641947160086,NA
9872289,66,k u ɾ ɯ ɾ,5,-15.318955962420556,NA,-13.370493909747877,NA,-13.394216805421626,NA,1.4430374164697577,NA,1.4425219880350606,NA,1.0417068954004978,NA,1.0396145126083167,NA
9872289,28,ɟ y f e ʒ,5,-24.68382830227571,NA,-25.22823350958293,NA,-24.924911824073703,NA,1.197274626696634,NA,1.197207333245688,NA,1.005629742506169,NA,1.0055403867692694,NA
9872289,33,ɟ ø j o ʒ,5,-26.49689488595845,NA,-Inf,NA,-23.932703542616142,NA,1.0852809248581945,NA,1.085414770218477,NA,1.0023189127998635,NA,1.002409614578854,NA
9872289,68,g ɯ ɟ y z,5,-23.285064406939977,NA,-21.353497172991236,NA,-20.799421774706857,NA,1.129558756841315,NA,1.1296104538368636,NA,1.0031897183162923,NA,1.003233960514907,NA
9872289,68,k o k u ɾ,5,-15.81589881907191,NA,-14.164787591245988,NA,-14.189177293546392,NA,1.3561640083612907,NA,1.3558006156133138,NA,1.0309577781402457,NA,1.029465068337247,NA
9872289,24,l y g ɯ h,5,-20.4998975830064,NA,-Inf,NA,-29.036115755256105,NA,1.149974565951282,NA,1.149989887931764,NA,1.00059203852765,NA,1.0007759709906086,NA
9872289,30,n ø m ɯ j,5,-18.18724158107039,NA,-23.99488997807466,NA,-23.947971790620024,NA,1.1624899274009108,NA,1.1624806365353328,NA,1.0028689545306988,NA,1.002926864143793,NA
9872289,71,n ø n y j,5,-18.59665120544969,NA,-23.859590348601593,NA,-23.813870098081395,NA,1.1568370879889744,NA,1.1568399878441131,NA,1.0032243478372642,NA,1.0032682870588847,NA
9872289,27,g u ɟ e ʒ,5,-24.520648215729064,NA,-Inf,NA,-25.12589588220793,NA,1.2072204570857334,NA,1.2071361783307428,NA,1.0015072051556937,NA,1.0016432622663496,NA
9872289,59,g o ɟ ø ʒ,5,-27.290446500844467,NA,-Inf,NA,-25.568532573095965,NA,1.1030121135597626,NA,1.1031174848991148,NA,1.001138393401175,NA,1.0012964338824402,NA
9872289,53,h e ʒ o ʃ,5,-20.611692059199083,NA,-21.352021945146213,NA,-21.261716898107,NA,1.2591859769516531,NA,1.2590125489549313,NA,1.0061370897175157,NA,1.006025124082477,NA
9872289,58,v ø d͡ʒ o h,5,-21.363641778803853,NA,-Inf,NA,-28.344098104475098,NA,1.0848245663042964,NA,1.0849553554942497,NA,1.0002254577062906,NA,1.0004310609040532,NA
9872289,74,k ɯ ɾ ɯ ɾ,5,-15.10408899194573,NA,-12.806763517338286,NA,-12.830040671057915,NA,1.4320972084974872,NA,1.431600707758244,NA,1.049706303938969,NA,1.0471916891539033,NA
9872289,70,v ɯ m o ʒ,5,-20.866255525720582,NA,-21.52786979559882,NA,-21.609613266696552,NA,1.1433244251421313,NA,1.1433577818079883,NA,1.0025302512137306,NA,1.002610125753439,NA
9872289,96,n ɯ t u j,5,-16.458023913936312,NA,-21.523380072352197,NA,-21.520724492736264,NA,1.2065410713885756,NA,1.2064562308023568,NA,1.0047893568512176,NA,1.0047454608812807,NA
9872289,22,l i v ø c,5,-23.521629066683385,NA,-Inf,NA,-33.078770632151944,NA,1.1258459326384591,NA,1.1259116896807664,NA,1.0021258039899703,NA,1.0022313327026664,NA
9872289,61,f y c ø v,5,-24.105639586157395,NA,-Inf,NA,-24.665973193548194,NA,1.1129298669413028,NA,1.1130142426187757,NA,1.0013678237866614,NA,1.0015130661860885,NA
9872289,93,b u p o n,5,-18.090788535226785,NA,-14.871571711459897,NA,-14.898543975468526,NA,1.2534517142540844,NA,1.2532693351189497,NA,1.0146087672669268,NA,1.014002641902062,NA
9872289,91,k a k o n,5,-14.50659106646786,NA,-12.17321902001452,NA,-12.197940719744937,NA,1.533550580453257,NA,1.532883248380266,NA,1.0716980709170678,NA,1.0680836932215294,NA
9872289,14,g ɯ k o p,5,-18.396509345599615,NA,-15.155469592030345,NA,-15.199246251117556,NA,1.1896978651358043,NA,1.189645248846842,NA,1.0101186670128863,NA,1.0097904273217253,NA
9872289,18,b i j o p,5,-17.819792145237756,NA,-14.411741791563118,NA,-14.44982851725279,NA,1.2320675183451335,NA,1.231941850926206,NA,1.019116645133666,NA,1.018318051070536,NA
9872289,65,h i ʒ u ʒ,5,-22.897101816795516,NA,-22.812369904220137,NA,-22.719046165604528,NA,1.174823947299784,NA,1.1748014419634516,NA,1.005038918518121,NA,1.0049919529548976,NA
9872289,72,k ɯ ɾ e t,5,-14.34461899583014,NA,-12.379643812608151,NA,-12.401069233681326,NA,1.4574007718602364,NA,1.4568656707805725,NA,1.0575407260274738,NA,1.054575679739315,NA
9872289,70,n y n y j,5,-17.387953451395102,NA,-22.84121056217028,NA,-22.81293712937672,NA,1.207963604453446,NA,1.2078780501278503,NA,1.0079609523814197,NA,1.0077547671760057,NA
9872289,70,l y g u j,5,-20.39121656784095,NA,-Inf,NA,-28.45058894678722,NA,1.147281360733707,NA,1.147299720778366,NA,1.0011865525645776,NA,1.0013362474692384,NA
9872289,22,g ɯ ɾ a ʒ,5,-18.902722310983343,NA,-16.198481439042656,NA,-16.34403605221776,NA,1.419942412927112,NA,1.419480952598695,NA,1.0501716213082088,NA,1.0476633593333955,NA
9872289,28,g o ɟ y ʒ,5,-26.081748746789877,NA,-24.756749204677632,NA,-24.261882275036,NA,1.1234691196569762,NA,1.1235372562431791,NA,1.0013257973115228,NA,1.001472532342125,NA
9872289,73,t͡ʃ ø z e z,5,-19.754215062891827,NA,-16.895697183378992,NA,-16.939241023440918,NA,1.2120949070379754,NA,1.2119958615786497,NA,1.009437938030965,NA,1.0091286519340401,NA
9872289,29,l e l y c,5,-22.712932987058565,NA,-Inf,NA,-31.625008565162982,NA,1.2146465675396698,NA,1.214557046255178,NA,1.0031176468016472,NA,1.0031701069775885,NA
9872289,66,k a ɾ e t,5,-12.998093041208076,NA,-11.97346206217353,NA,-11.990829041411471,NA,1.6697599573021775,NA,1.6688574527874926,NA,1.110223784834866,NA,1.1044830661891687,NA
9872289,64,ɟ y ʒ o ʒ,5,-27.99523158888624,NA,-28.69284841696419,NA,-28.14090746152981,NA,1.095036025210162,NA,1.095153452809103,NA,1.000304646498913,NA,1.0005045476286198,NA
9872289,67,g ɯ ɟ y ʒ,5,-25.680187034708876,NA,-24.79307060996098,NA,-24.185039595714763,NA,1.112799708911742,NA,1.112886304686086,NA,1.002733246193697,NA,1.0028060614990746,NA
9872289,67,d ø ʒ u ʒ,5,-24.98943492896086,NA,-Inf,NA,-24.22776906482711,NA,1.1165991658515588,NA,1.116677401262255,NA,1.0026538128249567,NA,1.0027322776999663,NA
9872289,63,h ø ʒ ɯ ʃ,5,-22.793233890627302,NA,-Inf,NA,-24.383373092781312,NA,1.1381678025861008,NA,1.13820094196689,NA,1.006410521744585,NA,1.0062326049478594,NA
9872289,76,t i k ɯ ɾ,5,-14.54245432215599,NA,-13.212451852990958,NA,-13.233651743758994,NA,1.352332061924168,NA,1.3519743902412205,NA,1.0240330562526363,NA,1.0228729978485829,NA
9872289,31,k ɯ ɾ ø ɾ,5,-16.815335788926927,NA,-15.47207327845282,NA,-15.47290521159459,NA,1.3818949177686708,NA,1.3814897925657066,NA,1.0336014287971542,NA,1.032037505843908,NA
9872289,70,d͡ʒ o c e c,5,-23.67398203471596,NA,-Inf,NA,-30.529401402579964,NA,1.1916801758594504,NA,1.1916230071191674,NA,1.0012482052809664,NA,1.0013939567073278,NA
9872289,71,m y ɾ o n,5,-16.510128365915982,NA,-13.311535765675442,NA,-13.341581660625684,NA,1.4011942661317132,NA,1.400755060745874,NA,1.0445744785123534,NA,1.0423874508376312,NA
9872289,28,b i h a ʒ,5,-18.744934240832112,NA,-16.24298849238163,NA,-16.385096205880032,NA,1.3733553453253655,NA,1.372975726405124,NA,1.0233784812990958,NA,1.0223335961608893,NA
9872289,27,b e ɟ i ʒ,5,-22.954468016281908,NA,-24.634615074769357,NA,-24.189436304001077,NA,1.352371013895645,NA,1.3520350120491875,NA,1.0125225794453168,NA,1.012081798156116,NA
9872289,65,z a ɟ ø c,5,-25.29406676995731,NA,-Inf,NA,-27.908409897602446,NA,1.2841708027252068,NA,1.2839629886018915,NA,1.0048774852295213,NA,1.004838949859867,NA
9872289,67,b u ɟ ø ʒ,5,-26.42645995046814,NA,-Inf,NA,-24.718693605330763,NA,1.1344111048101857,NA,1.134462175918881,NA,1.0071497434921757,NA,1.006991934093099,NA
9872289,69,d͡ʒ o ʒ o h,5,-22.097218579005993,NA,-25.099219589381008,NA,-24.904916978881896,NA,1.11821597789651,NA,1.118289134009679,NA,1.0007051178379167,NA,1.0008859248512416,NA
9872289,76,ɟ y s y f,5,-22.96626912908152,NA,-23.65293144228456,NA,-23.26150177793404,NA,1.162474537561398,NA,1.1624701118447611,NA,1.007526105518591,NA,1.0073429378505647,NA
9872289,75,n ɯ d͡ʒ ɯ ʒ,5,-20.35265516851573,NA,-Inf,NA,-23.177728006252813,NA,1.141386496349446,NA,1.1414208042131675,NA,1.0016727518916322,NA,1.0018002670345545,NA
9872289,27,d ø z i ʒ,5,-21.70542391051496,NA,-19.545489240999224,NA,-19.60431392431074,NA,1.2249679545138032,NA,1.2248519373951183,NA,1.009262247629164,NA,1.008979216459775,NA
9872289,23,m e ɾ u ɾ,5,-14.696942662362323,NA,-13.023558297137315,NA,-13.045322398545368,NA,1.5265589938664366,NA,1.5258999366294403,NA,1.061050686684545,NA,1.0579611009135987,NA
9872289,71,n u c y c,5,-23.59892773657295,NA,-Inf,NA,-30.1793505288519,NA,1.1106900084586075,NA,1.1107804796089662,NA,1.00076963144273,NA,1.0009464280876286,NA
9872289,69,v ø l e j,5,-20.38341156188671,NA,-Inf,NA,-29.973439994045172,NA,1.1770011355390022,NA,1.1769622987891786,NA,1.0039778284969023,NA,1.0039467441646983,NA
9872289,24,f u c i c,5,-23.709298903113027,NA,-Inf,NA,-29.70602713063263,NA,1.206154311454209,NA,1.2060714855791586,NA,1.0011929509918631,NA,1.0013448826976608,NA
9872289,74,h a ʒ y z,5,-20.11715672705851,NA,-17.4716328950729,NA,-17.489616749544957,NA,1.3520981109642247,NA,1.3517647948669438,NA,1.0246878459352902,NA,1.0236026306218002,NA
9872289,72,ɟ e d͡ʒ ɯ ʃ,5,-21.882833802794956,NA,-Inf,NA,-23.003164237882388,NA,1.2591492701203255,NA,1.2589729296039585,NA,1.0107052213650367,NA,1.0102980225080054,NA
9872289,70,n i v y j,5,-17.493047560834334,NA,-22.47616192556484,NA,-22.44275508862507,NA,1.18050489552488,NA,1.1804673180900334,NA,1.0055738254825757,NA,1.0054960636982748,NA
9872289,72,ɟ e ʒ o ʒ,5,-26.6208257994316,NA,-Inf,NA,-28.771466371087545,NA,1.1960975503401443,NA,1.196040131009795,NA,1.0007952166504448,NA,1.0009691836637256,NA
9872289,20,ɫ o m ɯ t,5,-16.10906876251265,NA,-20.463295386477544,NA,-20.459024896790748,NA,1.226354557914894,NA,1.2262249588685283,NA,1.0089687051569078,NA,1.008691414558396,NA
9872289,21,l e k a ɾ,5,-15.017293036612118,NA,-19.407834498130676,NA,-19.044786274829686,NA,1.5080939526744883,NA,1.5074543029063974,NA,1.045194852222235,NA,1.0427811490211962,NA
9872289,63,v ø l y c,5,-24.69819952981217,NA,-Inf,NA,-34.22078322004938,NA,1.0738270837624526,NA,1.0739812033064169,NA,1.000065210303228,NA,1.0002790383147078,NA
9872289,64,c i t͡ʃ e f,5,-20.35455499473321,NA,-Inf,NA,-23.19101449988911,NA,1.2206632956388237,NA,1.2205511500064978,NA,1.0041193198207332,NA,1.0040987094266125,NA
9872289,72,ʃ o ʃ e ʒ,5,-20.72090935766442,NA,-22.109244486171928,NA,-22.17599288318765,NA,1.2201293152835069,NA,1.2200223876473202,NA,1.0053494657208828,NA,1.005275324117079,NA
9872289,27,n ɯ t i v,5,-16.232908095139347,NA,-21.96802980566556,NA,-21.957749241597252,NA,1.268821147095549,NA,1.2686250852060037,NA,1.0211694574491372,NA,1.0202141924744377,NA
9872289,75,b o ʒ i n,5,-19.551581921206928,NA,-15.34865531235195,NA,-15.46250667001904,NA,1.3176726144950657,NA,1.3173711639403407,NA,1.0201904519518092,NA,1.019223006244508,NA
9872289,77,ɟ e ɟ e c,5,-26.93213315832468,NA,-Inf,NA,-34.31977028302991,NA,1.279903805241355,NA,1.279694004217295,NA,1.0007611186215082,NA,1.0009324466444522,NA
9872289,72,ɟ e ɟ y c,5,-28.30653894777932,NA,-Inf,NA,-33.570427837482214,NA,1.196423265039634,NA,1.1963654108494548,NA,1.000231209196349,NA,1.000436132364972,NA
9872289,22,ɫ o h o h,5,-18.44006945078326,NA,-24.54133724676997,NA,-24.433813499665337,NA,1.140881701067639,NA,1.140915313678908,NA,1.0026601201755148,NA,1.0027379316413156,NA
9872289,75,n u c y j,5,-20.658545558102126,NA,-Inf,NA,-27.875256524586018,NA,1.1303835200334362,NA,1.1304329817238876,NA,1.0009000520491858,NA,1.001068684949295,NA
9872289,75,f i b ɯ ʒ,5,-20.436961838794783,NA,-Inf,NA,-22.999633738347892,NA,1.1898218295863592,NA,1.1897722159469446,NA,1.0083986623139738,NA,1.0081722495289367,NA
9872289,25,m a f ɯ ʒ,5,-19.123444916118363,NA,-Inf,NA,-20.272463690019514,NA,1.433901152468908,NA,1.4334293801112787,NA,1.028327685373242,NA,1.0270542242358425,NA
9872289,33,b y t͡ʃ ɯ ʒ,5,-21.616844660036552,NA,-Inf,NA,-22.629276208594433,NA,1.2022894136775335,NA,1.2022183989320754,NA,1.0049370975420808,NA,1.00489232261725,NA
9872289,75,t ø ɾ a n,5,-15.737900612639798,NA,-14.053612751333944,NA,-14.0900146594381,NA,1.4983632288774549,NA,1.4977406461807206,NA,1.0585320936609162,NA,1.055335124686371,NA
9872289,18,b a d͡ʒ ɯ z,5,-17.34515839292861,NA,-14.26280182945655,NA,-14.306332778850988,NA,1.4154917370834543,NA,1.4150459441905807,NA,1.0246087747061503,NA,1.023516791495323,NA
9872289,68,ɟ i ɟ e c,5,-27.129968484650533,NA,-Inf,NA,-33.71720502403168,NA,1.193736127598374,NA,1.1936754056013783,NA,1.0007611186215082,NA,1.0009324466444522,NA
9872289,63,g u g ɯ ʒ,5,-22.12764402414707,NA,-Inf,NA,-23.62799403133488,NA,1.1604076914316734,NA,1.1604091652027129,NA,1.002296865096124,NA,1.0023929390707258,NA
9872289,27,h a ʒ o ʒ,5,-22.411292023981808,NA,-19.98257424570709,NA,-20.012146466153983,NA,1.3339144804373528,NA,1.3336186560682508,NA,1.0242965841159228,NA,1.023235860036801,NA
9872289,72,ɫ a c i v,5,-18.573457430867325,NA,-Inf,NA,-26.542814999082395,NA,1.405256699256112,NA,1.4048253291152235,NA,1.004371680977657,NA,1.004344736513621,NA
9872289,71,b u ʒ a ʒ,5,-22.017309102851215,NA,-20.97270040380033,NA,-21.003650352513297,NA,1.323179462039307,NA,1.3228869771540068,NA,1.0084920033526763,NA,1.0082515552702562,NA
9872289,81,l e l e h,5,-18.72169300477338,NA,-28.452981385838587,NA,-27.71152573039103,NA,1.3107126962643774,NA,1.31044502011368,NA,1.0043566425629775,NA,1.0043315471634189,NA
9872289,85,m e ɾ ɯ ɾ,5,-14.482075691887497,NA,-12.618518906214195,NA,-12.639743620026252,NA,1.5363601221358536,NA,1.535683225407098,NA,1.0643340657695692,NA,1.061047884258652,NA
9872297,41,l e k a ɾ,5,-15.017293036612118,NA,-19.407834498130676,NA,-19.044786274829686,NA,1.5080939526744883,NA,1.5074543029063974,NA,1.045194852222235,NA,1.0427811490211962,NA
9872297,73,l i l y j,5,-19.970386134913596,NA,-Inf,NA,-29.06974718873675,NA,1.1481724014715176,NA,1.148190949754183,NA,1.0019943881319666,NA,1.002104960638429,NA
9872297,13,ɟ y ʒ o ʒ,5,-27.99523158888624,NA,-28.69284841696419,NA,-28.14090746152981,NA,1.095036025210162,NA,1.095153452809103,NA,1.000304646498913,NA,1.0005045476286198,NA
9872297,62,ʃ o ʃ e ʒ,5,-20.72090935766442,NA,-22.109244486171928,NA,-22.17599288318765,NA,1.2201293152835069,NA,1.2200223876473202,NA,1.0053494657208828,NA,1.005275324117079,NA
9872297,37,ɫ a c i v,5,-18.573457430867325,NA,-Inf,NA,-26.542814999082395,NA,1.405256699256112,NA,1.4048253291152235,NA,1.004371680977657,NA,1.004344736513621,NA
9872297,22,d͡ʒ o h ɯ ʒ,5,-21.695656866924992,NA,-Inf,NA,-27.095777081000016,NA,1.1667337478513735,NA,1.1667240129734051,NA,1.001314605615787,NA,1.0014626748261763,NA
9872297,68,g u g ɯ ʒ,5,-22.12764402414707,NA,-Inf,NA,-23.62799403133488,NA,1.1604076914316734,NA,1.1604091652027129,NA,1.002296865096124,NA,1.0023929390707258,NA
9872297,74,b u ɟ ø ʒ,5,-26.42645995046814,NA,-Inf,NA,-24.718693605330763,NA,1.1344111048101857,NA,1.134462175918881,NA,1.0071497434921757,NA,1.006991934093099,NA
9872297,63,k ɯ ɾ ø ɾ,5,-16.815335788926927,NA,-15.47207327845282,NA,-15.47290521159459,NA,1.3818949177686708,NA,1.3814897925657066,NA,1.0336014287971542,NA,1.032037505843908,NA
9872297,41,n ø m ɯ j,5,-18.18724158107039,NA,-23.99488997807466,NA,-23.947971790620024,NA,1.1624899274009108,NA,1.1624806365353328,NA,1.0028689545306988,NA,1.002926864143793,NA
9872297,35,ɟ e ʒ o ʒ,5,-26.6208257994316,NA,-Inf,NA,-28.771466371087545,NA,1.1960975503401443,NA,1.196040131009795,NA,1.0007952166504448,NA,1.0009691836637256,NA
9872297,37,h i ʒ u ʒ,5,-22.897101816795516,NA,-22.812369904220137,NA,-22.719046165604528,NA,1.174823947299784,NA,1.1748014419634516,NA,1.005038918518121,NA,1.0049919529548976,NA
9872297,31,d͡ʒ o ʒ o h,5,-22.097218579005993,NA,-25.099219589381008,NA,-24.904916978881896,NA,1.11821597789651,NA,1.118289134009679,NA,1.0007051178379167,NA,1.0008859248512416,NA
9872297,77,l y g a s,5,-18.444893137077603,NA,-Inf,NA,-26.067538150583637,NA,1.3050485464253128,NA,1.3047771819509606,NA,1.0127422017772911,NA,1.0121847222339244,NA
9872297,36,h a ʒ o ʒ,5,-22.411292023981808,NA,-19.98257424570709,NA,-20.012146466153983,NA,1.3339144804373528,NA,1.3336186560682508,NA,1.0242965841159228,NA,1.023235860036801,NA
9872297,37,g u ɟ e ʒ,5,-24.520648215729064,NA,-Inf,NA,-25.12589588220793,NA,1.2072204570857334,NA,1.2071361783307428,NA,1.0015072051556937,NA,1.0016432622663496,NA
9872297,87,ɫ o c y c,5,-23.77472516728996,NA,-Inf,NA,-29.95538503380819,NA,1.101649180915417,NA,1.1017552870760137,NA,1.0021777770233191,NA,1.0022805824390244,NA
9872297,66,f i b ɯ ʒ,5,-20.436961838794783,NA,-Inf,NA,-22.999633738347892,NA,1.1898218295863592,NA,1.1897722159469446,NA,1.0083986623139738,NA,1.0081722495289367,NA
9872297,34,ɫ o h o h,5,-18.44006945078326,NA,-24.54133724676997,NA,-24.433813499665337,NA,1.140881701067639,NA,1.140915313678908,NA,1.0026601201755148,NA,1.0027379316413156,NA
9872297,80,m e ɾ ɯ ɾ,5,-14.482075691887497,NA,-12.618518906214195,NA,-12.639743620026252,NA,1.5363601221358536,NA,1.535683225407098,NA,1.0643340657695692,NA,1.061047884258652,NA
9872297,16,f y c ø v,5,-24.105639586157395,NA,-Inf,NA,-24.665973193548194,NA,1.1129298669413028,NA,1.1130142426187757,NA,1.0013678237866614,NA,1.0015130661860885,NA
9872297,15,v ø d͡ʒ o h,5,-21.363641778803853,NA,-Inf,NA,-28.344098104475098,NA,1.0848245663042964,NA,1.0849553554942497,NA,1.0002254577062906,NA,1.0004310609040532,NA
9872297,100,b a d͡ʒ ɯ z,5,-17.34515839292861,NA,-14.26280182945655,NA,-14.306332778850988,NA,1.4154917370834543,NA,1.4150459441905807,NA,1.0246087747061503,NA,1.023516791495323,NA
9872297,44,m y ɾ o n,5,-16.510128365915982,NA,-13.311535765675442,NA,-13.341581660625684,NA,1.4011942661317132,NA,1.400755060745874,NA,1.0445744785123534,NA,1.0423874508376312,NA
9872297,89,k a k o n,5,-14.50659106646786,NA,-12.17321902001452,NA,-12.197940719744937,NA,1.533550580453257,NA,1.532883248380266,NA,1.0716980709170678,NA,1.0680836932215294,NA
9872297,78,l e l y c,5,-22.712932987058565,NA,-Inf,NA,-31.625008565162982,NA,1.2146465675396698,NA,1.214557046255178,NA,1.0031176468016472,NA,1.0031701069775885,NA
9872297,91,t͡ʃ o ɫ a ʒ,5,-19.424282256875884,NA,-18.005456232553836,NA,-18.13605719361724,NA,1.37194225034822,NA,1.3715644260384483,NA,1.027293545810697,NA,1.0260195746102412,NA
9872297,86,m e ɾ u ɾ,5,-14.696942662362323,NA,-13.023558297137315,NA,-13.045322398545368,NA,1.5265589938664366,NA,1.5258999366294403,NA,1.061050686684545,NA,1.0579611009135987,NA
9872297,22,l i v ø c,5,-23.521629066683385,NA,-Inf,NA,-33.078770632151944,NA,1.1258459326384591,NA,1.1259116896807664,NA,1.0021258039899703,NA,1.0022313327026664,NA
9872297,19,ɫ o m ɯ t,5,-16.10906876251265,NA,-20.463295386477544,NA,-20.459024896790748,NA,1.226354557914894,NA,1.2262249588685283,NA,1.0089687051569078,NA,1.008691414558396,NA
9872297,21,b i h a ʒ,5,-18.744934240832112,NA,-16.24298849238163,NA,-16.385096205880032,NA,1.3733553453253655,NA,1.372975726405124,NA,1.0233784812990958,NA,1.0223335961608893,NA
9872297,32,g ɯ ɟ y z,5,-23.285064406939977,NA,-21.353497172991236,NA,-20.799421774706857,NA,1.129558756841315,NA,1.1296104538368636,NA,1.0031897183162923,NA,1.003233960514907,NA
9872297,31,m a f ɯ ʒ,5,-19.123444916118363,NA,-Inf,NA,-20.272463690019514,NA,1.433901152468908,NA,1.4334293801112787,NA,1.028327685373242,NA,1.0270542242358425,NA
9872297,29,g ɯ ɟ y ʒ,5,-25.680187034708876,NA,-24.79307060996098,NA,-24.185039595714763,NA,1.112799708911742,NA,1.112886304686086,NA,1.002733246193697,NA,1.0028060614990746,NA
9872297,28,g ɯ k o p,5,-18.396509345599615,NA,-15.155469592030345,NA,-15.199246251117556,NA,1.1896978651358043,NA,1.189645248846842,NA,1.0101186670128863,NA,1.0097904273217253,NA
9872297,100,ɟ ø ɟ ø t͡ʃ,5,-29.830320053966172,NA,-Inf,NA,-28.770426831168702,NA,1.0317338743417712,NA,1.0319599892793068,NA,1.0000545077946146,NA,1.0002695361099974,NA
9872297,100,k ɯ ɾ e t,5,-14.34461899583014,NA,-12.379643812608151,NA,-12.401069233681326,NA,1.4574007718602364,NA,1.4568656707805725,NA,1.0575407260274738,NA,1.054575679739315,NA
9872297,81,l y g u j,5,-20.39121656784095,NA,-Inf,NA,-28.45058894678722,NA,1.147281360733707,NA,1.147299720778366,NA,1.0011865525645776,NA,1.0013362474692384,NA
9872297,87,n u c y c,5,-23.59892773657295,NA,-Inf,NA,-30.1793505288519,NA,1.1106900084586075,NA,1.1107804796089662,NA,1.00076963144273,NA,1.0009464280876286,NA
9872297,30,k u ɾ ɯ ɾ,5,-15.318955962420556,NA,-13.370493909747877,NA,-13.394216805421626,NA,1.4430374164697577,NA,1.4425219880350606,NA,1.0417068954004978,NA,1.0396145126083167,NA
9872297,100,k o k u ɾ,5,-15.81589881907191,NA,-14.164787591245988,NA,-14.189177293546392,NA,1.3561640083612907,NA,1.3558006156133138,NA,1.0309577781402457,NA,1.029465068337247,NA
9872297,40,h a ʒ y z,5,-20.11715672705851,NA,-17.4716328950729,NA,-17.489616749544957,NA,1.3520981109642247,NA,1.3517647948669438,NA,1.0246878459352902,NA,1.0236026306218002,NA
9872297,28,g o ɟ y ʒ,5,-26.081748746789877,NA,-24.756749204677632,NA,-24.261882275036,NA,1.1234691196569762,NA,1.1235372562431791,NA,1.0013257973115228,NA,1.001472532342125,NA
9872297,33,g ɯ ɾ a ʒ,5,-18.902722310983343,NA,-16.198481439042656,NA,-16.34403605221776,NA,1.419942412927112,NA,1.419480952598695,NA,1.0501716213082088,NA,1.0476633593333955,NA
9872297,85,b u m e l,5,-17.814766387475487,NA,-15.347656861812922,NA,-15.39559611789573,NA,1.295187097363635,NA,1.2949473270829202,NA,1.01977328294233,NA,1.0189224624213549,NA
9872297,84,v ø l y c,5,-24.69819952981217,NA,-Inf,NA,-34.22078322004938,NA,1.0738270837624526,NA,1.0739812033064169,NA,1.000065210303228,NA,1.0002790383147078,NA
9872297,93,f u c i c,5,-23.709298903113027,NA,-Inf,NA,-29.70602713063263,NA,1.206154311454209,NA,1.2060714855791586,NA,1.0011929509918631,NA,1.0013448826976608,NA
9872297,11,v e ɟ ø ʒ,5,-25.88724899922946,NA,-Inf,NA,-26.13349816640546,NA,1.1934115930661473,NA,1.1933605512070449,NA,1.0050916845666988,NA,1.0050420161949054,NA
9872297,18,h ø ʒ ɯ ʃ,5,-22.793233890627302,NA,-Inf,NA,-24.383373092781312,NA,1.1381678025861008,NA,1.13820094196689,NA,1.006410521744585,NA,1.0062326049478594,NA
9872297,36,c i t͡ʃ e f,5,-20.35455499473321,NA,-Inf,NA,-23.19101449988911,NA,1.2206632956388237,NA,1.2205511500064978,NA,1.0041193198207332,NA,1.0040987094266125,NA
9872297,34,g o ɟ ø ʒ,5,-27.290446500844467,NA,-Inf,NA,-25.568532573095965,NA,1.1030121135597626,NA,1.1031174848991148,NA,1.001138393401175,NA,1.0012964338824402,NA
9872297,69,k u k o n,5,-16.067983991564752,NA,-13.63563902211114,NA,-13.66252219216208,NA,1.3321316029835863,NA,1.331812746650162,NA,1.022135193672589,NA,1.0211308803551549,NA
9872297,34,n ɯ t u j,5,-16.458023913936312,NA,-21.523380072352197,NA,-21.520724492736264,NA,1.2065410713885756,NA,1.2064562308023568,NA,1.0047893568512176,NA,1.0047454608812807,NA
9872297,63,ɟ i ɟ e c,5,-27.129968484650533,NA,-Inf,NA,-33.71720502403168,NA,1.193736127598374,NA,1.1936754056013783,NA,1.0007611186215082,NA,1.0009324466444522,NA
9872297,80,l e l e h,5,-18.72169300477338,NA,-28.452981385838587,NA,-27.71152573039103,NA,1.3107126962643774,NA,1.31044502011368,NA,1.0043566425629775,NA,1.0043315471634189,NA
9872297,76,t͡ʃ ø z e z,5,-19.754215062891827,NA,-16.895697183378992,NA,-16.939241023440918,NA,1.2120949070379754,NA,1.2119958615786497,NA,1.009437938030965,NA,1.0091286519340401,NA
9872297,36,ɟ e ɟ y c,5,-28.30653894777932,NA,-Inf,NA,-33.570427837482214,NA,1.196423265039634,NA,1.1963654108494548,NA,1.000231209196349,NA,1.000436132364972,NA
9872297,31,n ɯ t i v,5,-16.232908095139347,NA,-21.96802980566556,NA,-21.957749241597252,NA,1.268821147095549,NA,1.2686250852060037,NA,1.0211694574491372,NA,1.0202141924744377,NA
9872297,32,n u c y j,5,-20.658545558102126,NA,-Inf,NA,-27.875256524586018,NA,1.1303835200334362,NA,1.1304329817238876,NA,1.0009000520491858,NA,1.001068684949295,NA
9872297,76,t͡ʃ y f i c,5,-21.728960784187848,NA,-22.716786973512093,NA,-22.5853234924357,NA,1.2320360956439638,NA,1.2319083144749632,NA,1.006182387818063,NA,1.006063337860201,NA
9872297,29,ɟ e ɟ e c,5,-26.93213315832468,NA,-Inf,NA,-34.31977028302991,NA,1.279903805241355,NA,1.279694004217295,NA,1.0007611186215082,NA,1.0009324466444522,NA
9872297,29,n i v y j,5,-17.493047560834334,NA,-22.47616192556484,NA,-22.44275508862507,NA,1.18050489552488,NA,1.1804673180900334,NA,1.0055738254825757,NA,1.0054960636982748,NA
9872297,100,t ø ɾ a n,5,-15.737900612639798,NA,-14.053612751333944,NA,-14.0900146594381,NA,1.4983632288774549,NA,1.4977406461807206,NA,1.0585320936609162,NA,1.055335124686371,NA
9872297,17,d ø z i ʒ,5,-21.70542391051496,NA,-19.545489240999224,NA,-19.60431392431074,NA,1.2249679545138032,NA,1.2248519373951183,NA,1.009262247629164,NA,1.008979216459775,NA
9872297,15,d ø ʒ u ʒ,5,-24.98943492896086,NA,-Inf,NA,-24.22776906482711,NA,1.1165991658515588,NA,1.116677401262255,NA,1.0026538128249567,NA,1.0027322776999663,NA
9872297,62,b y t͡ʃ ɯ ʒ,5,-21.616844660036552,NA,-Inf,NA,-22.629276208594433,NA,1.2022894136775335,NA,1.2022183989320754,NA,1.0049370975420808,NA,1.00489232261725,NA
9872297,75,z a ɟ ø c,5,-25.29406676995731,NA,-Inf,NA,-27.908409897602446,NA,1.2841708027252068,NA,1.2839629886018915,NA,1.0048774852295213,NA,1.004838949859867,NA
9872297,18,v ø l e j,5,-20.38341156188671,NA,-Inf,NA,-29.973439994045172,NA,1.1770011355390022,NA,1.1769622987891786,NA,1.0039778284969023,NA,1.0039467441646983,NA
9872297,100,d͡ʒ o c e c,5,-23.67398203471596,NA,-Inf,NA,-30.529401402579964,NA,1.1916801758594504,NA,1.1916230071191674,NA,1.0012482052809664,NA,1.0013939567073278,NA
9872297,24,ɟ ø j o ʒ,5,-26.49689488595845,NA,-Inf,NA,-23.932703542616142,NA,1.0852809248581945,NA,1.085414770218477,NA,1.0023189127998635,NA,1.002409614578854,NA
9872297,100,t i k ɯ ɾ,5,-14.54245432215599,NA,-13.212451852990958,NA,-13.233651743758994,NA,1.352332061924168,NA,1.3519743902412205,NA,1.0240330562526363,NA,1.0228729978485829,NA
9872297,100,n y n y j,5,-17.387953451395102,NA,-22.84121056217028,NA,-22.81293712937672,NA,1.207963604453446,NA,1.2078780501278503,NA,1.0079609523814197,NA,1.0077547671760057,NA
9872297,100,n ɯ c e h,5,-19.392820783812937,NA,-Inf,NA,-28.037484047969727,NA,1.1958159292110446,NA,1.1957471731906515,NA,1.001629162737002,NA,1.0017483602739372,NA
9872297,83,b a b u z,5,-17.031411824215805,NA,-14.580740364522184,NA,-14.616442917521326,NA,1.4171372456831095,NA,1.4166893612568667,NA,1.0339474952511396,NA,1.0323546619528714,NA
9872297,80,b o ʒ i n,5,-19.551581921206928,NA,-15.34865531235195,NA,-15.46250667001904,NA,1.3176726144950657,NA,1.3173711639403407,NA,1.0201904519518092,NA,1.019223006244508,NA
9872297,73,b u p o n,5,-18.090788535226785,NA,-14.871571711459897,NA,-14.898543975468526,NA,1.2534517142540844,NA,1.2532693351189497,NA,1.0146087672669268,NA,1.014002641902062,NA
9872297,100,ɟ e d͡ʒ ɯ ʃ,5,-21.882833802794956,NA,-Inf,NA,-23.003164237882388,NA,1.2591492701203255,NA,1.2589729296039585,NA,1.0107052213650367,NA,1.0102980225080054,NA
9872297,25,b u ʒ a ʒ,5,-22.017309102851215,NA,-20.97270040380033,NA,-21.003650352513297,NA,1.323179462039307,NA,1.3228869771540068,NA,1.0084920033526763,NA,1.0082515552702562,NA
9872297,100,k ɯ ɾ ɯ ɾ,5,-15.10408899194573,NA,-12.806763517338286,NA,-12.830040671057915,NA,1.4320972084974872,NA,1.431600707758244,NA,1.049706303938969,NA,1.0471916891539033,NA
9872297,31,n ɯ d͡ʒ ɯ ʒ,5,-20.35265516851573,NA,-Inf,NA,-23.177728006252813,NA,1.141386496349446,NA,1.1414208042131675,NA,1.0016727518916322,NA,1.0018002670345545,NA
9872297,82,n u n u ɫ,5,-16.1837999949144,NA,-19.621241364005783,NA,-19.623919938160853,NA,1.262793973357144,NA,1.262597334354253,NA,1.0096134601254851,NA,1.0092804006803462,NA
9872297,35,l y g ɯ h,5,-20.4998975830064,NA,-Inf,NA,-29.036115755256105,NA,1.149974565951282,NA,1.149989887931764,NA,1.00059203852765,NA,1.0007759709906086,NA
9872297,78,ɟ y s y f,5,-22.96626912908152,NA,-23.65293144228456,NA,-23.26150177793404,NA,1.162474537561398,NA,1.1624701118447611,NA,1.007526105518591,NA,1.0073429378505647,NA
9872297,81,z a ɟ e c,5,-22.710963226448087,NA,-Inf,NA,-26.8402764213242,NA,1.3881083490241413,NA,1.3877113533137964,NA,1.0055295882618005,NA,1.005450234168199,NA
9872297,29,t i k o n,5,-15.196101206729836,NA,-13.240996547523356,NA,-13.26604749315664,NA,1.31822773105001,NA,1.3179329037806882,NA,1.0146171328879905,NA,1.0140073512575454,NA
9872297,36,b e ɟ i ʒ,5,-22.954468016281908,NA,-24.634615074769357,NA,-24.189436304001077,NA,1.352371013895645,NA,1.3520350120491875,NA,1.0125225794453168,NA,1.012081798156116,NA
9872297,100,k a ɾ e t,5,-12.998093041208076,NA,-11.97346206217353,NA,-11.990829041411471,NA,1.6697599573021775,NA,1.6688574527874926,NA,1.110223784834866,NA,1.1044830661891687,NA
9872297,97,l y l e c,5,-22.712932987058565,NA,-Inf,NA,-32.3160745795191,NA,1.197065582611408,NA,1.1969989614223264,NA,1.0011971809784252,NA,1.0013454564534352,NA
9872297,33,b i ʒ i ʃ,5,-19.526656073717337,NA,-17.97370132018528,NA,-18.017836365125127,NA,1.2861479817833397,NA,1.285919656722362,NA,1.0177954456980225,NA,1.017025230789646,NA
9872297,29,v ɯ m o ʒ,5,-20.866255525720582,NA,-21.52786979559882,NA,-21.609613266696552,NA,1.1433244251421313,NA,1.1433577818079883,NA,1.0025302512137306,NA,1.002610125753439,NA
9872297,24,ɟ y f e ʒ,5,-24.68382830227571,NA,-25.22823350958293,NA,-24.924911824073703,NA,1.197274626696634,NA,1.197207333245688,NA,1.005629742506169,NA,1.0055403867692694,NA
9872297,72,n ø n y j,5,-18.59665120544969,NA,-23.859590348601593,NA,-23.813870098081395,NA,1.1568370879889744,NA,1.1568399878441131,NA,1.0032243478372642,NA,1.0032682870588847,NA
9872297,28,h e ʒ o ʃ,5,-20.611692059199083,NA,-21.352021945146213,NA,-21.261716898107,NA,1.2591859769516531,NA,1.2590125489549313,NA,1.0061370897175157,NA,1.006025124082477,NA
9872297,19,h a ʒ a ʒ,5,-20.66320435727874,NA,-18.991359167803843,NA,-19.22316769797684,NA,1.503268859604257,NA,1.502664785412429,NA,1.0253887052721251,NA,1.024260469695336,NA
9872297,87,b i j o p,5,-17.819792145237756,NA,-14.411741791563118,NA,-14.44982851725279,NA,1.2320675183451335,NA,1.231941850926206,NA,1.019116645133666,NA,1.018318051070536,NA
9872297,100,z a c y c,5,-22.967338641377513,NA,-Inf,NA,-27.738112216193443,NA,1.30615402707163,NA,1.305906320725149,NA,1.004670156559676,NA,1.004641947160086,NA
9872650,91,b a b u z,5,-17.031411824215805,NA,-14.580740364522184,NA,-14.616442917521326,NA,1.4171372456831095,NA,1.4166893612568667,NA,1.0339474952511396,NA,1.0323546619528714,NA
9872650,25,g o ɟ ø ʒ,5,-27.290446500844467,NA,-Inf,NA,-25.568532573095965,NA,1.1030121135597626,NA,1.1031174848991148,NA,1.001138393401175,NA,1.0012964338824402,NA
9872650,100,k ɯ ɾ ɯ ɾ,5,-15.10408899194573,NA,-12.806763517338286,NA,-12.830040671057915,NA,1.4320972084974872,NA,1.431600707758244,NA,1.049706303938969,NA,1.0471916891539033,NA
9872650,52,g ɯ k o p,5,-18.396509345599615,NA,-15.155469592030345,NA,-15.199246251117556,NA,1.1896978651358043,NA,1.189645248846842,NA,1.0101186670128863,NA,1.0097904273217253,NA
9872650,36,g o ɟ y ʒ,5,-26.081748746789877,NA,-24.756749204677632,NA,-24.261882275036,NA,1.1234691196569762,NA,1.1235372562431791,NA,1.0013257973115228,NA,1.001472532342125,NA
9872650,41,g ɯ ɟ y z,5,-23.285064406939977,NA,-21.353497172991236,NA,-20.799421774706857,NA,1.129558756841315,NA,1.1296104538368636,NA,1.0031897183162923,NA,1.003233960514907,NA
9872650,36,n ɯ d͡ʒ ɯ ʒ,5,-20.35265516851573,NA,-Inf,NA,-23.177728006252813,NA,1.141386496349446,NA,1.1414208042131675,NA,1.0016727518916322,NA,1.0018002670345545,NA
9872650,34,g u ɟ e ʒ,5,-24.520648215729064,NA,-Inf,NA,-25.12589588220793,NA,1.2072204570857334,NA,1.2071361783307428,NA,1.0015072051556937,NA,1.0016432622663496,NA
9872650,20,n ɯ t u j,5,-16.458023913936312,NA,-21.523380072352197,NA,-21.520724492736264,NA,1.2065410713885756,NA,1.2064562308023568,NA,1.0047893568512176,NA,1.0047454608812807,NA
9872650,33,b i ʒ i ʃ,5,-19.526656073717337,NA,-17.97370132018528,NA,-18.017836365125127,NA,1.2861479817833397,NA,1.285919656722362,NA,1.0177954456980225,NA,1.017025230789646,NA
9872650,56,m y ɾ o n,5,-16.510128365915982,NA,-13.311535765675442,NA,-13.341581660625684,NA,1.4011942661317132,NA,1.400755060745874,NA,1.0445744785123534,NA,1.0423874508376312,NA
9872650,20,d ø ʒ u ʒ,5,-24.98943492896086,NA,-Inf,NA,-24.22776906482711,NA,1.1165991658515588,NA,1.116677401262255,NA,1.0026538128249567,NA,1.0027322776999663,NA
9872650,11,ɫ o m ɯ t,5,-16.10906876251265,NA,-20.463295386477544,NA,-20.459024896790748,NA,1.226354557914894,NA,1.2262249588685283,NA,1.0089687051569078,NA,1.008691414558396,NA
9872650,68,ɟ e ɟ e c,5,-26.93213315832468,NA,-Inf,NA,-34.31977028302991,NA,1.279903805241355,NA,1.279694004217295,NA,1.0007611186215082,NA,1.0009324466444522,NA
9872650,66,t i k ɯ ɾ,5,-14.54245432215599,NA,-13.212451852990958,NA,-13.233651743758994,NA,1.352332061924168,NA,1.3519743902412205,NA,1.0240330562526363,NA,1.0228729978485829,NA
9872650,29,l i v ø c,5,-23.521629066683385,NA,-Inf,NA,-33.078770632151944,NA,1.1258459326384591,NA,1.1259116896807664,NA,1.0021258039899703,NA,1.0022313327026664,NA
9872650,47,t͡ʃ y f i c,5,-21.728960784187848,NA,-22.716786973512093,NA,-22.5853234924357,NA,1.2320360956439638,NA,1.2319083144749632,NA,1.006182387818063,NA,1.006063337860201,NA
9872650,43,h e ʒ o ʃ,5,-20.611692059199083,NA,-21.352021945146213,NA,-21.261716898107,NA,1.2591859769516531,NA,1.2590125489549313,NA,1.0061370897175157,NA,1.006025124082477,NA
9872650,46,k ɯ ɾ ø ɾ,5,-16.815335788926927,NA,-15.47207327845282,NA,-15.47290521159459,NA,1.3818949177686708,NA,1.3814897925657066,NA,1.0336014287971542,NA,1.032037505843908,NA
9872650,36,ɟ e ʒ o ʒ,5,-26.6208257994316,NA,-Inf,NA,-28.771466371087545,NA,1.1960975503401443,NA,1.196040131009795,NA,1.0007952166504448,NA,1.0009691836637256,NA
9872650,49,m e ɾ ɯ ɾ,5,-14.482075691887497,NA,-12.618518906214195,NA,-12.639743620026252,NA,1.5363601221358536,NA,1.535683225407098,NA,1.0643340657695692,NA,1.061047884258652,NA
9872650,85,k u k o n,5,-16.067983991564752,NA,-13.63563902211114,NA,-13.66252219216208,NA,1.3321316029835863,NA,1.331812746650162,NA,1.022135193672589,NA,1.0211308803551549,NA
9872650,87,ɫ o h o h,5,-18.44006945078326,NA,-24.54133724676997,NA,-24.433813499665337,NA,1.140881701067639,NA,1.140915313678908,NA,1.0026601201755148,NA,1.0027379316413156,NA
9872650,41,b u ʒ a ʒ,5,-22.017309102851215,NA,-20.97270040380033,NA,-21.003650352513297,NA,1.323179462039307,NA,1.3228869771540068,NA,1.0084920033526763,NA,1.0082515552702562,NA
9872650,36,h a ʒ a ʒ,5,-20.66320435727874,NA,-18.991359167803843,NA,-19.22316769797684,NA,1.503268859604257,NA,1.502664785412429,NA,1.0253887052721251,NA,1.024260469695336,NA
9872650,91,b u p o n,5,-18.090788535226785,NA,-14.871571711459897,NA,-14.898543975468526,NA,1.2534517142540844,NA,1.2532693351189497,NA,1.0146087672669268,NA,1.014002641902062,NA
9872650,37,ɟ e d͡ʒ ɯ ʃ,5,-21.882833802794956,NA,-Inf,NA,-23.003164237882388,NA,1.2591492701203255,NA,1.2589729296039585,NA,1.0107052213650367,NA,1.0102980225080054,NA
9872650,54,l i l y j,5,-19.970386134913596,NA,-Inf,NA,-29.06974718873675,NA,1.1481724014715176,NA,1.148190949754183,NA,1.0019943881319666,NA,1.002104960638429,NA
9872650,50,z a c y c,5,-22.967338641377513,NA,-Inf,NA,-27.738112216193443,NA,1.30615402707163,NA,1.305906320725149,NA,1.004670156559676,NA,1.004641947160086,NA
9872650,60,d͡ʒ o c e c,5,-23.67398203471596,NA,-Inf,NA,-30.529401402579964,NA,1.1916801758594504,NA,1.1916230071191674,NA,1.0012482052809664,NA,1.0013939567073278,NA
9872650,38,h a ʒ y z,5,-20.11715672705851,NA,-17.4716328950729,NA,-17.489616749544957,NA,1.3520981109642247,NA,1.3517647948669438,NA,1.0246878459352902,NA,1.0236026306218002,NA
9872650,58,z a ɟ e c,5,-22.710963226448087,NA,-Inf,NA,-26.8402764213242,NA,1.3881083490241413,NA,1.3877113533137964,NA,1.0055295882618005,NA,1.005450234168199,NA
9872650,37,d ø z i ʒ,5,-21.70542391051496,NA,-19.545489240999224,NA,-19.60431392431074,NA,1.2249679545138032,NA,1.2248519373951183,NA,1.009262247629164,NA,1.008979216459775,NA
9872650,75,ɫ a c i v,5,-18.573457430867325,NA,-Inf,NA,-26.542814999082395,NA,1.405256699256112,NA,1.4048253291152235,NA,1.004371680977657,NA,1.004344736513621,NA
9872650,96,k a k o n,5,-14.50659106646786,NA,-12.17321902001452,NA,-12.197940719744937,NA,1.533550580453257,NA,1.532883248380266,NA,1.0716980709170678,NA,1.0680836932215294,NA
9872650,98,v ø l y c,5,-24.69819952981217,NA,-Inf,NA,-34.22078322004938,NA,1.0738270837624526,NA,1.0739812033064169,NA,1.000065210303228,NA,1.0002790383147078,NA
9872650,35,ʃ o ʃ e ʒ,5,-20.72090935766442,NA,-22.109244486171928,NA,-22.17599288318765,NA,1.2201293152835069,NA,1.2200223876473202,NA,1.0053494657208828,NA,1.005275324117079,NA
9872650,41,v ø d͡ʒ o h,5,-21.363641778803853,NA,-Inf,NA,-28.344098104475098,NA,1.0848245663042964,NA,1.0849553554942497,NA,1.0002254577062906,NA,1.0004310609040532,NA
9872650,56,n ø n y j,5,-18.59665120544969,NA,-23.859590348601593,NA,-23.813870098081395,NA,1.1568370879889744,NA,1.1568399878441131,NA,1.0032243478372642,NA,1.0032682870588847,NA
9872650,60,n u c y j,5,-20.658545558102126,NA,-Inf,NA,-27.875256524586018,NA,1.1303835200334362,NA,1.1304329817238876,NA,1.0009000520491858,NA,1.001068684949295,NA
9872650,50,ɟ ø ɟ ø t͡ʃ,5,-29.830320053966172,NA,-Inf,NA,-28.770426831168702,NA,1.0317338743417712,NA,1.0319599892793068,NA,1.0000545077946146,NA,1.0002695361099974,NA
9872650,100,l y l e c,5,-22.712932987058565,NA,-Inf,NA,-32.3160745795191,NA,1.197065582611408,NA,1.1969989614223264,NA,1.0011971809784252,NA,1.0013454564534352,NA
9872650,42,n ɯ t i v,5,-16.232908095139347,NA,-21.96802980566556,NA,-21.957749241597252,NA,1.268821147095549,NA,1.2686250852060037,NA,1.0211694574491372,NA,1.0202141924744377,NA
9872650,58,ɟ e ɟ y c,5,-28.30653894777932,NA,-Inf,NA,-33.570427837482214,NA,1.196423265039634,NA,1.1963654108494548,NA,1.000231209196349,NA,1.000436132364972,NA
9872650,35,f y c ø v,5,-24.105639586157395,NA,-Inf,NA,-24.665973193548194,NA,1.1129298669413028,NA,1.1130142426187757,NA,1.0013678237866614,NA,1.0015130661860885,NA
9872650,50,l y g a s,5,-18.444893137077603,NA,-Inf,NA,-26.067538150583637,NA,1.3050485464253128,NA,1.3047771819509606,NA,1.0127422017772911,NA,1.0121847222339244,NA
9872650,100,k o k u ɾ,5,-15.81589881907191,NA,-14.164787591245988,NA,-14.189177293546392,NA,1.3561640083612907,NA,1.3558006156133138,NA,1.0309577781402457,NA,1.029465068337247,NA
9872650,40,ɟ y f e ʒ,5,-24.68382830227571,NA,-25.22823350958293,NA,-24.924911824073703,NA,1.197274626696634,NA,1.197207333245688,NA,1.005629742506169,NA,1.0055403867692694,NA
9872650,58,v ø l e j,5,-20.38341156188671,NA,-Inf,NA,-29.973439994045172,NA,1.1770011355390022,NA,1.1769622987891786,NA,1.0039778284969023,NA,1.0039467441646983,NA
9872650,33,n ø m ɯ j,5,-18.18724158107039,NA,-23.99488997807466,NA,-23.947971790620024,NA,1.1624899274009108,NA,1.1624806365353328,NA,1.0028689545306988,NA,1.002926864143793,NA
9872650,36,h a ʒ o ʒ,5,-22.411292023981808,NA,-19.98257424570709,NA,-20.012146466153983,NA,1.3339144804373528,NA,1.3336186560682508,NA,1.0242965841159228,NA,1.023235860036801,NA
9872650,49,g ɯ ɾ a ʒ,5,-18.902722310983343,NA,-16.198481439042656,NA,-16.34403605221776,NA,1.419942412927112,NA,1.419480952598695,NA,1.0501716213082088,NA,1.0476633593333955,NA
9872650,29,d͡ʒ o h ɯ ʒ,5,-21.695656866924992,NA,-Inf,NA,-27.095777081000016,NA,1.1667337478513735,NA,1.1667240129734051,NA,1.001314605615787,NA,1.0014626748261763,NA
9872650,80,b o ʒ i n,5,-19.551581921206928,NA,-15.34865531235195,NA,-15.46250667001904,NA,1.3176726144950657,NA,1.3173711639403407,NA,1.0201904519518092,NA,1.019223006244508,NA
9872650,80,m e ɾ u ɾ,5,-14.696942662362323,NA,-13.023558297137315,NA,-13.045322398545368,NA,1.5265589938664366,NA,1.5258999366294403,NA,1.061050686684545,NA,1.0579611009135987,NA
9872650,29,h i ʒ u ʒ,5,-22.897101816795516,NA,-22.812369904220137,NA,-22.719046165604528,NA,1.174823947299784,NA,1.1748014419634516,NA,1.005038918518121,NA,1.0049919529548976,NA
9872650,92,k ɯ ɾ e t,5,-14.34461899583014,NA,-12.379643812608151,NA,-12.401069233681326,NA,1.4574007718602364,NA,1.4568656707805725,NA,1.0575407260274738,NA,1.054575679739315,NA
9872650,77,ɟ y s y f,5,-22.96626912908152,NA,-23.65293144228456,NA,-23.26150177793404,NA,1.162474537561398,NA,1.1624701118447611,NA,1.007526105518591,NA,1.0073429378505647,NA
9872650,58,n ɯ c e h,5,-19.392820783812937,NA,-Inf,NA,-28.037484047969727,NA,1.1958159292110446,NA,1.1957471731906515,NA,1.001629162737002,NA,1.0017483602739372,NA
9872650,58,ɫ o c y c,5,-23.77472516728996,NA,-Inf,NA,-29.95538503380819,NA,1.101649180915417,NA,1.1017552870760137,NA,1.0021777770233191,NA,1.0022805824390244,NA
9872650,40,f i b ɯ ʒ,5,-20.436961838794783,NA,-Inf,NA,-22.999633738347892,NA,1.1898218295863592,NA,1.1897722159469446,NA,1.0083986623139738,NA,1.0081722495289367,NA
9872650,35,v e ɟ ø ʒ,5,-25.88724899922946,NA,-Inf,NA,-26.13349816640546,NA,1.1934115930661473,NA,1.1933605512070449,NA,1.0050916845666988,NA,1.0050420161949054,NA
9872650,38,b e ɟ i ʒ,5,-22.954468016281908,NA,-24.634615074769357,NA,-24.189436304001077,NA,1.352371013895645,NA,1.3520350120491875,NA,1.0125225794453168,NA,1.012081798156116,NA
9872650,41,b i h a ʒ,5,-18.744934240832112,NA,-16.24298849238163,NA,-16.385096205880032,NA,1.3733553453253655,NA,1.372975726405124,NA,1.0233784812990958,NA,1.0223335961608893,NA
9872650,31,v ɯ m o ʒ,5,-20.866255525720582,NA,-21.52786979559882,NA,-21.609613266696552,NA,1.1433244251421313,NA,1.1433577818079883,NA,1.0025302512137306,NA,1.002610125753439,NA
9872650,91,n u n u ɫ,5,-16.1837999949144,NA,-19.621241364005783,NA,-19.623919938160853,NA,1.262793973357144,NA,1.262597334354253,NA,1.0096134601254851,NA,1.0092804006803462,NA
9872650,76,n u c y c,5,-23.59892773657295,NA,-Inf,NA,-30.1793505288519,NA,1.1106900084586075,NA,1.1107804796089662,NA,1.00076963144273,NA,1.0009464280876286,NA
9872650,79,c i t͡ʃ e f,5,-20.35455499473321,NA,-Inf,NA,-23.19101449988911,NA,1.2206632956388237,NA,1.2205511500064978,NA,1.0041193198207332,NA,1.0040987094266125,NA
9872650,100,k a ɾ e t,5,-12.998093041208076,NA,-11.97346206217353,NA,-11.990829041411471,NA,1.6697599573021775,NA,1.6688574527874926,NA,1.110223784834866,NA,1.1044830661891687,NA
9872650,44,d͡ʒ o ʒ o h,5,-22.097218579005993,NA,-25.099219589381008,NA,-24.904916978881896,NA,1.11821597789651,NA,1.118289134009679,NA,1.0007051178379167,NA,1.0008859248512416,NA
9872650,41,l y g ɯ h,5,-20.4998975830064,NA,-Inf,NA,-29.036115755256105,NA,1.149974565951282,NA,1.149989887931764,NA,1.00059203852765,NA,1.0007759709906086,NA
9872650,80,n y n y j,5,-17.387953451395102,NA,-22.84121056217028,NA,-22.81293712937672,NA,1.207963604453446,NA,1.2078780501278503,NA,1.0079609523814197,NA,1.0077547671760057,NA
9872650,40,m a f ɯ ʒ,5,-19.123444916118363,NA,-Inf,NA,-20.272463690019514,NA,1.433901152468908,NA,1.4334293801112787,NA,1.028327685373242,NA,1.0270542242358425,NA
9872650,83,ɟ i ɟ e c,5,-27.129968484650533,NA,-Inf,NA,-33.71720502403168,NA,1.193736127598374,NA,1.1936754056013783,NA,1.0007611186215082,NA,1.0009324466444522,NA
9872650,24,b y t͡ʃ ɯ ʒ,5,-21.616844660036552,NA,-Inf,NA,-22.629276208594433,NA,1.2022894136775335,NA,1.2022183989320754,NA,1.0049370975420808,NA,1.00489232261725,NA
9872650,91,l e k a ɾ,5,-15.017293036612118,NA,-19.407834498130676,NA,-19.044786274829686,NA,1.5080939526744883,NA,1.5074543029063974,NA,1.045194852222235,NA,1.0427811490211962,NA
9872650,53,n i v y j,5,-17.493047560834334,NA,-22.47616192556484,NA,-22.44275508862507,NA,1.18050489552488,NA,1.1804673180900334,NA,1.0055738254825757,NA,1.0054960636982748,NA
9872650,100,b i j o p,5,-17.819792145237756,NA,-14.411741791563118,NA,-14.44982851725279,NA,1.2320675183451335,NA,1.231941850926206,NA,1.019116645133666,NA,1.018318051070536,NA
9872650,57,f u c i c,5,-23.709298903113027,NA,-Inf,NA,-29.70602713063263,NA,1.206154311454209,NA,1.2060714855791586,NA,1.0011929509918631,NA,1.0013448826976608,NA
9872650,88,l e l y c,5,-22.712932987058565,NA,-Inf,NA,-31.625008565162982,NA,1.2146465675396698,NA,1.214557046255178,NA,1.0031176468016472,NA,1.0031701069775885,NA
9872650,45,b u ɟ ø ʒ,5,-26.42645995046814,NA,-Inf,NA,-24.718693605330763,NA,1.1344111048101857,NA,1.134462175918881,NA,1.0071497434921757,NA,1.006991934093099,NA
9872650,33,g ɯ ɟ y ʒ,5,-25.680187034708876,NA,-24.79307060996098,NA,-24.185039595714763,NA,1.112799708911742,NA,1.112886304686086,NA,1.002733246193697,NA,1.0028060614990746,NA
9872650,50,t͡ʃ o ɫ a ʒ,5,-19.424282256875884,NA,-18.005456232553836,NA,-18.13605719361724,NA,1.37194225034822,NA,1.3715644260384483,NA,1.027293545810697,NA,1.0260195746102412,NA
9872650,42,ɟ y ʒ o ʒ,5,-27.99523158888624,NA,-28.69284841696419,NA,-28.14090746152981,NA,1.095036025210162,NA,1.095153452809103,NA,1.000304646498913,NA,1.0005045476286198,NA
9872650,41,h ø ʒ ɯ ʃ,5,-22.793233890627302,NA,-Inf,NA,-24.383373092781312,NA,1.1381678025861008,NA,1.13820094196689,NA,1.006410521744585,NA,1.0062326049478594,NA
9872650,100,t i k o n,5,-15.196101206729836,NA,-13.240996547523356,NA,-13.26604749315664,NA,1.31822773105001,NA,1.3179329037806882,NA,1.0146171328879905,NA,1.0140073512575454,NA
9872650,93,t ø ɾ a n,5,-15.737900612639798,NA,-14.053612751333944,NA,-14.0900146594381,NA,1.4983632288774549,NA,1.4977406461807206,NA,1.0585320936609162,NA,1.055335124686371,NA
9872650,61,k u ɾ ɯ ɾ,5,-15.318955962420556,NA,-13.370493909747877,NA,-13.394216805421626,NA,1.4430374164697577,NA,1.4425219880350606,NA,1.0417068954004978,NA,1.0396145126083167,NA
9872650,75,b u m e l,5,-17.814766387475487,NA,-15.347656861812922,NA,-15.39559611789573,NA,1.295187097363635,NA,1.2949473270829202,NA,1.01977328294233,NA,1.0189224624213549,NA
9872650,92,b a d͡ʒ ɯ z,5,-17.34515839292861,NA,-14.26280182945655,NA,-14.306332778850988,NA,1.4154917370834543,NA,1.4150459441905807,NA,1.0246087747061503,NA,1.023516791495323,NA
9872650,94,t͡ʃ ø z e z,5,-19.754215062891827,NA,-16.895697183378992,NA,-16.939241023440918,NA,1.2120949070379754,NA,1.2119958615786497,NA,1.009437938030965,NA,1.0091286519340401,NA
9872650,38,g u g ɯ ʒ,5,-22.12764402414707,NA,-Inf,NA,-23.62799403133488,NA,1.1604076914316734,NA,1.1604091652027129,NA,1.002296865096124,NA,1.0023929390707258,NA
9872650,45,l y g u j,5,-20.39121656784095,NA,-Inf,NA,-28.45058894678722,NA,1.147281360733707,NA,1.147299720778366,NA,1.0011865525645776,NA,1.0013362474692384,NA
9872650,67,l e l e h,5,-18.72169300477338,NA,-28.452981385838587,NA,-27.71152573039103,NA,1.3107126962643774,NA,1.31044502011368,NA,1.0043566425629775,NA,1.0043315471634189,NA
9872650,50,z a ɟ ø c,5,-25.29406676995731,NA,-Inf,NA,-27.908409897602446,NA,1.2841708027252068,NA,1.2839629886018915,NA,1.0048774852295213,NA,1.004838949859867,NA
9872650,42,ɟ ø j o ʒ,5,-26.49689488595845,NA,-Inf,NA,-23.932703542616142,NA,1.0852809248581945,NA,1.085414770218477,NA,1.0023189127998635,NA,1.002409614578854,NA
9872701,39,b u m e l,5,-17.814766387475487,NA,-15.347656861812922,NA,-15.39559611789573,NA,1.295187097363635,NA,1.2949473270829202,NA,1.01977328294233,NA,1.0189224624213549,NA
9872701,0,t i k o n,5,-15.196101206729836,NA,-13.240996547523356,NA,-13.26604749315664,NA,1.31822773105001,NA,1.3179329037806882,NA,1.0146171328879905,NA,1.0140073512575454,NA
9872701,19,g ɯ ɟ y z,5,-23.285064406939977,NA,-21.353497172991236,NA,-20.799421774706857,NA,1.129558756841315,NA,1.1296104538368636,NA,1.0031897183162923,NA,1.003233960514907,NA
9872701,42,ɫ o h o h,5,-18.44006945078326,NA,-24.54133724676997,NA,-24.433813499665337,NA,1.140881701067639,NA,1.140915313678908,NA,1.0026601201755148,NA,1.0027379316413156,NA
9872701,78,k u ɾ ɯ ɾ,5,-15.318955962420556,NA,-13.370493909747877,NA,-13.394216805421626,NA,1.4430374164697577,NA,1.4425219880350606,NA,1.0417068954004978,NA,1.0396145126083167,NA
9872701,100,l y g a s,5,-18.444893137077603,NA,-Inf,NA,-26.067538150583637,NA,1.3050485464253128,NA,1.3047771819509606,NA,1.0127422017772911,NA,1.0121847222339244,NA
9872701,61,b i ʒ i ʃ,5,-19.526656073717337,NA,-17.97370132018528,NA,-18.017836365125127,NA,1.2861479817833397,NA,1.285919656722362,NA,1.0177954456980225,NA,1.017025230789646,NA
9872701,100,ʃ o ʃ e ʒ,5,-20.72090935766442,NA,-22.109244486171928,NA,-22.17599288318765,NA,1.2201293152835069,NA,1.2200223876473202,NA,1.0053494657208828,NA,1.005275324117079,NA
9872701,17,t͡ʃ ø z e z,5,-19.754215062891827,NA,-16.895697183378992,NA,-16.939241023440918,NA,1.2120949070379754,NA,1.2119958615786497,NA,1.009437938030965,NA,1.0091286519340401,NA
9872701,67,c i t͡ʃ e f,5,-20.35455499473321,NA,-Inf,NA,-23.19101449988911,NA,1.2206632956388237,NA,1.2205511500064978,NA,1.0041193198207332,NA,1.0040987094266125,NA
9872701,75,k ɯ ɾ e t,5,-14.34461899583014,NA,-12.379643812608151,NA,-12.401069233681326,NA,1.4574007718602364,NA,1.4568656707805725,NA,1.0575407260274738,NA,1.054575679739315,NA
9872701,37,l y g u j,5,-20.39121656784095,NA,-Inf,NA,-28.45058894678722,NA,1.147281360733707,NA,1.147299720778366,NA,1.0011865525645776,NA,1.0013362474692384,NA
9872701,0,m e ɾ ɯ ɾ,5,-14.482075691887497,NA,-12.618518906214195,NA,-12.639743620026252,NA,1.5363601221358536,NA,1.535683225407098,NA,1.0643340657695692,NA,1.061047884258652,NA
9872701,0,ɟ ø j o ʒ,5,-26.49689488595845,NA,-Inf,NA,-23.932703542616142,NA,1.0852809248581945,NA,1.085414770218477,NA,1.0023189127998635,NA,1.002409614578854,NA
9872701,75,b e ɟ i ʒ,5,-22.954468016281908,NA,-24.634615074769357,NA,-24.189436304001077,NA,1.352371013895645,NA,1.3520350120491875,NA,1.0125225794453168,NA,1.012081798156116,NA
9872701,58,n ɯ t i v,5,-16.232908095139347,NA,-21.96802980566556,NA,-21.957749241597252,NA,1.268821147095549,NA,1.2686250852060037,NA,1.0211694574491372,NA,1.0202141924744377,NA
9872701,0,g o ɟ ø ʒ,5,-27.290446500844467,NA,-Inf,NA,-25.568532573095965,NA,1.1030121135597626,NA,1.1031174848991148,NA,1.001138393401175,NA,1.0012964338824402,NA
9872701,100,b u ɟ ø ʒ,5,-26.42645995046814,NA,-Inf,NA,-24.718693605330763,NA,1.1344111048101857,NA,1.134462175918881,NA,1.0071497434921757,NA,1.006991934093099,NA
9872701,57,ɟ i ɟ e c,5,-27.129968484650533,NA,-Inf,NA,-33.71720502403168,NA,1.193736127598374,NA,1.1936754056013783,NA,1.0007611186215082,NA,1.0009324466444522,NA
9872701,80,b i h a ʒ,5,-18.744934240832112,NA,-16.24298849238163,NA,-16.385096205880032,NA,1.3733553453253655,NA,1.372975726405124,NA,1.0233784812990958,NA,1.0223335961608893,NA
9872701,0,k u k o n,5,-16.067983991564752,NA,-13.63563902211114,NA,-13.66252219216208,NA,1.3321316029835863,NA,1.331812746650162,NA,1.022135193672589,NA,1.0211308803551549,NA
9872701,0,v ø d͡ʒ o h,5,-21.363641778803853,NA,-Inf,NA,-28.344098104475098,NA,1.0848245663042964,NA,1.0849553554942497,NA,1.0002254577062906,NA,1.0004310609040532,NA
9872701,100,b i j o p,5,-17.819792145237756,NA,-14.411741791563118,NA,-14.44982851725279,NA,1.2320675183451335,NA,1.231941850926206,NA,1.019116645133666,NA,1.018318051070536,NA
9872701,58,g ɯ ɾ a ʒ,5,-18.902722310983343,NA,-16.198481439042656,NA,-16.34403605221776,NA,1.419942412927112,NA,1.419480952598695,NA,1.0501716213082088,NA,1.0476633593333955,NA
9872701,85,ɟ e ɟ e c,5,-26.93213315832468,NA,-Inf,NA,-34.31977028302991,NA,1.279903805241355,NA,1.279694004217295,NA,1.0007611186215082,NA,1.0009324466444522,NA
9872701,17,h a ʒ y z,5,-20.11715672705851,NA,-17.4716328950729,NA,-17.489616749544957,NA,1.3520981109642247,NA,1.3517647948669438,NA,1.0246878459352902,NA,1.0236026306218002,NA
9872701,12,g u g ɯ ʒ,5,-22.12764402414707,NA,-Inf,NA,-23.62799403133488,NA,1.1604076914316734,NA,1.1604091652027129,NA,1.002296865096124,NA,1.0023929390707258,NA
9872701,88,d ø z i ʒ,5,-21.70542391051496,NA,-19.545489240999224,NA,-19.60431392431074,NA,1.2249679545138032,NA,1.2248519373951183,NA,1.009262247629164,NA,1.008979216459775,NA
9872701,59,b a b u z,5,-17.031411824215805,NA,-14.580740364522184,NA,-14.616442917521326,NA,1.4171372456831095,NA,1.4166893612568667,NA,1.0339474952511396,NA,1.0323546619528714,NA
9872701,9,n y n y j,5,-17.387953451395102,NA,-22.84121056217028,NA,-22.81293712937672,NA,1.207963604453446,NA,1.2078780501278503,NA,1.0079609523814197,NA,1.0077547671760057,NA
9872701,80,l e l y c,5,-22.712932987058565,NA,-Inf,NA,-31.625008565162982,NA,1.2146465675396698,NA,1.214557046255178,NA,1.0031176468016472,NA,1.0031701069775885,NA
9872701,0,n i v y j,5,-17.493047560834334,NA,-22.47616192556484,NA,-22.44275508862507,NA,1.18050489552488,NA,1.1804673180900334,NA,1.0055738254825757,NA,1.0054960636982748,NA
9872701,0,d͡ʒ o h ɯ ʒ,5,-21.695656866924992,NA,-Inf,NA,-27.095777081000016,NA,1.1667337478513735,NA,1.1667240129734051,NA,1.001314605615787,NA,1.0014626748261763,NA
9872701,75,z a ɟ ø c,5,-25.29406676995731,NA,-Inf,NA,-27.908409897602446,NA,1.2841708027252068,NA,1.2839629886018915,NA,1.0048774852295213,NA,1.004838949859867,NA
9872701,0,t i k ɯ ɾ,5,-14.54245432215599,NA,-13.212451852990958,NA,-13.233651743758994,NA,1.352332061924168,NA,1.3519743902412205,NA,1.0240330562526363,NA,1.0228729978485829,NA
9872701,0,n ɯ d͡ʒ ɯ ʒ,5,-20.35265516851573,NA,-Inf,NA,-23.177728006252813,NA,1.141386496349446,NA,1.1414208042131675,NA,1.0016727518916322,NA,1.0018002670345545,NA
9872701,60,l i v ø c,5,-23.521629066683385,NA,-Inf,NA,-33.078770632151944,NA,1.1258459326384591,NA,1.1259116896807664,NA,1.0021258039899703,NA,1.0022313327026664,NA
9872701,0,l y g ɯ h,5,-20.4998975830064,NA,-Inf,NA,-29.036115755256105,NA,1.149974565951282,NA,1.149989887931764,NA,1.00059203852765,NA,1.0007759709906086,NA
9872701,60,h ø ʒ ɯ ʃ,5,-22.793233890627302,NA,-Inf,NA,-24.383373092781312,NA,1.1381678025861008,NA,1.13820094196689,NA,1.006410521744585,NA,1.0062326049478594,NA
9872701,36,g u ɟ e ʒ,5,-24.520648215729064,NA,-Inf,NA,-25.12589588220793,NA,1.2072204570857334,NA,1.2071361783307428,NA,1.0015072051556937,NA,1.0016432622663496,NA
9872701,24,d͡ʒ o c e c,5,-23.67398203471596,NA,-Inf,NA,-30.529401402579964,NA,1.1916801758594504,NA,1.1916230071191674,NA,1.0012482052809664,NA,1.0013939567073278,NA
9872701,12,v e ɟ ø ʒ,5,-25.88724899922946,NA,-Inf,NA,-26.13349816640546,NA,1.1934115930661473,NA,1.1933605512070449,NA,1.0050916845666988,NA,1.0050420161949054,NA
9872701,60,l y l e c,5,-22.712932987058565,NA,-Inf,NA,-32.3160745795191,NA,1.197065582611408,NA,1.1969989614223264,NA,1.0011971809784252,NA,1.0013454564534352,NA
9872701,100,ɟ ø ɟ ø t͡ʃ,5,-29.830320053966172,NA,-Inf,NA,-28.770426831168702,NA,1.0317338743417712,NA,1.0319599892793068,NA,1.0000545077946146,NA,1.0002695361099974,NA
9872701,25,z a c y c,5,-22.967338641377513,NA,-Inf,NA,-27.738112216193443,NA,1.30615402707163,NA,1.305906320725149,NA,1.004670156559676,NA,1.004641947160086,NA
9872701,100,h a ʒ a ʒ,5,-20.66320435727874,NA,-18.991359167803843,NA,-19.22316769797684,NA,1.503268859604257,NA,1.502664785412429,NA,1.0253887052721251,NA,1.024260469695336,NA
9872701,29,ɟ y ʒ o ʒ,5,-27.99523158888624,NA,-28.69284841696419,NA,-28.14090746152981,NA,1.095036025210162,NA,1.095153452809103,NA,1.000304646498913,NA,1.0005045476286198,NA
9872701,39,k a ɾ e t,5,-12.998093041208076,NA,-11.97346206217353,NA,-11.990829041411471,NA,1.6697599573021775,NA,1.6688574527874926,NA,1.110223784834866,NA,1.1044830661891687,NA
9872701,13,z a ɟ e c,5,-22.710963226448087,NA,-Inf,NA,-26.8402764213242,NA,1.3881083490241413,NA,1.3877113533137964,NA,1.0055295882618005,NA,1.005450234168199,NA
9872701,90,l i l y j,5,-19.970386134913596,NA,-Inf,NA,-29.06974718873675,NA,1.1481724014715176,NA,1.148190949754183,NA,1.0019943881319666,NA,1.002104960638429,NA
9872701,100,f y c ø v,5,-24.105639586157395,NA,-Inf,NA,-24.665973193548194,NA,1.1129298669413028,NA,1.1130142426187757,NA,1.0013678237866614,NA,1.0015130661860885,NA
9872701,55,v ø l y c,5,-24.69819952981217,NA,-Inf,NA,-34.22078322004938,NA,1.0738270837624526,NA,1.0739812033064169,NA,1.000065210303228,NA,1.0002790383147078,NA
9872701,33,l e k a ɾ,5,-15.017293036612118,NA,-19.407834498130676,NA,-19.044786274829686,NA,1.5080939526744883,NA,1.5074543029063974,NA,1.045194852222235,NA,1.0427811490211962,NA
9872701,100,b a d͡ʒ ɯ z,5,-17.34515839292861,NA,-14.26280182945655,NA,-14.306332778850988,NA,1.4154917370834543,NA,1.4150459441905807,NA,1.0246087747061503,NA,1.023516791495323,NA
9872701,28,t͡ʃ o ɫ a ʒ,5,-19.424282256875884,NA,-18.005456232553836,NA,-18.13605719361724,NA,1.37194225034822,NA,1.3715644260384483,NA,1.027293545810697,NA,1.0260195746102412,NA
9872701,22,ɫ o c y c,5,-23.77472516728996,NA,-Inf,NA,-29.95538503380819,NA,1.101649180915417,NA,1.1017552870760137,NA,1.0021777770233191,NA,1.0022805824390244,NA
9872701,22,h a ʒ o ʒ,5,-22.411292023981808,NA,-19.98257424570709,NA,-20.012146466153983,NA,1.3339144804373528,NA,1.3336186560682508,NA,1.0242965841159228,NA,1.023235860036801,NA
9872701,0,n ø m ɯ j,5,-18.18724158107039,NA,-23.99488997807466,NA,-23.947971790620024,NA,1.1624899274009108,NA,1.1624806365353328,NA,1.0028689545306988,NA,1.002926864143793,NA
9872701,100,g ɯ k o p,5,-18.396509345599615,NA,-15.155469592030345,NA,-15.199246251117556,NA,1.1896978651358043,NA,1.189645248846842,NA,1.0101186670128863,NA,1.0097904273217253,NA
9872701,88,ɟ y s y f,5,-22.96626912908152,NA,-23.65293144228456,NA,-23.26150177793404,NA,1.162474537561398,NA,1.1624701118447611,NA,1.007526105518591,NA,1.0073429378505647,NA
9872701,20,k a k o n,5,-14.50659106646786,NA,-12.17321902001452,NA,-12.197940719744937,NA,1.533550580453257,NA,1.532883248380266,NA,1.0716980709170678,NA,1.0680836932215294,NA
9872701,26,g o ɟ y ʒ,5,-26.081748746789877,NA,-24.756749204677632,NA,-24.261882275036,NA,1.1234691196569762,NA,1.1235372562431791,NA,1.0013257973115228,NA,1.001472532342125,NA
9872701,58,ɟ e ɟ y c,5,-28.30653894777932,NA,-Inf,NA,-33.570427837482214,NA,1.196423265039634,NA,1.1963654108494548,NA,1.000231209196349,NA,1.000436132364972,NA
9872701,100,t ø ɾ a n,5,-15.737900612639798,NA,-14.053612751333944,NA,-14.0900146594381,NA,1.4983632288774549,NA,1.4977406461807206,NA,1.0585320936609162,NA,1.055335124686371,NA
9872701,60,n u n u ɫ,5,-16.1837999949144,NA,-19.621241364005783,NA,-19.623919938160853,NA,1.262793973357144,NA,1.262597334354253,NA,1.0096134601254851,NA,1.0092804006803462,NA
9872701,61,b u ʒ a ʒ,5,-22.017309102851215,NA,-20.97270040380033,NA,-21.003650352513297,NA,1.323179462039307,NA,1.3228869771540068,NA,1.0084920033526763,NA,1.0082515552702562,NA
9872701,100,t͡ʃ y f i c,5,-21.728960784187848,NA,-22.716786973512093,NA,-22.5853234924357,NA,1.2320360956439638,NA,1.2319083144749632,NA,1.006182387818063,NA,1.006063337860201,NA
9872701,15,m a f ɯ ʒ,5,-19.123444916118363,NA,-Inf,NA,-20.272463690019514,NA,1.433901152468908,NA,1.4334293801112787,NA,1.028327685373242,NA,1.0270542242358425,NA
9872701,62,b u p o n,5,-18.090788535226785,NA,-14.871571711459897,NA,-14.898543975468526,NA,1.2534517142540844,NA,1.2532693351189497,NA,1.0146087672669268,NA,1.014002641902062,NA
9872701,9,n u c y j,5,-20.658545558102126,NA,-Inf,NA,-27.875256524586018,NA,1.1303835200334362,NA,1.1304329817238876,NA,1.0009000520491858,NA,1.001068684949295,NA
9872701,34,b o ʒ i n,5,-19.551581921206928,NA,-15.34865531235195,NA,-15.46250667001904,NA,1.3176726144950657,NA,1.3173711639403407,NA,1.0201904519518092,NA,1.019223006244508,NA
9872701,30,h i ʒ u ʒ,5,-22.897101816795516,NA,-22.812369904220137,NA,-22.719046165604528,NA,1.174823947299784,NA,1.1748014419634516,NA,1.005038918518121,NA,1.0049919529548976,NA
9872701,25,f i b ɯ ʒ,5,-20.436961838794783,NA,-Inf,NA,-22.999633738347892,NA,1.1898218295863592,NA,1.1897722159469446,NA,1.0083986623139738,NA,1.0081722495289367,NA
9872701,22,n ɯ t u j,5,-16.458023913936312,NA,-21.523380072352197,NA,-21.520724492736264,NA,1.2065410713885756,NA,1.2064562308023568,NA,1.0047893568512176,NA,1.0047454608812807,NA
9872701,81,n u c y c,5,-23.59892773657295,NA,-Inf,NA,-30.1793505288519,NA,1.1106900084586075,NA,1.1107804796089662,NA,1.00076963144273,NA,1.0009464280876286,NA
9872701,28,d ø ʒ u ʒ,5,-24.98943492896086,NA,-Inf,NA,-24.22776906482711,NA,1.1165991658515588,NA,1.116677401262255,NA,1.0026538128249567,NA,1.0027322776999663,NA
9872701,83,ɟ y f e ʒ,5,-24.68382830227571,NA,-25.22823350958293,NA,-24.924911824073703,NA,1.197274626696634,NA,1.197207333245688,NA,1.005629742506169,NA,1.0055403867692694,NA
9872701,56,k ɯ ɾ ɯ ɾ,5,-15.10408899194573,NA,-12.806763517338286,NA,-12.830040671057915,NA,1.4320972084974872,NA,1.431600707758244,NA,1.049706303938969,NA,1.0471916891539033,NA
9872701,76,m e ɾ u ɾ,5,-14.696942662362323,NA,-13.023558297137315,NA,-13.045322398545368,NA,1.5265589938664366,NA,1.5258999366294403,NA,1.061050686684545,NA,1.0579611009135987,NA
9872701,28,n ɯ c e h,5,-19.392820783812937,NA,-Inf,NA,-28.037484047969727,NA,1.1958159292110446,NA,1.1957471731906515,NA,1.001629162737002,NA,1.0017483602739372,NA
9872701,72,d͡ʒ o ʒ o h,5,-22.097218579005993,NA,-25.099219589381008,NA,-24.904916978881896,NA,1.11821597789651,NA,1.118289134009679,NA,1.0007051178379167,NA,1.0008859248512416,NA
9872701,73,ɟ e d͡ʒ ɯ ʃ,5,-21.882833802794956,NA,-Inf,NA,-23.003164237882388,NA,1.2591492701203255,NA,1.2589729296039585,NA,1.0107052213650367,NA,1.0102980225080054,NA
9872701,0,m y ɾ o n,5,-16.510128365915982,NA,-13.311535765675442,NA,-13.341581660625684,NA,1.4011942661317132,NA,1.400755060745874,NA,1.0445744785123534,NA,1.0423874508376312,NA
9872701,81,b y t͡ʃ ɯ ʒ,5,-21.616844660036552,NA,-Inf,NA,-22.629276208594433,NA,1.2022894136775335,NA,1.2022183989320754,NA,1.0049370975420808,NA,1.00489232261725,NA
9872701,56,n ø n y j,5,-18.59665120544969,NA,-23.859590348601593,NA,-23.813870098081395,NA,1.1568370879889744,NA,1.1568399878441131,NA,1.0032243478372642,NA,1.0032682870588847,NA
9872701,0,ɫ o m ɯ t,5,-16.10906876251265,NA,-20.463295386477544,NA,-20.459024896790748,NA,1.226354557914894,NA,1.2262249588685283,NA,1.0089687051569078,NA,1.008691414558396,NA
9872701,0,h e ʒ o ʃ,5,-20.611692059199083,NA,-21.352021945146213,NA,-21.261716898107,NA,1.2591859769516531,NA,1.2590125489549313,NA,1.0061370897175157,NA,1.006025124082477,NA
9872701,67,v ø l e j,5,-20.38341156188671,NA,-Inf,NA,-29.973439994045172,NA,1.1770011355390022,NA,1.1769622987891786,NA,1.0039778284969023,NA,1.0039467441646983,NA
9872701,6,k ɯ ɾ ø ɾ,5,-16.815335788926927,NA,-15.47207327845282,NA,-15.47290521159459,NA,1.3818949177686708,NA,1.3814897925657066,NA,1.0336014287971542,NA,1.032037505843908,NA
9872701,13,g ɯ ɟ y ʒ,5,-25.680187034708876,NA,-24.79307060996098,NA,-24.185039595714763,NA,1.112799708911742,NA,1.112886304686086,NA,1.002733246193697,NA,1.0028060614990746,NA
9872701,60,k o k u ɾ,5,-15.81589881907191,NA,-14.164787591245988,NA,-14.189177293546392,NA,1.3561640083612907,NA,1.3558006156133138,NA,1.0309577781402457,NA,1.029465068337247,NA
9872701,100,l e l e h,5,-18.72169300477338,NA,-28.452981385838587,NA,-27.71152573039103,NA,1.3107126962643774,NA,1.31044502011368,NA,1.0043566425629775,NA,1.0043315471634189,NA
9872701,0,v ɯ m o ʒ,5,-20.866255525720582,NA,-21.52786979559882,NA,-21.609613266696552,NA,1.1433244251421313,NA,1.1433577818079883,NA,1.0025302512137306,NA,1.002610125753439,NA
9872701,87,ɫ a c i v,5,-18.573457430867325,NA,-Inf,NA,-26.542814999082395,NA,1.405256699256112,NA,1.4048253291152235,NA,1.004371680977657,NA,1.004344736513621,NA
9872701,85,f u c i c,5,-23.709298903113027,NA,-Inf,NA,-29.70602713063263,NA,1.206154311454209,NA,1.2060714855791586,NA,1.0011929509918631,NA,1.0013448826976608,NA
9872701,14,ɟ e ʒ o ʒ,5,-26.6208257994316,NA,-Inf,NA,-28.771466371087545,NA,1.1960975503401443,NA,1.196040131009795,NA,1.0007952166504448,NA,1.0009691836637256,NA
9872771,58,g ɯ ɾ a ʒ,5,-18.902722310983343,NA,-16.198481439042656,NA,-16.34403605221776,NA,1.419942412927112,NA,1.419480952598695,NA,1.0501716213082088,NA,1.0476633593333955,NA
9872771,37,v ø l y c,5,-24.69819952981217,NA,-Inf,NA,-34.22078322004938,NA,1.0738270837624526,NA,1.0739812033064169,NA,1.000065210303228,NA,1.0002790383147078,NA
9872771,61,m e ɾ ɯ ɾ,5,-14.482075691887497,NA,-12.618518906214195,NA,-12.639743620026252,NA,1.5363601221358536,NA,1.535683225407098,NA,1.0643340657695692,NA,1.061047884258652,NA
9872771,37,n ɯ c e h,5,-19.392820783812937,NA,-Inf,NA,-28.037484047969727,NA,1.1958159292110446,NA,1.1957471731906515,NA,1.001629162737002,NA,1.0017483602739372,NA
9872771,63,m e ɾ u ɾ,5,-14.696942662362323,NA,-13.023558297137315,NA,-13.045322398545368,NA,1.5265589938664366,NA,1.5258999366294403,NA,1.061050686684545,NA,1.0579611009135987,NA
9872771,37,k u ɾ ɯ ɾ,5,-15.318955962420556,NA,-13.370493909747877,NA,-13.394216805421626,NA,1.4430374164697577,NA,1.4425219880350606,NA,1.0417068954004978,NA,1.0396145126083167,NA
9872771,61,k u k o n,5,-16.067983991564752,NA,-13.63563902211114,NA,-13.66252219216208,NA,1.3321316029835863,NA,1.331812746650162,NA,1.022135193672589,NA,1.0211308803551549,NA
9872771,41,v ø d͡ʒ o h,5,-21.363641778803853,NA,-Inf,NA,-28.344098104475098,NA,1.0848245663042964,NA,1.0849553554942497,NA,1.0002254577062906,NA,1.0004310609040532,NA
9872771,13,f y c ø v,5,-24.105639586157395,NA,-Inf,NA,-24.665973193548194,NA,1.1129298669413028,NA,1.1130142426187757,NA,1.0013678237866614,NA,1.0015130661860885,NA
9872771,33,l y g a s,5,-18.444893137077603,NA,-Inf,NA,-26.067538150583637,NA,1.3050485464253128,NA,1.3047771819509606,NA,1.0127422017772911,NA,1.0121847222339244,NA
9872771,40,v ø l e j,5,-20.38341156188671,NA,-Inf,NA,-29.973439994045172,NA,1.1770011355390022,NA,1.1769622987891786,NA,1.0039778284969023,NA,1.0039467441646983,NA
9872771,25,b i ʒ i ʃ,5,-19.526656073717337,NA,-17.97370132018528,NA,-18.017836365125127,NA,1.2861479817833397,NA,1.285919656722362,NA,1.0177954456980225,NA,1.017025230789646,NA
9872771,100,k o k u ɾ,5,-15.81589881907191,NA,-14.164787591245988,NA,-14.189177293546392,NA,1.3561640083612907,NA,1.3558006156133138,NA,1.0309577781402457,NA,1.029465068337247,NA
9872771,24,h a ʒ y z,5,-20.11715672705851,NA,-17.4716328950729,NA,-17.489616749544957,NA,1.3520981109642247,NA,1.3517647948669438,NA,1.0246878459352902,NA,1.0236026306218002,NA
9872771,39,z a ɟ ø c,5,-25.29406676995731,NA,-Inf,NA,-27.908409897602446,NA,1.2841708027252068,NA,1.2839629886018915,NA,1.0048774852295213,NA,1.004838949859867,NA
9872771,33,b o ʒ i n,5,-19.551581921206928,NA,-15.34865531235195,NA,-15.46250667001904,NA,1.3176726144950657,NA,1.3173711639403407,NA,1.0201904519518092,NA,1.019223006244508,NA
9872771,35,n ø m ɯ j,5,-18.18724158107039,NA,-23.99488997807466,NA,-23.947971790620024,NA,1.1624899274009108,NA,1.1624806365353328,NA,1.0028689545306988,NA,1.002926864143793,NA
9872771,63,d͡ʒ o c e c,5,-23.67398203471596,NA,-Inf,NA,-30.529401402579964,NA,1.1916801758594504,NA,1.1916230071191674,NA,1.0012482052809664,NA,1.0013939567073278,NA
9872771,100,t͡ʃ ø z e z,5,-19.754215062891827,NA,-16.895697183378992,NA,-16.939241023440918,NA,1.2120949070379754,NA,1.2119958615786497,NA,1.009437938030965,NA,1.0091286519340401,NA
9872771,31,k ɯ ɾ ø ɾ,5,-16.815335788926927,NA,-15.47207327845282,NA,-15.47290521159459,NA,1.3818949177686708,NA,1.3814897925657066,NA,1.0336014287971542,NA,1.032037505843908,NA
9872771,79,k ɯ ɾ ɯ ɾ,5,-15.10408899194573,NA,-12.806763517338286,NA,-12.830040671057915,NA,1.4320972084974872,NA,1.431600707758244,NA,1.049706303938969,NA,1.0471916891539033,NA
9872771,48,t͡ʃ y f i c,5,-21.728960784187848,NA,-22.716786973512093,NA,-22.5853234924357,NA,1.2320360956439638,NA,1.2319083144749632,NA,1.006182387818063,NA,1.006063337860201,NA
9872771,57,t ø ɾ a n,5,-15.737900612639798,NA,-14.053612751333944,NA,-14.0900146594381,NA,1.4983632288774549,NA,1.4977406461807206,NA,1.0585320936609162,NA,1.055335124686371,NA
9872771,21,n i v y j,5,-17.493047560834334,NA,-22.47616192556484,NA,-22.44275508862507,NA,1.18050489552488,NA,1.1804673180900334,NA,1.0055738254825757,NA,1.0054960636982748,NA
9872771,27,ɟ e ʒ o ʒ,5,-26.6208257994316,NA,-Inf,NA,-28.771466371087545,NA,1.1960975503401443,NA,1.196040131009795,NA,1.0007952166504448,NA,1.0009691836637256,NA
9872771,60,k ɯ ɾ e t,5,-14.34461899583014,NA,-12.379643812608151,NA,-12.401069233681326,NA,1.4574007718602364,NA,1.4568656707805725,NA,1.0575407260274738,NA,1.054575679739315,NA
9872771,25,l y g ɯ h,5,-20.4998975830064,NA,-Inf,NA,-29.036115755256105,NA,1.149974565951282,NA,1.149989887931764,NA,1.00059203852765,NA,1.0007759709906086,NA
9872771,32,h ø ʒ ɯ ʃ,5,-22.793233890627302,NA,-Inf,NA,-24.383373092781312,NA,1.1381678025861008,NA,1.13820094196689,NA,1.006410521744585,NA,1.0062326049478594,NA
9872771,99,b a d͡ʒ ɯ z,5,-17.34515839292861,NA,-14.26280182945655,NA,-14.306332778850988,NA,1.4154917370834543,NA,1.4150459441905807,NA,1.0246087747061503,NA,1.023516791495323,NA
9872771,39,m y ɾ o n,5,-16.510128365915982,NA,-13.311535765675442,NA,-13.341581660625684,NA,1.4011942661317132,NA,1.400755060745874,NA,1.0445744785123534,NA,1.0423874508376312,NA
9872771,99,k a k o n,5,-14.50659106646786,NA,-12.17321902001452,NA,-12.197940719744937,NA,1.533550580453257,NA,1.532883248380266,NA,1.0716980709170678,NA,1.0680836932215294,NA
9872771,29,b i h a ʒ,5,-18.744934240832112,NA,-16.24298849238163,NA,-16.385096205880032,NA,1.3733553453253655,NA,1.372975726405124,NA,1.0233784812990958,NA,1.0223335961608893,NA
9872771,47,z a c y c,5,-22.967338641377513,NA,-Inf,NA,-27.738112216193443,NA,1.30615402707163,NA,1.305906320725149,NA,1.004670156559676,NA,1.004641947160086,NA
9872771,44,g o ɟ ø ʒ,5,-27.290446500844467,NA,-Inf,NA,-25.568532573095965,NA,1.1030121135597626,NA,1.1031174848991148,NA,1.001138393401175,NA,1.0012964338824402,NA
9872771,40,g o ɟ y ʒ,5,-26.081748746789877,NA,-24.756749204677632,NA,-24.261882275036,NA,1.1234691196569762,NA,1.1235372562431791,NA,1.0013257973115228,NA,1.001472532342125,NA
9872771,100,b a b u z,5,-17.031411824215805,NA,-14.580740364522184,NA,-14.616442917521326,NA,1.4171372456831095,NA,1.4166893612568667,NA,1.0339474952511396,NA,1.0323546619528714,NA
9872771,100,b u p o n,5,-18.090788535226785,NA,-14.871571711459897,NA,-14.898543975468526,NA,1.2534517142540844,NA,1.2532693351189497,NA,1.0146087672669268,NA,1.014002641902062,NA
9872771,58,l y l e c,5,-22.712932987058565,NA,-Inf,NA,-32.3160745795191,NA,1.197065582611408,NA,1.1969989614223264,NA,1.0011971809784252,NA,1.0013454564534352,NA
9872771,58,t i k ɯ ɾ,5,-14.54245432215599,NA,-13.212451852990958,NA,-13.233651743758994,NA,1.352332061924168,NA,1.3519743902412205,NA,1.0240330562526363,NA,1.0228729978485829,NA
9872771,35,ɫ o h o h,5,-18.44006945078326,NA,-24.54133724676997,NA,-24.433813499665337,NA,1.140881701067639,NA,1.140915313678908,NA,1.0026601201755148,NA,1.0027379316413156,NA
9872771,31,b u ʒ a ʒ,5,-22.017309102851215,NA,-20.97270040380033,NA,-21.003650352513297,NA,1.323179462039307,NA,1.3228869771540068,NA,1.0084920033526763,NA,1.0082515552702562,NA
9872771,37,g ɯ ɟ y ʒ,5,-25.680187034708876,NA,-24.79307060996098,NA,-24.185039595714763,NA,1.112799708911742,NA,1.112886304686086,NA,1.002733246193697,NA,1.0028060614990746,NA
9872771,33,t i k o n,5,-15.196101206729836,NA,-13.240996547523356,NA,-13.26604749315664,NA,1.31822773105001,NA,1.3179329037806882,NA,1.0146171328879905,NA,1.0140073512575454,NA
9872771,38,g u ɟ e ʒ,5,-24.520648215729064,NA,-Inf,NA,-25.12589588220793,NA,1.2072204570857334,NA,1.2071361783307428,NA,1.0015072051556937,NA,1.0016432622663496,NA
9872771,66,ɟ ø ɟ ø t͡ʃ,5,-29.830320053966172,NA,-Inf,NA,-28.770426831168702,NA,1.0317338743417712,NA,1.0319599892793068,NA,1.0000545077946146,NA,1.0002695361099974,NA
9872771,41,c i t͡ʃ e f,5,-20.35455499473321,NA,-Inf,NA,-23.19101449988911,NA,1.2206632956388237,NA,1.2205511500064978,NA,1.0041193198207332,NA,1.0040987094266125,NA
9872771,18,h i ʒ u ʒ,5,-22.897101816795516,NA,-22.812369904220137,NA,-22.719046165604528,NA,1.174823947299784,NA,1.1748014419634516,NA,1.005038918518121,NA,1.0049919529548976,NA
9872771,45,m a f ɯ ʒ,5,-19.123444916118363,NA,-Inf,NA,-20.272463690019514,NA,1.433901152468908,NA,1.4334293801112787,NA,1.028327685373242,NA,1.0270542242358425,NA
9872771,32,v e ɟ ø ʒ,5,-25.88724899922946,NA,-Inf,NA,-26.13349816640546,NA,1.1934115930661473,NA,1.1933605512070449,NA,1.0050916845666988,NA,1.0050420161949054,NA
9872771,24,g u g ɯ ʒ,5,-22.12764402414707,NA,-Inf,NA,-23.62799403133488,NA,1.1604076914316734,NA,1.1604091652027129,NA,1.002296865096124,NA,1.0023929390707258,NA
9872771,29,ɟ y ʒ o ʒ,5,-27.99523158888624,NA,-28.69284841696419,NA,-28.14090746152981,NA,1.095036025210162,NA,1.095153452809103,NA,1.000304646498913,NA,1.0005045476286198,NA
9872771,24,n ɯ t i v,5,-16.232908095139347,NA,-21.96802980566556,NA,-21.957749241597252,NA,1.268821147095549,NA,1.2686250852060037,NA,1.0211694574491372,NA,1.0202141924744377,NA
9872771,0,d ø ʒ u ʒ,5,-24.98943492896086,NA,-Inf,NA,-24.22776906482711,NA,1.1165991658515588,NA,1.116677401262255,NA,1.0026538128249567,NA,1.0027322776999663,NA
9872771,61,l e k a ɾ,5,-15.017293036612118,NA,-19.407834498130676,NA,-19.044786274829686,NA,1.5080939526744883,NA,1.5074543029063974,NA,1.045194852222235,NA,1.0427811490211962,NA
9872771,54,l e l e h,5,-18.72169300477338,NA,-28.452981385838587,NA,-27.71152573039103,NA,1.3107126962643774,NA,1.31044502011368,NA,1.0043566425629775,NA,1.0043315471634189,NA
9872771,45,ɟ ø j o ʒ,5,-26.49689488595845,NA,-Inf,NA,-23.932703542616142,NA,1.0852809248581945,NA,1.085414770218477,NA,1.0023189127998635,NA,1.002409614578854,NA
9872771,58,ɟ e ɟ y c,5,-28.30653894777932,NA,-Inf,NA,-33.570427837482214,NA,1.196423265039634,NA,1.1963654108494548,NA,1.000231209196349,NA,1.000436132364972,NA
9872771,41,l y g u j,5,-20.39121656784095,NA,-Inf,NA,-28.45058894678722,NA,1.147281360733707,NA,1.147299720778366,NA,1.0011865525645776,NA,1.0013362474692384,NA
9872771,30,v ɯ m o ʒ,5,-20.866255525720582,NA,-21.52786979559882,NA,-21.609613266696552,NA,1.1433244251421313,NA,1.1433577818079883,NA,1.0025302512137306,NA,1.002610125753439,NA
9872771,61,b i j o p,5,-17.819792145237756,NA,-14.411741791563118,NA,-14.44982851725279,NA,1.2320675183451335,NA,1.231941850926206,NA,1.019116645133666,NA,1.018318051070536,NA
9872771,0,d͡ʒ o ʒ o h,5,-22.097218579005993,NA,-25.099219589381008,NA,-24.904916978881896,NA,1.11821597789651,NA,1.118289134009679,NA,1.0007051178379167,NA,1.0008859248512416,NA
9872771,100,ɟ e ɟ e c,5,-26.93213315832468,NA,-Inf,NA,-34.31977028302991,NA,1.279903805241355,NA,1.279694004217295,NA,1.0007611186215082,NA,1.0009324466444522,NA
9872771,37,n ɯ t u j,5,-16.458023913936312,NA,-21.523380072352197,NA,-21.520724492736264,NA,1.2065410713885756,NA,1.2064562308023568,NA,1.0047893568512176,NA,1.0047454608812807,NA
9872771,35,n u n u ɫ,5,-16.1837999949144,NA,-19.621241364005783,NA,-19.623919938160853,NA,1.262793973357144,NA,1.262597334354253,NA,1.0096134601254851,NA,1.0092804006803462,NA
9872771,32,n u c y j,5,-20.658545558102126,NA,-Inf,NA,-27.875256524586018,NA,1.1303835200334362,NA,1.1304329817238876,NA,1.0009000520491858,NA,1.001068684949295,NA
9872771,0,f i b ɯ ʒ,5,-20.436961838794783,NA,-Inf,NA,-22.999633738347892,NA,1.1898218295863592,NA,1.1897722159469446,NA,1.0083986623139738,NA,1.0081722495289367,NA
9872771,57,n ø n y j,5,-18.59665120544969,NA,-23.859590348601593,NA,-23.813870098081395,NA,1.1568370879889744,NA,1.1568399878441131,NA,1.0032243478372642,NA,1.0032682870588847,NA
9872771,56,ɟ i ɟ e c,5,-27.129968484650533,NA,-Inf,NA,-33.71720502403168,NA,1.193736127598374,NA,1.1936754056013783,NA,1.0007611186215082,NA,1.0009324466444522,NA
9872771,0,h e ʒ o ʃ,5,-20.611692059199083,NA,-21.352021945146213,NA,-21.261716898107,NA,1.2591859769516531,NA,1.2590125489549313,NA,1.0061370897175157,NA,1.006025124082477,NA
9872771,1,h a ʒ a ʒ,5,-20.66320435727874,NA,-18.991359167803843,NA,-19.22316769797684,NA,1.503268859604257,NA,1.502664785412429,NA,1.0253887052721251,NA,1.024260469695336,NA
9872771,57,f u c i c,5,-23.709298903113027,NA,-Inf,NA,-29.70602713063263,NA,1.206154311454209,NA,1.2060714855791586,NA,1.0011929509918631,NA,1.0013448826976608,NA
9872771,13,n ɯ d͡ʒ ɯ ʒ,5,-20.35265516851573,NA,-Inf,NA,-23.177728006252813,NA,1.141386496349446,NA,1.1414208042131675,NA,1.0016727518916322,NA,1.0018002670345545,NA
9872771,57,l e l y c,5,-22.712932987058565,NA,-Inf,NA,-31.625008565162982,NA,1.2146465675396698,NA,1.214557046255178,NA,1.0031176468016472,NA,1.0031701069775885,NA
9872771,39,g ɯ ɟ y z,5,-23.285064406939977,NA,-21.353497172991236,NA,-20.799421774706857,NA,1.129558756841315,NA,1.1296104538368636,NA,1.0031897183162923,NA,1.003233960514907,NA
9872771,47,ɟ y s y f,5,-22.96626912908152,NA,-23.65293144228456,NA,-23.26150177793404,NA,1.162474537561398,NA,1.1624701118447611,NA,1.007526105518591,NA,1.0073429378505647,NA
9872771,0,d͡ʒ o h ɯ ʒ,5,-21.695656866924992,NA,-Inf,NA,-27.095777081000016,NA,1.1667337478513735,NA,1.1667240129734051,NA,1.001314605615787,NA,1.0014626748261763,NA
9872771,34,g ɯ k o p,5,-18.396509345599615,NA,-15.155469592030345,NA,-15.199246251117556,NA,1.1896978651358043,NA,1.189645248846842,NA,1.0101186670128863,NA,1.0097904273217253,NA
9872771,25,ɟ y f e ʒ,5,-24.68382830227571,NA,-25.22823350958293,NA,-24.924911824073703,NA,1.197274626696634,NA,1.197207333245688,NA,1.005629742506169,NA,1.0055403867692694,NA
9872771,26,b e ɟ i ʒ,5,-22.954468016281908,NA,-24.634615074769357,NA,-24.189436304001077,NA,1.352371013895645,NA,1.3520350120491875,NA,1.0125225794453168,NA,1.012081798156116,NA
9872771,44,ɫ o m ɯ t,5,-16.10906876251265,NA,-20.463295386477544,NA,-20.459024896790748,NA,1.226354557914894,NA,1.2262249588685283,NA,1.0089687051569078,NA,1.008691414558396,NA
9872771,54,ɫ a c i v,5,-18.573457430867325,NA,-Inf,NA,-26.542814999082395,NA,1.405256699256112,NA,1.4048253291152235,NA,1.004371680977657,NA,1.004344736513621,NA
9872771,56,n u c y c,5,-23.59892773657295,NA,-Inf,NA,-30.1793505288519,NA,1.1106900084586075,NA,1.1107804796089662,NA,1.00076963144273,NA,1.0009464280876286,NA
9872771,55,b u m e l,5,-17.814766387475487,NA,-15.347656861812922,NA,-15.39559611789573,NA,1.295187097363635,NA,1.2949473270829202,NA,1.01977328294233,NA,1.0189224624213549,NA
9872771,40,b u ɟ ø ʒ,5,-26.42645995046814,NA,-Inf,NA,-24.718693605330763,NA,1.1344111048101857,NA,1.134462175918881,NA,1.0071497434921757,NA,1.006991934093099,NA
9872771,38,l i l y j,5,-19.970386134913596,NA,-Inf,NA,-29.06974718873675,NA,1.1481724014715176,NA,1.148190949754183,NA,1.0019943881319666,NA,1.002104960638429,NA
9872771,36,b y t͡ʃ ɯ ʒ,5,-21.616844660036552,NA,-Inf,NA,-22.629276208594433,NA,1.2022894136775335,NA,1.2022183989320754,NA,1.0049370975420808,NA,1.00489232261725,NA
9872771,18,d ø z i ʒ,5,-21.70542391051496,NA,-19.545489240999224,NA,-19.60431392431074,NA,1.2249679545138032,NA,1.2248519373951183,NA,1.009262247629164,NA,1.008979216459775,NA
9872771,43,ɫ o c y c,5,-23.77472516728996,NA,-Inf,NA,-29.95538503380819,NA,1.101649180915417,NA,1.1017552870760137,NA,1.0021777770233191,NA,1.0022805824390244,NA
9872771,28,l i v ø c,5,-23.521629066683385,NA,-Inf,NA,-33.078770632151944,NA,1.1258459326384591,NA,1.1259116896807664,NA,1.0021258039899703,NA,1.0022313327026664,NA
9872771,90,k a ɾ e t,5,-12.998093041208076,NA,-11.97346206217353,NA,-11.990829041411471,NA,1.6697599573021775,NA,1.6688574527874926,NA,1.110223784834866,NA,1.1044830661891687,NA
9872771,52,n y n y j,5,-17.387953451395102,NA,-22.84121056217028,NA,-22.81293712937672,NA,1.207963604453446,NA,1.2078780501278503,NA,1.0079609523814197,NA,1.0077547671760057,NA
9872771,67,ɟ e d͡ʒ ɯ ʃ,5,-21.882833802794956,NA,-Inf,NA,-23.003164237882388,NA,1.2591492701203255,NA,1.2589729296039585,NA,1.0107052213650367,NA,1.0102980225080054,NA
9872771,14,ʃ o ʃ e ʒ,5,-20.72090935766442,NA,-22.109244486171928,NA,-22.17599288318765,NA,1.2201293152835069,NA,1.2200223876473202,NA,1.0053494657208828,NA,1.005275324117079,NA
9872771,0,h a ʒ o ʒ,5,-22.411292023981808,NA,-19.98257424570709,NA,-20.012146466153983,NA,1.3339144804373528,NA,1.3336186560682508,NA,1.0242965841159228,NA,1.023235860036801,NA
9872771,54,z a ɟ e c,5,-22.710963226448087,NA,-Inf,NA,-26.8402764213242,NA,1.3881083490241413,NA,1.3877113533137964,NA,1.0055295882618005,NA,1.005450234168199,NA
9872771,47,t͡ʃ o ɫ a ʒ,5,-19.424282256875884,NA,-18.005456232553836,NA,-18.13605719361724,NA,1.37194225034822,NA,1.3715644260384483,NA,1.027293545810697,NA,1.0260195746102412,NA
9872984,35,ʃ o ʃ e ʒ,5,-20.72090935766442,NA,-22.109244486171928,NA,-22.17599288318765,NA,1.2201293152835069,NA,1.2200223876473202,NA,1.0053494657208828,NA,1.005275324117079,NA
9872984,67,n u c y c,5,-23.59892773657295,NA,-Inf,NA,-30.1793505288519,NA,1.1106900084586075,NA,1.1107804796089662,NA,1.00076963144273,NA,1.0009464280876286,NA
9872984,73,t ø ɾ a n,5,-15.737900612639798,NA,-14.053612751333944,NA,-14.0900146594381,NA,1.4983632288774549,NA,1.4977406461807206,NA,1.0585320936609162,NA,1.055335124686371,NA
9872984,74,z a ɟ ø c,5,-25.29406676995731,NA,-Inf,NA,-27.908409897602446,NA,1.2841708027252068,NA,1.2839629886018915,NA,1.0048774852295213,NA,1.004838949859867,NA
9872984,100,k ɯ ɾ ɯ ɾ,5,-15.10408899194573,NA,-12.806763517338286,NA,-12.830040671057915,NA,1.4320972084974872,NA,1.431600707758244,NA,1.049706303938969,NA,1.0471916891539033,NA
9872984,29,v ø l e j,5,-20.38341156188671,NA,-Inf,NA,-29.973439994045172,NA,1.1770011355390022,NA,1.1769622987891786,NA,1.0039778284969023,NA,1.0039467441646983,NA
9872984,0,n ø m ɯ j,5,-18.18724158107039,NA,-23.99488997807466,NA,-23.947971790620024,NA,1.1624899274009108,NA,1.1624806365353328,NA,1.0028689545306988,NA,1.002926864143793,NA
9872984,100,b a b u z,5,-17.031411824215805,NA,-14.580740364522184,NA,-14.616442917521326,NA,1.4171372456831095,NA,1.4166893612568667,NA,1.0339474952511396,NA,1.0323546619528714,NA
9872984,0,g o ɟ y ʒ,5,-26.081748746789877,NA,-24.756749204677632,NA,-24.261882275036,NA,1.1234691196569762,NA,1.1235372562431791,NA,1.0013257973115228,NA,1.001472532342125,NA
9872984,12,m a f ɯ ʒ,5,-19.123444916118363,NA,-Inf,NA,-20.272463690019514,NA,1.433901152468908,NA,1.4334293801112787,NA,1.028327685373242,NA,1.0270542242358425,NA
9872984,26,k u ɾ ɯ ɾ,5,-15.318955962420556,NA,-13.370493909747877,NA,-13.394216805421626,NA,1.4430374164697577,NA,1.4425219880350606,NA,1.0417068954004978,NA,1.0396145126083167,NA
9872984,40,l y g u j,5,-20.39121656784095,NA,-Inf,NA,-28.45058894678722,NA,1.147281360733707,NA,1.147299720778366,NA,1.0011865525645776,NA,1.0013362474692384,NA
9872984,71,t i k ɯ ɾ,5,-14.54245432215599,NA,-13.212451852990958,NA,-13.233651743758994,NA,1.352332061924168,NA,1.3519743902412205,NA,1.0240330562526363,NA,1.0228729978485829,NA
9872984,0,l i l y j,5,-19.970386134913596,NA,-Inf,NA,-29.06974718873675,NA,1.1481724014715176,NA,1.148190949754183,NA,1.0019943881319666,NA,1.002104960638429,NA
9872984,12,d͡ʒ o c e c,5,-23.67398203471596,NA,-Inf,NA,-30.529401402579964,NA,1.1916801758594504,NA,1.1916230071191674,NA,1.0012482052809664,NA,1.0013939567073278,NA
9872984,0,b e ɟ i ʒ,5,-22.954468016281908,NA,-24.634615074769357,NA,-24.189436304001077,NA,1.352371013895645,NA,1.3520350120491875,NA,1.0125225794453168,NA,1.012081798156116,NA
9872984,22,k ɯ ɾ ø ɾ,5,-16.815335788926927,NA,-15.47207327845282,NA,-15.47290521159459,NA,1.3818949177686708,NA,1.3814897925657066,NA,1.0336014287971542,NA,1.032037505843908,NA
9872984,22,n ɯ d͡ʒ ɯ ʒ,5,-20.35265516851573,NA,-Inf,NA,-23.177728006252813,NA,1.141386496349446,NA,1.1414208042131675,NA,1.0016727518916322,NA,1.0018002670345545,NA
9872984,29,t͡ʃ o ɫ a ʒ,5,-19.424282256875884,NA,-18.005456232553836,NA,-18.13605719361724,NA,1.37194225034822,NA,1.3715644260384483,NA,1.027293545810697,NA,1.0260195746102412,NA
9872984,0,f i b ɯ ʒ,5,-20.436961838794783,NA,-Inf,NA,-22.999633738347892,NA,1.1898218295863592,NA,1.1897722159469446,NA,1.0083986623139738,NA,1.0081722495289367,NA
9872984,4,d͡ʒ o ʒ o h,5,-22.097218579005993,NA,-25.099219589381008,NA,-24.904916978881896,NA,1.11821597789651,NA,1.118289134009679,NA,1.0007051178379167,NA,1.0008859248512416,NA
9872984,7,v ø d͡ʒ o h,5,-21.363641778803853,NA,-Inf,NA,-28.344098104475098,NA,1.0848245663042964,NA,1.0849553554942497,NA,1.0002254577062906,NA,1.0004310609040532,NA
9872984,20,l y g ɯ h,5,-20.4998975830064,NA,-Inf,NA,-29.036115755256105,NA,1.149974565951282,NA,1.149989887931764,NA,1.00059203852765,NA,1.0007759709906086,NA
9872984,35,n ɯ t i v,5,-16.232908095139347,NA,-21.96802980566556,NA,-21.957749241597252,NA,1.268821147095549,NA,1.2686250852060037,NA,1.0211694574491372,NA,1.0202141924744377,NA
9872984,100,n u n u ɫ,5,-16.1837999949144,NA,-19.621241364005783,NA,-19.623919938160853,NA,1.262793973357144,NA,1.262597334354253,NA,1.0096134601254851,NA,1.0092804006803462,NA
9872984,26,f u c i c,5,-23.709298903113027,NA,-Inf,NA,-29.70602713063263,NA,1.206154311454209,NA,1.2060714855791586,NA,1.0011929509918631,NA,1.0013448826976608,NA
9872984,72,n ɯ t u j,5,-16.458023913936312,NA,-21.523380072352197,NA,-21.520724492736264,NA,1.2065410713885756,NA,1.2064562308023568,NA,1.0047893568512176,NA,1.0047454608812807,NA
9872984,64,ɟ e d͡ʒ ɯ ʃ,5,-21.882833802794956,NA,-Inf,NA,-23.003164237882388,NA,1.2591492701203255,NA,1.2589729296039585,NA,1.0107052213650367,NA,1.0102980225080054,NA
9872984,68,ɫ a c i v,5,-18.573457430867325,NA,-Inf,NA,-26.542814999082395,NA,1.405256699256112,NA,1.4048253291152235,NA,1.004371680977657,NA,1.004344736513621,NA
9872984,100,l e l e h,5,-18.72169300477338,NA,-28.452981385838587,NA,-27.71152573039103,NA,1.3107126962643774,NA,1.31044502011368,NA,1.0043566425629775,NA,1.0043315471634189,NA
9872984,32,n i v y j,5,-17.493047560834334,NA,-22.47616192556484,NA,-22.44275508862507,NA,1.18050489552488,NA,1.1804673180900334,NA,1.0055738254825757,NA,1.0054960636982748,NA
9872984,100,z a ɟ e c,5,-22.710963226448087,NA,-Inf,NA,-26.8402764213242,NA,1.3881083490241413,NA,1.3877113533137964,NA,1.0055295882618005,NA,1.005450234168199,NA
9872984,100,b a d͡ʒ ɯ z,5,-17.34515839292861,NA,-14.26280182945655,NA,-14.306332778850988,NA,1.4154917370834543,NA,1.4150459441905807,NA,1.0246087747061503,NA,1.023516791495323,NA
9872984,47,ɟ y f e ʒ,5,-24.68382830227571,NA,-25.22823350958293,NA,-24.924911824073703,NA,1.197274626696634,NA,1.197207333245688,NA,1.005629742506169,NA,1.0055403867692694,NA
9872984,25,h ø ʒ ɯ ʃ,5,-22.793233890627302,NA,-Inf,NA,-24.383373092781312,NA,1.1381678025861008,NA,1.13820094196689,NA,1.006410521744585,NA,1.0062326049478594,NA
9872984,59,n ø n y j,5,-18.59665120544969,NA,-23.859590348601593,NA,-23.813870098081395,NA,1.1568370879889744,NA,1.1568399878441131,NA,1.0032243478372642,NA,1.0032682870588847,NA
9872984,3,g ɯ ɟ y ʒ,5,-25.680187034708876,NA,-24.79307060996098,NA,-24.185039595714763,NA,1.112799708911742,NA,1.112886304686086,NA,1.002733246193697,NA,1.0028060614990746,NA
9872984,100,k o k u ɾ,5,-15.81589881907191,NA,-14.164787591245988,NA,-14.189177293546392,NA,1.3561640083612907,NA,1.3558006156133138,NA,1.0309577781402457,NA,1.029465068337247,NA
9872984,47,l e l y c,5,-22.712932987058565,NA,-Inf,NA,-31.625008565162982,NA,1.2146465675396698,NA,1.214557046255178,NA,1.0031176468016472,NA,1.0031701069775885,NA
9872984,100,l y l e c,5,-22.712932987058565,NA,-Inf,NA,-32.3160745795191,NA,1.197065582611408,NA,1.1969989614223264,NA,1.0011971809784252,NA,1.0013454564534352,NA
9872984,30,d ø ʒ u ʒ,5,-24.98943492896086,NA,-Inf,NA,-24.22776906482711,NA,1.1165991658515588,NA,1.116677401262255,NA,1.0026538128249567,NA,1.0027322776999663,NA
9872984,63,ɫ o h o h,5,-18.44006945078326,NA,-24.54133724676997,NA,-24.433813499665337,NA,1.140881701067639,NA,1.140915313678908,NA,1.0026601201755148,NA,1.0027379316413156,NA
9872984,70,g ɯ ɾ a ʒ,5,-18.902722310983343,NA,-16.198481439042656,NA,-16.34403605221776,NA,1.419942412927112,NA,1.419480952598695,NA,1.0501716213082088,NA,1.0476633593333955,NA
9872984,92,ɟ ø ɟ ø t͡ʃ,5,-29.830320053966172,NA,-Inf,NA,-28.770426831168702,NA,1.0317338743417712,NA,1.0319599892793068,NA,1.0000545077946146,NA,1.0002695361099974,NA
9872984,34,ɫ o m ɯ t,5,-16.10906876251265,NA,-20.463295386477544,NA,-20.459024896790748,NA,1.226354557914894,NA,1.2262249588685283,NA,1.0089687051569078,NA,1.008691414558396,NA
9872984,49,t͡ʃ y f i c,5,-21.728960784187848,NA,-22.716786973512093,NA,-22.5853234924357,NA,1.2320360956439638,NA,1.2319083144749632,NA,1.006182387818063,NA,1.006063337860201,NA
9872984,77,ɟ y s y f,5,-22.96626912908152,NA,-23.65293144228456,NA,-23.26150177793404,NA,1.162474537561398,NA,1.1624701118447611,NA,1.007526105518591,NA,1.0073429378505647,NA
9872984,52,ɫ o c y c,5,-23.77472516728996,NA,-Inf,NA,-29.95538503380819,NA,1.101649180915417,NA,1.1017552870760137,NA,1.0021777770233191,NA,1.0022805824390244,NA
9872984,31,ɟ ø j o ʒ,5,-26.49689488595845,NA,-Inf,NA,-23.932703542616142,NA,1.0852809248581945,NA,1.085414770218477,NA,1.0023189127998635,NA,1.002409614578854,NA
9872984,50,t͡ʃ ø z e z,5,-19.754215062891827,NA,-16.895697183378992,NA,-16.939241023440918,NA,1.2120949070379754,NA,1.2119958615786497,NA,1.009437938030965,NA,1.0091286519340401,NA
9872984,0,h i ʒ u ʒ,5,-22.897101816795516,NA,-22.812369904220137,NA,-22.719046165604528,NA,1.174823947299784,NA,1.1748014419634516,NA,1.005038918518121,NA,1.0049919529548976,NA
9872984,82,ɟ i ɟ e c,5,-27.129968484650533,NA,-Inf,NA,-33.71720502403168,NA,1.193736127598374,NA,1.1936754056013783,NA,1.0007611186215082,NA,1.0009324466444522,NA
9872984,32,b u ɟ ø ʒ,5,-26.42645995046814,NA,-Inf,NA,-24.718693605330763,NA,1.1344111048101857,NA,1.134462175918881,NA,1.0071497434921757,NA,1.006991934093099,NA
9872984,100,v ø l y c,5,-24.69819952981217,NA,-Inf,NA,-34.22078322004938,NA,1.0738270837624526,NA,1.0739812033064169,NA,1.000065210303228,NA,1.0002790383147078,NA
9872984,23,ɟ e ʒ o ʒ,5,-26.6208257994316,NA,-Inf,NA,-28.771466371087545,NA,1.1960975503401443,NA,1.196040131009795,NA,1.0007952166504448,NA,1.0009691836637256,NA
9872984,69,k ɯ ɾ e t,5,-14.34461899583014,NA,-12.379643812608151,NA,-12.401069233681326,NA,1.4574007718602364,NA,1.4568656707805725,NA,1.0575407260274738,NA,1.054575679739315,NA
9872984,17,f y c ø v,5,-24.105639586157395,NA,-Inf,NA,-24.665973193548194,NA,1.1129298669413028,NA,1.1130142426187757,NA,1.0013678237866614,NA,1.0015130661860885,NA
9872984,5,b y t͡ʃ ɯ ʒ,5,-21.616844660036552,NA,-Inf,NA,-22.629276208594433,NA,1.2022894136775335,NA,1.2022183989320754,NA,1.0049370975420808,NA,1.00489232261725,NA
9872984,2,h e ʒ o ʃ,5,-20.611692059199083,NA,-21.352021945146213,NA,-21.261716898107,NA,1.2591859769516531,NA,1.2590125489549313,NA,1.0061370897175157,NA,1.006025124082477,NA
9872984,68,b u m e l,5,-17.814766387475487,NA,-15.347656861812922,NA,-15.39559611789573,NA,1.295187097363635,NA,1.2949473270829202,NA,1.01977328294233,NA,1.0189224624213549,NA
9872984,100,m e ɾ u ɾ,5,-14.696942662362323,NA,-13.023558297137315,NA,-13.045322398545368,NA,1.5265589938664366,NA,1.5258999366294403,NA,1.061050686684545,NA,1.0579611009135987,NA
9872984,91,ɟ e ɟ e c,5,-26.93213315832468,NA,-Inf,NA,-34.31977028302991,NA,1.279903805241355,NA,1.279694004217295,NA,1.0007611186215082,NA,1.0009324466444522,NA
9872984,72,k u k o n,5,-16.067983991564752,NA,-13.63563902211114,NA,-13.66252219216208,NA,1.3321316029835863,NA,1.331812746650162,NA,1.022135193672589,NA,1.0211308803551549,NA
9872984,65,n u c y j,5,-20.658545558102126,NA,-Inf,NA,-27.875256524586018,NA,1.1303835200334362,NA,1.1304329817238876,NA,1.0009000520491858,NA,1.001068684949295,NA
9872984,58,h a ʒ y z,5,-20.11715672705851,NA,-17.4716328950729,NA,-17.489616749544957,NA,1.3520981109642247,NA,1.3517647948669438,NA,1.0246878459352902,NA,1.0236026306218002,NA
9872984,79,b u p o n,5,-18.090788535226785,NA,-14.871571711459897,NA,-14.898543975468526,NA,1.2534517142540844,NA,1.2532693351189497,NA,1.0146087672669268,NA,1.014002641902062,NA
9872984,43,h a ʒ o ʒ,5,-22.411292023981808,NA,-19.98257424570709,NA,-20.012146466153983,NA,1.3339144804373528,NA,1.3336186560682508,NA,1.0242965841159228,NA,1.023235860036801,NA
9872984,46,ɟ y ʒ o ʒ,5,-27.99523158888624,NA,-28.69284841696419,NA,-28.14090746152981,NA,1.095036025210162,NA,1.095153452809103,NA,1.000304646498913,NA,1.0005045476286198,NA
9872984,91,n y n y j,5,-17.387953451395102,NA,-22.84121056217028,NA,-22.81293712937672,NA,1.207963604453446,NA,1.2078780501278503,NA,1.0079609523814197,NA,1.0077547671760057,NA
9872984,85,b i j o p,5,-17.819792145237756,NA,-14.411741791563118,NA,-14.44982851725279,NA,1.2320675183451335,NA,1.231941850926206,NA,1.019116645133666,NA,1.018318051070536,NA
9872984,39,n ɯ c e h,5,-19.392820783812937,NA,-Inf,NA,-28.037484047969727,NA,1.1958159292110446,NA,1.1957471731906515,NA,1.001629162737002,NA,1.0017483602739372,NA
9872984,29,g u ɟ e ʒ,5,-24.520648215729064,NA,-Inf,NA,-25.12589588220793,NA,1.2072204570857334,NA,1.2071361783307428,NA,1.0015072051556937,NA,1.0016432622663496,NA
9872984,95,l e k a ɾ,5,-15.017293036612118,NA,-19.407834498130676,NA,-19.044786274829686,NA,1.5080939526744883,NA,1.5074543029063974,NA,1.045194852222235,NA,1.0427811490211962,NA
9872984,61,l y g a s,5,-18.444893137077603,NA,-Inf,NA,-26.067538150583637,NA,1.3050485464253128,NA,1.3047771819509606,NA,1.0127422017772911,NA,1.0121847222339244,NA
9872984,66,t i k o n,5,-15.196101206729836,NA,-13.240996547523356,NA,-13.26604749315664,NA,1.31822773105001,NA,1.3179329037806882,NA,1.0146171328879905,NA,1.0140073512575454,NA
9872984,26,b i ʒ i ʃ,5,-19.526656073717337,NA,-17.97370132018528,NA,-18.017836365125127,NA,1.2861479817833397,NA,1.285919656722362,NA,1.0177954456980225,NA,1.017025230789646,NA
9872984,8,d ø z i ʒ,5,-21.70542391051496,NA,-19.545489240999224,NA,-19.60431392431074,NA,1.2249679545138032,NA,1.2248519373951183,NA,1.009262247629164,NA,1.008979216459775,NA
9872984,0,g u g ɯ ʒ,5,-22.12764402414707,NA,-Inf,NA,-23.62799403133488,NA,1.1604076914316734,NA,1.1604091652027129,NA,1.002296865096124,NA,1.0023929390707258,NA
9872984,94,k a ɾ e t,5,-12.998093041208076,NA,-11.97346206217353,NA,-11.990829041411471,NA,1.6697599573021775,NA,1.6688574527874926,NA,1.110223784834866,NA,1.1044830661891687,NA
9872984,68,b u ʒ a ʒ,5,-22.017309102851215,NA,-20.97270040380033,NA,-21.003650352513297,NA,1.323179462039307,NA,1.3228869771540068,NA,1.0084920033526763,NA,1.0082515552702562,NA
9872984,54,ɟ e ɟ y c,5,-28.30653894777932,NA,-Inf,NA,-33.570427837482214,NA,1.196423265039634,NA,1.1963654108494548,NA,1.000231209196349,NA,1.000436132364972,NA
9872984,40,g ɯ ɟ y z,5,-23.285064406939977,NA,-21.353497172991236,NA,-20.799421774706857,NA,1.129558756841315,NA,1.1296104538368636,NA,1.0031897183162923,NA,1.003233960514907,NA
9872984,27,g o ɟ ø ʒ,5,-27.290446500844467,NA,-Inf,NA,-25.568532573095965,NA,1.1030121135597626,NA,1.1031174848991148,NA,1.001138393401175,NA,1.0012964338824402,NA
9872984,71,c i t͡ʃ e f,5,-20.35455499473321,NA,-Inf,NA,-23.19101449988911,NA,1.2206632956388237,NA,1.2205511500064978,NA,1.0041193198207332,NA,1.0040987094266125,NA
9872984,36,v e ɟ ø ʒ,5,-25.88724899922946,NA,-Inf,NA,-26.13349816640546,NA,1.1934115930661473,NA,1.1933605512070449,NA,1.0050916845666988,NA,1.0050420161949054,NA
9872984,71,b i h a ʒ,5,-18.744934240832112,NA,-16.24298849238163,NA,-16.385096205880032,NA,1.3733553453253655,NA,1.372975726405124,NA,1.0233784812990958,NA,1.0223335961608893,NA
9872984,0,v ɯ m o ʒ,5,-20.866255525720582,NA,-21.52786979559882,NA,-21.609613266696552,NA,1.1433244251421313,NA,1.1433577818079883,NA,1.0025302512137306,NA,1.002610125753439,NA
9872984,0,h a ʒ a ʒ,5,-20.66320435727874,NA,-18.991359167803843,NA,-19.22316769797684,NA,1.503268859604257,NA,1.502664785412429,NA,1.0253887052721251,NA,1.024260469695336,NA
9872984,19,d͡ʒ o h ɯ ʒ,5,-21.695656866924992,NA,-Inf,NA,-27.095777081000016,NA,1.1667337478513735,NA,1.1667240129734051,NA,1.001314605615787,NA,1.0014626748261763,NA
9872984,22,m e ɾ ɯ ɾ,5,-14.482075691887497,NA,-12.618518906214195,NA,-12.639743620026252,NA,1.5363601221358536,NA,1.535683225407098,NA,1.0643340657695692,NA,1.061047884258652,NA
9872984,26,g ɯ k o p,5,-18.396509345599615,NA,-15.155469592030345,NA,-15.199246251117556,NA,1.1896978651358043,NA,1.189645248846842,NA,1.0101186670128863,NA,1.0097904273217253,NA
9872984,63,k a k o n,5,-14.50659106646786,NA,-12.17321902001452,NA,-12.197940719744937,NA,1.533550580453257,NA,1.532883248380266,NA,1.0716980709170678,NA,1.0680836932215294,NA
9872984,68,z a c y c,5,-22.967338641377513,NA,-Inf,NA,-27.738112216193443,NA,1.30615402707163,NA,1.305906320725149,NA,1.004670156559676,NA,1.004641947160086,NA
9872984,73,m y ɾ o n,5,-16.510128365915982,NA,-13.311535765675442,NA,-13.341581660625684,NA,1.4011942661317132,NA,1.400755060745874,NA,1.0445744785123534,NA,1.0423874508376312,NA
9872984,3,b o ʒ i n,5,-19.551581921206928,NA,-15.34865531235195,NA,-15.46250667001904,NA,1.3176726144950657,NA,1.3173711639403407,NA,1.0201904519518092,NA,1.019223006244508,NA
9872984,65,l i v ø c,5,-23.521629066683385,NA,-Inf,NA,-33.078770632151944,NA,1.1258459326384591,NA,1.1259116896807664,NA,1.0021258039899703,NA,1.0022313327026664,NA
9873678,65,b u p o n,5,-18.090788535226785,NA,-14.871571711459897,NA,-14.898543975468526,NA,1.2534517142540844,NA,1.2532693351189497,NA,1.0146087672669268,NA,1.014002641902062,NA
9873678,26,ɫ o c y c,5,-23.77472516728996,NA,-Inf,NA,-29.95538503380819,NA,1.101649180915417,NA,1.1017552870760137,NA,1.0021777770233191,NA,1.0022805824390244,NA
9873678,66,ɟ y f e ʒ,5,-24.68382830227571,NA,-25.22823350958293,NA,-24.924911824073703,NA,1.197274626696634,NA,1.197207333245688,NA,1.005629742506169,NA,1.0055403867692694,NA
9873678,71,ʃ o ʃ e ʒ,5,-20.72090935766442,NA,-22.109244486171928,NA,-22.17599288318765,NA,1.2201293152835069,NA,1.2200223876473202,NA,1.0053494657208828,NA,1.005275324117079,NA
9873678,20,l y g u j,5,-20.39121656784095,NA,-Inf,NA,-28.45058894678722,NA,1.147281360733707,NA,1.147299720778366,NA,1.0011865525645776,NA,1.0013362474692384,NA
9873678,22,b y t͡ʃ ɯ ʒ,5,-21.616844660036552,NA,-Inf,NA,-22.629276208594433,NA,1.2022894136775335,NA,1.2022183989320754,NA,1.0049370975420808,NA,1.00489232261725,NA
9873678,12,l y l e c,5,-22.712932987058565,NA,-Inf,NA,-32.3160745795191,NA,1.197065582611408,NA,1.1969989614223264,NA,1.0011971809784252,NA,1.0013454564534352,NA
9873678,74,h a ʒ a ʒ,5,-20.66320435727874,NA,-18.991359167803843,NA,-19.22316769797684,NA,1.503268859604257,NA,1.502664785412429,NA,1.0253887052721251,NA,1.024260469695336,NA
9873678,60,n ɯ t u j,5,-16.458023913936312,NA,-21.523380072352197,NA,-21.520724492736264,NA,1.2065410713885756,NA,1.2064562308023568,NA,1.0047893568512176,NA,1.0047454608812807,NA
9873678,100,h a ʒ y z,5,-20.11715672705851,NA,-17.4716328950729,NA,-17.489616749544957,NA,1.3520981109642247,NA,1.3517647948669438,NA,1.0246878459352902,NA,1.0236026306218002,NA
9873678,37,ɫ o m ɯ t,5,-16.10906876251265,NA,-20.463295386477544,NA,-20.459024896790748,NA,1.226354557914894,NA,1.2262249588685283,NA,1.0089687051569078,NA,1.008691414558396,NA
9873678,64,ɫ a c i v,5,-18.573457430867325,NA,-Inf,NA,-26.542814999082395,NA,1.405256699256112,NA,1.4048253291152235,NA,1.004371680977657,NA,1.004344736513621,NA
9873678,17,k u ɾ ɯ ɾ,5,-15.318955962420556,NA,-13.370493909747877,NA,-13.394216805421626,NA,1.4430374164697577,NA,1.4425219880350606,NA,1.0417068954004978,NA,1.0396145126083167,NA
9873678,72,b o ʒ i n,5,-19.551581921206928,NA,-15.34865531235195,NA,-15.46250667001904,NA,1.3176726144950657,NA,1.3173711639403407,NA,1.0201904519518092,NA,1.019223006244508,NA
9873678,71,g ɯ ɾ a ʒ,5,-18.902722310983343,NA,-16.198481439042656,NA,-16.34403605221776,NA,1.419942412927112,NA,1.419480952598695,NA,1.0501716213082088,NA,1.0476633593333955,NA
9873678,23,v ɯ m o ʒ,5,-20.866255525720582,NA,-21.52786979559882,NA,-21.609613266696552,NA,1.1433244251421313,NA,1.1433577818079883,NA,1.0025302512137306,NA,1.002610125753439,NA
9873678,17,k ɯ ɾ ø ɾ,5,-16.815335788926927,NA,-15.47207327845282,NA,-15.47290521159459,NA,1.3818949177686708,NA,1.3814897925657066,NA,1.0336014287971542,NA,1.032037505843908,NA
9873678,54,b u ɟ ø ʒ,5,-26.42645995046814,NA,-Inf,NA,-24.718693605330763,NA,1.1344111048101857,NA,1.134462175918881,NA,1.0071497434921757,NA,1.006991934093099,NA
9873678,18,f u c i c,5,-23.709298903113027,NA,-Inf,NA,-29.70602713063263,NA,1.206154311454209,NA,1.2060714855791586,NA,1.0011929509918631,NA,1.0013448826976608,NA
9873678,85,n u n u ɫ,5,-16.1837999949144,NA,-19.621241364005783,NA,-19.623919938160853,NA,1.262793973357144,NA,1.262597334354253,NA,1.0096134601254851,NA,1.0092804006803462,NA
9873678,22,b a b u z,5,-17.031411824215805,NA,-14.580740364522184,NA,-14.616442917521326,NA,1.4171372456831095,NA,1.4166893612568667,NA,1.0339474952511396,NA,1.0323546619528714,NA
9873678,54,d ø ʒ u ʒ,5,-24.98943492896086,NA,-Inf,NA,-24.22776906482711,NA,1.1165991658515588,NA,1.116677401262255,NA,1.0026538128249567,NA,1.0027322776999663,NA
9873678,92,m y ɾ o n,5,-16.510128365915982,NA,-13.311535765675442,NA,-13.341581660625684,NA,1.4011942661317132,NA,1.400755060745874,NA,1.0445744785123534,NA,1.0423874508376312,NA
9873678,0,h i ʒ u ʒ,5,-22.897101816795516,NA,-22.812369904220137,NA,-22.719046165604528,NA,1.174823947299784,NA,1.1748014419634516,NA,1.005038918518121,NA,1.0049919529548976,NA
9873678,21,k ɯ ɾ e t,5,-14.34461899583014,NA,-12.379643812608151,NA,-12.401069233681326,NA,1.4574007718602364,NA,1.4568656707805725,NA,1.0575407260274738,NA,1.054575679739315,NA
9873678,73,g o ɟ y ʒ,5,-26.081748746789877,NA,-24.756749204677632,NA,-24.261882275036,NA,1.1234691196569762,NA,1.1235372562431791,NA,1.0013257973115228,NA,1.001472532342125,NA
9873678,84,n ø m ɯ j,5,-18.18724158107039,NA,-23.99488997807466,NA,-23.947971790620024,NA,1.1624899274009108,NA,1.1624806365353328,NA,1.0028689545306988,NA,1.002926864143793,NA
9873678,30,d ø z i ʒ,5,-21.70542391051496,NA,-19.545489240999224,NA,-19.60431392431074,NA,1.2249679545138032,NA,1.2248519373951183,NA,1.009262247629164,NA,1.008979216459775,NA
9873678,67,ɟ e ɟ e c,5,-26.93213315832468,NA,-Inf,NA,-34.31977028302991,NA,1.279903805241355,NA,1.279694004217295,NA,1.0007611186215082,NA,1.0009324466444522,NA
9873678,11,g ɯ ɟ y z,5,-23.285064406939977,NA,-21.353497172991236,NA,-20.799421774706857,NA,1.129558756841315,NA,1.1296104538368636,NA,1.0031897183162923,NA,1.003233960514907,NA
9873678,78,h e ʒ o ʃ,5,-20.611692059199083,NA,-21.352021945146213,NA,-21.261716898107,NA,1.2591859769516531,NA,1.2590125489549313,NA,1.0061370897175157,NA,1.006025124082477,NA
9873678,12,n ɯ c e h,5,-19.392820783812937,NA,-Inf,NA,-28.037484047969727,NA,1.1958159292110446,NA,1.1957471731906515,NA,1.001629162737002,NA,1.0017483602739372,NA
9873678,54,d͡ʒ o c e c,5,-23.67398203471596,NA,-Inf,NA,-30.529401402579964,NA,1.1916801758594504,NA,1.1916230071191674,NA,1.0012482052809664,NA,1.0013939567073278,NA
9873678,82,k o k u ɾ,5,-15.81589881907191,NA,-14.164787591245988,NA,-14.189177293546392,NA,1.3561640083612907,NA,1.3558006156133138,NA,1.0309577781402457,NA,1.029465068337247,NA
9873678,9,g ɯ k o p,5,-18.396509345599615,NA,-15.155469592030345,NA,-15.199246251117556,NA,1.1896978651358043,NA,1.189645248846842,NA,1.0101186670128863,NA,1.0097904273217253,NA
9873678,69,b u ʒ a ʒ,5,-22.017309102851215,NA,-20.97270040380033,NA,-21.003650352513297,NA,1.323179462039307,NA,1.3228869771540068,NA,1.0084920033526763,NA,1.0082515552702562,NA
9873678,46,d͡ʒ o ʒ o h,5,-22.097218579005993,NA,-25.099219589381008,NA,-24.904916978881896,NA,1.11821597789651,NA,1.118289134009679,NA,1.0007051178379167,NA,1.0008859248512416,NA
9873678,37,ɟ i ɟ e c,5,-27.129968484650533,NA,-Inf,NA,-33.71720502403168,NA,1.193736127598374,NA,1.1936754056013783,NA,1.0007611186215082,NA,1.0009324466444522,NA
9873678,66,t͡ʃ ø z e z,5,-19.754215062891827,NA,-16.895697183378992,NA,-16.939241023440918,NA,1.2120949070379754,NA,1.2119958615786497,NA,1.009437938030965,NA,1.0091286519340401,NA
9873678,43,g u g ɯ ʒ,5,-22.12764402414707,NA,-Inf,NA,-23.62799403133488,NA,1.1604076914316734,NA,1.1604091652027129,NA,1.002296865096124,NA,1.0023929390707258,NA
9873678,24,ɟ e ʒ o ʒ,5,-26.6208257994316,NA,-Inf,NA,-28.771466371087545,NA,1.1960975503401443,NA,1.196040131009795,NA,1.0007952166504448,NA,1.0009691836637256,NA
9873678,18,l y g a s,5,-18.444893137077603,NA,-Inf,NA,-26.067538150583637,NA,1.3050485464253128,NA,1.3047771819509606,NA,1.0127422017772911,NA,1.0121847222339244,NA
9873678,58,t͡ʃ o ɫ a ʒ,5,-19.424282256875884,NA,-18.005456232553836,NA,-18.13605719361724,NA,1.37194225034822,NA,1.3715644260384483,NA,1.027293545810697,NA,1.0260195746102412,NA
9873678,91,m e ɾ u ɾ,5,-14.696942662362323,NA,-13.023558297137315,NA,-13.045322398545368,NA,1.5265589938664366,NA,1.5258999366294403,NA,1.061050686684545,NA,1.0579611009135987,NA
9873678,25,n ɯ d͡ʒ ɯ ʒ,5,-20.35265516851573,NA,-Inf,NA,-23.177728006252813,NA,1.141386496349446,NA,1.1414208042131675,NA,1.0016727518916322,NA,1.0018002670345545,NA
9873678,64,h ø ʒ ɯ ʃ,5,-22.793233890627302,NA,-Inf,NA,-24.383373092781312,NA,1.1381678025861008,NA,1.13820094196689,NA,1.006410521744585,NA,1.0062326049478594,NA
9873678,47,ɟ ø ɟ ø t͡ʃ,5,-29.830320053966172,NA,-Inf,NA,-28.770426831168702,NA,1.0317338743417712,NA,1.0319599892793068,NA,1.0000545077946146,NA,1.0002695361099974,NA
9873678,56,d͡ʒ o h ɯ ʒ,5,-21.695656866924992,NA,-Inf,NA,-27.095777081000016,NA,1.1667337478513735,NA,1.1667240129734051,NA,1.001314605615787,NA,1.0014626748261763,NA
9873678,44,ɟ y ʒ o ʒ,5,-27.99523158888624,NA,-28.69284841696419,NA,-28.14090746152981,NA,1.095036025210162,NA,1.095153452809103,NA,1.000304646498913,NA,1.0005045476286198,NA
9873678,61,ɫ o h o h,5,-18.44006945078326,NA,-24.54133724676997,NA,-24.433813499665337,NA,1.140881701067639,NA,1.140915313678908,NA,1.0026601201755148,NA,1.0027379316413156,NA
9873678,54,v e ɟ ø ʒ,5,-25.88724899922946,NA,-Inf,NA,-26.13349816640546,NA,1.1934115930661473,NA,1.1933605512070449,NA,1.0050916845666988,NA,1.0050420161949054,NA
9873678,38,t͡ʃ y f i c,5,-21.728960784187848,NA,-22.716786973512093,NA,-22.5853234924357,NA,1.2320360956439638,NA,1.2319083144749632,NA,1.006182387818063,NA,1.006063337860201,NA
9873678,66,l e l e h,5,-18.72169300477338,NA,-28.452981385838587,NA,-27.71152573039103,NA,1.3107126962643774,NA,1.31044502011368,NA,1.0043566425629775,NA,1.0043315471634189,NA
9873678,63,k ɯ ɾ ɯ ɾ,5,-15.10408899194573,NA,-12.806763517338286,NA,-12.830040671057915,NA,1.4320972084974872,NA,1.431600707758244,NA,1.049706303938969,NA,1.0471916891539033,NA
9873678,30,n u c y j,5,-20.658545558102126,NA,-Inf,NA,-27.875256524586018,NA,1.1303835200334362,NA,1.1304329817238876,NA,1.0009000520491858,NA,1.001068684949295,NA
9873678,8,h a ʒ o ʒ,5,-22.411292023981808,NA,-19.98257424570709,NA,-20.012146466153983,NA,1.3339144804373528,NA,1.3336186560682508,NA,1.0242965841159228,NA,1.023235860036801,NA
9873678,14,l e k a ɾ,5,-15.017293036612118,NA,-19.407834498130676,NA,-19.044786274829686,NA,1.5080939526744883,NA,1.5074543029063974,NA,1.045194852222235,NA,1.0427811490211962,NA
9873678,3,l e l y c,5,-22.712932987058565,NA,-Inf,NA,-31.625008565162982,NA,1.2146465675396698,NA,1.214557046255178,NA,1.0031176468016472,NA,1.0031701069775885,NA
9873678,31,t i k ɯ ɾ,5,-14.54245432215599,NA,-13.212451852990958,NA,-13.233651743758994,NA,1.352332061924168,NA,1.3519743902412205,NA,1.0240330562526363,NA,1.0228729978485829,NA
9873678,59,b i j o p,5,-17.819792145237756,NA,-14.411741791563118,NA,-14.44982851725279,NA,1.2320675183451335,NA,1.231941850926206,NA,1.019116645133666,NA,1.018318051070536,NA
9873678,61,b e ɟ i ʒ,5,-22.954468016281908,NA,-24.634615074769357,NA,-24.189436304001077,NA,1.352371013895645,NA,1.3520350120491875,NA,1.0125225794453168,NA,1.012081798156116,NA
9873678,93,t ø ɾ a n,5,-15.737900612639798,NA,-14.053612751333944,NA,-14.0900146594381,NA,1.4983632288774549,NA,1.4977406461807206,NA,1.0585320936609162,NA,1.055335124686371,NA
9873678,7,l i v ø c,5,-23.521629066683385,NA,-Inf,NA,-33.078770632151944,NA,1.1258459326384591,NA,1.1259116896807664,NA,1.0021258039899703,NA,1.0022313327026664,NA
9873678,14,v ø l e j,5,-20.38341156188671,NA,-Inf,NA,-29.973439994045172,NA,1.1770011355390022,NA,1.1769622987891786,NA,1.0039778284969023,NA,1.0039467441646983,NA
9873678,70,n y n y j,5,-17.387953451395102,NA,-22.84121056217028,NA,-22.81293712937672,NA,1.207963604453446,NA,1.2078780501278503,NA,1.0079609523814197,NA,1.0077547671760057,NA
9873678,35,l i l y j,5,-19.970386134913596,NA,-Inf,NA,-29.06974718873675,NA,1.1481724014715176,NA,1.148190949754183,NA,1.0019943881319666,NA,1.002104960638429,NA
9873678,60,ɟ ø j o ʒ,5,-26.49689488595845,NA,-Inf,NA,-23.932703542616142,NA,1.0852809248581945,NA,1.085414770218477,NA,1.0023189127998635,NA,1.002409614578854,NA
9873678,36,b i ʒ i ʃ,5,-19.526656073717337,NA,-17.97370132018528,NA,-18.017836365125127,NA,1.2861479817833397,NA,1.285919656722362,NA,1.0177954456980225,NA,1.017025230789646,NA
9873678,21,f i b ɯ ʒ,5,-20.436961838794783,NA,-Inf,NA,-22.999633738347892,NA,1.1898218295863592,NA,1.1897722159469446,NA,1.0083986623139738,NA,1.0081722495289367,NA
9873678,28,c i t͡ʃ e f,5,-20.35455499473321,NA,-Inf,NA,-23.19101449988911,NA,1.2206632956388237,NA,1.2205511500064978,NA,1.0041193198207332,NA,1.0040987094266125,NA
9873678,83,m e ɾ ɯ ɾ,5,-14.482075691887497,NA,-12.618518906214195,NA,-12.639743620026252,NA,1.5363601221358536,NA,1.535683225407098,NA,1.0643340657695692,NA,1.061047884258652,NA
9873678,28,k a ɾ e t,5,-12.998093041208076,NA,-11.97346206217353,NA,-11.990829041411471,NA,1.6697599573021775,NA,1.6688574527874926,NA,1.110223784834866,NA,1.1044830661891687,NA
9873678,32,f y c ø v,5,-24.105639586157395,NA,-Inf,NA,-24.665973193548194,NA,1.1129298669413028,NA,1.1130142426187757,NA,1.0013678237866614,NA,1.0015130661860885,NA
9873678,1,n i v y j,5,-17.493047560834334,NA,-22.47616192556484,NA,-22.44275508862507,NA,1.18050489552488,NA,1.1804673180900334,NA,1.0055738254825757,NA,1.0054960636982748,NA
9873678,32,z a ɟ e c,5,-22.710963226448087,NA,-Inf,NA,-26.8402764213242,NA,1.3881083490241413,NA,1.3877113533137964,NA,1.0055295882618005,NA,1.005450234168199,NA
9873678,60,g u ɟ e ʒ,5,-24.520648215729064,NA,-Inf,NA,-25.12589588220793,NA,1.2072204570857334,NA,1.2071361783307428,NA,1.0015072051556937,NA,1.0016432622663496,NA
9873678,38,ɟ y s y f,5,-22.96626912908152,NA,-23.65293144228456,NA,-23.26150177793404,NA,1.162474537561398,NA,1.1624701118447611,NA,1.007526105518591,NA,1.0073429378505647,NA
9873678,64,b i h a ʒ,5,-18.744934240832112,NA,-16.24298849238163,NA,-16.385096205880032,NA,1.3733553453253655,NA,1.372975726405124,NA,1.0233784812990958,NA,1.0223335961608893,NA
9873678,37,v ø d͡ʒ o h,5,-21.363641778803853,NA,-Inf,NA,-28.344098104475098,NA,1.0848245663042964,NA,1.0849553554942497,NA,1.0002254577062906,NA,1.0004310609040532,NA
9873678,0,l y g ɯ h,5,-20.4998975830064,NA,-Inf,NA,-29.036115755256105,NA,1.149974565951282,NA,1.149989887931764,NA,1.00059203852765,NA,1.0007759709906086,NA
9873678,86,m a f ɯ ʒ,5,-19.123444916118363,NA,-Inf,NA,-20.272463690019514,NA,1.433901152468908,NA,1.4334293801112787,NA,1.028327685373242,NA,1.0270542242358425,NA
9873678,45,v ø l y c,5,-24.69819952981217,NA,-Inf,NA,-34.22078322004938,NA,1.0738270837624526,NA,1.0739812033064169,NA,1.000065210303228,NA,1.0002790383147078,NA
9873678,29,b a d͡ʒ ɯ z,5,-17.34515839292861,NA,-14.26280182945655,NA,-14.306332778850988,NA,1.4154917370834543,NA,1.4150459441905807,NA,1.0246087747061503,NA,1.023516791495323,NA
9873678,64,z a ɟ ø c,5,-25.29406676995731,NA,-Inf,NA,-27.908409897602446,NA,1.2841708027252068,NA,1.2839629886018915,NA,1.0048774852295213,NA,1.004838949859867,NA
9873678,31,z a c y c,5,-22.967338641377513,NA,-Inf,NA,-27.738112216193443,NA,1.30615402707163,NA,1.305906320725149,NA,1.004670156559676,NA,1.004641947160086,NA
9873678,65,n ø n y j,5,-18.59665120544969,NA,-23.859590348601593,NA,-23.813870098081395,NA,1.1568370879889744,NA,1.1568399878441131,NA,1.0032243478372642,NA,1.0032682870588847,NA
9873678,82,n u c y c,5,-23.59892773657295,NA,-Inf,NA,-30.1793505288519,NA,1.1106900084586075,NA,1.1107804796089662,NA,1.00076963144273,NA,1.0009464280876286,NA
9873678,38,ɟ e ɟ y c,5,-28.30653894777932,NA,-Inf,NA,-33.570427837482214,NA,1.196423265039634,NA,1.1963654108494548,NA,1.000231209196349,NA,1.000436132364972,NA
9873678,34,k u k o n,5,-16.067983991564752,NA,-13.63563902211114,NA,-13.66252219216208,NA,1.3321316029835863,NA,1.331812746650162,NA,1.022135193672589,NA,1.0211308803551549,NA
9873678,79,n ɯ t i v,5,-16.232908095139347,NA,-21.96802980566556,NA,-21.957749241597252,NA,1.268821147095549,NA,1.2686250852060037,NA,1.0211694574491372,NA,1.0202141924744377,NA
9873678,31,t i k o n,5,-15.196101206729836,NA,-13.240996547523356,NA,-13.26604749315664,NA,1.31822773105001,NA,1.3179329037806882,NA,1.0146171328879905,NA,1.0140073512575454,NA
9873678,39,g o ɟ ø ʒ,5,-27.290446500844467,NA,-Inf,NA,-25.568532573095965,NA,1.1030121135597626,NA,1.1031174848991148,NA,1.001138393401175,NA,1.0012964338824402,NA
9873678,68,b u m e l,5,-17.814766387475487,NA,-15.347656861812922,NA,-15.39559611789573,NA,1.295187097363635,NA,1.2949473270829202,NA,1.01977328294233,NA,1.0189224624213549,NA
9873678,34,ɟ e d͡ʒ ɯ ʃ,5,-21.882833802794956,NA,-Inf,NA,-23.003164237882388,NA,1.2591492701203255,NA,1.2589729296039585,NA,1.0107052213650367,NA,1.0102980225080054,NA
9873678,33,g ɯ ɟ y ʒ,5,-25.680187034708876,NA,-24.79307060996098,NA,-24.185039595714763,NA,1.112799708911742,NA,1.112886304686086,NA,1.002733246193697,NA,1.0028060614990746,NA
9873678,30,k a k o n,5,-14.50659106646786,NA,-12.17321902001452,NA,-12.197940719744937,NA,1.533550580453257,NA,1.532883248380266,NA,1.0716980709170678,NA,1.0680836932215294,NA
9874648,51,k ɯ ɾ e t,5,-14.34461899583014,NA,-12.379643812608151,NA,-12.401069233681326,NA,1.4574007718602364,NA,1.4568656707805725,NA,1.0575407260274738,NA,1.054575679739315,NA
9874648,51,d͡ʒ o ʒ o h,5,-22.097218579005993,NA,-25.099219589381008,NA,-24.904916978881896,NA,1.11821597789651,NA,1.118289134009679,NA,1.0007051178379167,NA,1.0008859248512416,NA
9874648,51,n y n y j,5,-17.387953451395102,NA,-22.84121056217028,NA,-22.81293712937672,NA,1.207963604453446,NA,1.2078780501278503,NA,1.0079609523814197,NA,1.0077547671760057,NA
9874648,51,t i k o n,5,-15.196101206729836,NA,-13.240996547523356,NA,-13.26604749315664,NA,1.31822773105001,NA,1.3179329037806882,NA,1.0146171328879905,NA,1.0140073512575454,NA
9874648,49,d ø ʒ u ʒ,5,-24.98943492896086,NA,-Inf,NA,-24.22776906482711,NA,1.1165991658515588,NA,1.116677401262255,NA,1.0026538128249567,NA,1.0027322776999663,NA
9874648,49,n ø n y j,5,-18.59665120544969,NA,-23.859590348601593,NA,-23.813870098081395,NA,1.1568370879889744,NA,1.1568399878441131,NA,1.0032243478372642,NA,1.0032682870588847,NA
9874648,49,d ø z i ʒ,5,-21.70542391051496,NA,-19.545489240999224,NA,-19.60431392431074,NA,1.2249679545138032,NA,1.2248519373951183,NA,1.009262247629164,NA,1.008979216459775,NA
9874648,52,b a b u z,5,-17.031411824215805,NA,-14.580740364522184,NA,-14.616442917521326,NA,1.4171372456831095,NA,1.4166893612568667,NA,1.0339474952511396,NA,1.0323546619528714,NA
9874648,52,ɟ e ɟ e c,5,-26.93213315832468,NA,-Inf,NA,-34.31977028302991,NA,1.279903805241355,NA,1.279694004217295,NA,1.0007611186215082,NA,1.0009324466444522,NA
9874648,68,n i v y j,5,-17.493047560834334,NA,-22.47616192556484,NA,-22.44275508862507,NA,1.18050489552488,NA,1.1804673180900334,NA,1.0055738254825757,NA,1.0054960636982748,NA
9874648,37,g o ɟ ø ʒ,5,-27.290446500844467,NA,-Inf,NA,-25.568532573095965,NA,1.1030121135597626,NA,1.1031174848991148,NA,1.001138393401175,NA,1.0012964338824402,NA
9874648,28,b o ʒ i n,5,-19.551581921206928,NA,-15.34865531235195,NA,-15.46250667001904,NA,1.3176726144950657,NA,1.3173711639403407,NA,1.0201904519518092,NA,1.019223006244508,NA
9874648,67,ʃ o ʃ e ʒ,5,-20.72090935766442,NA,-22.109244486171928,NA,-22.17599288318765,NA,1.2201293152835069,NA,1.2200223876473202,NA,1.0053494657208828,NA,1.005275324117079,NA
9874648,58,b e ɟ i ʒ,5,-22.954468016281908,NA,-24.634615074769357,NA,-24.189436304001077,NA,1.352371013895645,NA,1.3520350120491875,NA,1.0125225794453168,NA,1.012081798156116,NA
9874648,52,l i v ø c,5,-23.521629066683385,NA,-Inf,NA,-33.078770632151944,NA,1.1258459326384591,NA,1.1259116896807664,NA,1.0021258039899703,NA,1.0022313327026664,NA
9874648,54,l y g a s,5,-18.444893137077603,NA,-Inf,NA,-26.067538150583637,NA,1.3050485464253128,NA,1.3047771819509606,NA,1.0127422017772911,NA,1.0121847222339244,NA
9874648,42,g ɯ k o p,5,-18.396509345599615,NA,-15.155469592030345,NA,-15.199246251117556,NA,1.1896978651358043,NA,1.189645248846842,NA,1.0101186670128863,NA,1.0097904273217253,NA
9874648,41,b u p o n,5,-18.090788535226785,NA,-14.871571711459897,NA,-14.898543975468526,NA,1.2534517142540844,NA,1.2532693351189497,NA,1.0146087672669268,NA,1.014002641902062,NA
9874648,64,g ɯ ɟ y z,5,-23.285064406939977,NA,-21.353497172991236,NA,-20.799421774706857,NA,1.129558756841315,NA,1.1296104538368636,NA,1.0031897183162923,NA,1.003233960514907,NA
9874648,59,b u ʒ a ʒ,5,-22.017309102851215,NA,-20.97270040380033,NA,-21.003650352513297,NA,1.323179462039307,NA,1.3228869771540068,NA,1.0084920033526763,NA,1.0082515552702562,NA
9874648,55,h i ʒ u ʒ,5,-22.897101816795516,NA,-22.812369904220137,NA,-22.719046165604528,NA,1.174823947299784,NA,1.1748014419634516,NA,1.005038918518121,NA,1.0049919529548976,NA
9874648,41,t i k ɯ ɾ,5,-14.54245432215599,NA,-13.212451852990958,NA,-13.233651743758994,NA,1.352332061924168,NA,1.3519743902412205,NA,1.0240330562526363,NA,1.0228729978485829,NA
9874648,53,k ɯ ɾ ø ɾ,5,-16.815335788926927,NA,-15.47207327845282,NA,-15.47290521159459,NA,1.3818949177686708,NA,1.3814897925657066,NA,1.0336014287971542,NA,1.032037505843908,NA
9874648,63,z a ɟ e c,5,-22.710963226448087,NA,-Inf,NA,-26.8402764213242,NA,1.3881083490241413,NA,1.3877113533137964,NA,1.0055295882618005,NA,1.005450234168199,NA
9874648,59,h a ʒ a ʒ,5,-20.66320435727874,NA,-18.991359167803843,NA,-19.22316769797684,NA,1.503268859604257,NA,1.502664785412429,NA,1.0253887052721251,NA,1.024260469695336,NA
9874648,59,ɟ y f e ʒ,5,-24.68382830227571,NA,-25.22823350958293,NA,-24.924911824073703,NA,1.197274626696634,NA,1.197207333245688,NA,1.005629742506169,NA,1.0055403867692694,NA
9874648,58,b a d͡ʒ ɯ z,5,-17.34515839292861,NA,-14.26280182945655,NA,-14.306332778850988,NA,1.4154917370834543,NA,1.4150459441905807,NA,1.0246087747061503,NA,1.023516791495323,NA
9874648,38,ɫ a c i v,5,-18.573457430867325,NA,-Inf,NA,-26.542814999082395,NA,1.405256699256112,NA,1.4048253291152235,NA,1.004371680977657,NA,1.004344736513621,NA
9874648,80,g ɯ ɾ a ʒ,5,-18.902722310983343,NA,-16.198481439042656,NA,-16.34403605221776,NA,1.419942412927112,NA,1.419480952598695,NA,1.0501716213082088,NA,1.0476633593333955,NA
9874648,31,n ɯ t u j,5,-16.458023913936312,NA,-21.523380072352197,NA,-21.520724492736264,NA,1.2065410713885756,NA,1.2064562308023568,NA,1.0047893568512176,NA,1.0047454608812807,NA
9874648,37,f y c ø v,5,-24.105639586157395,NA,-Inf,NA,-24.665973193548194,NA,1.1129298669413028,NA,1.1130142426187757,NA,1.0013678237866614,NA,1.0015130661860885,NA
9874648,61,v ɯ m o ʒ,5,-20.866255525720582,NA,-21.52786979559882,NA,-21.609613266696552,NA,1.1433244251421313,NA,1.1433577818079883,NA,1.0025302512137306,NA,1.002610125753439,NA
9874648,67,ɟ y ʒ o ʒ,5,-27.99523158888624,NA,-28.69284841696419,NA,-28.14090746152981,NA,1.095036025210162,NA,1.095153452809103,NA,1.000304646498913,NA,1.0005045476286198,NA
9874648,66,l e l y c,5,-22.712932987058565,NA,-Inf,NA,-31.625008565162982,NA,1.2146465675396698,NA,1.214557046255178,NA,1.0031176468016472,NA,1.0031701069775885,NA
9874648,43,m e ɾ ɯ ɾ,5,-14.482075691887497,NA,-12.618518906214195,NA,-12.639743620026252,NA,1.5363601221358536,NA,1.535683225407098,NA,1.0643340657695692,NA,1.061047884258652,NA
9874648,60,ɟ i ɟ e c,5,-27.129968484650533,NA,-Inf,NA,-33.71720502403168,NA,1.193736127598374,NA,1.1936754056013783,NA,1.0007611186215082,NA,1.0009324466444522,NA
9874648,62,ɟ e ʒ o ʒ,5,-26.6208257994316,NA,-Inf,NA,-28.771466371087545,NA,1.1960975503401443,NA,1.196040131009795,NA,1.0007952166504448,NA,1.0009691836637256,NA
9874648,80,k ɯ ɾ ɯ ɾ,5,-15.10408899194573,NA,-12.806763517338286,NA,-12.830040671057915,NA,1.4320972084974872,NA,1.431600707758244,NA,1.049706303938969,NA,1.0471916891539033,NA
9874648,44,t͡ʃ o ɫ a ʒ,5,-19.424282256875884,NA,-18.005456232553836,NA,-18.13605719361724,NA,1.37194225034822,NA,1.3715644260384483,NA,1.027293545810697,NA,1.0260195746102412,NA
9874648,68,l e k a ɾ,5,-15.017293036612118,NA,-19.407834498130676,NA,-19.044786274829686,NA,1.5080939526744883,NA,1.5074543029063974,NA,1.045194852222235,NA,1.0427811490211962,NA
9874648,69,h a ʒ y z,5,-20.11715672705851,NA,-17.4716328950729,NA,-17.489616749544957,NA,1.3520981109642247,NA,1.3517647948669438,NA,1.0246878459352902,NA,1.0236026306218002,NA
9874648,84,b y t͡ʃ ɯ ʒ,5,-21.616844660036552,NA,-Inf,NA,-22.629276208594433,NA,1.2022894136775335,NA,1.2022183989320754,NA,1.0049370975420808,NA,1.00489232261725,NA
9874648,32,k a k o n,5,-14.50659106646786,NA,-12.17321902001452,NA,-12.197940719744937,NA,1.533550580453257,NA,1.532883248380266,NA,1.0716980709170678,NA,1.0680836932215294,NA
9874648,13,z a c y c,5,-22.967338641377513,NA,-Inf,NA,-27.738112216193443,NA,1.30615402707163,NA,1.305906320725149,NA,1.004670156559676,NA,1.004641947160086,NA
9874648,68,d͡ʒ o h ɯ ʒ,5,-21.695656866924992,NA,-Inf,NA,-27.095777081000016,NA,1.1667337478513735,NA,1.1667240129734051,NA,1.001314605615787,NA,1.0014626748261763,NA
9874648,67,f i b ɯ ʒ,5,-20.436961838794783,NA,-Inf,NA,-22.999633738347892,NA,1.1898218295863592,NA,1.1897722159469446,NA,1.0083986623139738,NA,1.0081722495289367,NA
9874648,85,g u g ɯ ʒ,5,-22.12764402414707,NA,-Inf,NA,-23.62799403133488,NA,1.1604076914316734,NA,1.1604091652027129,NA,1.002296865096124,NA,1.0023929390707258,NA
9874648,42,l i l y j,5,-19.970386134913596,NA,-Inf,NA,-29.06974718873675,NA,1.1481724014715176,NA,1.148190949754183,NA,1.0019943881319666,NA,1.002104960638429,NA
9874648,70,h e ʒ o ʃ,5,-20.611692059199083,NA,-21.352021945146213,NA,-21.261716898107,NA,1.2591859769516531,NA,1.2590125489549313,NA,1.0061370897175157,NA,1.006025124082477,NA
9874648,80,g u ɟ e ʒ,5,-24.520648215729064,NA,-Inf,NA,-25.12589588220793,NA,1.2072204570857334,NA,1.2071361783307428,NA,1.0015072051556937,NA,1.0016432622663496,NA
9874648,58,b i ʒ i ʃ,5,-19.526656073717337,NA,-17.97370132018528,NA,-18.017836365125127,NA,1.2861479817833397,NA,1.285919656722362,NA,1.0177954456980225,NA,1.017025230789646,NA
9874648,85,f u c i c,5,-23.709298903113027,NA,-Inf,NA,-29.70602713063263,NA,1.206154311454209,NA,1.2060714855791586,NA,1.0011929509918631,NA,1.0013448826976608,NA
9874648,45,ɟ e d͡ʒ ɯ ʃ,5,-21.882833802794956,NA,-Inf,NA,-23.003164237882388,NA,1.2591492701203255,NA,1.2589729296039585,NA,1.0107052213650367,NA,1.0102980225080054,NA
9874648,66,n ɯ c e h,5,-19.392820783812937,NA,-Inf,NA,-28.037484047969727,NA,1.1958159292110446,NA,1.1957471731906515,NA,1.001629162737002,NA,1.0017483602739372,NA
9874648,61,g o ɟ y ʒ,5,-26.081748746789877,NA,-24.756749204677632,NA,-24.261882275036,NA,1.1234691196569762,NA,1.1235372562431791,NA,1.0013257973115228,NA,1.001472532342125,NA
9874648,85,l y l e c,5,-22.712932987058565,NA,-Inf,NA,-32.3160745795191,NA,1.197065582611408,NA,1.1969989614223264,NA,1.0011971809784252,NA,1.0013454564534352,NA
9874648,45,m a f ɯ ʒ,5,-19.123444916118363,NA,-Inf,NA,-20.272463690019514,NA,1.433901152468908,NA,1.4334293801112787,NA,1.028327685373242,NA,1.0270542242358425,NA
9874648,22,h a ʒ o ʒ,5,-22.411292023981808,NA,-19.98257424570709,NA,-20.012146466153983,NA,1.3339144804373528,NA,1.3336186560682508,NA,1.0242965841159228,NA,1.023235860036801,NA
9874648,73,ɟ ø ɟ ø t͡ʃ,5,-29.830320053966172,NA,-Inf,NA,-28.770426831168702,NA,1.0317338743417712,NA,1.0319599892793068,NA,1.0000545077946146,NA,1.0002695361099974,NA
9874648,89,m e ɾ u ɾ,5,-14.696942662362323,NA,-13.023558297137315,NA,-13.045322398545368,NA,1.5265589938664366,NA,1.5258999366294403,NA,1.061050686684545,NA,1.0579611009135987,NA
9874648,48,k a ɾ e t,5,-12.998093041208076,NA,-11.97346206217353,NA,-11.990829041411471,NA,1.6697599573021775,NA,1.6688574527874926,NA,1.110223784834866,NA,1.1044830661891687,NA
9874648,73,ɟ e ɟ y c,5,-28.30653894777932,NA,-Inf,NA,-33.570427837482214,NA,1.196423265039634,NA,1.1963654108494548,NA,1.000231209196349,NA,1.000436132364972,NA
9874648,89,k u ɾ ɯ ɾ,5,-15.318955962420556,NA,-13.370493909747877,NA,-13.394216805421626,NA,1.4430374164697577,NA,1.4425219880350606,NA,1.0417068954004978,NA,1.0396145126083167,NA
9874648,11,b i h a ʒ,5,-18.744934240832112,NA,-16.24298849238163,NA,-16.385096205880032,NA,1.3733553453253655,NA,1.372975726405124,NA,1.0233784812990958,NA,1.0223335961608893,NA
9874648,66,k u k o n,5,-16.067983991564752,NA,-13.63563902211114,NA,-13.66252219216208,NA,1.3321316029835863,NA,1.331812746650162,NA,1.022135193672589,NA,1.0211308803551549,NA
9874648,61,b i j o p,5,-17.819792145237756,NA,-14.411741791563118,NA,-14.44982851725279,NA,1.2320675183451335,NA,1.231941850926206,NA,1.019116645133666,NA,1.018318051070536,NA
9874648,78,ɟ ø j o ʒ,5,-26.49689488595845,NA,-Inf,NA,-23.932703542616142,NA,1.0852809248581945,NA,1.085414770218477,NA,1.0023189127998635,NA,1.002409614578854,NA
9874648,88,t͡ʃ ø z e z,5,-19.754215062891827,NA,-16.895697183378992,NA,-16.939241023440918,NA,1.2120949070379754,NA,1.2119958615786497,NA,1.009437938030965,NA,1.0091286519340401,NA
9874648,39,ɫ o m ɯ t,5,-16.10906876251265,NA,-20.463295386477544,NA,-20.459024896790748,NA,1.226354557914894,NA,1.2262249588685283,NA,1.0089687051569078,NA,1.008691414558396,NA
9874648,60,v ø d͡ʒ o h,5,-21.363641778803853,NA,-Inf,NA,-28.344098104475098,NA,1.0848245663042964,NA,1.0849553554942497,NA,1.0002254577062906,NA,1.0004310609040532,NA
9874648,82,ɫ o c y c,5,-23.77472516728996,NA,-Inf,NA,-29.95538503380819,NA,1.101649180915417,NA,1.1017552870760137,NA,1.0021777770233191,NA,1.0022805824390244,NA
9874648,63,n u c y c,5,-23.59892773657295,NA,-Inf,NA,-30.1793505288519,NA,1.1106900084586075,NA,1.1107804796089662,NA,1.00076963144273,NA,1.0009464280876286,NA
9874648,65,l y g ɯ h,5,-20.4998975830064,NA,-Inf,NA,-29.036115755256105,NA,1.149974565951282,NA,1.149989887931764,NA,1.00059203852765,NA,1.0007759709906086,NA
9874648,85,l y g u j,5,-20.39121656784095,NA,-Inf,NA,-28.45058894678722,NA,1.147281360733707,NA,1.147299720778366,NA,1.0011865525645776,NA,1.0013362474692384,NA
9874648,47,k o k u ɾ,5,-15.81589881907191,NA,-14.164787591245988,NA,-14.189177293546392,NA,1.3561640083612907,NA,1.3558006156133138,NA,1.0309577781402457,NA,1.029465068337247,NA
9874648,63,g ɯ ɟ y ʒ,5,-25.680187034708876,NA,-24.79307060996098,NA,-24.185039595714763,NA,1.112799708911742,NA,1.112886304686086,NA,1.002733246193697,NA,1.0028060614990746,NA
9874648,86,t͡ʃ y f i c,5,-21.728960784187848,NA,-22.716786973512093,NA,-22.5853234924357,NA,1.2320360956439638,NA,1.2319083144749632,NA,1.006182387818063,NA,1.006063337860201,NA
9874648,55,ɫ o h o h,5,-18.44006945078326,NA,-24.54133724676997,NA,-24.433813499665337,NA,1.140881701067639,NA,1.140915313678908,NA,1.0026601201755148,NA,1.0027379316413156,NA
9874648,65,m y ɾ o n,5,-16.510128365915982,NA,-13.311535765675442,NA,-13.341581660625684,NA,1.4011942661317132,NA,1.400755060745874,NA,1.0445744785123534,NA,1.0423874508376312,NA
9874648,78,ɟ y s y f,5,-22.96626912908152,NA,-23.65293144228456,NA,-23.26150177793404,NA,1.162474537561398,NA,1.1624701118447611,NA,1.007526105518591,NA,1.0073429378505647,NA
9874648,35,c i t͡ʃ e f,5,-20.35455499473321,NA,-Inf,NA,-23.19101449988911,NA,1.2206632956388237,NA,1.2205511500064978,NA,1.0041193198207332,NA,1.0040987094266125,NA
9874648,13,n u c y j,5,-20.658545558102126,NA,-Inf,NA,-27.875256524586018,NA,1.1303835200334362,NA,1.1304329817238876,NA,1.0009000520491858,NA,1.001068684949295,NA
9874648,42,v e ɟ ø ʒ,5,-25.88724899922946,NA,-Inf,NA,-26.13349816640546,NA,1.1934115930661473,NA,1.1933605512070449,NA,1.0050916845666988,NA,1.0050420161949054,NA
9874648,88,v ø l e j,5,-20.38341156188671,NA,-Inf,NA,-29.973439994045172,NA,1.1770011355390022,NA,1.1769622987891786,NA,1.0039778284969023,NA,1.0039467441646983,NA
9874648,93,n ø m ɯ j,5,-18.18724158107039,NA,-23.99488997807466,NA,-23.947971790620024,NA,1.1624899274009108,NA,1.1624806365353328,NA,1.0028689545306988,NA,1.002926864143793,NA
9874648,59,n ɯ t i v,5,-16.232908095139347,NA,-21.96802980566556,NA,-21.957749241597252,NA,1.268821147095549,NA,1.2686250852060037,NA,1.0211694574491372,NA,1.0202141924744377,NA
9874648,65,v ø l y c,5,-24.69819952981217,NA,-Inf,NA,-34.22078322004938,NA,1.0738270837624526,NA,1.0739812033064169,NA,1.000065210303228,NA,1.0002790383147078,NA
9874648,55,z a ɟ ø c,5,-25.29406676995731,NA,-Inf,NA,-27.908409897602446,NA,1.2841708027252068,NA,1.2839629886018915,NA,1.0048774852295213,NA,1.004838949859867,NA
9874648,75,l e l e h,5,-18.72169300477338,NA,-28.452981385838587,NA,-27.71152573039103,NA,1.3107126962643774,NA,1.31044502011368,NA,1.0043566425629775,NA,1.0043315471634189,NA
9874648,45,n u n u ɫ,5,-16.1837999949144,NA,-19.621241364005783,NA,-19.623919938160853,NA,1.262793973357144,NA,1.262597334354253,NA,1.0096134601254851,NA,1.0092804006803462,NA
9874648,23,t ø ɾ a n,5,-15.737900612639798,NA,-14.053612751333944,NA,-14.0900146594381,NA,1.4983632288774549,NA,1.4977406461807206,NA,1.0585320936609162,NA,1.055335124686371,NA
9874648,80,b u m e l,5,-17.814766387475487,NA,-15.347656861812922,NA,-15.39559611789573,NA,1.295187097363635,NA,1.2949473270829202,NA,1.01977328294233,NA,1.0189224624213549,NA
9874648,19,n ɯ d͡ʒ ɯ ʒ,5,-20.35265516851573,NA,-Inf,NA,-23.177728006252813,NA,1.141386496349446,NA,1.1414208042131675,NA,1.0016727518916322,NA,1.0018002670345545,NA
9874648,54,d͡ʒ o c e c,5,-23.67398203471596,NA,-Inf,NA,-30.529401402579964,NA,1.1916801758594504,NA,1.1916230071191674,NA,1.0012482052809664,NA,1.0013939567073278,NA
9874648,74,b u ɟ ø ʒ,5,-26.42645995046814,NA,-Inf,NA,-24.718693605330763,NA,1.1344111048101857,NA,1.134462175918881,NA,1.0071497434921757,NA,1.006991934093099,NA
9874648,65,h ø ʒ ɯ ʃ,5,-22.793233890627302,NA,-Inf,NA,-24.383373092781312,NA,1.1381678025861008,NA,1.13820094196689,NA,1.006410521744585,NA,1.0062326049478594,NA
9875821,35,ɟ y ʒ o ʒ,5,-27.99523158888624,NA,-28.69284841696419,NA,-28.14090746152981,NA,1.095036025210162,NA,1.095153452809103,NA,1.000304646498913,NA,1.0005045476286198,NA
9875821,60,b u m e l,5,-17.814766387475487,NA,-15.347656861812922,NA,-15.39559611789573,NA,1.295187097363635,NA,1.2949473270829202,NA,1.01977328294233,NA,1.0189224624213549,NA
9875821,100,t ø ɾ a n,5,-15.737900612639798,NA,-14.053612751333944,NA,-14.0900146594381,NA,1.4983632288774549,NA,1.4977406461807206,NA,1.0585320936609162,NA,1.055335124686371,NA
9875821,34,t͡ʃ y f i c,5,-21.728960784187848,NA,-22.716786973512093,NA,-22.5853234924357,NA,1.2320360956439638,NA,1.2319083144749632,NA,1.006182387818063,NA,1.006063337860201,NA
9875821,59,ɟ e ɟ y c,5,-28.30653894777932,NA,-Inf,NA,-33.570427837482214,NA,1.196423265039634,NA,1.1963654108494548,NA,1.000231209196349,NA,1.000436132364972,NA
9875821,0,l i l y j,5,-19.970386134913596,NA,-Inf,NA,-29.06974718873675,NA,1.1481724014715176,NA,1.148190949754183,NA,1.0019943881319666,NA,1.002104960638429,NA
9875821,100,ɟ e d͡ʒ ɯ ʃ,5,-21.882833802794956,NA,-Inf,NA,-23.003164237882388,NA,1.2591492701203255,NA,1.2589729296039585,NA,1.0107052213650367,NA,1.0102980225080054,NA
9875821,0,ɫ o m ɯ t,5,-16.10906876251265,NA,-20.463295386477544,NA,-20.459024896790748,NA,1.226354557914894,NA,1.2262249588685283,NA,1.0089687051569078,NA,1.008691414558396,NA
9875821,13,f u c i c,5,-23.709298903113027,NA,-Inf,NA,-29.70602713063263,NA,1.206154311454209,NA,1.2060714855791586,NA,1.0011929509918631,NA,1.0013448826976608,NA
9875821,88,m e ɾ ɯ ɾ,5,-14.482075691887497,NA,-12.618518906214195,NA,-12.639743620026252,NA,1.5363601221358536,NA,1.535683225407098,NA,1.0643340657695692,NA,1.061047884258652,NA
9875821,80,b o ʒ i n,5,-19.551581921206928,NA,-15.34865531235195,NA,-15.46250667001904,NA,1.3176726144950657,NA,1.3173711639403407,NA,1.0201904519518092,NA,1.019223006244508,NA
9875821,87,ɟ i ɟ e c,5,-27.129968484650533,NA,-Inf,NA,-33.71720502403168,NA,1.193736127598374,NA,1.1936754056013783,NA,1.0007611186215082,NA,1.0009324466444522,NA
9875821,26,ɫ o c y c,5,-23.77472516728996,NA,-Inf,NA,-29.95538503380819,NA,1.101649180915417,NA,1.1017552870760137,NA,1.0021777770233191,NA,1.0022805824390244,NA
9875821,76,ɟ y f e ʒ,5,-24.68382830227571,NA,-25.22823350958293,NA,-24.924911824073703,NA,1.197274626696634,NA,1.197207333245688,NA,1.005629742506169,NA,1.0055403867692694,NA
9875821,0,d ø ʒ u ʒ,5,-24.98943492896086,NA,-Inf,NA,-24.22776906482711,NA,1.1165991658515588,NA,1.116677401262255,NA,1.0026538128249567,NA,1.0027322776999663,NA
9875821,22,t͡ʃ o ɫ a ʒ,5,-19.424282256875884,NA,-18.005456232553836,NA,-18.13605719361724,NA,1.37194225034822,NA,1.3715644260384483,NA,1.027293545810697,NA,1.0260195746102412,NA
9875821,0,ɟ ø j o ʒ,5,-26.49689488595845,NA,-Inf,NA,-23.932703542616142,NA,1.0852809248581945,NA,1.085414770218477,NA,1.0023189127998635,NA,1.002409614578854,NA
9875821,100,k o k u ɾ,5,-15.81589881907191,NA,-14.164787591245988,NA,-14.189177293546392,NA,1.3561640083612907,NA,1.3558006156133138,NA,1.0309577781402457,NA,1.029465068337247,NA
9875821,0,g ɯ ɟ y ʒ,5,-25.680187034708876,NA,-24.79307060996098,NA,-24.185039595714763,NA,1.112799708911742,NA,1.112886304686086,NA,1.002733246193697,NA,1.0028060614990746,NA
9875821,28,l e l y c,5,-22.712932987058565,NA,-Inf,NA,-31.625008565162982,NA,1.2146465675396698,NA,1.214557046255178,NA,1.0031176468016472,NA,1.0031701069775885,NA
9875821,32,d͡ʒ o ʒ o h,5,-22.097218579005993,NA,-25.099219589381008,NA,-24.904916978881896,NA,1.11821597789651,NA,1.118289134009679,NA,1.0007051178379167,NA,1.0008859248512416,NA
9875821,76,c i t͡ʃ e f,5,-20.35455499473321,NA,-Inf,NA,-23.19101449988911,NA,1.2206632956388237,NA,1.2205511500064978,NA,1.0041193198207332,NA,1.0040987094266125,NA
9875821,43,n ø n y j,5,-18.59665120544969,NA,-23.859590348601593,NA,-23.813870098081395,NA,1.1568370879889744,NA,1.1568399878441131,NA,1.0032243478372642,NA,1.0032682870588847,NA
9875821,21,v e ɟ ø ʒ,5,-25.88724899922946,NA,-Inf,NA,-26.13349816640546,NA,1.1934115930661473,NA,1.1933605512070449,NA,1.0050916845666988,NA,1.0050420161949054,NA
9875821,100,k ɯ ɾ e t,5,-14.34461899583014,NA,-12.379643812608151,NA,-12.401069233681326,NA,1.4574007718602364,NA,1.4568656707805725,NA,1.0575407260274738,NA,1.054575679739315,NA
9875821,90,m e ɾ u ɾ,5,-14.696942662362323,NA,-13.023558297137315,NA,-13.045322398545368,NA,1.5265589938664366,NA,1.5258999366294403,NA,1.061050686684545,NA,1.0579611009135987,NA
9875821,14,n u c y j,5,-20.658545558102126,NA,-Inf,NA,-27.875256524586018,NA,1.1303835200334362,NA,1.1304329817238876,NA,1.0009000520491858,NA,1.001068684949295,NA
9875821,27,h a ʒ y z,5,-20.11715672705851,NA,-17.4716328950729,NA,-17.489616749544957,NA,1.3520981109642247,NA,1.3517647948669438,NA,1.0246878459352902,NA,1.0236026306218002,NA
9875821,15,n u n u ɫ,5,-16.1837999949144,NA,-19.621241364005783,NA,-19.623919938160853,NA,1.262793973357144,NA,1.262597334354253,NA,1.0096134601254851,NA,1.0092804006803462,NA
9875821,100,k ɯ ɾ ɯ ɾ,5,-15.10408899194573,NA,-12.806763517338286,NA,-12.830040671057915,NA,1.4320972084974872,NA,1.431600707758244,NA,1.049706303938969,NA,1.0471916891539033,NA
9875821,82,b i h a ʒ,5,-18.744934240832112,NA,-16.24298849238163,NA,-16.385096205880032,NA,1.3733553453253655,NA,1.372975726405124,NA,1.0233784812990958,NA,1.0223335961608893,NA
9875821,84,m a f ɯ ʒ,5,-19.123444916118363,NA,-Inf,NA,-20.272463690019514,NA,1.433901152468908,NA,1.4334293801112787,NA,1.028327685373242,NA,1.0270542242358425,NA
9875821,64,z a c y c,5,-22.967338641377513,NA,-Inf,NA,-27.738112216193443,NA,1.30615402707163,NA,1.305906320725149,NA,1.004670156559676,NA,1.004641947160086,NA
9875821,21,g ɯ k o p,5,-18.396509345599615,NA,-15.155469592030345,NA,-15.199246251117556,NA,1.1896978651358043,NA,1.189645248846842,NA,1.0101186670128863,NA,1.0097904273217253,NA
9875821,92,m y ɾ o n,5,-16.510128365915982,NA,-13.311535765675442,NA,-13.341581660625684,NA,1.4011942661317132,NA,1.400755060745874,NA,1.0445744785123534,NA,1.0423874508376312,NA
9875821,86,v ø l e j,5,-20.38341156188671,NA,-Inf,NA,-29.973439994045172,NA,1.1770011355390022,NA,1.1769622987891786,NA,1.0039778284969023,NA,1.0039467441646983,NA
9875821,15,h e ʒ o ʃ,5,-20.611692059199083,NA,-21.352021945146213,NA,-21.261716898107,NA,1.2591859769516531,NA,1.2590125489549313,NA,1.0061370897175157,NA,1.006025124082477,NA
9875821,11,ɫ a c i v,5,-18.573457430867325,NA,-Inf,NA,-26.542814999082395,NA,1.405256699256112,NA,1.4048253291152235,NA,1.004371680977657,NA,1.004344736513621,NA
9875821,82,b a d͡ʒ ɯ z,5,-17.34515839292861,NA,-14.26280182945655,NA,-14.306332778850988,NA,1.4154917370834543,NA,1.4150459441905807,NA,1.0246087747061503,NA,1.023516791495323,NA
9875821,37,n u c y c,5,-23.59892773657295,NA,-Inf,NA,-30.1793505288519,NA,1.1106900084586075,NA,1.1107804796089662,NA,1.00076963144273,NA,1.0009464280876286,NA
9875821,33,v ø d͡ʒ o h,5,-21.363641778803853,NA,-Inf,NA,-28.344098104475098,NA,1.0848245663042964,NA,1.0849553554942497,NA,1.0002254577062906,NA,1.0004310609040532,NA
9875821,6,g u ɟ e ʒ,5,-24.520648215729064,NA,-Inf,NA,-25.12589588220793,NA,1.2072204570857334,NA,1.2071361783307428,NA,1.0015072051556937,NA,1.0016432622663496,NA
9875821,0,f y c ø v,5,-24.105639586157395,NA,-Inf,NA,-24.665973193548194,NA,1.1129298669413028,NA,1.1130142426187757,NA,1.0013678237866614,NA,1.0015130661860885,NA
9875821,8,n y n y j,5,-17.387953451395102,NA,-22.84121056217028,NA,-22.81293712937672,NA,1.207963604453446,NA,1.2078780501278503,NA,1.0079609523814197,NA,1.0077547671760057,NA
9875821,75,t i k o n,5,-15.196101206729836,NA,-13.240996547523356,NA,-13.26604749315664,NA,1.31822773105001,NA,1.3179329037806882,NA,1.0146171328879905,NA,1.0140073512575454,NA
9875821,27,l y g a s,5,-18.444893137077603,NA,-Inf,NA,-26.067538150583637,NA,1.3050485464253128,NA,1.3047771819509606,NA,1.0127422017772911,NA,1.0121847222339244,NA
9875821,10,b i ʒ i ʃ,5,-19.526656073717337,NA,-17.97370132018528,NA,-18.017836365125127,NA,1.2861479817833397,NA,1.285919656722362,NA,1.0177954456980225,NA,1.017025230789646,NA
9875821,27,l y l e c,5,-22.712932987058565,NA,-Inf,NA,-32.3160745795191,NA,1.197065582611408,NA,1.1969989614223264,NA,1.0011971809784252,NA,1.0013454564534352,NA
9875821,80,k u ɾ ɯ ɾ,5,-15.318955962420556,NA,-13.370493909747877,NA,-13.394216805421626,NA,1.4430374164697577,NA,1.4425219880350606,NA,1.0417068954004978,NA,1.0396145126083167,NA
9875821,74,k ɯ ɾ ø ɾ,5,-16.815335788926927,NA,-15.47207327845282,NA,-15.47290521159459,NA,1.3818949177686708,NA,1.3814897925657066,NA,1.0336014287971542,NA,1.032037505843908,NA
9875821,100,k a ɾ e t,5,-12.998093041208076,NA,-11.97346206217353,NA,-11.990829041411471,NA,1.6697599573021775,NA,1.6688574527874926,NA,1.110223784834866,NA,1.1044830661891687,NA
9875821,12,l i v ø c,5,-23.521629066683385,NA,-Inf,NA,-33.078770632151944,NA,1.1258459326384591,NA,1.1259116896807664,NA,1.0021258039899703,NA,1.0022313327026664,NA
9875821,70,ɟ e ɟ e c,5,-26.93213315832468,NA,-Inf,NA,-34.31977028302991,NA,1.279903805241355,NA,1.279694004217295,NA,1.0007611186215082,NA,1.0009324466444522,NA
9875821,82,b u p o n,5,-18.090788535226785,NA,-14.871571711459897,NA,-14.898543975468526,NA,1.2534517142540844,NA,1.2532693351189497,NA,1.0146087672669268,NA,1.014002641902062,NA
9875821,0,v ɯ m o ʒ,5,-20.866255525720582,NA,-21.52786979559882,NA,-21.609613266696552,NA,1.1433244251421313,NA,1.1433577818079883,NA,1.0025302512137306,NA,1.002610125753439,NA
9875821,1,g o ɟ y ʒ,5,-26.081748746789877,NA,-24.756749204677632,NA,-24.261882275036,NA,1.1234691196569762,NA,1.1235372562431791,NA,1.0013257973115228,NA,1.001472532342125,NA
9875821,3,d͡ʒ o h ɯ ʒ,5,-21.695656866924992,NA,-Inf,NA,-27.095777081000016,NA,1.1667337478513735,NA,1.1667240129734051,NA,1.001314605615787,NA,1.0014626748261763,NA
9875821,77,b a b u z,5,-17.031411824215805,NA,-14.580740364522184,NA,-14.616442917521326,NA,1.4171372456831095,NA,1.4166893612568667,NA,1.0339474952511396,NA,1.0323546619528714,NA
9875821,9,ɟ e ʒ o ʒ,5,-26.6208257994316,NA,-Inf,NA,-28.771466371087545,NA,1.1960975503401443,NA,1.196040131009795,NA,1.0007952166504448,NA,1.0009691836637256,NA
9875821,63,l e l e h,5,-18.72169300477338,NA,-28.452981385838587,NA,-27.71152573039103,NA,1.3107126962643774,NA,1.31044502011368,NA,1.0043566425629775,NA,1.0043315471634189,NA
9875821,75,h a ʒ a ʒ,5,-20.66320435727874,NA,-18.991359167803843,NA,-19.22316769797684,NA,1.503268859604257,NA,1.502664785412429,NA,1.0253887052721251,NA,1.024260469695336,NA
9875821,0,n ø m ɯ j,5,-18.18724158107039,NA,-23.99488997807466,NA,-23.947971790620024,NA,1.1624899274009108,NA,1.1624806365353328,NA,1.0028689545306988,NA,1.002926864143793,NA
9875821,85,t͡ʃ ø z e z,5,-19.754215062891827,NA,-16.895697183378992,NA,-16.939241023440918,NA,1.2120949070379754,NA,1.2119958615786497,NA,1.009437938030965,NA,1.0091286519340401,NA
9875821,15,n ɯ d͡ʒ ɯ ʒ,5,-20.35265516851573,NA,-Inf,NA,-23.177728006252813,NA,1.141386496349446,NA,1.1414208042131675,NA,1.0016727518916322,NA,1.0018002670345545,NA
9875821,76,k u k o n,5,-16.067983991564752,NA,-13.63563902211114,NA,-13.66252219216208,NA,1.3321316029835863,NA,1.331812746650162,NA,1.022135193672589,NA,1.0211308803551549,NA
9875821,8,l y g u j,5,-20.39121656784095,NA,-Inf,NA,-28.45058894678722,NA,1.147281360733707,NA,1.147299720778366,NA,1.0011865525645776,NA,1.0013362474692384,NA
9875821,28,n i v y j,5,-17.493047560834334,NA,-22.47616192556484,NA,-22.44275508862507,NA,1.18050489552488,NA,1.1804673180900334,NA,1.0055738254825757,NA,1.0054960636982748,NA
9875821,0,g u g ɯ ʒ,5,-22.12764402414707,NA,-Inf,NA,-23.62799403133488,NA,1.1604076914316734,NA,1.1604091652027129,NA,1.002296865096124,NA,1.0023929390707258,NA
9875821,0,b u ʒ a ʒ,5,-22.017309102851215,NA,-20.97270040380033,NA,-21.003650352513297,NA,1.323179462039307,NA,1.3228869771540068,NA,1.0084920033526763,NA,1.0082515552702562,NA
9875821,0,h i ʒ u ʒ,5,-22.897101816795516,NA,-22.812369904220137,NA,-22.719046165604528,NA,1.174823947299784,NA,1.1748014419634516,NA,1.005038918518121,NA,1.0049919529548976,NA
9875821,0,h a ʒ o ʒ,5,-22.411292023981808,NA,-19.98257424570709,NA,-20.012146466153983,NA,1.3339144804373528,NA,1.3336186560682508,NA,1.0242965841159228,NA,1.023235860036801,NA
9875821,0,d ø z i ʒ,5,-21.70542391051496,NA,-19.545489240999224,NA,-19.60431392431074,NA,1.2249679545138032,NA,1.2248519373951183,NA,1.009262247629164,NA,1.008979216459775,NA
9875821,25,g ɯ ɾ a ʒ,5,-18.902722310983343,NA,-16.198481439042656,NA,-16.34403605221776,NA,1.419942412927112,NA,1.419480952598695,NA,1.0501716213082088,NA,1.0476633593333955,NA
9875821,0,g o ɟ ø ʒ,5,-27.290446500844467,NA,-Inf,NA,-25.568532573095965,NA,1.1030121135597626,NA,1.1031174848991148,NA,1.001138393401175,NA,1.0012964338824402,NA
9875821,22,n ɯ c e h,5,-19.392820783812937,NA,-Inf,NA,-28.037484047969727,NA,1.1958159292110446,NA,1.1957471731906515,NA,1.001629162737002,NA,1.0017483602739372,NA
9875821,21,f i b ɯ ʒ,5,-20.436961838794783,NA,-Inf,NA,-22.999633738347892,NA,1.1898218295863592,NA,1.1897722159469446,NA,1.0083986623139738,NA,1.0081722495289367,NA
9875821,14,b u ɟ ø ʒ,5,-26.42645995046814,NA,-Inf,NA,-24.718693605330763,NA,1.1344111048101857,NA,1.134462175918881,NA,1.0071497434921757,NA,1.006991934093099,NA
9875821,3,n ɯ t u j,5,-16.458023913936312,NA,-21.523380072352197,NA,-21.520724492736264,NA,1.2065410713885756,NA,1.2064562308023568,NA,1.0047893568512176,NA,1.0047454608812807,NA
9875821,72,z a ɟ e c,5,-22.710963226448087,NA,-Inf,NA,-26.8402764213242,NA,1.3881083490241413,NA,1.3877113533137964,NA,1.0055295882618005,NA,1.005450234168199,NA
9875821,60,n ɯ t i v,5,-16.232908095139347,NA,-21.96802980566556,NA,-21.957749241597252,NA,1.268821147095549,NA,1.2686250852060037,NA,1.0211694574491372,NA,1.0202141924744377,NA
9875821,74,d͡ʒ o c e c,5,-23.67398203471596,NA,-Inf,NA,-30.529401402579964,NA,1.1916801758594504,NA,1.1916230071191674,NA,1.0012482052809664,NA,1.0013939567073278,NA
9875821,0,ɫ o h o h,5,-18.44006945078326,NA,-24.54133724676997,NA,-24.433813499665337,NA,1.140881701067639,NA,1.140915313678908,NA,1.0026601201755148,NA,1.0027379316413156,NA
9875821,100,k a k o n,5,-14.50659106646786,NA,-12.17321902001452,NA,-12.197940719744937,NA,1.533550580453257,NA,1.532883248380266,NA,1.0716980709170678,NA,1.0680836932215294,NA
9875821,0,l y g ɯ h,5,-20.4998975830064,NA,-Inf,NA,-29.036115755256105,NA,1.149974565951282,NA,1.149989887931764,NA,1.00059203852765,NA,1.0007759709906086,NA
9875821,2,v ø l y c,5,-24.69819952981217,NA,-Inf,NA,-34.22078322004938,NA,1.0738270837624526,NA,1.0739812033064169,NA,1.000065210303228,NA,1.0002790383147078,NA
9875821,72,ʃ o ʃ e ʒ,5,-20.72090935766442,NA,-22.109244486171928,NA,-22.17599288318765,NA,1.2201293152835069,NA,1.2200223876473202,NA,1.0053494657208828,NA,1.005275324117079,NA
9875821,100,l e k a ɾ,5,-15.017293036612118,NA,-19.407834498130676,NA,-19.044786274829686,NA,1.5080939526744883,NA,1.5074543029063974,NA,1.045194852222235,NA,1.0427811490211962,NA
9875821,8,b e ɟ i ʒ,5,-22.954468016281908,NA,-24.634615074769357,NA,-24.189436304001077,NA,1.352371013895645,NA,1.3520350120491875,NA,1.0125225794453168,NA,1.012081798156116,NA
9875821,0,h ø ʒ ɯ ʃ,5,-22.793233890627302,NA,-Inf,NA,-24.383373092781312,NA,1.1381678025861008,NA,1.13820094196689,NA,1.006410521744585,NA,1.0062326049478594,NA
9875821,74,ɟ y s y f,5,-22.96626912908152,NA,-23.65293144228456,NA,-23.26150177793404,NA,1.162474537561398,NA,1.1624701118447611,NA,1.007526105518591,NA,1.0073429378505647,NA
9875821,80,z a ɟ ø c,5,-25.29406676995731,NA,-Inf,NA,-27.908409897602446,NA,1.2841708027252068,NA,1.2839629886018915,NA,1.0048774852295213,NA,1.004838949859867,NA
9875821,92,t i k ɯ ɾ,5,-14.54245432215599,NA,-13.212451852990958,NA,-13.233651743758994,NA,1.352332061924168,NA,1.3519743902412205,NA,1.0240330562526363,NA,1.0228729978485829,NA
9875821,35,g ɯ ɟ y z,5,-23.285064406939977,NA,-21.353497172991236,NA,-20.799421774706857,NA,1.129558756841315,NA,1.1296104538368636,NA,1.0031897183162923,NA,1.003233960514907,NA
9875821,94,b i j o p,5,-17.819792145237756,NA,-14.411741791563118,NA,-14.44982851725279,NA,1.2320675183451335,NA,1.231941850926206,NA,1.019116645133666,NA,1.018318051070536,NA
9875821,67,ɟ ø ɟ ø t͡ʃ,5,-29.830320053966172,NA,-Inf,NA,-28.770426831168702,NA,1.0317338743417712,NA,1.0319599892793068,NA,1.0000545077946146,NA,1.0002695361099974,NA
9875821,0,b y t͡ʃ ɯ ʒ,5,-21.616844660036552,NA,-Inf,NA,-22.629276208594433,NA,1.2022894136775335,NA,1.2022183989320754,NA,1.0049370975420808,NA,1.00489232261725,NA
9877321,0,g ɯ ɟ y ʒ,5,-25.680187034708876,NA,-24.79307060996098,NA,-24.185039595714763,NA,1.112799708911742,NA,1.112886304686086,NA,1.002733246193697,NA,1.0028060614990746,NA
9877321,41,ɟ y f e ʒ,5,-24.68382830227571,NA,-25.22823350958293,NA,-24.924911824073703,NA,1.197274626696634,NA,1.197207333245688,NA,1.005629742506169,NA,1.0055403867692694,NA
9877321,100,k u k o n,5,-16.067983991564752,NA,-13.63563902211114,NA,-13.66252219216208,NA,1.3321316029835863,NA,1.331812746650162,NA,1.022135193672589,NA,1.0211308803551549,NA
9877321,81,ɟ e d͡ʒ ɯ ʃ,5,-21.882833802794956,NA,-Inf,NA,-23.003164237882388,NA,1.2591492701203255,NA,1.2589729296039585,NA,1.0107052213650367,NA,1.0102980225080054,NA
9877321,81,g ɯ ɾ a ʒ,5,-18.902722310983343,NA,-16.198481439042656,NA,-16.34403605221776,NA,1.419942412927112,NA,1.419480952598695,NA,1.0501716213082088,NA,1.0476633593333955,NA
9877321,0,d͡ʒ o ʒ o h,5,-22.097218579005993,NA,-25.099219589381008,NA,-24.904916978881896,NA,1.11821597789651,NA,1.118289134009679,NA,1.0007051178379167,NA,1.0008859248512416,NA
9877321,40,v e ɟ ø ʒ,5,-25.88724899922946,NA,-Inf,NA,-26.13349816640546,NA,1.1934115930661473,NA,1.1933605512070449,NA,1.0050916845666988,NA,1.0050420161949054,NA
9877321,22,h a ʒ o ʒ,5,-22.411292023981808,NA,-19.98257424570709,NA,-20.012146466153983,NA,1.3339144804373528,NA,1.3336186560682508,NA,1.0242965841159228,NA,1.023235860036801,NA
9877321,100,k a ɾ e t,5,-12.998093041208076,NA,-11.97346206217353,NA,-11.990829041411471,NA,1.6697599573021775,NA,1.6688574527874926,NA,1.110223784834866,NA,1.1044830661891687,NA
9877321,17,ɫ a c i v,5,-18.573457430867325,NA,-Inf,NA,-26.542814999082395,NA,1.405256699256112,NA,1.4048253291152235,NA,1.004371680977657,NA,1.004344736513621,NA
9877321,59,t͡ʃ y f i c,5,-21.728960784187848,NA,-22.716786973512093,NA,-22.5853234924357,NA,1.2320360956439638,NA,1.2319083144749632,NA,1.006182387818063,NA,1.006063337860201,NA
9877321,32,b e ɟ i ʒ,5,-22.954468016281908,NA,-24.634615074769357,NA,-24.189436304001077,NA,1.352371013895645,NA,1.3520350120491875,NA,1.0125225794453168,NA,1.012081798156116,NA
9877321,100,b i j o p,5,-17.819792145237756,NA,-14.411741791563118,NA,-14.44982851725279,NA,1.2320675183451335,NA,1.231941850926206,NA,1.019116645133666,NA,1.018318051070536,NA
9877321,4,l y g ɯ h,5,-20.4998975830064,NA,-Inf,NA,-29.036115755256105,NA,1.149974565951282,NA,1.149989887931764,NA,1.00059203852765,NA,1.0007759709906086,NA
9877321,43,ɟ i ɟ e c,5,-27.129968484650533,NA,-Inf,NA,-33.71720502403168,NA,1.193736127598374,NA,1.1936754056013783,NA,1.0007611186215082,NA,1.0009324466444522,NA
9877321,0,n ø m ɯ j,5,-18.18724158107039,NA,-23.99488997807466,NA,-23.947971790620024,NA,1.1624899274009108,NA,1.1624806365353328,NA,1.0028689545306988,NA,1.002926864143793,NA
9877321,24,b u ɟ ø ʒ,5,-26.42645995046814,NA,-Inf,NA,-24.718693605330763,NA,1.1344111048101857,NA,1.134462175918881,NA,1.0071497434921757,NA,1.006991934093099,NA
9877321,24,v ø d͡ʒ o h,5,-21.363641778803853,NA,-Inf,NA,-28.344098104475098,NA,1.0848245663042964,NA,1.0849553554942497,NA,1.0002254577062906,NA,1.0004310609040532,NA
9877321,17,n y n y j,5,-17.387953451395102,NA,-22.84121056217028,NA,-22.81293712937672,NA,1.207963604453446,NA,1.2078780501278503,NA,1.0079609523814197,NA,1.0077547671760057,NA
9877321,0,g u g ɯ ʒ,5,-22.12764402414707,NA,-Inf,NA,-23.62799403133488,NA,1.1604076914316734,NA,1.1604091652027129,NA,1.002296865096124,NA,1.0023929390707258,NA
9877321,43,b u ʒ a ʒ,5,-22.017309102851215,NA,-20.97270040380033,NA,-21.003650352513297,NA,1.323179462039307,NA,1.3228869771540068,NA,1.0084920033526763,NA,1.0082515552702562,NA
9877321,74,b u m e l,5,-17.814766387475487,NA,-15.347656861812922,NA,-15.39559611789573,NA,1.295187097363635,NA,1.2949473270829202,NA,1.01977328294233,NA,1.0189224624213549,NA
9877321,78,l y l e c,5,-22.712932987058565,NA,-Inf,NA,-32.3160745795191,NA,1.197065582611408,NA,1.1969989614223264,NA,1.0011971809784252,NA,1.0013454564534352,NA
9877321,100,b u p o n,5,-18.090788535226785,NA,-14.871571711459897,NA,-14.898543975468526,NA,1.2534517142540844,NA,1.2532693351189497,NA,1.0146087672669268,NA,1.014002641902062,NA
9877321,40,v ɯ m o ʒ,5,-20.866255525720582,NA,-21.52786979559882,NA,-21.609613266696552,NA,1.1433244251421313,NA,1.1433577818079883,NA,1.0025302512137306,NA,1.002610125753439,NA
9877321,38,ɟ y ʒ o ʒ,5,-27.99523158888624,NA,-28.69284841696419,NA,-28.14090746152981,NA,1.095036025210162,NA,1.095153452809103,NA,1.000304646498913,NA,1.0005045476286198,NA
9877321,29,n u c y j,5,-20.658545558102126,NA,-Inf,NA,-27.875256524586018,NA,1.1303835200334362,NA,1.1304329817238876,NA,1.0009000520491858,NA,1.001068684949295,NA
9877321,66,t i k ɯ ɾ,5,-14.54245432215599,NA,-13.212451852990958,NA,-13.233651743758994,NA,1.352332061924168,NA,1.3519743902412205,NA,1.0240330562526363,NA,1.0228729978485829,NA
9877321,35,n i v y j,5,-17.493047560834334,NA,-22.47616192556484,NA,-22.44275508862507,NA,1.18050489552488,NA,1.1804673180900334,NA,1.0055738254825757,NA,1.0054960636982748,NA
9877321,13,b y t͡ʃ ɯ ʒ,5,-21.616844660036552,NA,-Inf,NA,-22.629276208594433,NA,1.2022894136775335,NA,1.2022183989320754,NA,1.0049370975420808,NA,1.00489232261725,NA
9877321,0,n ɯ t u j,5,-16.458023913936312,NA,-21.523380072352197,NA,-21.520724492736264,NA,1.2065410713885756,NA,1.2064562308023568,NA,1.0047893568512176,NA,1.0047454608812807,NA
9877321,36,ɫ o c y c,5,-23.77472516728996,NA,-Inf,NA,-29.95538503380819,NA,1.101649180915417,NA,1.1017552870760137,NA,1.0021777770233191,NA,1.0022805824390244,NA
9877321,71,t ø ɾ a n,5,-15.737900612639798,NA,-14.053612751333944,NA,-14.0900146594381,NA,1.4983632288774549,NA,1.4977406461807206,NA,1.0585320936609162,NA,1.055335124686371,NA
9877321,43,c i t͡ʃ e f,5,-20.35455499473321,NA,-Inf,NA,-23.19101449988911,NA,1.2206632956388237,NA,1.2205511500064978,NA,1.0041193198207332,NA,1.0040987094266125,NA
9877321,0,ʃ o ʃ e ʒ,5,-20.72090935766442,NA,-22.109244486171928,NA,-22.17599288318765,NA,1.2201293152835069,NA,1.2200223876473202,NA,1.0053494657208828,NA,1.005275324117079,NA
9877321,34,d ø ʒ u ʒ,5,-24.98943492896086,NA,-Inf,NA,-24.22776906482711,NA,1.1165991658515588,NA,1.116677401262255,NA,1.0026538128249567,NA,1.0027322776999663,NA
9877321,41,z a ɟ e c,5,-22.710963226448087,NA,-Inf,NA,-26.8402764213242,NA,1.3881083490241413,NA,1.3877113533137964,NA,1.0055295882618005,NA,1.005450234168199,NA
9877321,72,m e ɾ u ɾ,5,-14.696942662362323,NA,-13.023558297137315,NA,-13.045322398545368,NA,1.5265589938664366,NA,1.5258999366294403,NA,1.061050686684545,NA,1.0579611009135987,NA
9877321,19,g u ɟ e ʒ,5,-24.520648215729064,NA,-Inf,NA,-25.12589588220793,NA,1.2072204570857334,NA,1.2071361783307428,NA,1.0015072051556937,NA,1.0016432622663496,NA
9877321,89,k ɯ ɾ e t,5,-14.34461899583014,NA,-12.379643812608151,NA,-12.401069233681326,NA,1.4574007718602364,NA,1.4568656707805725,NA,1.0575407260274738,NA,1.054575679739315,NA
9877321,100,k a k o n,5,-14.50659106646786,NA,-12.17321902001452,NA,-12.197940719744937,NA,1.533550580453257,NA,1.532883248380266,NA,1.0716980709170678,NA,1.0680836932215294,NA
9877321,68,l e l y c,5,-22.712932987058565,NA,-Inf,NA,-31.625008565162982,NA,1.2146465675396698,NA,1.214557046255178,NA,1.0031176468016472,NA,1.0031701069775885,NA
9877321,20,n ɯ d͡ʒ ɯ ʒ,5,-20.35265516851573,NA,-Inf,NA,-23.177728006252813,NA,1.141386496349446,NA,1.1414208042131675,NA,1.0016727518916322,NA,1.0018002670345545,NA
9877321,18,ɫ o m ɯ t,5,-16.10906876251265,NA,-20.463295386477544,NA,-20.459024896790748,NA,1.226354557914894,NA,1.2262249588685283,NA,1.0089687051569078,NA,1.008691414558396,NA
9877321,29,d ø z i ʒ,5,-21.70542391051496,NA,-19.545489240999224,NA,-19.60431392431074,NA,1.2249679545138032,NA,1.2248519373951183,NA,1.009262247629164,NA,1.008979216459775,NA
9877321,0,g ɯ ɟ y z,5,-23.285064406939977,NA,-21.353497172991236,NA,-20.799421774706857,NA,1.129558756841315,NA,1.1296104538368636,NA,1.0031897183162923,NA,1.003233960514907,NA
9877321,28,l i v ø c,5,-23.521629066683385,NA,-Inf,NA,-33.078770632151944,NA,1.1258459326384591,NA,1.1259116896807664,NA,1.0021258039899703,NA,1.0022313327026664,NA
9877321,74,g ɯ k o p,5,-18.396509345599615,NA,-15.155469592030345,NA,-15.199246251117556,NA,1.1896978651358043,NA,1.189645248846842,NA,1.0101186670128863,NA,1.0097904273217253,NA
9877321,70,v ø l y c,5,-24.69819952981217,NA,-Inf,NA,-34.22078322004938,NA,1.0738270837624526,NA,1.0739812033064169,NA,1.000065210303228,NA,1.0002790383147078,NA
9877321,5,b i h a ʒ,5,-18.744934240832112,NA,-16.24298849238163,NA,-16.385096205880032,NA,1.3733553453253655,NA,1.372975726405124,NA,1.0233784812990958,NA,1.0223335961608893,NA
9877321,28,d͡ʒ o h ɯ ʒ,5,-21.695656866924992,NA,-Inf,NA,-27.095777081000016,NA,1.1667337478513735,NA,1.1667240129734051,NA,1.001314605615787,NA,1.0014626748261763,NA
9877321,13,f y c ø v,5,-24.105639586157395,NA,-Inf,NA,-24.665973193548194,NA,1.1129298669413028,NA,1.1130142426187757,NA,1.0013678237866614,NA,1.0015130661860885,NA
9877321,85,b a b u z,5,-17.031411824215805,NA,-14.580740364522184,NA,-14.616442917521326,NA,1.4171372456831095,NA,1.4166893612568667,NA,1.0339474952511396,NA,1.0323546619528714,NA
9877321,39,k u ɾ ɯ ɾ,5,-15.318955962420556,NA,-13.370493909747877,NA,-13.394216805421626,NA,1.4430374164697577,NA,1.4425219880350606,NA,1.0417068954004978,NA,1.0396145126083167,NA
9877321,79,k o k u ɾ,5,-15.81589881907191,NA,-14.164787591245988,NA,-14.189177293546392,NA,1.3561640083612907,NA,1.3558006156133138,NA,1.0309577781402457,NA,1.029465068337247,NA
9877321,40,z a c y c,5,-22.967338641377513,NA,-Inf,NA,-27.738112216193443,NA,1.30615402707163,NA,1.305906320725149,NA,1.004670156559676,NA,1.004641947160086,NA
9877321,65,l e k a ɾ,5,-15.017293036612118,NA,-19.407834498130676,NA,-19.044786274829686,NA,1.5080939526744883,NA,1.5074543029063974,NA,1.045194852222235,NA,1.0427811490211962,NA
9877321,20,g o ɟ ø ʒ,5,-27.290446500844467,NA,-Inf,NA,-25.568532573095965,NA,1.1030121135597626,NA,1.1031174848991148,NA,1.001138393401175,NA,1.0012964338824402,NA
9877321,19,f i b ɯ ʒ,5,-20.436961838794783,NA,-Inf,NA,-22.999633738347892,NA,1.1898218295863592,NA,1.1897722159469446,NA,1.0083986623139738,NA,1.0081722495289367,NA
9877321,25,h e ʒ o ʃ,5,-20.611692059199083,NA,-21.352021945146213,NA,-21.261716898107,NA,1.2591859769516531,NA,1.2590125489549313,NA,1.0061370897175157,NA,1.006025124082477,NA
9877321,27,m a f ɯ ʒ,5,-19.123444916118363,NA,-Inf,NA,-20.272463690019514,NA,1.433901152468908,NA,1.4334293801112787,NA,1.028327685373242,NA,1.0270542242358425,NA
9877321,31,t͡ʃ o ɫ a ʒ,5,-19.424282256875884,NA,-18.005456232553836,NA,-18.13605719361724,NA,1.37194225034822,NA,1.3715644260384483,NA,1.027293545810697,NA,1.0260195746102412,NA
9877321,69,ɟ e ɟ e c,5,-26.93213315832468,NA,-Inf,NA,-34.31977028302991,NA,1.279903805241355,NA,1.279694004217295,NA,1.0007611186215082,NA,1.0009324466444522,NA
9877321,36,f u c i c,5,-23.709298903113027,NA,-Inf,NA,-29.70602713063263,NA,1.206154311454209,NA,1.2060714855791586,NA,1.0011929509918631,NA,1.0013448826976608,NA
9877321,35,ɫ o h o h,5,-18.44006945078326,NA,-24.54133724676997,NA,-24.433813499665337,NA,1.140881701067639,NA,1.140915313678908,NA,1.0026601201755148,NA,1.0027379316413156,NA
9877321,15,n ø n y j,5,-18.59665120544969,NA,-23.859590348601593,NA,-23.813870098081395,NA,1.1568370879889744,NA,1.1568399878441131,NA,1.0032243478372642,NA,1.0032682870588847,NA
9877321,79,m y ɾ o n,5,-16.510128365915982,NA,-13.311535765675442,NA,-13.341581660625684,NA,1.4011942661317132,NA,1.400755060745874,NA,1.0445744785123534,NA,1.0423874508376312,NA
9877321,68,n ɯ c e h,5,-19.392820783812937,NA,-Inf,NA,-28.037484047969727,NA,1.1958159292110446,NA,1.1957471731906515,NA,1.001629162737002,NA,1.0017483602739372,NA
9877321,84,b a d͡ʒ ɯ z,5,-17.34515839292861,NA,-14.26280182945655,NA,-14.306332778850988,NA,1.4154917370834543,NA,1.4150459441905807,NA,1.0246087747061503,NA,1.023516791495323,NA
9877321,42,l i l y j,5,-19.970386134913596,NA,-Inf,NA,-29.06974718873675,NA,1.1481724014715176,NA,1.148190949754183,NA,1.0019943881319666,NA,1.002104960638429,NA
9877321,33,ɟ ø ɟ ø t͡ʃ,5,-29.830320053966172,NA,-Inf,NA,-28.770426831168702,NA,1.0317338743417712,NA,1.0319599892793068,NA,1.0000545077946146,NA,1.0002695361099974,NA
9877321,30,ɟ e ʒ o ʒ,5,-26.6208257994316,NA,-Inf,NA,-28.771466371087545,NA,1.1960975503401443,NA,1.196040131009795,NA,1.0007952166504448,NA,1.0009691836637256,NA
9877321,31,b i ʒ i ʃ,5,-19.526656073717337,NA,-17.97370132018528,NA,-18.017836365125127,NA,1.2861479817833397,NA,1.285919656722362,NA,1.0177954456980225,NA,1.017025230789646,NA
9877321,84,t i k o n,5,-15.196101206729836,NA,-13.240996547523356,NA,-13.26604749315664,NA,1.31822773105001,NA,1.3179329037806882,NA,1.0146171328879905,NA,1.0140073512575454,NA
9877321,69,b o ʒ i n,5,-19.551581921206928,NA,-15.34865531235195,NA,-15.46250667001904,NA,1.3176726144950657,NA,1.3173711639403407,NA,1.0201904519518092,NA,1.019223006244508,NA
9877321,67,h a ʒ y z,5,-20.11715672705851,NA,-17.4716328950729,NA,-17.489616749544957,NA,1.3520981109642247,NA,1.3517647948669438,NA,1.0246878459352902,NA,1.0236026306218002,NA
9877321,32,h a ʒ a ʒ,5,-20.66320435727874,NA,-18.991359167803843,NA,-19.22316769797684,NA,1.503268859604257,NA,1.502664785412429,NA,1.0253887052721251,NA,1.024260469695336,NA
9877321,70,n u n u ɫ,5,-16.1837999949144,NA,-19.621241364005783,NA,-19.623919938160853,NA,1.262793973357144,NA,1.262597334354253,NA,1.0096134601254851,NA,1.0092804006803462,NA
9877321,76,t͡ʃ ø z e z,5,-19.754215062891827,NA,-16.895697183378992,NA,-16.939241023440918,NA,1.2120949070379754,NA,1.2119958615786497,NA,1.009437938030965,NA,1.0091286519340401,NA
9877321,40,ɟ y s y f,5,-22.96626912908152,NA,-23.65293144228456,NA,-23.26150177793404,NA,1.162474537561398,NA,1.1624701118447611,NA,1.007526105518591,NA,1.0073429378505647,NA
9877321,23,z a ɟ ø c,5,-25.29406676995731,NA,-Inf,NA,-27.908409897602446,NA,1.2841708027252068,NA,1.2839629886018915,NA,1.0048774852295213,NA,1.004838949859867,NA
9877321,35,ɟ ø j o ʒ,5,-26.49689488595845,NA,-Inf,NA,-23.932703542616142,NA,1.0852809248581945,NA,1.085414770218477,NA,1.0023189127998635,NA,1.002409614578854,NA
9877321,16,l y g u j,5,-20.39121656784095,NA,-Inf,NA,-28.45058894678722,NA,1.147281360733707,NA,1.147299720778366,NA,1.0011865525645776,NA,1.0013362474692384,NA
9877321,14,h i ʒ u ʒ,5,-22.897101816795516,NA,-22.812369904220137,NA,-22.719046165604528,NA,1.174823947299784,NA,1.1748014419634516,NA,1.005038918518121,NA,1.0049919529548976,NA
9877321,35,k ɯ ɾ ø ɾ,5,-16.815335788926927,NA,-15.47207327845282,NA,-15.47290521159459,NA,1.3818949177686708,NA,1.3814897925657066,NA,1.0336014287971542,NA,1.032037505843908,NA
9877321,70,d͡ʒ o c e c,5,-23.67398203471596,NA,-Inf,NA,-30.529401402579964,NA,1.1916801758594504,NA,1.1916230071191674,NA,1.0012482052809664,NA,1.0013939567073278,NA
9877321,9,h ø ʒ ɯ ʃ,5,-22.793233890627302,NA,-Inf,NA,-24.383373092781312,NA,1.1381678025861008,NA,1.13820094196689,NA,1.006410521744585,NA,1.0062326049478594,NA
9877321,36,g o ɟ y ʒ,5,-26.081748746789877,NA,-24.756749204677632,NA,-24.261882275036,NA,1.1234691196569762,NA,1.1235372562431791,NA,1.0013257973115228,NA,1.001472532342125,NA
9877321,35,n u c y c,5,-23.59892773657295,NA,-Inf,NA,-30.1793505288519,NA,1.1106900084586075,NA,1.1107804796089662,NA,1.00076963144273,NA,1.0009464280876286,NA
9877321,26,l e l e h,5,-18.72169300477338,NA,-28.452981385838587,NA,-27.71152573039103,NA,1.3107126962643774,NA,1.31044502011368,NA,1.0043566425629775,NA,1.0043315471634189,NA
9877321,66,k ɯ ɾ ɯ ɾ,5,-15.10408899194573,NA,-12.806763517338286,NA,-12.830040671057915,NA,1.4320972084974872,NA,1.431600707758244,NA,1.049706303938969,NA,1.0471916891539033,NA
9877321,29,m e ɾ ɯ ɾ,5,-14.482075691887497,NA,-12.618518906214195,NA,-12.639743620026252,NA,1.5363601221358536,NA,1.535683225407098,NA,1.0643340657695692,NA,1.061047884258652,NA
9877321,74,l y g a s,5,-18.444893137077603,NA,-Inf,NA,-26.067538150583637,NA,1.3050485464253128,NA,1.3047771819509606,NA,1.0127422017772911,NA,1.0121847222339244,NA
9877321,19,v ø l e j,5,-20.38341156188671,NA,-Inf,NA,-29.973439994045172,NA,1.1770011355390022,NA,1.1769622987891786,NA,1.0039778284969023,NA,1.0039467441646983,NA
9877321,32,ɟ e ɟ y c,5,-28.30653894777932,NA,-Inf,NA,-33.570427837482214,NA,1.196423265039634,NA,1.1963654108494548,NA,1.000231209196349,NA,1.000436132364972,NA
9877321,26,n ɯ t i v,5,-16.232908095139347,NA,-21.96802980566556,NA,-21.957749241597252,NA,1.268821147095549,NA,1.2686250852060037,NA,1.0211694574491372,NA,1.0202141924744377,NA
9878203,80,ɫ o h o h,5,-18.44006945078326,NA,-24.54133724676997,NA,-24.433813499665337,NA,1.140881701067639,NA,1.140915313678908,NA,1.0026601201755148,NA,1.0027379316413156,NA
9878203,32,l y l e c,5,-22.712932987058565,NA,-Inf,NA,-32.3160745795191,NA,1.197065582611408,NA,1.1969989614223264,NA,1.0011971809784252,NA,1.0013454564534352,NA
9878203,52,g ɯ ɾ a ʒ,5,-18.902722310983343,NA,-16.198481439042656,NA,-16.34403605221776,NA,1.419942412927112,NA,1.419480952598695,NA,1.0501716213082088,NA,1.0476633593333955,NA
9878203,9,b y t͡ʃ ɯ ʒ,5,-21.616844660036552,NA,-Inf,NA,-22.629276208594433,NA,1.2022894136775335,NA,1.2022183989320754,NA,1.0049370975420808,NA,1.00489232261725,NA
9878203,79,g ɯ k o p,5,-18.396509345599615,NA,-15.155469592030345,NA,-15.199246251117556,NA,1.1896978651358043,NA,1.189645248846842,NA,1.0101186670128863,NA,1.0097904273217253,NA
9878203,41,v e ɟ ø ʒ,5,-25.88724899922946,NA,-Inf,NA,-26.13349816640546,NA,1.1934115930661473,NA,1.1933605512070449,NA,1.0050916845666988,NA,1.0050420161949054,NA
9878203,82,g u ɟ e ʒ,5,-24.520648215729064,NA,-Inf,NA,-25.12589588220793,NA,1.2072204570857334,NA,1.2071361783307428,NA,1.0015072051556937,NA,1.0016432622663496,NA
9878203,84,m e ɾ u ɾ,5,-14.696942662362323,NA,-13.023558297137315,NA,-13.045322398545368,NA,1.5265589938664366,NA,1.5258999366294403,NA,1.061050686684545,NA,1.0579611009135987,NA
9878203,45,k ɯ ɾ ø ɾ,5,-16.815335788926927,NA,-15.47207327845282,NA,-15.47290521159459,NA,1.3818949177686708,NA,1.3814897925657066,NA,1.0336014287971542,NA,1.032037505843908,NA
9878203,14,b i ʒ i ʃ,5,-19.526656073717337,NA,-17.97370132018528,NA,-18.017836365125127,NA,1.2861479817833397,NA,1.285919656722362,NA,1.0177954456980225,NA,1.017025230789646,NA
9878203,23,h a ʒ y z,5,-20.11715672705851,NA,-17.4716328950729,NA,-17.489616749544957,NA,1.3520981109642247,NA,1.3517647948669438,NA,1.0246878459352902,NA,1.0236026306218002,NA
9878203,93,ɟ e ɟ y c,5,-28.30653894777932,NA,-Inf,NA,-33.570427837482214,NA,1.196423265039634,NA,1.1963654108494548,NA,1.000231209196349,NA,1.000436132364972,NA
9878203,11,ɫ o m ɯ t,5,-16.10906876251265,NA,-20.463295386477544,NA,-20.459024896790748,NA,1.226354557914894,NA,1.2262249588685283,NA,1.0089687051569078,NA,1.008691414558396,NA
9878203,78,ɟ y s y f,5,-22.96626912908152,NA,-23.65293144228456,NA,-23.26150177793404,NA,1.162474537561398,NA,1.1624701118447611,NA,1.007526105518591,NA,1.0073429378505647,NA
9878203,84,b a b u z,5,-17.031411824215805,NA,-14.580740364522184,NA,-14.616442917521326,NA,1.4171372456831095,NA,1.4166893612568667,NA,1.0339474952511396,NA,1.0323546619528714,NA
9878203,15,d ø z i ʒ,5,-21.70542391051496,NA,-19.545489240999224,NA,-19.60431392431074,NA,1.2249679545138032,NA,1.2248519373951183,NA,1.009262247629164,NA,1.008979216459775,NA
9878203,19,ɟ y ʒ o ʒ,5,-27.99523158888624,NA,-28.69284841696419,NA,-28.14090746152981,NA,1.095036025210162,NA,1.095153452809103,NA,1.000304646498913,NA,1.0005045476286198,NA
9878203,17,n i v y j,5,-17.493047560834334,NA,-22.47616192556484,NA,-22.44275508862507,NA,1.18050489552488,NA,1.1804673180900334,NA,1.0055738254825757,NA,1.0054960636982748,NA
9878203,17,b i h a ʒ,5,-18.744934240832112,NA,-16.24298849238163,NA,-16.385096205880032,NA,1.3733553453253655,NA,1.372975726405124,NA,1.0233784812990958,NA,1.0223335961608893,NA
9878203,86,ɟ i ɟ e c,5,-27.129968484650533,NA,-Inf,NA,-33.71720502403168,NA,1.193736127598374,NA,1.1936754056013783,NA,1.0007611186215082,NA,1.0009324466444522,NA
9878203,23,v ɯ m o ʒ,5,-20.866255525720582,NA,-21.52786979559882,NA,-21.609613266696552,NA,1.1433244251421313,NA,1.1433577818079883,NA,1.0025302512137306,NA,1.002610125753439,NA
9878203,24,d͡ʒ o h ɯ ʒ,5,-21.695656866924992,NA,-Inf,NA,-27.095777081000016,NA,1.1667337478513735,NA,1.1667240129734051,NA,1.001314605615787,NA,1.0014626748261763,NA
9878203,25,h a ʒ o ʒ,5,-22.411292023981808,NA,-19.98257424570709,NA,-20.012146466153983,NA,1.3339144804373528,NA,1.3336186560682508,NA,1.0242965841159228,NA,1.023235860036801,NA
9878203,16,g u g ɯ ʒ,5,-22.12764402414707,NA,-Inf,NA,-23.62799403133488,NA,1.1604076914316734,NA,1.1604091652027129,NA,1.002296865096124,NA,1.0023929390707258,NA
9878203,19,d͡ʒ o ʒ o h,5,-22.097218579005993,NA,-25.099219589381008,NA,-24.904916978881896,NA,1.11821597789651,NA,1.118289134009679,NA,1.0007051178379167,NA,1.0008859248512416,NA
9878203,32,ɫ a c i v,5,-18.573457430867325,NA,-Inf,NA,-26.542814999082395,NA,1.405256699256112,NA,1.4048253291152235,NA,1.004371680977657,NA,1.004344736513621,NA
9878203,75,v ø l e j,5,-20.38341156188671,NA,-Inf,NA,-29.973439994045172,NA,1.1770011355390022,NA,1.1769622987891786,NA,1.0039778284969023,NA,1.0039467441646983,NA
9878203,34,b a d͡ʒ ɯ z,5,-17.34515839292861,NA,-14.26280182945655,NA,-14.306332778850988,NA,1.4154917370834543,NA,1.4150459441905807,NA,1.0246087747061503,NA,1.023516791495323,NA
9878203,90,z a ɟ ø c,5,-25.29406676995731,NA,-Inf,NA,-27.908409897602446,NA,1.2841708027252068,NA,1.2839629886018915,NA,1.0048774852295213,NA,1.004838949859867,NA
9878203,12,n u c y c,5,-23.59892773657295,NA,-Inf,NA,-30.1793505288519,NA,1.1106900084586075,NA,1.1107804796089662,NA,1.00076963144273,NA,1.0009464280876286,NA
9878203,34,t ø ɾ a n,5,-15.737900612639798,NA,-14.053612751333944,NA,-14.0900146594381,NA,1.4983632288774549,NA,1.4977406461807206,NA,1.0585320936609162,NA,1.055335124686371,NA
9878203,16,h i ʒ u ʒ,5,-22.897101816795516,NA,-22.812369904220137,NA,-22.719046165604528,NA,1.174823947299784,NA,1.1748014419634516,NA,1.005038918518121,NA,1.0049919529548976,NA
9878203,28,l y g ɯ h,5,-20.4998975830064,NA,-Inf,NA,-29.036115755256105,NA,1.149974565951282,NA,1.149989887931764,NA,1.00059203852765,NA,1.0007759709906086,NA
9878203,39,c i t͡ʃ e f,5,-20.35455499473321,NA,-Inf,NA,-23.19101449988911,NA,1.2206632956388237,NA,1.2205511500064978,NA,1.0041193198207332,NA,1.0040987094266125,NA
9878203,21,h a ʒ a ʒ,5,-20.66320435727874,NA,-18.991359167803843,NA,-19.22316769797684,NA,1.503268859604257,NA,1.502664785412429,NA,1.0253887052721251,NA,1.024260469695336,NA
9878203,90,t͡ʃ ø z e z,5,-19.754215062891827,NA,-16.895697183378992,NA,-16.939241023440918,NA,1.2120949070379754,NA,1.2119958615786497,NA,1.009437938030965,NA,1.0091286519340401,NA
9878203,25,t i k o n,5,-15.196101206729836,NA,-13.240996547523356,NA,-13.26604749315664,NA,1.31822773105001,NA,1.3179329037806882,NA,1.0146171328879905,NA,1.0140073512575454,NA
9878203,20,v ø d͡ʒ o h,5,-21.363641778803853,NA,-Inf,NA,-28.344098104475098,NA,1.0848245663042964,NA,1.0849553554942497,NA,1.0002254577062906,NA,1.0004310609040532,NA
9878203,34,m y ɾ o n,5,-16.510128365915982,NA,-13.311535765675442,NA,-13.341581660625684,NA,1.4011942661317132,NA,1.400755060745874,NA,1.0445744785123534,NA,1.0423874508376312,NA
9878203,27,l y g u j,5,-20.39121656784095,NA,-Inf,NA,-28.45058894678722,NA,1.147281360733707,NA,1.147299720778366,NA,1.0011865525645776,NA,1.0013362474692384,NA
9878203,18,m a f ɯ ʒ,5,-19.123444916118363,NA,-Inf,NA,-20.272463690019514,NA,1.433901152468908,NA,1.4334293801112787,NA,1.028327685373242,NA,1.0270542242358425,NA
9878203,22,t i k ɯ ɾ,5,-14.54245432215599,NA,-13.212451852990958,NA,-13.233651743758994,NA,1.352332061924168,NA,1.3519743902412205,NA,1.0240330562526363,NA,1.0228729978485829,NA
9878203,39,d͡ʒ o c e c,5,-23.67398203471596,NA,-Inf,NA,-30.529401402579964,NA,1.1916801758594504,NA,1.1916230071191674,NA,1.0012482052809664,NA,1.0013939567073278,NA
9878203,26,t͡ʃ o ɫ a ʒ,5,-19.424282256875884,NA,-18.005456232553836,NA,-18.13605719361724,NA,1.37194225034822,NA,1.3715644260384483,NA,1.027293545810697,NA,1.0260195746102412,NA
9878203,22,g o ɟ ø ʒ,5,-27.290446500844467,NA,-Inf,NA,-25.568532573095965,NA,1.1030121135597626,NA,1.1031174848991148,NA,1.001138393401175,NA,1.0012964338824402,NA
9878203,22,ɟ e ʒ o ʒ,5,-26.6208257994316,NA,-Inf,NA,-28.771466371087545,NA,1.1960975503401443,NA,1.196040131009795,NA,1.0007952166504448,NA,1.0009691836637256,NA
9878203,24,g o ɟ y ʒ,5,-26.081748746789877,NA,-24.756749204677632,NA,-24.261882275036,NA,1.1234691196569762,NA,1.1235372562431791,NA,1.0013257973115228,NA,1.001472532342125,NA
9878203,25,h ø ʒ ɯ ʃ,5,-22.793233890627302,NA,-Inf,NA,-24.383373092781312,NA,1.1381678025861008,NA,1.13820094196689,NA,1.006410521744585,NA,1.0062326049478594,NA
9878203,33,b u p o n,5,-18.090788535226785,NA,-14.871571711459897,NA,-14.898543975468526,NA,1.2534517142540844,NA,1.2532693351189497,NA,1.0146087672669268,NA,1.014002641902062,NA
9878203,25,b u ʒ a ʒ,5,-22.017309102851215,NA,-20.97270040380033,NA,-21.003650352513297,NA,1.323179462039307,NA,1.3228869771540068,NA,1.0084920033526763,NA,1.0082515552702562,NA
9878203,34,n ɯ t u j,5,-16.458023913936312,NA,-21.523380072352197,NA,-21.520724492736264,NA,1.2065410713885756,NA,1.2064562308023568,NA,1.0047893568512176,NA,1.0047454608812807,NA
9878203,24,g ɯ ɟ y ʒ,5,-25.680187034708876,NA,-24.79307060996098,NA,-24.185039595714763,NA,1.112799708911742,NA,1.112886304686086,NA,1.002733246193697,NA,1.0028060614990746,NA
9878203,82,n y n y j,5,-17.387953451395102,NA,-22.84121056217028,NA,-22.81293712937672,NA,1.207963604453446,NA,1.2078780501278503,NA,1.0079609523814197,NA,1.0077547671760057,NA
9878203,4,t͡ʃ y f i c,5,-21.728960784187848,NA,-22.716786973512093,NA,-22.5853234924357,NA,1.2320360956439638,NA,1.2319083144749632,NA,1.006182387818063,NA,1.006063337860201,NA
9878203,6,k o k u ɾ,5,-15.81589881907191,NA,-14.164787591245988,NA,-14.189177293546392,NA,1.3561640083612907,NA,1.3558006156133138,NA,1.0309577781402457,NA,1.029465068337247,NA
9878203,9,ɟ ø ɟ ø t͡ʃ,5,-29.830320053966172,NA,-Inf,NA,-28.770426831168702,NA,1.0317338743417712,NA,1.0319599892793068,NA,1.0000545077946146,NA,1.0002695361099974,NA
9878203,7,n ɯ c e h,5,-19.392820783812937,NA,-Inf,NA,-28.037484047969727,NA,1.1958159292110446,NA,1.1957471731906515,NA,1.001629162737002,NA,1.0017483602739372,NA
9878203,10,ɟ e d͡ʒ ɯ ʃ,5,-21.882833802794956,NA,-Inf,NA,-23.003164237882388,NA,1.2591492701203255,NA,1.2589729296039585,NA,1.0107052213650367,NA,1.0102980225080054,NA
9878203,13,b o ʒ i n,5,-19.551581921206928,NA,-15.34865531235195,NA,-15.46250667001904,NA,1.3176726144950657,NA,1.3173711639403407,NA,1.0201904519518092,NA,1.019223006244508,NA
9878203,88,l e k a ɾ,5,-15.017293036612118,NA,-19.407834498130676,NA,-19.044786274829686,NA,1.5080939526744883,NA,1.5074543029063974,NA,1.045194852222235,NA,1.0427811490211962,NA
9878203,90,ɟ e ɟ e c,5,-26.93213315832468,NA,-Inf,NA,-34.31977028302991,NA,1.279903805241355,NA,1.279694004217295,NA,1.0007611186215082,NA,1.0009324466444522,NA
9878203,13,l i l y j,5,-19.970386134913596,NA,-Inf,NA,-29.06974718873675,NA,1.1481724014715176,NA,1.148190949754183,NA,1.0019943881319666,NA,1.002104960638429,NA
9878203,21,ɫ o c y c,5,-23.77472516728996,NA,-Inf,NA,-29.95538503380819,NA,1.101649180915417,NA,1.1017552870760137,NA,1.0021777770233191,NA,1.0022805824390244,NA
9878203,11,m e ɾ ɯ ɾ,5,-14.482075691887497,NA,-12.618518906214195,NA,-12.639743620026252,NA,1.5363601221358536,NA,1.535683225407098,NA,1.0643340657695692,NA,1.061047884258652,NA
9878203,9,l e l y c,5,-22.712932987058565,NA,-Inf,NA,-31.625008565162982,NA,1.2146465675396698,NA,1.214557046255178,NA,1.0031176468016472,NA,1.0031701069775885,NA
9878203,27,b u m e l,5,-17.814766387475487,NA,-15.347656861812922,NA,-15.39559611789573,NA,1.295187097363635,NA,1.2949473270829202,NA,1.01977328294233,NA,1.0189224624213549,NA
9878203,11,b e ɟ i ʒ,5,-22.954468016281908,NA,-24.634615074769357,NA,-24.189436304001077,NA,1.352371013895645,NA,1.3520350120491875,NA,1.0125225794453168,NA,1.012081798156116,NA
9878203,11,z a c y c,5,-22.967338641377513,NA,-Inf,NA,-27.738112216193443,NA,1.30615402707163,NA,1.305906320725149,NA,1.004670156559676,NA,1.004641947160086,NA
9878203,7,n ø m ɯ j,5,-18.18724158107039,NA,-23.99488997807466,NA,-23.947971790620024,NA,1.1624899274009108,NA,1.1624806365353328,NA,1.0028689545306988,NA,1.002926864143793,NA
9878203,5,k u k o n,5,-16.067983991564752,NA,-13.63563902211114,NA,-13.66252219216208,NA,1.3321316029835863,NA,1.331812746650162,NA,1.022135193672589,NA,1.0211308803551549,NA
9878203,16,h e ʒ o ʃ,5,-20.611692059199083,NA,-21.352021945146213,NA,-21.261716898107,NA,1.2591859769516531,NA,1.2590125489549313,NA,1.0061370897175157,NA,1.006025124082477,NA
9878203,5,k u ɾ ɯ ɾ,5,-15.318955962420556,NA,-13.370493909747877,NA,-13.394216805421626,NA,1.4430374164697577,NA,1.4425219880350606,NA,1.0417068954004978,NA,1.0396145126083167,NA
9878203,6,ʃ o ʃ e ʒ,5,-20.72090935766442,NA,-22.109244486171928,NA,-22.17599288318765,NA,1.2201293152835069,NA,1.2200223876473202,NA,1.0053494657208828,NA,1.005275324117079,NA
9878203,10,ɟ y f e ʒ,5,-24.68382830227571,NA,-25.22823350958293,NA,-24.924911824073703,NA,1.197274626696634,NA,1.197207333245688,NA,1.005629742506169,NA,1.0055403867692694,NA
9878203,55,k ɯ ɾ ɯ ɾ,5,-15.10408899194573,NA,-12.806763517338286,NA,-12.830040671057915,NA,1.4320972084974872,NA,1.431600707758244,NA,1.049706303938969,NA,1.0471916891539033,NA
9878203,3,f u c i c,5,-23.709298903113027,NA,-Inf,NA,-29.70602713063263,NA,1.206154311454209,NA,1.2060714855791586,NA,1.0011929509918631,NA,1.0013448826976608,NA
9878203,56,k a ɾ e t,5,-12.998093041208076,NA,-11.97346206217353,NA,-11.990829041411471,NA,1.6697599573021775,NA,1.6688574527874926,NA,1.110223784834866,NA,1.1044830661891687,NA
9878203,56,k a k o n,5,-14.50659106646786,NA,-12.17321902001452,NA,-12.197940719744937,NA,1.533550580453257,NA,1.532883248380266,NA,1.0716980709170678,NA,1.0680836932215294,NA
9878203,70,k ɯ ɾ e t,5,-14.34461899583014,NA,-12.379643812608151,NA,-12.401069233681326,NA,1.4574007718602364,NA,1.4568656707805725,NA,1.0575407260274738,NA,1.054575679739315,NA
9878203,5,l i v ø c,5,-23.521629066683385,NA,-Inf,NA,-33.078770632151944,NA,1.1258459326384591,NA,1.1259116896807664,NA,1.0021258039899703,NA,1.0022313327026664,NA
9878203,71,b i j o p,5,-17.819792145237756,NA,-14.411741791563118,NA,-14.44982851725279,NA,1.2320675183451335,NA,1.231941850926206,NA,1.019116645133666,NA,1.018318051070536,NA
9878203,9,n ø n y j,5,-18.59665120544969,NA,-23.859590348601593,NA,-23.813870098081395,NA,1.1568370879889744,NA,1.1568399878441131,NA,1.0032243478372642,NA,1.0032682870588847,NA
9878203,2,n ɯ t i v,5,-16.232908095139347,NA,-21.96802980566556,NA,-21.957749241597252,NA,1.268821147095549,NA,1.2686250852060037,NA,1.0211694574491372,NA,1.0202141924744377,NA
9878203,3,b u ɟ ø ʒ,5,-26.42645995046814,NA,-Inf,NA,-24.718693605330763,NA,1.1344111048101857,NA,1.134462175918881,NA,1.0071497434921757,NA,1.006991934093099,NA
9878203,70,v ø l y c,5,-24.69819952981217,NA,-Inf,NA,-34.22078322004938,NA,1.0738270837624526,NA,1.0739812033064169,NA,1.000065210303228,NA,1.0002790383147078,NA
9878203,17,n ɯ d͡ʒ ɯ ʒ,5,-20.35265516851573,NA,-Inf,NA,-23.177728006252813,NA,1.141386496349446,NA,1.1414208042131675,NA,1.0016727518916322,NA,1.0018002670345545,NA
9878203,55,n u n u ɫ,5,-16.1837999949144,NA,-19.621241364005783,NA,-19.623919938160853,NA,1.262793973357144,NA,1.262597334354253,NA,1.0096134601254851,NA,1.0092804006803462,NA
9878203,15,l e l e h,5,-18.72169300477338,NA,-28.452981385838587,NA,-27.71152573039103,NA,1.3107126962643774,NA,1.31044502011368,NA,1.0043566425629775,NA,1.0043315471634189,NA
9878203,37,g ɯ ɟ y z,5,-23.285064406939977,NA,-21.353497172991236,NA,-20.799421774706857,NA,1.129558756841315,NA,1.1296104538368636,NA,1.0031897183162923,NA,1.003233960514907,NA
9878203,13,ɟ ø j o ʒ,5,-26.49689488595845,NA,-Inf,NA,-23.932703542616142,NA,1.0852809248581945,NA,1.085414770218477,NA,1.0023189127998635,NA,1.002409614578854,NA
9878203,11,f y c ø v,5,-24.105639586157395,NA,-Inf,NA,-24.665973193548194,NA,1.1129298669413028,NA,1.1130142426187757,NA,1.0013678237866614,NA,1.0015130661860885,NA
9878203,13,f i b ɯ ʒ,5,-20.436961838794783,NA,-Inf,NA,-22.999633738347892,NA,1.1898218295863592,NA,1.1897722159469446,NA,1.0083986623139738,NA,1.0081722495289367,NA
9878203,18,d ø ʒ u ʒ,5,-24.98943492896086,NA,-Inf,NA,-24.22776906482711,NA,1.1165991658515588,NA,1.116677401262255,NA,1.0026538128249567,NA,1.0027322776999663,NA
9878203,71,z a ɟ e c,5,-22.710963226448087,NA,-Inf,NA,-26.8402764213242,NA,1.3881083490241413,NA,1.3877113533137964,NA,1.0055295882618005,NA,1.005450234168199,NA
9878203,19,l y g a s,5,-18.444893137077603,NA,-Inf,NA,-26.067538150583637,NA,1.3050485464253128,NA,1.3047771819509606,NA,1.0127422017772911,NA,1.0121847222339244,NA
9878203,21,n u c y j,5,-20.658545558102126,NA,-Inf,NA,-27.875256524586018,NA,1.1303835200334362,NA,1.1304329817238876,NA,1.0009000520491858,NA,1.001068684949295,NA
9900839,17,d ø ʒ u ʒ,5,-24.98943492896086,NA,-Inf,NA,-24.22776906482711,NA,1.1165991658515588,NA,1.116677401262255,NA,1.0026538128249567,NA,1.0027322776999663,NA
9900839,51,ʃ o ʃ e ʒ,5,-20.72090935766442,NA,-22.109244486171928,NA,-22.17599288318765,NA,1.2201293152835069,NA,1.2200223876473202,NA,1.0053494657208828,NA,1.005275324117079,NA
9900839,52,b u ʒ a ʒ,5,-22.017309102851215,NA,-20.97270040380033,NA,-21.003650352513297,NA,1.323179462039307,NA,1.3228869771540068,NA,1.0084920033526763,NA,1.0082515552702562,NA
9900839,0,ɫ o h o h,5,-18.44006945078326,NA,-24.54133724676997,NA,-24.433813499665337,NA,1.140881701067639,NA,1.140915313678908,NA,1.0026601201755148,NA,1.0027379316413156,NA
9900839,5,l y g ɯ h,5,-20.4998975830064,NA,-Inf,NA,-29.036115755256105,NA,1.149974565951282,NA,1.149989887931764,NA,1.00059203852765,NA,1.0007759709906086,NA
9900839,49,z a c y c,5,-22.967338641377513,NA,-Inf,NA,-27.738112216193443,NA,1.30615402707163,NA,1.305906320725149,NA,1.004670156559676,NA,1.004641947160086,NA
9900839,76,b u p o n,5,-18.090788535226785,NA,-14.871571711459897,NA,-14.898543975468526,NA,1.2534517142540844,NA,1.2532693351189497,NA,1.0146087672669268,NA,1.014002641902062,NA
9900839,23,g u g ɯ ʒ,5,-22.12764402414707,NA,-Inf,NA,-23.62799403133488,NA,1.1604076914316734,NA,1.1604091652027129,NA,1.002296865096124,NA,1.0023929390707258,NA
9900839,58,n y n y j,5,-17.387953451395102,NA,-22.84121056217028,NA,-22.81293712937672,NA,1.207963604453446,NA,1.2078780501278503,NA,1.0079609523814197,NA,1.0077547671760057,NA
9900839,64,m a f ɯ ʒ,5,-19.123444916118363,NA,-Inf,NA,-20.272463690019514,NA,1.433901152468908,NA,1.4334293801112787,NA,1.028327685373242,NA,1.0270542242358425,NA
9900839,15,f i b ɯ ʒ,5,-20.436961838794783,NA,-Inf,NA,-22.999633738347892,NA,1.1898218295863592,NA,1.1897722159469446,NA,1.0083986623139738,NA,1.0081722495289367,NA
9900839,76,g ɯ ɾ a ʒ,5,-18.902722310983343,NA,-16.198481439042656,NA,-16.34403605221776,NA,1.419942412927112,NA,1.419480952598695,NA,1.0501716213082088,NA,1.0476633593333955,NA
9900839,93,b o ʒ i n,5,-19.551581921206928,NA,-15.34865531235195,NA,-15.46250667001904,NA,1.3176726144950657,NA,1.3173711639403407,NA,1.0201904519518092,NA,1.019223006244508,NA
9900839,22,l e l e h,5,-18.72169300477338,NA,-28.452981385838587,NA,-27.71152573039103,NA,1.3107126962643774,NA,1.31044502011368,NA,1.0043566425629775,NA,1.0043315471634189,NA
9900839,0,n ɯ c e h,5,-19.392820783812937,NA,-Inf,NA,-28.037484047969727,NA,1.1958159292110446,NA,1.1957471731906515,NA,1.001629162737002,NA,1.0017483602739372,NA
9900839,34,v ɯ m o ʒ,5,-20.866255525720582,NA,-21.52786979559882,NA,-21.609613266696552,NA,1.1433244251421313,NA,1.1433577818079883,NA,1.0025302512137306,NA,1.002610125753439,NA
9900839,13,b y t͡ʃ ɯ ʒ,5,-21.616844660036552,NA,-Inf,NA,-22.629276208594433,NA,1.2022894136775335,NA,1.2022183989320754,NA,1.0049370975420808,NA,1.00489232261725,NA
9900839,92,ɟ y s y f,5,-22.96626912908152,NA,-23.65293144228456,NA,-23.26150177793404,NA,1.162474537561398,NA,1.1624701118447611,NA,1.007526105518591,NA,1.0073429378505647,NA
9900839,46,k ɯ ɾ ø ɾ,5,-16.815335788926927,NA,-15.47207327845282,NA,-15.47290521159459,NA,1.3818949177686708,NA,1.3814897925657066,NA,1.0336014287971542,NA,1.032037505843908,NA
9900839,45,n ɯ t i v,5,-16.232908095139347,NA,-21.96802980566556,NA,-21.957749241597252,NA,1.268821147095549,NA,1.2686250852060037,NA,1.0211694574491372,NA,1.0202141924744377,NA
9900839,97,b a d͡ʒ ɯ z,5,-17.34515839292861,NA,-14.26280182945655,NA,-14.306332778850988,NA,1.4154917370834543,NA,1.4150459441905807,NA,1.0246087747061503,NA,1.023516791495323,NA
9900839,91,b i h a ʒ,5,-18.744934240832112,NA,-16.24298849238163,NA,-16.385096205880032,NA,1.3733553453253655,NA,1.372975726405124,NA,1.0233784812990958,NA,1.0223335961608893,NA
9900839,44,n ø n y j,5,-18.59665120544969,NA,-23.859590348601593,NA,-23.813870098081395,NA,1.1568370879889744,NA,1.1568399878441131,NA,1.0032243478372642,NA,1.0032682870588847,NA
9900839,20,g ɯ k o p,5,-18.396509345599615,NA,-15.155469592030345,NA,-15.199246251117556,NA,1.1896978651358043,NA,1.189645248846842,NA,1.0101186670128863,NA,1.0097904273217253,NA
9900839,91,l y g a s,5,-18.444893137077603,NA,-Inf,NA,-26.067538150583637,NA,1.3050485464253128,NA,1.3047771819509606,NA,1.0127422017772911,NA,1.0121847222339244,NA
9900839,58,ɫ o m ɯ t,5,-16.10906876251265,NA,-20.463295386477544,NA,-20.459024896790748,NA,1.226354557914894,NA,1.2262249588685283,NA,1.0089687051569078,NA,1.008691414558396,NA
9900839,32,b u ɟ ø ʒ,5,-26.42645995046814,NA,-Inf,NA,-24.718693605330763,NA,1.1344111048101857,NA,1.134462175918881,NA,1.0071497434921757,NA,1.006991934093099,NA
9900839,78,h a ʒ o ʒ,5,-22.411292023981808,NA,-19.98257424570709,NA,-20.012146466153983,NA,1.3339144804373528,NA,1.3336186560682508,NA,1.0242965841159228,NA,1.023235860036801,NA
9900839,29,ɟ y ʒ o ʒ,5,-27.99523158888624,NA,-28.69284841696419,NA,-28.14090746152981,NA,1.095036025210162,NA,1.095153452809103,NA,1.000304646498913,NA,1.0005045476286198,NA
9900839,38,ɟ e ɟ y c,5,-28.30653894777932,NA,-Inf,NA,-33.570427837482214,NA,1.196423265039634,NA,1.1963654108494548,NA,1.000231209196349,NA,1.000436132364972,NA
9900839,87,k ɯ ɾ e t,5,-14.34461899583014,NA,-12.379643812608151,NA,-12.401069233681326,NA,1.4574007718602364,NA,1.4568656707805725,NA,1.0575407260274738,NA,1.054575679739315,NA
9900839,16,f u c i c,5,-23.709298903113027,NA,-Inf,NA,-29.70602713063263,NA,1.206154311454209,NA,1.2060714855791586,NA,1.0011929509918631,NA,1.0013448826976608,NA
9900839,21,k u ɾ ɯ ɾ,5,-15.318955962420556,NA,-13.370493909747877,NA,-13.394216805421626,NA,1.4430374164697577,NA,1.4425219880350606,NA,1.0417068954004978,NA,1.0396145126083167,NA
9900839,11,b e ɟ i ʒ,5,-22.954468016281908,NA,-24.634615074769357,NA,-24.189436304001077,NA,1.352371013895645,NA,1.3520350120491875,NA,1.0125225794453168,NA,1.012081798156116,NA
9900839,84,k ɯ ɾ ɯ ɾ,5,-15.10408899194573,NA,-12.806763517338286,NA,-12.830040671057915,NA,1.4320972084974872,NA,1.431600707758244,NA,1.049706303938969,NA,1.0471916891539033,NA
9900839,92,t ø ɾ a n,5,-15.737900612639798,NA,-14.053612751333944,NA,-14.0900146594381,NA,1.4983632288774549,NA,1.4977406461807206,NA,1.0585320936609162,NA,1.055335124686371,NA
9900839,3,ɟ ø j o ʒ,5,-26.49689488595845,NA,-Inf,NA,-23.932703542616142,NA,1.0852809248581945,NA,1.085414770218477,NA,1.0023189127998635,NA,1.002409614578854,NA
9900839,57,n i v y j,5,-17.493047560834334,NA,-22.47616192556484,NA,-22.44275508862507,NA,1.18050489552488,NA,1.1804673180900334,NA,1.0055738254825757,NA,1.0054960636982748,NA
9900839,15,m e ɾ ɯ ɾ,5,-14.482075691887497,NA,-12.618518906214195,NA,-12.639743620026252,NA,1.5363601221358536,NA,1.535683225407098,NA,1.0643340657695692,NA,1.061047884258652,NA
9900839,29,n u c y j,5,-20.658545558102126,NA,-Inf,NA,-27.875256524586018,NA,1.1303835200334362,NA,1.1304329817238876,NA,1.0009000520491858,NA,1.001068684949295,NA
9900839,21,n ɯ t u j,5,-16.458023913936312,NA,-21.523380072352197,NA,-21.520724492736264,NA,1.2065410713885756,NA,1.2064562308023568,NA,1.0047893568512176,NA,1.0047454608812807,NA
9900839,0,d͡ʒ o ʒ o h,5,-22.097218579005993,NA,-25.099219589381008,NA,-24.904916978881896,NA,1.11821597789651,NA,1.118289134009679,NA,1.0007051178379167,NA,1.0008859248512416,NA
9900839,75,v ø l e j,5,-20.38341156188671,NA,-Inf,NA,-29.973439994045172,NA,1.1770011355390022,NA,1.1769622987891786,NA,1.0039778284969023,NA,1.0039467441646983,NA
9900839,34,g ɯ ɟ y z,5,-23.285064406939977,NA,-21.353497172991236,NA,-20.799421774706857,NA,1.129558756841315,NA,1.1296104538368636,NA,1.0031897183162923,NA,1.003233960514907,NA
9900839,44,z a ɟ ø c,5,-25.29406676995731,NA,-Inf,NA,-27.908409897602446,NA,1.2841708027252068,NA,1.2839629886018915,NA,1.0048774852295213,NA,1.004838949859867,NA
9900839,28,t i k o n,5,-15.196101206729836,NA,-13.240996547523356,NA,-13.26604749315664,NA,1.31822773105001,NA,1.3179329037806882,NA,1.0146171328879905,NA,1.0140073512575454,NA
9900839,34,v ø d͡ʒ o h,5,-21.363641778803853,NA,-Inf,NA,-28.344098104475098,NA,1.0848245663042964,NA,1.0849553554942497,NA,1.0002254577062906,NA,1.0004310609040532,NA
9900839,39,ɟ i ɟ e c,5,-27.129968484650533,NA,-Inf,NA,-33.71720502403168,NA,1.193736127598374,NA,1.1936754056013783,NA,1.0007611186215082,NA,1.0009324466444522,NA
9900839,35,h a ʒ a ʒ,5,-20.66320435727874,NA,-18.991359167803843,NA,-19.22316769797684,NA,1.503268859604257,NA,1.502664785412429,NA,1.0253887052721251,NA,1.024260469695336,NA
9900839,4,g o ɟ ø ʒ,5,-27.290446500844467,NA,-Inf,NA,-25.568532573095965,NA,1.1030121135597626,NA,1.1031174848991148,NA,1.001138393401175,NA,1.0012964338824402,NA
9900839,5,ɟ e ʒ o ʒ,5,-26.6208257994316,NA,-Inf,NA,-28.771466371087545,NA,1.1960975503401443,NA,1.196040131009795,NA,1.0007952166504448,NA,1.0009691836637256,NA
9900839,77,l e k a ɾ,5,-15.017293036612118,NA,-19.407834498130676,NA,-19.044786274829686,NA,1.5080939526744883,NA,1.5074543029063974,NA,1.045194852222235,NA,1.0427811490211962,NA
9900839,64,b a b u z,5,-17.031411824215805,NA,-14.580740364522184,NA,-14.616442917521326,NA,1.4171372456831095,NA,1.4166893612568667,NA,1.0339474952511396,NA,1.0323546619528714,NA
9900839,29,h ø ʒ ɯ ʃ,5,-22.793233890627302,NA,-Inf,NA,-24.383373092781312,NA,1.1381678025861008,NA,1.13820094196689,NA,1.006410521744585,NA,1.0062326049478594,NA
9900839,16,b i ʒ i ʃ,5,-19.526656073717337,NA,-17.97370132018528,NA,-18.017836365125127,NA,1.2861479817833397,NA,1.285919656722362,NA,1.0177954456980225,NA,1.017025230789646,NA
9900839,0,h e ʒ o ʃ,5,-20.611692059199083,NA,-21.352021945146213,NA,-21.261716898107,NA,1.2591859769516531,NA,1.2590125489549313,NA,1.0061370897175157,NA,1.006025124082477,NA
9900839,11,c i t͡ʃ e f,5,-20.35455499473321,NA,-Inf,NA,-23.19101449988911,NA,1.2206632956388237,NA,1.2205511500064978,NA,1.0041193198207332,NA,1.0040987094266125,NA
9900839,27,d͡ʒ o h ɯ ʒ,5,-21.695656866924992,NA,-Inf,NA,-27.095777081000016,NA,1.1667337478513735,NA,1.1667240129734051,NA,1.001314605615787,NA,1.0014626748261763,NA
9900839,34,h a ʒ y z,5,-20.11715672705851,NA,-17.4716328950729,NA,-17.489616749544957,NA,1.3520981109642247,NA,1.3517647948669438,NA,1.0246878459352902,NA,1.0236026306218002,NA
9900839,58,v ø l y c,5,-24.69819952981217,NA,-Inf,NA,-34.22078322004938,NA,1.0738270837624526,NA,1.0739812033064169,NA,1.000065210303228,NA,1.0002790383147078,NA
9900839,68,t͡ʃ ø z e z,5,-19.754215062891827,NA,-16.895697183378992,NA,-16.939241023440918,NA,1.2120949070379754,NA,1.2119958615786497,NA,1.009437938030965,NA,1.0091286519340401,NA
9900839,41,g u ɟ e ʒ,5,-24.520648215729064,NA,-Inf,NA,-25.12589588220793,NA,1.2072204570857334,NA,1.2071361783307428,NA,1.0015072051556937,NA,1.0016432622663496,NA
9900839,34,g o ɟ y ʒ,5,-26.081748746789877,NA,-24.756749204677632,NA,-24.261882275036,NA,1.1234691196569762,NA,1.1235372562431791,NA,1.0013257973115228,NA,1.001472532342125,NA
9900839,80,k a ɾ e t,5,-12.998093041208076,NA,-11.97346206217353,NA,-11.990829041411471,NA,1.6697599573021775,NA,1.6688574527874926,NA,1.110223784834866,NA,1.1044830661891687,NA
9900839,19,l i v ø c,5,-23.521629066683385,NA,-Inf,NA,-33.078770632151944,NA,1.1258459326384591,NA,1.1259116896807664,NA,1.0021258039899703,NA,1.0022313327026664,NA
9900839,71,k a k o n,5,-14.50659106646786,NA,-12.17321902001452,NA,-12.197940719744937,NA,1.533550580453257,NA,1.532883248380266,NA,1.0716980709170678,NA,1.0680836932215294,NA
9900839,29,ɟ ø ɟ ø t͡ʃ,5,-29.830320053966172,NA,-Inf,NA,-28.770426831168702,NA,1.0317338743417712,NA,1.0319599892793068,NA,1.0000545077946146,NA,1.0002695361099974,NA
9900839,13,n ø m ɯ j,5,-18.18724158107039,NA,-23.99488997807466,NA,-23.947971790620024,NA,1.1624899274009108,NA,1.1624806365353328,NA,1.0028689545306988,NA,1.002926864143793,NA
9900839,3,g ɯ ɟ y ʒ,5,-25.680187034708876,NA,-24.79307060996098,NA,-24.185039595714763,NA,1.112799708911742,NA,1.112886304686086,NA,1.002733246193697,NA,1.0028060614990746,NA
9900839,20,l i l y j,5,-19.970386134913596,NA,-Inf,NA,-29.06974718873675,NA,1.1481724014715176,NA,1.148190949754183,NA,1.0019943881319666,NA,1.002104960638429,NA
9900839,22,ɫ o c y c,5,-23.77472516728996,NA,-Inf,NA,-29.95538503380819,NA,1.101649180915417,NA,1.1017552870760137,NA,1.0021777770233191,NA,1.0022805824390244,NA
9900839,13,n u c y c,5,-23.59892773657295,NA,-Inf,NA,-30.1793505288519,NA,1.1106900084586075,NA,1.1107804796089662,NA,1.00076963144273,NA,1.0009464280876286,NA
9900839,31,v e ɟ ø ʒ,5,-25.88724899922946,NA,-Inf,NA,-26.13349816640546,NA,1.1934115930661473,NA,1.1933605512070449,NA,1.0050916845666988,NA,1.0050420161949054,NA
9900839,73,k u k o n,5,-16.067983991564752,NA,-13.63563902211114,NA,-13.66252219216208,NA,1.3321316029835863,NA,1.331812746650162,NA,1.022135193672589,NA,1.0211308803551549,NA
9900839,34,ɫ a c i v,5,-18.573457430867325,NA,-Inf,NA,-26.542814999082395,NA,1.405256699256112,NA,1.4048253291152235,NA,1.004371680977657,NA,1.004344736513621,NA
9900839,30,n ɯ d͡ʒ ɯ ʒ,5,-20.35265516851573,NA,-Inf,NA,-23.177728006252813,NA,1.141386496349446,NA,1.1414208042131675,NA,1.0016727518916322,NA,1.0018002670345545,NA
9900839,20,ɟ e ɟ e c,5,-26.93213315832468,NA,-Inf,NA,-34.31977028302991,NA,1.279903805241355,NA,1.279694004217295,NA,1.0007611186215082,NA,1.0009324466444522,NA
9900839,79,t i k ɯ ɾ,5,-14.54245432215599,NA,-13.212451852990958,NA,-13.233651743758994,NA,1.352332061924168,NA,1.3519743902412205,NA,1.0240330562526363,NA,1.0228729978485829,NA
9900839,11,l y g u j,5,-20.39121656784095,NA,-Inf,NA,-28.45058894678722,NA,1.147281360733707,NA,1.147299720778366,NA,1.0011865525645776,NA,1.0013362474692384,NA
9900839,6,d ø z i ʒ,5,-21.70542391051496,NA,-19.545489240999224,NA,-19.60431392431074,NA,1.2249679545138032,NA,1.2248519373951183,NA,1.009262247629164,NA,1.008979216459775,NA
9900839,36,t͡ʃ o ɫ a ʒ,5,-19.424282256875884,NA,-18.005456232553836,NA,-18.13605719361724,NA,1.37194225034822,NA,1.3715644260384483,NA,1.027293545810697,NA,1.0260195746102412,NA
9900839,99,m e ɾ u ɾ,5,-14.696942662362323,NA,-13.023558297137315,NA,-13.045322398545368,NA,1.5265589938664366,NA,1.5258999366294403,NA,1.061050686684545,NA,1.0579611009135987,NA
9900839,100,k o k u ɾ,5,-15.81589881907191,NA,-14.164787591245988,NA,-14.189177293546392,NA,1.3561640083612907,NA,1.3558006156133138,NA,1.0309577781402457,NA,1.029465068337247,NA
9900839,15,d͡ʒ o c e c,5,-23.67398203471596,NA,-Inf,NA,-30.529401402579964,NA,1.1916801758594504,NA,1.1916230071191674,NA,1.0012482052809664,NA,1.0013939567073278,NA
9900839,87,b i j o p,5,-17.819792145237756,NA,-14.411741791563118,NA,-14.44982851725279,NA,1.2320675183451335,NA,1.231941850926206,NA,1.019116645133666,NA,1.018318051070536,NA
9900839,33,ɟ e d͡ʒ ɯ ʃ,5,-21.882833802794956,NA,-Inf,NA,-23.003164237882388,NA,1.2591492701203255,NA,1.2589729296039585,NA,1.0107052213650367,NA,1.0102980225080054,NA
9900839,31,t͡ʃ y f i c,5,-21.728960784187848,NA,-22.716786973512093,NA,-22.5853234924357,NA,1.2320360956439638,NA,1.2319083144749632,NA,1.006182387818063,NA,1.006063337860201,NA
9900839,70,m y ɾ o n,5,-16.510128365915982,NA,-13.311535765675442,NA,-13.341581660625684,NA,1.4011942661317132,NA,1.400755060745874,NA,1.0445744785123534,NA,1.0423874508376312,NA
9900839,26,l y l e c,5,-22.712932987058565,NA,-Inf,NA,-32.3160745795191,NA,1.197065582611408,NA,1.1969989614223264,NA,1.0011971809784252,NA,1.0013454564534352,NA
9900839,17,f y c ø v,5,-24.105639586157395,NA,-Inf,NA,-24.665973193548194,NA,1.1129298669413028,NA,1.1130142426187757,NA,1.0013678237866614,NA,1.0015130661860885,NA
9900839,12,n u n u ɫ,5,-16.1837999949144,NA,-19.621241364005783,NA,-19.623919938160853,NA,1.262793973357144,NA,1.262597334354253,NA,1.0096134601254851,NA,1.0092804006803462,NA
9900839,12,ɟ y f e ʒ,5,-24.68382830227571,NA,-25.22823350958293,NA,-24.924911824073703,NA,1.197274626696634,NA,1.197207333245688,NA,1.005629742506169,NA,1.0055403867692694,NA
9900839,10,z a ɟ e c,5,-22.710963226448087,NA,-Inf,NA,-26.8402764213242,NA,1.3881083490241413,NA,1.3877113533137964,NA,1.0055295882618005,NA,1.005450234168199,NA
9900839,6,h i ʒ u ʒ,5,-22.897101816795516,NA,-22.812369904220137,NA,-22.719046165604528,NA,1.174823947299784,NA,1.1748014419634516,NA,1.005038918518121,NA,1.0049919529548976,NA
9900839,6,l e l y c,5,-22.712932987058565,NA,-Inf,NA,-31.625008565162982,NA,1.2146465675396698,NA,1.214557046255178,NA,1.0031176468016472,NA,1.0031701069775885,NA
9900839,10,b u m e l,5,-17.814766387475487,NA,-15.347656861812922,NA,-15.39559611789573,NA,1.295187097363635,NA,1.2949473270829202,NA,1.01977328294233,NA,1.0189224624213549,NA
